           1           2  0.977674468930700     
           2           3  0.977669645839554     
           3           4   1.00402239601158     
           2           5  0.990277405986855     
           1           6   1.00403805063688     
           1           7  0.971435431402011     
           1           8  0.965235303644412     
           2           9  0.959446412022059     
           3          10  0.965243208407530     
           3          11  0.971441924534842     
           4          12  0.853175334086201     
           5          13  0.858112043127682     
           6          14  0.853191560511614     
