           1           2   1.02646579643930     
           2           3   1.33849210080044     
           3           4   1.42907058439987     
           4           5   1.27962728016132     
           5           6   1.25537913955008     
           2           7   1.34856755577707     
           6           7   1.41121812230994     
           7           8  0.978401083448976     
           8           9  0.995894325789986     
           8          10  0.104653353549453     
           9          10   1.56521811167946     
           9          11   1.28984554876757     
          10          11  0.179499815569167     
          11          12  0.985763483910256     
          11          13  0.987138861987362     
           5          14   1.28228869176566     
          14          15  0.993228267110912     
          14          16  0.993932785145402     
           3          17   1.03079338520814     
           1          18  0.970864343391574     
           1          19  0.984258337114177     
           1          20  0.969040415765675     
          12          21  0.972320493860187     
          12          22  0.977389361150073     
          12          23  0.972828415194930     
          13          24  0.972837855996204     
          13          25  0.971247816121602     
          13          26  0.976583260435187     
          15          27  0.972816609899188     
          15          28  0.973883725215727     
          15          29  0.972830841117511     
          16          30  0.974610563141130     
          16          31  0.975576924056700     
          16          32  0.979499874584148     
          17          33  0.962583016742951     
          17          34  0.982278235454088     
          17          35  0.961321184703475     
