$coord
         -5.493869623952         -3.098889888995         -0.017344365478     c 
         -5.058730730984         -0.404749837890         -0.000926679087     n 
         -7.262731244347          1.207019706402          0.002949520355     c 
         -2.721839522167          0.712459282736          0.005396811836     c 
         -2.476668339074          2.995447566662          0.014168407388     o 
         -0.735766086207         -0.966672522171          0.001758481837     n 
          1.849841196691         -0.446731791347          0.001674392811     c 
          3.499994310413         -2.502310884825          0.011910858188     c 
          6.082939715512         -2.128785848621          0.009206052051     c 
          7.061797095741          0.297865744458         -0.003950312226     c 
          5.428010332303          2.341074917127         -0.013869417027     c 
          2.838772758867          1.990223344442         -0.011185645052     c 
         -4.700546149319         -3.994839034277         -1.705527263964     h 
         -7.523402563821         -3.424199248471         -0.031156038527     h 
         -4.720950450327         -4.012645249344          1.670979368426     h 
         -6.612854255113          3.157423761747          0.014171849524     h 
         -8.412751030912          0.862795446085          1.683184222240     h 
         -8.406000869727          0.880152741635         -1.685333572535     h 
         -1.147748283817         -2.825578420358          0.008816338782     h 
          2.745944589531         -4.403676817859          0.021377513463     h 
          7.334650552822         -3.741740587644          0.016422392565     h 
          9.080929653326          0.589887180715         -0.006557156670     h 
          6.174068041208          4.240791979043         -0.023520116681     h 
          1.572025880326          3.581988032517         -0.018045789987     h 
$end
