           1           2   1.01509559555388     
           2           3   1.01344130153302     
           3           4   1.01288737488500     
           4           5   1.01818212694936     
           1           6  0.986350798151900     
           1           7  0.986031249748776     
           1           8  0.986308609077651     
           2           9  0.965871751349858     
           2          10  0.977045081029852     
           3          11  0.952396390918822     
           4          12  0.965934866263945     
           4          13  0.973070982167923     
           5          14  0.986545073560719     
           5          15  0.985613748093852     
           5          16  0.986332714345316     
