           1           2   1.00557913392933     
           2           3  0.964180915679318     
           2           4  0.987126031807722     
           4           5  0.994060276781763     
           5           6   1.01006084219544     
           5           7   1.00891074807302     
           2           8  0.977913796542175     
           1           9  0.985354749846527     
           1          10  0.985259294988921     
           1          11  0.985459415902945     
           4          12  0.975225339625922     
           4          13  0.973806972596472     
           5          14  0.967921787900281     
           6          15  0.986169840344767     
           6          16  0.982498652471588     
           6          17  0.987009774389944     
           7          18  0.986609584784842     
           7          19  0.985995360138045     
           7          20  0.986932607641292     
           8          21  0.870564171969099     
