$coord
          7.024938634740          0.117478059998          0.404497968601     c 
          4.453169881676          0.956768521006         -0.582223024663     c 
          2.329547486413         -0.750074402668          0.366836043559     c 
         -0.250415833061          0.081679566125         -0.617266990838     c 
         -2.373102324730         -1.644581675335          0.300244880704     c 
         -4.970681229197         -0.690288185286         -0.533844493431     c 
         -5.571962934688          1.699919885824          0.467070279437     o 
          7.440027042356         -1.801255615935         -0.206448637457     h 
          8.508915529174          1.355555750260         -0.294374745052     h 
          7.058932975691          0.160991253101          2.459776901789     h 
          4.470548612010          0.936530184800         -2.646266374145     h 
          4.086940490980          2.897207785535          0.019111277949     h 
          2.316345813121         -0.731777861543          2.432228551733     h 
          2.695920253452         -2.691493415647         -0.235308604153     h 
         -0.230079060465          0.084929774382         -2.681139814851     h 
         -0.640048228830          2.011397676083          0.001825945998     h 
         -2.326983743595         -1.755934791491          2.365150942238     h 
         -2.100802621980         -3.551276067494         -0.438364573716     h 
         -5.017852715742         -0.450881340593         -2.583742882489     h 
         -6.425847609740         -2.078982046205         -0.002261598505     h 
         -5.431575454697          1.618300920943          2.281589060535     h 
$end
