$hessian                                                                        
        0.5223011218   0.0142128127  -0.0089000401  -0.0798603935   0.0339143287
       -0.0318193141   0.0036425824  -0.0123117925   0.0112731494  -0.0111015273
        0.0183575534  -0.0166938972  -0.0052513350   0.0012234660  -0.0018006912
        0.0001893688  -0.0001270794   0.0005156784   0.0001672770  -0.0001546710
       -0.0001125589  -0.0008482395  -0.0002561213  -0.0004012201   0.0010839198
        0.0003688900   0.0001535242  -0.0002134196  -0.0002262300  -0.0004266474
        0.0011923676  -0.0001888945  -0.0001855867  -0.0006010707   0.0002151311
        0.0003948517  -0.0962326430  -0.0971519196  -0.0213247484  -0.2805716294
        0.0309455165   0.0197840332  -0.0519108009   0.0141922217   0.0476942619
       -0.0012793394  -0.0029738298   0.0021720806   0.0014338721  -0.0013421039
        0.0012534814  -0.0001079024   0.0000937448  -0.0002431183  -0.0006378286
        0.0005835407  -0.0005178314  -0.0001073356   0.0000571105  -0.0000368239
       -0.0001294968  -0.0000507761  -0.0000502527  -0.0001012708   0.0000247850
       -0.0000102997  -0.0001291565   0.0000380452  -0.0000530123  -0.0008442023
        0.0005679916  -0.0005580884  -0.0000829180  -0.0000117198  -0.0001069302
        0.0142128127   0.4867606676   0.0118100043   0.0304457238  -0.1379705328
        0.0702339605   0.0008564455  -0.0210009612   0.0202718974   0.0054405932
       -0.0036212173   0.0032741109   0.0004083230   0.0007770312   0.0006184938
        0.0000659817  -0.0007628572   0.0004568397   0.0000780141   0.0000533030
        0.0000062850   0.0000961862   0.0000084752   0.0000532599  -0.0002161481
        0.0000135219  -0.0000462314  -0.0004743643   0.0000712567   0.0001698547
       -0.0000634591  -0.0000078759   0.0000356079   0.0000169072   0.0000273095
       -0.0000318233  -0.0958192201  -0.2209374157  -0.0406625289   0.0308460882
       -0.0485309792  -0.0039340162   0.0149368470  -0.0576859760  -0.0671814387
       -0.0021700744   0.0036117741   0.0075406335   0.0015778871  -0.0012444909
       -0.0024367729   0.0000058188   0.0000272081   0.0001053058  -0.0006699447
        0.0002548940  -0.0005126056  -0.0000849496   0.0000541946  -0.0000601109
        0.0000243964   0.0000107794   0.0000113646   0.0000352400  -0.0000010275
        0.0000246865   0.0000407216   0.0000222456   0.0000989940   0.0004049156
        0.0000639253   0.0001565019   0.0000052583   0.0000067474  -0.0000022724
       -0.0089000401   0.0118100043   0.4754746430  -0.0285253764   0.0671077838
       -0.1230092072   0.0002297920   0.0194010834  -0.0152696666  -0.0048683543
        0.0048689165  -0.0038037270  -0.0006467026   0.0004269222   0.0008082449
        0.0003036914  -0.0001534347   0.0004083146   0.0001023353   0.0000788652
       -0.0000004244   0.0002861992  -0.0000500136  -0.0000433273  -0.0003491842
       -0.0000186144  -0.0000648615  -0.0000753589   0.0001775703  -0.0002842721
       -0.0001954439   0.0000462830  -0.0000104756   0.0000199790  -0.0000285565
        0.0000109430  -0.0223522773  -0.0420431231  -0.0475234317   0.0195592254
       -0.0032299414  -0.0436464164   0.0452647950  -0.0631131292  -0.2474119314
        0.0009044098   0.0072312455   0.0063701759  -0.0008313421  -0.0028393038
       -0.0024100170  -0.0000925019   0.0000888930   0.0001621553  -0.0003232203
        0.0001570964  -0.0003753702  -0.0000889507  -0.0000004033   0.0000303202
       -0.0000137753   0.0000320466  -0.0000015925   0.0000005438   0.0000583347
        0.0000108787  -0.0000197525   0.0000687875   0.0001161197   0.0005920117
       -0.0000993425   0.0004200023   0.0000192980   0.0000220304   0.0000429233
       -0.0798603935   0.0304457238  -0.0285253764   0.6289872509   0.1459242118
       -0.0830651345  -0.2814196996  -0.1862599480   0.1421607180  -0.1852844531
        0.0199001747  -0.0268114305  -0.0100710142   0.0038734476  -0.0050886234
       -0.0189411507  -0.0095629098  -0.0088099287  -0.0004057422  -0.0009971874
       -0.0008801466   0.0010756851   0.0001724236   0.0007071093  -0.0022444138
        0.0005112308   0.0018535223  -0.0238992108   0.0005673466   0.0063789450
       -0.0017838608   0.0001924906   0.0002082376   0.0009323046  -0.0002940722
       -0.0005932962   0.0043319700  -0.0102105946   0.0088607046  -0.0143045641
        0.0218357060  -0.0197382273   0.0028557402  -0.0044130141   0.0039968570
        0.0046358480   0.0049610568  -0.0035848706  -0.0270890052  -0.0176656234
        0.0130206750   0.0007094395   0.0007436119   0.0005648337   0.0005385758
        0.0002575708   0.0005125484   0.0000076083  -0.0001596274   0.0000979975
       -0.0000867808   0.0001262421   0.0000419092  -0.0003978045   0.0000329565
       -0.0001954443   0.0005701487   0.0001019075  -0.0005418357   0.0010101566
       -0.0001547499  -0.0007522943   0.0001333658   0.0000716258   0.0001825509
        0.0339143287  -0.1379705328   0.0671077838   0.1459242118   0.4771598425
       -0.2635857811  -0.1875757205  -0.2259612325   0.1522417670   0.0133658293
       -0.0635015417   0.0070094284   0.0238219493  -0.0059946822   0.0079186323
       -0.0215170757   0.0013081798  -0.0058962805  -0.0021889688  -0.0035534711
       -0.0021035674   0.0002137273  -0.0001002041  -0.0000198469   0.0000708043
        0.0001334027  -0.0003497469   0.0024385760   0.0001231703   0.0004857215
       -0.0000665416   0.0000737742   0.0000130182   0.0000506873  -0.0000127869
        0.0000083466   0.0043929865  -0.0245163644   0.0192985513   0.0051047023
       -0.0039472074   0.0050253052  -0.0035529481   0.0038833047   0.0018628951
       -0.0126636981  -0.0174327674   0.0131477912   0.0004842658  -0.0000304444
       -0.0018453583  -0.0003575020   0.0007353002  -0.0002316578  -0.0004640666
       -0.0003202652   0.0003644565   0.0001294955  -0.0001130233  -0.0000179796
       -0.0013147741   0.0000500726  -0.0005906847   0.0000639166   0.0001328101
       -0.0000571582   0.0004643723  -0.0000486146  -0.0003799736  -0.0007819426
       -0.0000640046   0.0006296633   0.0000433853  -0.0000327146  -0.0000353254
       -0.0318193141   0.0702339605  -0.1230092072  -0.0830651345  -0.2635857811
        0.3878344075   0.1431156873   0.1522979047  -0.1525117865  -0.0246637002
        0.0069259112  -0.0652020681  -0.0174775941   0.0056262038  -0.0049998339
       -0.0143294689  -0.0005298571  -0.0035933933  -0.0018126141  -0.0024976139
       -0.0014151467   0.0003787838  -0.0000318259  -0.0001156770   0.0031749004
       -0.0006185082  -0.0043456656   0.0226753236  -0.0019387576   0.0034277659
       -0.0006000868  -0.0001396470   0.0001204014   0.0003069431  -0.0000464952
       -0.0001815395   0.0038664981   0.0004323709   0.0021947425  -0.0031366129
        0.0000700287  -0.0006017443  -0.0068237493   0.0222726779  -0.0256830761
        0.0114181532   0.0141138940  -0.0131445363  -0.0024946411  -0.0027295557
        0.0010548396  -0.0008372910  -0.0003546831  -0.0003602780   0.0004942867
        0.0005258678   0.0001412520   0.0000521964  -0.0000448774   0.0000404236
       -0.0008689115  -0.0000514138  -0.0003053937   0.0014480824  -0.0001426714
        0.0000852673   0.0004645162  -0.0003431180   0.0000638426   0.0004745694
        0.0005224084   0.0004724728   0.0000591778   0.0000335774   0.0000339311
        0.0036425824   0.0008564455   0.0002297920  -0.2814196996  -0.1875757205
        0.1431156873   0.6812686801   0.1218963612  -0.0591627801  -0.0356183814
       -0.0177488989   0.0113281420   0.0001328940  -0.0019444085   0.0016050456
       -0.0016635344   0.0013583974   0.0009329785  -0.0003483405  -0.0007720434
       -0.0005794186   0.0000494202   0.0000115167  -0.0000184005  -0.0007923216
        0.0002612232   0.0010463467  -0.0027281341  -0.0000077600  -0.0013202189
        0.0003615458   0.0000045130  -0.0000562677  -0.0002146162   0.0000361274
        0.0001012290   0.0003696132   0.0019298328  -0.0013708717   0.0013082198
        0.0013167013  -0.0014573310   0.0002690847   0.0011547189  -0.0021611630
       -0.0676768301   0.0543158202  -0.0498616488  -0.2957132121   0.0249930915
       -0.0419739641   0.0000205461   0.0000386859  -0.0000678909  -0.0002379307
       -0.0001797407  -0.0002552780  -0.0000052627  -0.0000360534   0.0000984627
       -0.0002814318   0.0000746399  -0.0000766940  -0.0003482152  -0.0000362741
       -0.0000440791  -0.0001209673  -0.0000176913   0.0000124288  -0.0002300705
        0.0000871612  -0.0000513394  -0.0000236380  -0.0000166455  -0.0000127671
       -0.0123117925  -0.0210009612   0.0194010834  -0.1862599480  -0.2259612325
        0.1522979047   0.1218963612   0.4589397922  -0.3080332324  -0.0066030914
        0.0000141711   0.0004362317   0.0017350383   0.0008823178  -0.0007030643
        0.0009866482   0.0006705960   0.0003715653  -0.0000354956   0.0000175547
        0.0000481270   0.0002492959   0.0000597071   0.0001094768  -0.0002190253
        0.0000369308  -0.0002309450   0.0021611410   0.0001882349  -0.0007655047
       -0.0002483241  -0.0000096211   0.0000307392   0.0001092744  -0.0000029163
       -0.0000764972   0.0009381313  -0.0027518235   0.0024395596  -0.0016591755
        0.0004076490  -0.0006228653   0.0000358936  -0.0011115414   0.0003147145
        0.0559181367  -0.1695919228   0.1241497410   0.0233469732  -0.0409364717
        0.0105098080  -0.0000390267   0.0001108258   0.0000118618  -0.0000317267
        0.0000278239   0.0000311609   0.0000324190   0.0000117992  -0.0000048618
        0.0000720527   0.0000574488   0.0000442287   0.0001123572  -0.0001075888
        0.0000096133  -0.0002012216   0.0000963574   0.0001769230  -0.0000158772
       -0.0000681289   0.0000181323   0.0000309818   0.0000209994   0.0000360995
        0.0112731494   0.0202718974  -0.0152696666   0.1421607180   0.1522417670
       -0.1525117865  -0.0591627801  -0.3080332324   0.3523651901   0.0022631825
       -0.0001487798   0.0026252492  -0.0016168151  -0.0011266784   0.0002890381
       -0.0020463299  -0.0008528406  -0.0010240644  -0.0001152423  -0.0000252757
        0.0000134513  -0.0000412626  -0.0000485604  -0.0001037372  -0.0000477027
        0.0000224893   0.0001798323  -0.0007272372  -0.0002320047  -0.0000087483
        0.0001197382  -0.0000111581  -0.0000219307  -0.0001022853   0.0000294637
        0.0000901642  -0.0009116297   0.0015848950  -0.0014792620   0.0013228409
       -0.0002426947   0.0000986992  -0.0004137276   0.0018163397  -0.0010645411
       -0.0510421238   0.1241744071  -0.1414160847  -0.0407304498   0.0104181906
       -0.0431722166   0.0000324239   0.0001639643   0.0003116981   0.0000305973
       -0.0000071873   0.0000214966   0.0000315720  -0.0000570535   0.0000501637
       -0.0000909515  -0.0000301198  -0.0000348770  -0.0001017112   0.0000461214
        0.0000245901  -0.0000547200   0.0000265985   0.0000572872  -0.0000280743
        0.0000244684  -0.0000151841  -0.0000011790  -0.0000050168  -0.0000047610
       -0.0111015273   0.0054405932  -0.0048683543  -0.1852844531   0.0133658293
       -0.0246637002  -0.0356183814  -0.0066030914   0.0022631825   0.4779812387
       -0.0067943892   0.0042415672  -0.0464654244   0.0261875495  -0.0171107495
       -0.0689291433  -0.0266554653  -0.0170489871  -0.0176714442  -0.0212740629
       -0.0161272436   0.0035829763   0.0002323472   0.0015847243  -0.0271562483
        0.0030063834   0.0229172860  -0.0880363146   0.0070996466   0.0497194436
        0.0000908938   0.0007070145   0.0000537855  -0.0000225961  -0.0001881429
       -0.0001292924   0.0002139984  -0.0004611562   0.0002529623  -0.0001304768
        0.0007857220  -0.0010707462   0.0000184558  -0.0002018341   0.0002177764
        0.0007950528   0.0015815466  -0.0010416207  -0.0013456072  -0.0020357242
        0.0005081115   0.0050569663   0.0112231537   0.0074059584  -0.0002195937
       -0.0025080606  -0.0002745550   0.0003772344  -0.0003931822   0.0004327399
       -0.0058777867   0.0002139539  -0.0024723831  -0.0050526371  -0.0007298231
       -0.0004737476   0.0022431304   0.0000619898  -0.0024651918   0.0024085448
       -0.0019099131  -0.0018780990   0.0001431424  -0.0001508848   0.0000271330
        0.0183575534  -0.0036212173   0.0048689165   0.0199001747  -0.0635015417
        0.0069259112  -0.0177488989   0.0000141711  -0.0001487798  -0.0067943892
        0.4944785107  -0.0516791614   0.0261226065  -0.1897554143   0.1020944496
       -0.0332901423  -0.1404212620  -0.0442299727  -0.0057443907   0.0004915159
       -0.0011320571   0.0000566212  -0.0007930638  -0.0003133000   0.0035215219
        0.0009271851   0.0005934480   0.0050927762  -0.0655477076  -0.0060423840
        0.0002216989  -0.0000497314  -0.0002644305  -0.0000894070   0.0000464501
        0.0003107799   0.0001861316   0.0002406275  -0.0003539388   0.0019101959
       -0.0024150002   0.0034382107   0.0002811088  -0.0000142784   0.0001172359
       -0.0017424372  -0.0014356320  -0.0027174616  -0.0032115720   0.0035899816
        0.0070990739  -0.0018321928  -0.0060881287  -0.0056438640  -0.0099617014
       -0.0260737601  -0.0107397813   0.0011561070   0.0007015482   0.0007048791
        0.0010356118   0.0005937351   0.0002428898   0.0003103132   0.0018162069
       -0.0003596468   0.0123387505  -0.0039998982  -0.0213599857  -0.0101591296
        0.0006182487   0.0185094550   0.0000830897   0.0001984547   0.0000795139
       -0.0166938972   0.0032741109  -0.0038037270  -0.0268114305   0.0070094284
       -0.0652020681   0.0113281420   0.0004362317   0.0026252492   0.0042415672
       -0.0516791614   0.4657444787  -0.0174516396   0.1027871459  -0.1124457412
       -0.0204386900  -0.0423857472  -0.0911277385  -0.0101639513  -0.0088998753
       -0.0065305972  -0.0013589711  -0.0011200955  -0.0000637701   0.0069004705
        0.0004696029   0.0020269559   0.0543158673  -0.0071434576  -0.1514547102
        0.0016162716  -0.0000256267  -0.0005336975  -0.0008400869   0.0002036383
        0.0007805239  -0.0000244341  -0.0001618221   0.0005866287  -0.0010979220
        0.0026544601  -0.0017319543   0.0002425678   0.0000010938  -0.0003071814
        0.0018042633  -0.0025801499  -0.0022362297   0.0020271362   0.0073374882
        0.0062767146  -0.0071473211  -0.0208036830  -0.0151709891   0.0052890828
        0.0117043466   0.0071807283   0.0001681879  -0.0003593699   0.0001564519
       -0.0020648151   0.0004215921  -0.0002809381  -0.0019715102   0.0008001165
        0.0006686789   0.0075398847  -0.0034206963  -0.0136456576   0.0106980587
        0.0014597916  -0.0214906700  -0.0001068309   0.0000206377  -0.0000207402
       -0.0052513350   0.0004083230  -0.0006467026  -0.0100710142   0.0238219493
       -0.0174775941   0.0001328940   0.0017350383  -0.0016168151  -0.0464654244
        0.0261226065  -0.0174516396   0.0616574960  -0.0277458908   0.0201591612
        0.0008220500  -0.0090165102   0.0034802529   0.0004534760  -0.0013955348
        0.0003631905  -0.0000143095   0.0002422546   0.0001798253   0.0004997073
       -0.0005604700   0.0008429361   0.0008813401  -0.0113757539   0.0112156872
       -0.0005000798   0.0001354861   0.0000455820   0.0002810273  -0.0000576707
       -0.0001605427   0.0000572180  -0.0003660913   0.0002122761  -0.0006098835
        0.0010303188  -0.0010547273  -0.0000864659  -0.0000033594   0.0001426617
       -0.0011229756  -0.0009280557   0.0008084123   0.0005390403  -0.0001364926
        0.0000560023   0.0000571928   0.0003656380   0.0001550306  -0.0003841656
       -0.0020289108  -0.0008663341  -0.0001375779  -0.0002370231  -0.0006287973
        0.0000105694   0.0000507944   0.0000201672   0.0000500773   0.0001588264
       -0.0001198462   0.0004676061  -0.0001464235  -0.0004123056  -0.0013253638
       -0.0000546680   0.0027306756   0.0000589006  -0.0000183806   0.0000234436
        0.0012234660   0.0007770312   0.0004269222   0.0038734476  -0.0059946822
        0.0056262038  -0.0019444085   0.0008823178  -0.0011266784   0.0261875495
       -0.1897554143   0.1027871459  -0.0277458908   0.2228090534  -0.1164812690
       -0.0001637828  -0.0274985300   0.0111099807   0.0008748529   0.0010771939
        0.0005562566  -0.0006138953   0.0001163454  -0.0001146820   0.0002459314
        0.0003281608   0.0003137061  -0.0004081783   0.0008490523   0.0007073179
        0.0002654045  -0.0001440428   0.0000383157  -0.0000026499   0.0000307677
        0.0000166155  -0.0001556218   0.0001112731  -0.0001366864   0.0001588044
       -0.0002716731   0.0002972521   0.0000832995  -0.0001602262   0.0000326651
       -0.0000794061   0.0002904014  -0.0002635620  -0.0003169782   0.0000946246
        0.0000459360   0.0002998740   0.0000321417   0.0002139930  -0.0017325448
       -0.0052032607  -0.0027410900  -0.0004990389   0.0001165461  -0.0006344242
        0.0003630800   0.0002755382   0.0000621624   0.0000237147  -0.0001668338
       -0.0000578926   0.0000935547   0.0006852769  -0.0005190439  -0.0000198993
        0.0007542865  -0.0001017393  -0.0000106842  -0.0000353483  -0.0000574050
       -0.0018006912   0.0006184938   0.0008082449  -0.0050886234   0.0079186323
       -0.0049998339   0.0016050456  -0.0007030643   0.0002890381  -0.0171107495
        0.1020944496  -0.1124457412   0.0201591612  -0.1164812690   0.1349712156
        0.0002662115  -0.0114626283   0.0068754268   0.0002874328  -0.0008183056
        0.0006543897   0.0001268232   0.0003714015   0.0004441583  -0.0006644634
       -0.0000329368  -0.0003455748   0.0006262840   0.0206566181  -0.0207101963
       -0.0003382895   0.0001557219  -0.0000282306   0.0001759917  -0.0000855099
       -0.0001464625  -0.0000111309  -0.0001324559  -0.0000995691  -0.0002276369
        0.0003731395  -0.0003724180   0.0001630135  -0.0000440817   0.0000741286
        0.0001604204  -0.0000725100   0.0003760448   0.0002768794  -0.0000380492
       -0.0000852605   0.0000648668  -0.0001200069   0.0003387496  -0.0012214176
       -0.0024227945  -0.0006409898  -0.0002591653  -0.0000510862  -0.0002054152
        0.0001311354  -0.0000598570   0.0000284012  -0.0002252387  -0.0003383566
        0.0000993468  -0.0003544216   0.0004687768   0.0000019600   0.0032909125
        0.0002301740  -0.0049106451  -0.0000323501  -0.0000244956   0.0000292324
        0.0001893688   0.0000659817   0.0003036914  -0.0189411507  -0.0215170757
       -0.0143294689  -0.0016635344   0.0009866482  -0.0020463299  -0.0689291433
       -0.0332901423  -0.0204386900   0.0008220500  -0.0001637828   0.0002662115
        0.4698556284  -0.0155890998  -0.0429067941  -0.1748897379   0.0250528267
       -0.0404880690  -0.0248298232   0.0077993884   0.0028612433   0.0006715179
       -0.0009837498  -0.0021426356   0.0045296180   0.0096484673   0.0071747508
       -0.0015100515   0.0017084267   0.0019406585  -0.0010782976  -0.0001036880
        0.0001891048  -0.0005490896  -0.0004124009  -0.0002988636  -0.0001169283
       -0.0000792557   0.0000843482  -0.0001227848  -0.0001937591  -0.0000675592
       -0.0000496970  -0.0005795056  -0.0006657269  -0.0009088734   0.0011577995
        0.0021382866  -0.1203639493   0.0244110365   0.1092271870  -0.0418601154
       -0.0033357856   0.0055521589  -0.0038572954   0.0031773579  -0.0030392110
       -0.0157599685   0.0011933785  -0.0064930268   0.0001855693  -0.0003033721
       -0.0001843905  -0.0011875369   0.0009444185   0.0030342842   0.0000394408
        0.0003194644   0.0000776896   0.0003247839   0.0000864230   0.0002511507
       -0.0001270794  -0.0007628572  -0.0001534347  -0.0095629098   0.0013081798
       -0.0005298571   0.0013583974   0.0006705960  -0.0008528406  -0.0266554653
       -0.1404212620  -0.0423857472  -0.0090165102  -0.0274985300  -0.0114626283
       -0.0155890998   0.4903647304  -0.0276363952   0.0279880405  -0.0705690038
        0.0107367461   0.0103098836  -0.0017515896   0.0009582225  -0.0007776593
        0.0007584042   0.0010969951   0.0010429751  -0.0080174346  -0.0102489768
        0.0008932775  -0.0000476294  -0.0012512707   0.0002986947   0.0001983611
        0.0001896885   0.0010585873   0.0000962249   0.0004445247   0.0001562532
       -0.0000240354   0.0001033923   0.0000577910   0.0001170805   0.0000326281
        0.0000467095   0.0001263743  -0.0002593604   0.0002384383   0.0001884055
       -0.0000985389   0.0246371960  -0.0516102855  -0.0312276649  -0.0048149832
       -0.1911144882   0.1113570652   0.0200672280  -0.0062814737   0.0090395279
       -0.0219357766   0.0033410539  -0.0078123277  -0.0000580928   0.0001630224
        0.0002001818   0.0004115417   0.0001851927  -0.0012296016  -0.0000641085
        0.0007308560   0.0010518341   0.0000366710  -0.0001498925  -0.0000621623
        0.0005156784   0.0004568397   0.0004083146  -0.0088099287  -0.0058962805
       -0.0035933933   0.0009329785   0.0003715653  -0.0010240644  -0.0170489871
       -0.0442299727  -0.0911277385   0.0034802529   0.0111099807   0.0068754268
       -0.0429067941  -0.0276363952   0.5161855020  -0.0383035594   0.0103407372
       -0.0784916003   0.0192415816  -0.0046494685   0.0050392939  -0.0004263222
       -0.0003609891   0.0021770401  -0.0032824574  -0.0240865298  -0.0211967712
        0.0011637285  -0.0018596003  -0.0025479879   0.0022486774  -0.0000411968
       -0.0006302428  -0.0009924544  -0.0002205778  -0.0003965661   0.0000640196
       -0.0000715809   0.0000290864  -0.0000514710  -0.0001593806  -0.0000234973
       -0.0000143938  -0.0000702469  -0.0000123862   0.0000055316   0.0001281103
        0.0004106926   0.1088023724  -0.0309482138  -0.1888336263   0.0060844565
        0.1114937644  -0.1268435392  -0.0210184773   0.0065710308  -0.0084744709
       -0.0122344167   0.0013253647  -0.0039313113  -0.0001235931   0.0003745498
        0.0001314538   0.0027038405  -0.0015268489  -0.0047997663  -0.0002476604
       -0.0004316074   0.0006117372   0.0002173975   0.0000169461   0.0000584147
        0.0001672770   0.0000780141   0.0001023353  -0.0004057422  -0.0021889688
       -0.0018126141  -0.0003483405  -0.0000354956  -0.0001152423  -0.0176714442
       -0.0057443907  -0.0101639513   0.0004534760   0.0008748529   0.0002874328
       -0.1748897379   0.0279880405  -0.0383035594   0.4668458519   0.0212200017
        0.0115778045  -0.1056318131   0.0262123814   0.0615446273   0.0054076303
       -0.0010473138  -0.0040163059   0.0003922077   0.0004334085   0.0016126573
       -0.0201577968   0.0083916534   0.0187991572  -0.0085937311   0.0011672859
        0.0019022617  -0.0000990864  -0.0000570250   0.0000411176   0.0001038237
       -0.0000235171  -0.0000094085  -0.0000695523  -0.0000081491   0.0000007777
       -0.0000329735  -0.0000858676  -0.0000927885   0.0000116812   0.0001308134
        0.0002968390  -0.0218373389   0.0055963200  -0.0044378297  -0.0042343494
        0.0024314568  -0.0036944490  -0.0401696290  -0.0061481513   0.0031767223
       -0.0798035747  -0.0799763025  -0.0356280134  -0.0002801109  -0.0004487454
       -0.0031618161   0.0002286053   0.0001939066   0.0000791534   0.0001946454
       -0.0000848892  -0.0000300837   0.0004200221   0.0011306812   0.0020451757
       -0.0001546710   0.0000533030   0.0000788652  -0.0009971874  -0.0035534711
       -0.0024976139  -0.0007720434   0.0000175547  -0.0000252757  -0.0212740629
        0.0004915159  -0.0088998753  -0.0013955348   0.0010771939  -0.0008183056
        0.0250528267  -0.0705690038   0.0103407372   0.0212200017   0.5067791337
        0.0026879447   0.0264418866  -0.0795782736  -0.0407495590   0.0054506167
       -0.0044063121  -0.0130548595   0.0011223016  -0.0021374539   0.0028946979
        0.0043112756  -0.0014864718  -0.0015964429  -0.0006125443   0.0025550810
       -0.0004380355  -0.0001247403   0.0001896215  -0.0001037123  -0.0000805145
        0.0001853673  -0.0000113925   0.0000414408   0.0000270726  -0.0000095237
        0.0000028003  -0.0000597027  -0.0002047435  -0.0002782036   0.0002647966
        0.0004766237   0.0071359811  -0.0009221511   0.0015484923   0.0229289584
       -0.0064595346   0.0094760258  -0.0077064562  -0.1487394052   0.1153906086
       -0.0793115395  -0.2025883636  -0.0697519815  -0.0006787335   0.0088843782
       -0.0051816619  -0.0001298397   0.0001026874   0.0000896771   0.0007039929
       -0.0001509819   0.0000288177  -0.0008960112   0.0000234195   0.0003304925
       -0.0001125589   0.0000062850  -0.0000004244  -0.0008801466  -0.0021035674
       -0.0014151467  -0.0005794186   0.0000481270   0.0000134513  -0.0161272436
       -0.0011320571  -0.0065305972   0.0003631905   0.0005562566   0.0006543897
       -0.0404880690   0.0107367461  -0.0784916003   0.0115778045   0.0026879447
        0.4888044372   0.0601375515  -0.0382161510  -0.1442411075   0.0127063361
       -0.0134736322  -0.0307772985   0.0008908025   0.0030602031   0.0006775239
        0.0054292524  -0.0017131412  -0.0011524353  -0.0028293357   0.0000418343
        0.0025419438   0.0001091865   0.0000110673   0.0000045030   0.0000356559
       -0.0000520941   0.0000081981  -0.0000207485  -0.0000429449   0.0000957748
        0.0000294531  -0.0001028692  -0.0000394367  -0.0000562793   0.0000716122
        0.0002521055   0.0209271823  -0.0046268164   0.0059867186  -0.0188322952
        0.0060853682  -0.0075573341   0.0059950902   0.1119539946  -0.1578163068
       -0.0345756988  -0.0697014647  -0.0705451865  -0.0018975533  -0.0049719018
       -0.0010845861   0.0001693993   0.0001490093   0.0004764337  -0.0006250647
       -0.0002253462  -0.0003341570  -0.0013464925   0.0009535378   0.0004701377
       -0.0008482395   0.0000961862   0.0002861992   0.0010756851   0.0002137273
        0.0003787838   0.0000494202   0.0002492959  -0.0000412626   0.0035829763
        0.0000566212  -0.0013589711  -0.0000143095  -0.0006138953   0.0001268232
       -0.0248298232   0.0103098836   0.0192415816  -0.1056318131   0.0264418866
        0.0601375515   0.5573094557   0.0109928808   0.0608382195  -0.1170110658
       -0.0461470121  -0.1083601388  -0.0288616594  -0.0085337644  -0.0328956430
       -0.1961496495  -0.0141866501  -0.0423755201  -0.0703446747   0.0200853158
        0.0371392027   0.0001149450  -0.0001436097  -0.0001497312  -0.0002876503
       -0.0000249296   0.0001155121   0.0003366145  -0.0000339148   0.0002171680
        0.0000249180  -0.0000136150   0.0000108563  -0.0001457378  -0.0000863569
       -0.0001439972  -0.0063155943   0.0016818697  -0.0011985973   0.0003634598
       -0.0001494090   0.0000032078  -0.0017119101   0.0001261091   0.0066592097
        0.0058378098  -0.0019906197  -0.0058690614   0.0057811255   0.0057936982
        0.0154826705  -0.0056558611  -0.0013564627   0.0003382382  -0.0039160739
       -0.0002435026  -0.0006044507  -0.0127523480  -0.0025237322  -0.0079778507
       -0.0002561213   0.0000084752  -0.0000500136   0.0001724236  -0.0001002041
       -0.0000318259   0.0000115167   0.0000597071  -0.0000485604   0.0002323472
       -0.0007930638  -0.0011200955   0.0002422546   0.0001163454   0.0003714015
        0.0077993884  -0.0017515896  -0.0046494685   0.0262123814  -0.0795782736
       -0.0382161510   0.0109928808   0.2196133004   0.2193471153  -0.0517027623
       -0.0951460184  -0.1334626633  -0.0066432717   0.0062298639  -0.0038630289
        0.0093669060  -0.0635507358  -0.0061163232   0.0114746304   0.0118484516
        0.0003852611   0.0000500201  -0.0000129256  -0.0000099172  -0.0000742357
        0.0000156294   0.0000225972  -0.0000091825   0.0000311043   0.0000572405
        0.0000381941   0.0000177004  -0.0000042741  -0.0000584890   0.0000166192
       -0.0000078034   0.0009820546   0.0003841857   0.0002937967   0.0000444825
        0.0002293244  -0.0006147672  -0.0094804697   0.0073767879   0.0127229514
        0.0128702150  -0.0107008673  -0.0234452868  -0.0025696058  -0.0039596003
       -0.0119566587   0.0002155952  -0.0000140666   0.0002926968   0.0000451542
       -0.0007207533   0.0003449187  -0.0099563068   0.0103806036  -0.0102411416
       -0.0004012201   0.0000532599  -0.0000433273   0.0007071093  -0.0000198469
       -0.0001156770  -0.0000184005   0.0001094768  -0.0001037372   0.0015847243
       -0.0003133000  -0.0000637701   0.0001798253  -0.0001146820   0.0004441583
        0.0028612433   0.0009582225   0.0050392939   0.0615446273  -0.0407495590
       -0.1442411075   0.0608382195   0.2193471153   0.6380365564  -0.1256131760
       -0.1327505454  -0.3556182677  -0.0173615723  -0.0044074059  -0.0103893564
        0.0116238068  -0.0083794744  -0.0792554379   0.0179726393   0.0016358981
        0.0173716529   0.0001174482  -0.0001066858   0.0000387299  -0.0001469639
       -0.0000113740   0.0000573120   0.0000898420  -0.0000209076   0.0000987009
        0.0000553845  -0.0000067126   0.0000121586  -0.0001199235   0.0000390364
        0.0000017891  -0.0023449718   0.0004068591   0.0006008399  -0.0006495061
        0.0003600225   0.0002079244   0.0148551683  -0.0064170952  -0.0259292545
        0.0054124840  -0.0080025718  -0.0148108080  -0.0058878994  -0.0118604956
       -0.0259416412  -0.0007383834   0.0003463952   0.0016293184   0.0005101687
       -0.0002049577   0.0015457277  -0.0250706735  -0.0098906720  -0.0085717776
        0.0010839198  -0.0002161481  -0.0003491842  -0.0022444138   0.0000708043
        0.0031749004  -0.0007923216  -0.0002190253  -0.0000477027  -0.0271562483
        0.0035215219   0.0069004705   0.0004997073   0.0002459314  -0.0006644634
        0.0006715179  -0.0007776593  -0.0004263222   0.0054076303   0.0054506167
        0.0127063361  -0.1170110658  -0.0517027623  -0.1256131760   0.5743363499
        0.0168436305   0.0629611426  -0.2179178674  -0.0113051246  -0.0221704292
       -0.0507174367  -0.0074295577  -0.0213692438   0.0106192429  -0.0062965497
       -0.0131344729  -0.0002517482   0.0002204821   0.0002127285   0.0004378623
        0.0000171861  -0.0000316608  -0.0003121076  -0.0000293248  -0.0002281269
       -0.0000696092   0.0000892126   0.0000939501   0.0001075326  -0.0002733054
       -0.0000434779   0.0000744091  -0.0000551144  -0.0002738043   0.0002162299
        0.0004393942   0.0004487910  -0.0012133826   0.0007163963   0.0031715802
       -0.0017588468   0.0015033586   0.0030172593  -0.1387303479   0.0499187253
        0.1121876695  -0.0130596492  -0.0027246727  -0.0083558293  -0.0154305667
        0.0025720740  -0.0098786174  -0.0067887904  -0.0005800895  -0.0022883171
        0.0003688900   0.0000135219  -0.0000186144   0.0005112308   0.0001334027
       -0.0006185082   0.0002612232   0.0000369308   0.0000224893   0.0030063834
        0.0009271851   0.0004696029  -0.0005604700   0.0003281608  -0.0000329368
       -0.0009837498   0.0007584042  -0.0003609891  -0.0010473138  -0.0044063121
       -0.0134736322  -0.0461470121  -0.0951460184  -0.1327505454   0.0168436305
        0.2230806175   0.2180161885  -0.0051439997  -0.0610015003  -0.0034123700
       -0.0187536408  -0.0014680342   0.0018547030   0.0069988622  -0.0023792302
       -0.0050374109  -0.0000076874   0.0000597836   0.0000860716   0.0000069487
        0.0000065836  -0.0001053080  -0.0000363027  -0.0001119191  -0.0001094976
       -0.0000305305   0.0000076416  -0.0000143403   0.0000544764   0.0000638867
        0.0000173540  -0.0001391917   0.0000305955   0.0001191769   0.0000225775
       -0.0000938616   0.0002214646  -0.0002461294  -0.0002311583   0.0004314068
        0.0012310356  -0.0011973350  -0.0019497657   0.0504358944  -0.0609912598
       -0.0600350459  -0.0265548215  -0.0025719115  -0.0072509091   0.0199301037
        0.0006500144   0.0050347498  -0.0000204072   0.0035018122  -0.0011033338
        0.0001535242  -0.0000462314  -0.0000648615   0.0018535223  -0.0003497469
       -0.0043456656   0.0010463467  -0.0002309450   0.0001798323   0.0229172860
        0.0005934480   0.0020269559   0.0008429361   0.0003137061  -0.0003455748
       -0.0021426356   0.0010969951   0.0021770401  -0.0040163059  -0.0130548595
       -0.0307772985  -0.1083601388  -0.1334626633  -0.3556182677   0.0629611426
        0.2180161885   0.6486814184  -0.0227325130  -0.0066747917  -0.0633894563
       -0.0517933319   0.0032862168   0.0006210855   0.0187422881  -0.0072538558
       -0.0142687113  -0.0000633578  -0.0000128125   0.0000520698   0.0001337473
        0.0000741714   0.0000408629  -0.0000353249   0.0000261135   0.0000652843
       -0.0000266226  -0.0001433049  -0.0000819181   0.0003359513   0.0004943738
        0.0003646190  -0.0002854808   0.0003739392   0.0002179134   0.0000668459
       -0.0002815648   0.0003245744   0.0007781040  -0.0006812685  -0.0009264598
        0.0018523493  -0.0011685930  -0.0019620297   0.1147102270  -0.0592680614
       -0.1719221970  -0.0145807679  -0.0020992819  -0.0055270118  -0.0216285182
        0.0012415598  -0.0070879762  -0.0007292734  -0.0007887314   0.0015657726
       -0.0002134196  -0.0004743643  -0.0000753589  -0.0238992108   0.0024385760
        0.0226753236  -0.0027281341   0.0021611410  -0.0007272372  -0.0880363146
        0.0050927762   0.0543158673   0.0008813401  -0.0004081783   0.0006262840
        0.0045296180   0.0010429751  -0.0032824574   0.0003922077   0.0011223016
        0.0008908025  -0.0288616594  -0.0066432717  -0.0173615723  -0.2179178674
       -0.0051439997  -0.0227325130   0.4655437524   0.0109003893   0.0164666892
        0.0115449053  -0.0019155066  -0.0035754166  -0.0038725305   0.0019293490
        0.0040088689  -0.0000036005  -0.0001379315  -0.0001606886  -0.0002437772
       -0.0001867097   0.0004289935  -0.0008890742   0.0004051907   0.0007443191
       -0.0001592821   0.0005053492   0.0004633455  -0.0009766814  -0.0020245195
       -0.0012813083   0.0000692646  -0.0017781853  -0.0014178319   0.0003717862
       -0.0003062134  -0.0004256465   0.0002109228  -0.0001178777  -0.0005328758
        0.0003023894  -0.0000991934  -0.0000440275  -0.0198968701  -0.0002023609
       -0.0013896503  -0.0492494766  -0.0438845695  -0.0175792411  -0.0462156810
        0.0379350587  -0.0295833729  -0.0006826071  -0.0002102254  -0.0004512954
       -0.0002262300   0.0000712567   0.0001775703   0.0005673466   0.0001231703
       -0.0019387576  -0.0000077600   0.0001882349  -0.0002320047   0.0070996466
       -0.0655477076  -0.0071434576  -0.0113757539   0.0008490523   0.0206566181
        0.0096484673  -0.0080174346  -0.0240865298   0.0004334085  -0.0021374539
        0.0030602031  -0.0085337644   0.0062298639  -0.0044074059  -0.0113051246
       -0.0610015003  -0.0066747917   0.0109003893   0.5017662444   0.0114836104
       -0.0021058205   0.0105825946  -0.0063265069   0.0010172264  -0.0014396243
       -0.0000191365   0.0001477718   0.0000866330  -0.0000377014   0.0000288088
        0.0000675007  -0.0000980043   0.0005833361   0.0000558473  -0.0001870903
        0.0000623435   0.0002539492  -0.0000497639  -0.0002014392   0.0001067413
       -0.0001579079  -0.0014037851  -0.0037048374  -0.0041442825   0.0009275869
        0.0012020332  -0.0010120827  -0.0006407227   0.0002378052   0.0005220791
        0.0003135041   0.0000827674  -0.0000031845   0.0072684400   0.0017387501
        0.0003975257  -0.0450151663  -0.2181033733  -0.0889295790   0.0426450964
       -0.1608958960   0.1079855387  -0.0008278056  -0.0027946169   0.0011650417
       -0.0004266474   0.0001698547  -0.0002842721   0.0063789450   0.0004857215
        0.0034277659  -0.0013202189  -0.0007655047  -0.0000087483   0.0497194436
       -0.0060423840  -0.1514547102   0.0112156872   0.0007073179  -0.0207101963
        0.0071747508  -0.0102489768  -0.0211967712   0.0016126573   0.0028946979
        0.0006775239  -0.0328956430  -0.0038630289  -0.0103893564  -0.0221704292
       -0.0034123700  -0.0633894563   0.0164666892   0.0114836104   0.4763831830
        0.0065298889  -0.0071495252  -0.0034574377  -0.0028160263   0.0023082845
        0.0030290715  -0.0000615043  -0.0000190381   0.0001027032  -0.0002795639
        0.0002090317   0.0000489668  -0.0004064856  -0.0000728613   0.0003216939
       -0.0000712129  -0.0002094134   0.0001481009  -0.0003312080  -0.0003456438
       -0.0000827706  -0.0013053612  -0.0028437267  -0.0018281759   0.0002171935
        0.0010760770   0.0010109174   0.0001243439  -0.0003837626  -0.0005116472
       -0.0000270308   0.0001632532   0.0004156906   0.0188857079  -0.0025616704
        0.0038924818  -0.0195455608  -0.0889360946  -0.0836567659  -0.0351964818
        0.1068965193  -0.1313038800  -0.0014719332   0.0004596322  -0.0011839108
        0.0011923676  -0.0000634591  -0.0001954439  -0.0017838608  -0.0000665416
       -0.0006000868   0.0003615458  -0.0002483241   0.0001197382   0.0000908938
        0.0002216989   0.0016162716  -0.0005000798   0.0002654045  -0.0003382895
       -0.0015100515   0.0008932775   0.0011637285  -0.0201577968   0.0043112756
        0.0054292524  -0.1961496495   0.0093669060   0.0116238068  -0.0507174367
       -0.0187536408  -0.0517933319   0.0115449053  -0.0021058205   0.0065298889
        0.6396883811  -0.0838707782  -0.1447061105  -0.3118058592   0.1179850880
        0.2409693946  -0.0003379425   0.0001131189   0.0001033709   0.0005126977
        0.0000035114  -0.0001036706  -0.0003857959   0.0000217530  -0.0001310847
       -0.0001433660   0.0000169672  -0.0000325686   0.0004144622   0.0000737981
        0.0001387212   0.0003347108   0.0000400131  -0.0007592451  -0.0002454942
       -0.0000123050   0.0004556011   0.0005490869   0.0005528242  -0.0013547463
        0.0003047720  -0.0020361221  -0.0011422589   0.0016143572   0.0006680037
        0.0013276850   0.0010801236   0.0014320212  -0.0018092112   0.0013845837
       -0.0004855271  -0.0006359920  -0.0753355549  -0.0283231429  -0.0658754192
       -0.0001888945  -0.0000078759   0.0000462830   0.0001924906   0.0000737742
       -0.0001396470   0.0000045130  -0.0000096211  -0.0000111581   0.0007070145
       -0.0000497314  -0.0000256267   0.0001354861  -0.0001440428   0.0001557219
        0.0017084267  -0.0000476294  -0.0018596003   0.0083916534  -0.0014864718
       -0.0017131412  -0.0141866501  -0.0635507358  -0.0083794744  -0.0074295577
       -0.0014680342   0.0032862168  -0.0019155066   0.0105825946  -0.0071495252
       -0.0838707782   0.2417288955   0.1952985232   0.1206270359  -0.1121074570
       -0.1327445597   0.0000436605  -0.0000417597  -0.0000391402  -0.0000472226
       -0.0000162393   0.0000418857   0.0000620689   0.0000339920   0.0000573055
        0.0000175396  -0.0000132645   0.0000115557   0.0000036791   0.0000152131
        0.0000043822   0.0007142388  -0.0000689852   0.0001815780  -0.0002239657
       -0.0000006923  -0.0001165780   0.0008080215   0.0002757685   0.0002792934
        0.0013091190   0.0004910714   0.0001166728  -0.0008078146  -0.0050822304
        0.0016439706   0.0015388353   0.0001003969   0.0004821957  -0.0030780117
       -0.0000343833  -0.0006282501  -0.0245153810  -0.0691725522  -0.0487988833
       -0.0001855867   0.0000356079  -0.0000104756   0.0002082376   0.0000130182
        0.0001204014  -0.0000562677   0.0000307392  -0.0000219307   0.0000537855
       -0.0002644305  -0.0005336975   0.0000455820   0.0000383157  -0.0000282306
        0.0019406585  -0.0012512707  -0.0025479879   0.0187991572  -0.0015964429
       -0.0011524353  -0.0423755201  -0.0061163232  -0.0792554379  -0.0213692438
        0.0018547030   0.0006210855  -0.0035754166  -0.0063265069  -0.0034574377
       -0.1447061105   0.1952985232   0.5760728441   0.2472544911  -0.1330289085
       -0.3246218198   0.0000310797  -0.0000095331  -0.0000037548  -0.0000510298
       -0.0000120186   0.0000324467   0.0000523412  -0.0000195013   0.0000379568
        0.0000271210   0.0000190719   0.0000110706  -0.0000243128  -0.0000060832
       -0.0000200376   0.0010500318  -0.0003374929   0.0002081709   0.0000273693
        0.0000635445  -0.0000318965   0.0010698040  -0.0000525782  -0.0003075504
        0.0024348384  -0.0004206675   0.0004980699  -0.0015686788   0.0016940807
       -0.0018157536  -0.0020316268  -0.0004158504  -0.0000722910   0.0005694481
       -0.0000109176   0.0003663638  -0.0576201519  -0.0491790789  -0.1640876727
       -0.0006010707   0.0000169072   0.0000199790   0.0009323046   0.0000506873
        0.0003069431  -0.0002146162   0.0001092744  -0.0001022853  -0.0000225961
       -0.0000894070  -0.0008400869   0.0002810273  -0.0000026499   0.0001759917
       -0.0010782976   0.0002986947   0.0022486774  -0.0085937311  -0.0006125443
       -0.0028293357  -0.0703446747   0.0114746304   0.0179726393   0.0106192429
        0.0069988622   0.0187422881  -0.0038725305   0.0010172264  -0.0028160263
       -0.3118058592   0.1206270359   0.2472544911   0.3760785588  -0.1473515940
       -0.2985700681   0.0001896037  -0.0001000471   0.0000031661  -0.0002368088
       -0.0000088809   0.0000699969   0.0001933577  -0.0000223938   0.0000844514
        0.0000971528   0.0000206504   0.0000128136  -0.0001936367  -0.0000136111
       -0.0000537013  -0.0011280992   0.0002280740   0.0001565941   0.0002432475
       -0.0000711876  -0.0000965964  -0.0002428799  -0.0000654758   0.0008222631
        0.0005339458   0.0003507584  -0.0001312259  -0.0002041472  -0.0001705604
       -0.0002307558  -0.0003953698  -0.0005674647   0.0008259306  -0.0005770943
        0.0001560918   0.0003468813   0.0103429710   0.0077269238   0.0166269747
        0.0002151311   0.0000273095  -0.0000285565  -0.0002940722  -0.0000127869
       -0.0000464952   0.0000361274  -0.0000029163   0.0000294637  -0.0001881429
        0.0000464501   0.0002036383  -0.0000576707   0.0000307677  -0.0000855099
       -0.0001036880   0.0001983611  -0.0000411968   0.0011672859   0.0025550810
        0.0000418343   0.0200853158   0.0118484516   0.0016358981  -0.0062965497
       -0.0023792302  -0.0072538558   0.0019293490  -0.0014396243   0.0023082845
        0.1179850880  -0.1121074570  -0.1330289085  -0.1473515940   0.0978864540
        0.1653070976  -0.0000700008   0.0000219018   0.0000101950   0.0000753567
        0.0000002224  -0.0000279322  -0.0000670791  -0.0000160636  -0.0000225146
       -0.0000219190  -0.0000112540  -0.0000002415   0.0000411947  -0.0000045852
        0.0000130940   0.0000846835  -0.0000882942  -0.0000836276  -0.0000228497
       -0.0000114093   0.0000324129  -0.0000199518  -0.0001339282  -0.0005860262
       -0.0003128767   0.0000510867   0.0001014862   0.0001932115   0.0010963652
        0.0001725179   0.0000574584   0.0002277545  -0.0003253330   0.0005637337
       -0.0000728025  -0.0001176917   0.0123724589   0.0022901461  -0.0282080328
        0.0003948517  -0.0000318233   0.0000109430  -0.0005932962   0.0000083466
       -0.0001815395   0.0001012290  -0.0000764972   0.0000901642  -0.0001292924
        0.0003107799   0.0007805239  -0.0001605427   0.0000166155  -0.0001464625
        0.0001891048   0.0001896885  -0.0006302428   0.0019022617  -0.0004380355
        0.0025419438   0.0371392027   0.0003852611   0.0173716529  -0.0131344729
       -0.0050374109  -0.0142687113   0.0040088689  -0.0000191365   0.0030290715
        0.2409693946  -0.1327445597  -0.3246218198  -0.2985700681   0.1653070976
        0.3626040912  -0.0001017337   0.0000523101  -0.0000137381   0.0001360708
        0.0000100891  -0.0000501483  -0.0000996872   0.0000183960  -0.0000416168
       -0.0000588153  -0.0000090418  -0.0000229462   0.0001147161   0.0000019785
        0.0000234798   0.0003765788  -0.0000412638  -0.0000847395  -0.0001025033
       -0.0000139971   0.0000619918  -0.0003076979  -0.0001250951  -0.0003331686
       -0.0008728981   0.0002389025  -0.0000606852   0.0004488541   0.0002709718
        0.0013565480   0.0005437775   0.0004848206  -0.0006638786   0.0004645153
       -0.0001160485  -0.0002651658   0.0273415816  -0.0286423485  -0.0464855470
       -0.0962326430  -0.0958192201  -0.0223522773   0.0043319700   0.0043929865
        0.0038664981   0.0003696132   0.0009381313  -0.0009116297   0.0002139984
        0.0001861316  -0.0000244341   0.0000572180  -0.0001556218  -0.0000111309
       -0.0005490896   0.0010585873  -0.0009924544  -0.0000990864  -0.0001247403
        0.0001091865   0.0001149450   0.0000500201   0.0001174482  -0.0002517482
       -0.0000076874  -0.0000633578  -0.0000036005   0.0001477718  -0.0000615043
       -0.0003379425   0.0000436605   0.0000310797   0.0001896037  -0.0000700008
       -0.0001017337   0.1095766548   0.1133792177   0.0266476094  -0.0201413800
       -0.0284192066  -0.0067720150   0.0034645892   0.0046883702   0.0013001015
        0.0003104097  -0.0001172154  -0.0003597413   0.0000938370   0.0000997161
       -0.0001313201   0.0000995775  -0.0000989525   0.0001071409  -0.0011788846
       -0.0002953938  -0.0007030199   0.0000816096  -0.0000797602   0.0000522006
       -0.0000079066  -0.0000135988  -0.0000206672   0.0000229446  -0.0000184132
       -0.0000123752   0.0000171489  -0.0001094784  -0.0000173174  -0.0001684965
        0.0003385287   0.0002778088   0.0000266585   0.0000061676   0.0000259047
       -0.0971519196  -0.2209374157  -0.0420431231  -0.0102105946  -0.0245163644
        0.0004323709   0.0019298328  -0.0027518235   0.0015848950  -0.0004611562
        0.0002406275  -0.0001618221  -0.0003660913   0.0001112731  -0.0001324559
       -0.0004124009   0.0000962249  -0.0002205778  -0.0000570250   0.0001896215
        0.0000110673  -0.0001436097  -0.0000129256  -0.0001066858   0.0002204821
        0.0000597836  -0.0000128125  -0.0001379315   0.0000866330  -0.0000190381
        0.0001131189  -0.0000417597  -0.0000095331  -0.0001000471   0.0000219018
        0.0000523101   0.1133792177   0.2564431174   0.0457287590  -0.0009987172
        0.0017824835   0.0000603820  -0.0061857506  -0.0116261841  -0.0064813117
       -0.0006199428   0.0005218742   0.0020134659   0.0003471634  -0.0003311461
       -0.0003857198   0.0000319035   0.0000064441   0.0002332324   0.0005216985
        0.0008133541   0.0000390876  -0.0000481483  -0.0000051983  -0.0000175159
       -0.0000238175   0.0000368525   0.0000010535  -0.0000531006  -0.0000052401
        0.0000015756  -0.0001236970   0.0001144526  -0.0000021333   0.0005654318
       -0.0002948354  -0.0005649470  -0.0000148988  -0.0000017509  -0.0000005231
       -0.0213247484  -0.0406625289  -0.0475234317   0.0088607046   0.0192985513
        0.0021947425  -0.0013708717   0.0024395596  -0.0014792620   0.0002529623
       -0.0003539388   0.0005866287   0.0002122761  -0.0001366864  -0.0000995691
       -0.0002988636   0.0004445247  -0.0003965661   0.0000411176  -0.0001037123
        0.0000045030  -0.0001497312  -0.0000099172   0.0000387299   0.0002127285
        0.0000860716   0.0000520698  -0.0001606886  -0.0000377014   0.0001027032
        0.0001033709  -0.0000391402  -0.0000037548   0.0000031661   0.0000101950
       -0.0000137381   0.0266476094   0.0457287590   0.0571035088   0.0014651154
        0.0020885472   0.0011346826  -0.0141770529  -0.0284625989  -0.0097332163
        0.0004537056  -0.0001882883  -0.0016768806  -0.0001744500   0.0003081116
        0.0002867341   0.0000756182   0.0001281529  -0.0004592513  -0.0010810208
       -0.0001499911   0.0001789581   0.0000698752  -0.0000271207  -0.0000055326
       -0.0000139216  -0.0000282261  -0.0000076093   0.0000134490  -0.0000118515
       -0.0000335204  -0.0000237449   0.0000457513  -0.0000995904   0.0003778456
       -0.0003667259  -0.0001329168  -0.0000144511   0.0000002038  -0.0000184210
       -0.2805716294   0.0308460882   0.0195592254  -0.0143045641   0.0051047023
       -0.0031366129   0.0013082198  -0.0016591755   0.0013228409  -0.0001304768
        0.0019101959  -0.0010979220  -0.0006098835   0.0001588044  -0.0002276369
       -0.0001169283   0.0001562532   0.0000640196   0.0001038237  -0.0000805145
        0.0000356559  -0.0002876503  -0.0000742357  -0.0001469639   0.0004378623
        0.0000069487   0.0001337473  -0.0002437772   0.0000288088  -0.0002795639
        0.0005126977  -0.0000472226  -0.0000510298  -0.0002368088   0.0000753567
        0.0001360708  -0.0201413800  -0.0009987172   0.0014651154   0.3247823643
       -0.0373051453  -0.0219217993  -0.0112393727   0.0019841211   0.0041974603
        0.0000452617  -0.0004985026   0.0000947469   0.0005960995   0.0001892008
        0.0001599617  -0.0000415529   0.0000505529  -0.0000933946   0.0000887150
        0.0001338233   0.0000974544   0.0000232458   0.0000327375  -0.0000044070
       -0.0000261902  -0.0000352916   0.0000021696  -0.0000122218   0.0000212548
       -0.0000019293  -0.0000108867  -0.0000473874  -0.0000445699   0.0001047400
        0.0000577564  -0.0002239033  -0.0000297071  -0.0000104128  -0.0000387356
        0.0309455165  -0.0485309792  -0.0032299414   0.0218357060  -0.0039472074
        0.0000700287   0.0013167013   0.0004076490  -0.0002426947   0.0007857220
       -0.0024150002   0.0026544601   0.0010303188  -0.0002716731   0.0003731395
       -0.0000792557  -0.0000240354  -0.0000715809  -0.0000235171   0.0001853673
       -0.0000520941  -0.0000249296   0.0000156294  -0.0000113740   0.0000171861
        0.0000065836   0.0000741714  -0.0001867097   0.0000675007   0.0002090317
        0.0000035114  -0.0000162393  -0.0000120186  -0.0000088809   0.0000002224
        0.0000100891  -0.0284192066   0.0017824835   0.0020885472  -0.0373051453
        0.0538722044   0.0006209428   0.0108658043  -0.0007339830  -0.0027584873
       -0.0001516493   0.0003660140  -0.0001641062  -0.0006626435  -0.0007627119
        0.0005071411  -0.0000133096  -0.0000007721   0.0000069233   0.0001993097
        0.0000082894   0.0000540114  -0.0000296471  -0.0000077707  -0.0000167402
        0.0000303927   0.0000241854   0.0000103616  -0.0000128159  -0.0000026522
       -0.0000067730  -0.0000242510   0.0000657902  -0.0000059540  -0.0000860351
       -0.0000874976  -0.0001106777  -0.0000021721  -0.0000013972   0.0000035942
        0.0197840332  -0.0039340162  -0.0436464164  -0.0197382273   0.0050253052
       -0.0006017443  -0.0014573310  -0.0006228653   0.0000986992  -0.0010707462
        0.0034382107  -0.0017319543  -0.0010547273   0.0002972521  -0.0003724180
        0.0000843482   0.0001033923   0.0000290864  -0.0000094085  -0.0000113925
        0.0000081981   0.0001155121   0.0000225972   0.0000573120  -0.0000316608
       -0.0001053080   0.0000408629   0.0004289935  -0.0000980043   0.0000489668
       -0.0001036706   0.0000418857   0.0000324467   0.0000699969  -0.0000279322
       -0.0000501483  -0.0067720150   0.0000603820   0.0011346826  -0.0219217993
        0.0006209428   0.0506864883   0.0313784905  -0.0048440588  -0.0056486790
        0.0000133149  -0.0003105592   0.0000771661   0.0003976808   0.0004532585
       -0.0001719659  -0.0000205708   0.0000149646  -0.0000093330   0.0000721723
       -0.0000055344   0.0000294146   0.0000158337   0.0000000964   0.0000246339
        0.0000029049  -0.0000106295   0.0000113156  -0.0000137062   0.0000021365
        0.0000033699  -0.0000164952   0.0000831586  -0.0000416015  -0.0001646519
       -0.0001898502  -0.0000156970   0.0000117292  -0.0000034320   0.0000073146
       -0.0519108009   0.0149368470   0.0452647950   0.0028557402  -0.0035529481
       -0.0068237493   0.0002690847   0.0000358936  -0.0004137276   0.0000184558
        0.0002811088   0.0002425678  -0.0000864659   0.0000832995   0.0001630135
       -0.0001227848   0.0000577910  -0.0000514710  -0.0000695523   0.0000414408
       -0.0000207485   0.0003366145  -0.0000091825   0.0000898420  -0.0003121076
       -0.0000363027  -0.0000353249  -0.0008890742   0.0005833361  -0.0004064856
       -0.0003857959   0.0000620689   0.0000523412   0.0001933577  -0.0000670791
       -0.0000996872   0.0034645892  -0.0061857506  -0.0141770529  -0.0112393727
        0.0108658043   0.0313784905   0.0597926226  -0.0177147402  -0.0552962876
        0.0000915870   0.0003249685   0.0002234266  -0.0000685931  -0.0000181708
       -0.0000445061  -0.0000079648   0.0000001288   0.0001254249   0.0000864016
       -0.0000495807  -0.0000457641  -0.0000167856  -0.0000113663   0.0000289094
        0.0000212499   0.0000248922   0.0000163149  -0.0000035223   0.0000211741
        0.0000029719  -0.0000255653   0.0002642783  -0.0000061212  -0.0020329996
        0.0000459773  -0.0002074249   0.0000416819   0.0000161118   0.0000402531
        0.0141922217  -0.0576859760  -0.0631131292  -0.0044130141   0.0038833047
        0.0222726779   0.0011547189  -0.0011115414   0.0018163397  -0.0002018341
       -0.0000142784   0.0000010938  -0.0000033594  -0.0001602262  -0.0000440817
       -0.0001937591   0.0001170805  -0.0001593806  -0.0000081491   0.0000270726
       -0.0000429449  -0.0000339148   0.0000311043  -0.0000209076  -0.0000293248
       -0.0001119191   0.0000261135   0.0004051907   0.0000558473  -0.0000728613
        0.0000217530   0.0000339920  -0.0000195013  -0.0000223938  -0.0000160636
        0.0000183960   0.0046883702  -0.0116261841  -0.0284625989   0.0019841211
       -0.0007339830  -0.0048440588  -0.0177147402   0.0686279292   0.0731070146
       -0.0001706553  -0.0017350151  -0.0011251780   0.0000415424   0.0003824137
        0.0004814669  -0.0000219221  -0.0001031903   0.0001019505   0.0001219552
       -0.0000369967  -0.0001154063  -0.0000136879   0.0000030189   0.0000004995
       -0.0000042757  -0.0000093605  -0.0000091070  -0.0000062044  -0.0000146035
        0.0000143178   0.0001765293  -0.0003459510   0.0000766280   0.0000550105
        0.0005572333   0.0001147143  -0.0000041784  -0.0000137074  -0.0000020570
        0.0476942619  -0.0671814387  -0.2474119314   0.0039968570   0.0018628951
       -0.0256830761  -0.0021611630   0.0003147145  -0.0010645411   0.0002177764
        0.0001172359  -0.0003071814   0.0001426617   0.0000326651   0.0000741286
       -0.0000675592   0.0000326281  -0.0000234973   0.0000007777  -0.0000095237
        0.0000957748   0.0002171680   0.0000572405   0.0000987009  -0.0002281269
       -0.0001094976   0.0000652843   0.0007443191  -0.0001870903   0.0003216939
       -0.0001310847   0.0000573055   0.0000379568   0.0000844514  -0.0000225146
       -0.0000416168   0.0013001015  -0.0064813117  -0.0097332163   0.0041974603
       -0.0027584873  -0.0056486790  -0.0552962876   0.0731070146   0.2878573637
        0.0001994085   0.0017148286   0.0012635071  -0.0000885496  -0.0004607083
       -0.0005773134   0.0000810479   0.0000031174   0.0001864676  -0.0000130893
       -0.0000806496  -0.0001505035   0.0000300654  -0.0000011094  -0.0000021917
        0.0000299335  -0.0000090843  -0.0000023454   0.0000308423   0.0000112639
        0.0000190370  -0.0001383893   0.0001995658   0.0000668570  -0.0008707379
       -0.0002058679   0.0005573874   0.0000278550  -0.0000031914   0.0000019342
       -0.0012793394  -0.0021700744   0.0009044098   0.0046358480  -0.0126636981
        0.0114181532  -0.0676768301   0.0559181367  -0.0510421238   0.0007950528
       -0.0017424372   0.0018042633  -0.0011229756  -0.0000794061   0.0001604204
       -0.0000496970   0.0000467095  -0.0000143938  -0.0000329735   0.0000028003
        0.0000294531   0.0000249180   0.0000381941   0.0000553845  -0.0000696092
       -0.0000305305  -0.0000266226  -0.0001592821   0.0000623435  -0.0000712129
       -0.0001433660   0.0000175396   0.0000271210   0.0000971528  -0.0000219190
       -0.0000588153   0.0003104097  -0.0006199428   0.0004537056   0.0000452617
       -0.0001516493   0.0000133149   0.0000915870  -0.0001706553   0.0001994085
        0.0751852057  -0.0587828300   0.0546982405  -0.0108968734   0.0202000693
       -0.0184335587   0.0000599846   0.0000034253   0.0000189615   0.0000604102
        0.0000797498   0.0000091694  -0.0000392033   0.0000042376  -0.0000513037
        0.0000342021   0.0000328234  -0.0000020699   0.0000154591   0.0000081462
       -0.0000136773   0.0000454539  -0.0000161799  -0.0000050568   0.0000577019
        0.0000352005  -0.0000782084   0.0000115022  -0.0000000531   0.0000050376
       -0.0029738298   0.0036117741   0.0072312455   0.0049610568  -0.0174327674
        0.0141138940   0.0543158202  -0.1695919228   0.1241744071   0.0015815466
       -0.0014356320  -0.0025801499  -0.0009280557   0.0002904014  -0.0000725100
       -0.0005795056   0.0001263743  -0.0000702469  -0.0000858676  -0.0000597027
       -0.0001028692  -0.0000136150   0.0000177004  -0.0000067126   0.0000892126
        0.0000076416  -0.0001433049   0.0005053492   0.0002539492  -0.0002094134
        0.0000169672  -0.0000132645   0.0000190719   0.0000206504  -0.0000112540
       -0.0000090418  -0.0001172154   0.0005218742  -0.0001882883  -0.0004985026
        0.0003660140  -0.0003105592   0.0003249685  -0.0017350151   0.0017148286
       -0.0587828300   0.1873544158  -0.1473835659   0.0018697304  -0.0022121800
        0.0039140017   0.0000052817  -0.0001666355  -0.0000132715   0.0001495313
        0.0000661579  -0.0000422399  -0.0000500992   0.0000218743  -0.0000414123
       -0.0000208920   0.0000013140  -0.0000148103   0.0000695194  -0.0000125749
        0.0000094926   0.0000138219   0.0000079396   0.0000679678   0.0001299440
        0.0000276311  -0.0000516686  -0.0000029873  -0.0000041129  -0.0000048444
        0.0021720806   0.0075406335   0.0063701759  -0.0035848706   0.0131477912
       -0.0131445363  -0.0498616488   0.1241497410  -0.1414160847  -0.0010416207
       -0.0027174616  -0.0022362297   0.0008084123  -0.0002635620   0.0003760448
       -0.0006657269  -0.0002593604  -0.0000123862  -0.0000927885  -0.0002047435
       -0.0000394367   0.0000108563  -0.0000042741   0.0000121586   0.0000939501
       -0.0000143403  -0.0000819181   0.0004633455  -0.0000497639   0.0001481009
       -0.0000325686   0.0000115557   0.0000110706   0.0000128136  -0.0000002415
       -0.0000229462  -0.0003597413   0.0020134659  -0.0016768806   0.0000947469
       -0.0001641062   0.0000771661   0.0002234266  -0.0011251780   0.0012635071
        0.0546982405  -0.1473835659   0.1531018127  -0.0026443607   0.0053358607
       -0.0026988836   0.0000036887   0.0001213803   0.0000368843  -0.0001382891
       -0.0000722595  -0.0000424475   0.0000131602  -0.0000150753   0.0000345333
       -0.0000836935   0.0000015923  -0.0000359357   0.0000147918  -0.0000101968
       -0.0000108806   0.0000054868   0.0000063221  -0.0000867808  -0.0001063648
       -0.0000422360   0.0000782489  -0.0000033264  -0.0000019773  -0.0000043564
        0.0014338721   0.0015778871  -0.0008313421  -0.0270890052   0.0004842658
       -0.0024946411  -0.2957132121   0.0233469732  -0.0407304498  -0.0013456072
       -0.0032115720   0.0020271362   0.0005390403  -0.0003169782   0.0002768794
       -0.0009088734   0.0002384383   0.0000055316   0.0000116812  -0.0002782036
       -0.0000562793  -0.0001457378  -0.0000584890  -0.0001199235   0.0001075326
        0.0000544764   0.0003359513  -0.0009766814  -0.0002014392  -0.0003312080
        0.0004144622   0.0000036791  -0.0000243128  -0.0001936367   0.0000411947
        0.0001147161   0.0000938370   0.0003471634  -0.0001744500   0.0005960995
       -0.0006626435   0.0003976808  -0.0000685931   0.0000415424  -0.0000885496
       -0.0108968734   0.0018697304  -0.0026443607   0.3343887849  -0.0233237857
        0.0444330249  -0.0000083862   0.0001149171   0.0000166425  -0.0000216336
       -0.0000466634   0.0000210602   0.0000661620   0.0000218668   0.0000396219
       -0.0001214707  -0.0000445867  -0.0000395464  -0.0001274684   0.0000386712
        0.0000032026  -0.0000044824  -0.0000009333  -0.0000796058  -0.0000131628
       -0.0000244731  -0.0000260898  -0.0000166473  -0.0000110381  -0.0000306886
       -0.0013421039  -0.0012444909  -0.0028393038  -0.0176656234  -0.0000304444
       -0.0027295557   0.0249930915  -0.0409364717   0.0104181906  -0.0020357242
        0.0035899816   0.0073374882  -0.0001364926   0.0000946246  -0.0000380492
        0.0011577995   0.0001884055   0.0001281103   0.0001308134   0.0002647966
        0.0000716122  -0.0000863569   0.0000166192   0.0000390364  -0.0002733054
        0.0000638867   0.0004943738  -0.0020245195   0.0001067413  -0.0003456438
        0.0000737981   0.0000152131  -0.0000060832  -0.0000136111  -0.0000045852
        0.0000019785   0.0000997161  -0.0003311461   0.0003081116   0.0001892008
       -0.0007627119   0.0004532585  -0.0000181708   0.0003824137  -0.0004607083
        0.0202000693  -0.0022121800   0.0053358607  -0.0233237857   0.0408229504
       -0.0180288527   0.0000892346  -0.0001039304  -0.0000305888   0.0000540130
        0.0000873696   0.0000182166  -0.0000252732   0.0000010142  -0.0000074821
        0.0001078784  -0.0000016594   0.0000393025  -0.0001649867   0.0000160016
       -0.0000270565  -0.0000131949  -0.0000492844  -0.0000267161   0.0000363549
        0.0000346429  -0.0001002012  -0.0000088214  -0.0000077567  -0.0000052985
        0.0012534814  -0.0024367729  -0.0024100170   0.0130206750  -0.0018453583
        0.0010548396  -0.0419739641   0.0105098080  -0.0431722166   0.0005081115
        0.0070990739   0.0062767146   0.0000560023   0.0000459360  -0.0000852605
        0.0021382866  -0.0000985389   0.0004106926   0.0002968390   0.0004766237
        0.0002521055  -0.0001439972  -0.0000078034   0.0000017891  -0.0000434779
        0.0000173540   0.0003646190  -0.0012813083  -0.0001579079  -0.0000827706
        0.0001387212   0.0000043822  -0.0000200376  -0.0000537013   0.0000130940
        0.0000234798  -0.0001313201  -0.0003857198   0.0002867341   0.0001599617
        0.0005071411  -0.0001719659  -0.0000445061   0.0004814669  -0.0005773134
       -0.0184335587   0.0039140017  -0.0026988836   0.0444330249  -0.0180288527
        0.0406197778   0.0000593394  -0.0000750139  -0.0000988812  -0.0000075449
        0.0000063848   0.0000218359   0.0000010051   0.0000195483  -0.0000054400
        0.0001931836  -0.0000223961   0.0000733303  -0.0001037387   0.0000148462
       -0.0000221042  -0.0000368673  -0.0000140325  -0.0000440629   0.0000155644
       -0.0000316562   0.0000149908  -0.0000202114  -0.0000056086  -0.0000119556
       -0.0001079024   0.0000058188  -0.0000925019   0.0007094395  -0.0003575020
       -0.0008372910   0.0000205461  -0.0000390267   0.0000324239   0.0050569663
       -0.0018321928  -0.0071473211   0.0000571928   0.0002998740   0.0000648668
       -0.1203639493   0.0246371960   0.1088023724  -0.0218373389   0.0071359811
        0.0209271823  -0.0063155943   0.0009820546  -0.0023449718   0.0000744091
       -0.0001391917  -0.0002854808   0.0000692646  -0.0014037851  -0.0013053612
        0.0003347108   0.0007142388   0.0010500318  -0.0011280992   0.0000846835
        0.0003765788   0.0000995775   0.0000319035   0.0000756182  -0.0000415529
       -0.0000133096  -0.0000205708  -0.0000079648  -0.0000219221   0.0000810479
        0.0000599846   0.0000052817   0.0000036887  -0.0000083862   0.0000892346
        0.0000593394   0.1434005363  -0.0290103983  -0.1233142437  -0.0008557937
       -0.0005728868   0.0037015078   0.0008247723   0.0001010140   0.0005364902
       -0.0000638661  -0.0002407671   0.0002072129  -0.0000159566  -0.0001886821
       -0.0000212598   0.0001983996  -0.0002215389  -0.0005032025  -0.0000946729
       -0.0000197222  -0.0000044338  -0.0000647224  -0.0000263550  -0.0000417227
        0.0000937448   0.0000272081   0.0000888930   0.0007436119   0.0007353002
       -0.0003546831   0.0000386859   0.0001108258   0.0001639643   0.0112231537
       -0.0060881287  -0.0208036830   0.0003656380   0.0000321417  -0.0001200069
        0.0244110365  -0.0516102855  -0.0309482138   0.0055963200  -0.0009221511
       -0.0046268164   0.0016818697   0.0003841857   0.0004068591  -0.0000551144
        0.0000305955   0.0003739392  -0.0017781853  -0.0037048374  -0.0028437267
        0.0000400131  -0.0000689852  -0.0003374929   0.0002280740  -0.0000882942
       -0.0000412638  -0.0000989525   0.0000064441   0.0001281529   0.0000505529
       -0.0000007721   0.0000149646   0.0000001288  -0.0001031903   0.0000031174
        0.0000034253  -0.0001666355   0.0001213803   0.0001149171  -0.0001039304
       -0.0000750139  -0.0290103983   0.0590264831   0.0388852043  -0.0144600102
        0.0027208781   0.0216568347   0.0005218586   0.0000441213  -0.0004659697
       -0.0002403172   0.0000037757   0.0000844724  -0.0000574872   0.0000500348
       -0.0000001206   0.0006490406  -0.0002361088  -0.0012407568  -0.0000565540
       -0.0000747884  -0.0000769921  -0.0000050518  -0.0000038864   0.0000069576
       -0.0002431183   0.0001053058   0.0001621553   0.0005648337  -0.0002316578
       -0.0003602780  -0.0000678909   0.0000118618   0.0003116981   0.0074059584
       -0.0056438640  -0.0151709891   0.0001550306   0.0002139930   0.0003387496
        0.1092271870  -0.0312276649  -0.1888336263  -0.0044378297   0.0015484923
        0.0059867186  -0.0011985973   0.0002937967   0.0006008399  -0.0002738043
        0.0001191769   0.0002179134  -0.0014178319  -0.0041442825  -0.0018281759
       -0.0007592451   0.0001815780   0.0002081709   0.0001565941  -0.0000836276
       -0.0000847395   0.0001071409   0.0002332324  -0.0004592513  -0.0000933946
        0.0000069233  -0.0000093330   0.0001254249   0.0001019505   0.0001864676
        0.0000189615  -0.0000132715   0.0000368843   0.0000166425  -0.0000305888
       -0.0000988812  -0.1233142437   0.0388852043   0.2184145859   0.0136246207
       -0.0000938358  -0.0198889275  -0.0004588054  -0.0000523219   0.0008299723
        0.0002034386   0.0001468895   0.0000869489  -0.0000992167   0.0000870539
        0.0000369917   0.0006309490  -0.0003872783  -0.0010454544   0.0000367951
       -0.0000496038   0.0003025977   0.0000904006   0.0000225386   0.0000589620
       -0.0006378286  -0.0006699447  -0.0003232203   0.0005385758  -0.0004640666
        0.0004942867  -0.0002379307  -0.0000317267   0.0000305973  -0.0002195937
       -0.0099617014   0.0052890828  -0.0003841656  -0.0017325448  -0.0012214176
       -0.0418601154  -0.0048149832   0.0060844565  -0.0042343494   0.0229289584
       -0.0188322952   0.0003634598   0.0000444825  -0.0006495061   0.0002162299
        0.0000225775   0.0000668459   0.0003717862   0.0009275869   0.0002171935
       -0.0002454942  -0.0002239657   0.0000273693   0.0002432475  -0.0000228497
       -0.0001025033  -0.0011788846   0.0005216985  -0.0010810208   0.0000887150
        0.0001993097   0.0000721723   0.0000864016   0.0001219552  -0.0000130893
        0.0000604102   0.0001495313  -0.0001382891  -0.0000216336   0.0000540130
       -0.0000075449  -0.0008557937  -0.0144600102   0.0136246207   0.0521814911
        0.0045179328  -0.0008368628  -0.0052811242   0.0023556128  -0.0024441286
        0.0007428598   0.0004613423  -0.0002430823  -0.0000319519  -0.0000840445
       -0.0000412412  -0.0001228170   0.0000833008   0.0001448621   0.0003123146
        0.0000535772  -0.0001007643   0.0001061910   0.0000239587  -0.0000165213
        0.0005835407   0.0002548940   0.0001570964   0.0002575708  -0.0003202652
        0.0005258678  -0.0001797407   0.0000278239  -0.0000071873  -0.0025080606
       -0.0260737601   0.0117043466  -0.0020289108  -0.0052032607  -0.0024227945
       -0.0033357856  -0.1911144882   0.1114937644   0.0024314568  -0.0064595346
        0.0060853682  -0.0001494090   0.0002293244   0.0003600225   0.0004393942
       -0.0000938616  -0.0002815648  -0.0003062134   0.0012020332   0.0010760770
       -0.0000123050  -0.0000006923   0.0000635445  -0.0000711876  -0.0000114093
       -0.0000139971  -0.0002953938   0.0008133541  -0.0001499911   0.0001338233
        0.0000082894  -0.0000055344  -0.0000495807  -0.0000369967  -0.0000806496
        0.0000797498   0.0000661579  -0.0000722595  -0.0000466634   0.0000873696
        0.0000063848  -0.0005728868   0.0027208781  -0.0000938358   0.0045179328
        0.2229548033  -0.1281889687   0.0018279465   0.0000079750   0.0006694900
       -0.0003942977   0.0007830465  -0.0004052625  -0.0000518886  -0.0000840196
        0.0000787681  -0.0000819701   0.0003390725   0.0002481086  -0.0001316767
       -0.0000788708  -0.0007695098  -0.0000554442  -0.0000178627   0.0000227163
       -0.0005178314  -0.0005126056  -0.0003753702   0.0005125484   0.0003644565
        0.0001412520  -0.0002552780   0.0000311609   0.0000214966  -0.0002745550
       -0.0107397813   0.0071807283  -0.0008663341  -0.0027410900  -0.0006409898
        0.0055521589   0.1113570652  -0.1268435392  -0.0036944490   0.0094760258
       -0.0075573341   0.0000032078  -0.0006147672   0.0002079244   0.0004487910
        0.0002214646   0.0003245744  -0.0004256465  -0.0010120827   0.0010109174
        0.0004556011  -0.0001165780  -0.0000318965  -0.0000965964   0.0000324129
        0.0000619918  -0.0007030199   0.0000390876   0.0001789581   0.0000974544
        0.0000540114   0.0000294146  -0.0000457641  -0.0001154063  -0.0001505035
        0.0000091694  -0.0000422399  -0.0000424475   0.0000210602   0.0000182166
        0.0000218359   0.0037015078   0.0216568347  -0.0198889275  -0.0008368628
       -0.1281889687   0.1473166271  -0.0028144293   0.0008818072  -0.0002995373
       -0.0000455049   0.0001336933  -0.0001203527   0.0000015341   0.0001575171
       -0.0001379318  -0.0000387449  -0.0000038227   0.0000767008  -0.0001610307
       -0.0003339220  -0.0003769843  -0.0000269861  -0.0000024895  -0.0001066070
       -0.0001073356  -0.0000849496  -0.0000889507   0.0000076083   0.0001294955
        0.0000521964  -0.0000052627   0.0000324190   0.0000315720   0.0003772344
        0.0011561070   0.0001681879  -0.0001375779  -0.0004990389  -0.0002591653
       -0.0038572954   0.0200672280  -0.0210184773  -0.0401696290  -0.0077064562
        0.0059950902  -0.0017119101  -0.0094804697   0.0148551683  -0.0012133826
       -0.0002461294   0.0007781040   0.0002109228  -0.0006407227   0.0001243439
        0.0005490869   0.0008080215   0.0010698040  -0.0002428799  -0.0000199518
       -0.0003076979   0.0000816096  -0.0000481483   0.0000698752   0.0000232458
       -0.0000296471   0.0000158337  -0.0000167856  -0.0000136879   0.0000300654
       -0.0000392033  -0.0000500992   0.0000131602   0.0000661620  -0.0000252732
        0.0000010051   0.0008247723   0.0005218586  -0.0004588054  -0.0052811242
        0.0018279465  -0.0028144293   0.0506527043   0.0045264410  -0.0064377630
        0.0002219190  -0.0114366698   0.0086974411   0.0000857741   0.0014588144
       -0.0003230282  -0.0000518946  -0.0000168681   0.0000209603   0.0000981519
       -0.0000710601  -0.0000028160  -0.0003649104  -0.0001591596  -0.0002116745
        0.0000571105   0.0000541946  -0.0000004033  -0.0001596274  -0.0001130233
       -0.0000448774  -0.0000360534   0.0000117992  -0.0000570535  -0.0003931822
        0.0007015482  -0.0003593699  -0.0002370231   0.0001165461  -0.0000510862
        0.0031773579  -0.0062814737   0.0065710308  -0.0061481513  -0.1487394052
        0.1119539946   0.0001261091   0.0073767879  -0.0064170952   0.0007163963
       -0.0002311583  -0.0006812685  -0.0001178777   0.0002378052  -0.0003837626
        0.0005528242   0.0002757685  -0.0000525782  -0.0000654758  -0.0001339282
       -0.0001250951  -0.0000797602  -0.0000051983  -0.0000271207   0.0000327375
       -0.0000077707   0.0000000964  -0.0000113663   0.0000030189  -0.0000011094
        0.0000042376   0.0000218743  -0.0000150753   0.0000218668   0.0000010142
        0.0000195483   0.0001010140   0.0000441213  -0.0000523219   0.0023556128
        0.0000079750   0.0008818072   0.0045264410   0.1729526601  -0.1307053789
       -0.0039331242  -0.0253988161   0.0197510975  -0.0000012865  -0.0008285611
        0.0000292632   0.0000011940  -0.0000054666  -0.0000219916  -0.0000970123
        0.0000203244  -0.0001683526  -0.0003929614  -0.0000806363  -0.0000428979
       -0.0000368239  -0.0000601109   0.0000303202   0.0000979975  -0.0000179796
        0.0000404236   0.0000984627  -0.0000048618   0.0000501637   0.0004327399
        0.0007048791   0.0001564519  -0.0006287973  -0.0006344242  -0.0002054152
       -0.0030392110   0.0090395279  -0.0084744709   0.0031767223   0.1153906086
       -0.1578163068   0.0066592097   0.0127229514  -0.0259292545   0.0031715802
        0.0004314068  -0.0009264598  -0.0005328758   0.0005220791  -0.0005116472
       -0.0013547463   0.0002792934  -0.0003075504   0.0008222631  -0.0005860262
       -0.0003331686   0.0000522006  -0.0000175159  -0.0000055326  -0.0000044070
       -0.0000167402   0.0000246339   0.0000289094   0.0000004995  -0.0000021917
       -0.0000513037  -0.0000414123   0.0000345333   0.0000396219  -0.0000074821
       -0.0000054400   0.0005364902  -0.0004659697   0.0008299723  -0.0024441286
        0.0006694900  -0.0002995373  -0.0064377630  -0.1307053789   0.1861636215
       -0.0003841763  -0.0050511940   0.0068916056  -0.0002461536  -0.0021259280
        0.0003615224  -0.0000259426  -0.0000528626   0.0000891884  -0.0000729842
       -0.0001128516   0.0000548361   0.0001431157   0.0001400024   0.0000897020
       -0.0001294968   0.0000243964  -0.0000137753  -0.0000867808  -0.0013147741
       -0.0008689115  -0.0002814318   0.0000720527  -0.0000909515  -0.0058777867
        0.0010356118  -0.0020648151   0.0000105694   0.0003630800   0.0001311354
       -0.0157599685  -0.0219357766  -0.0122344167  -0.0798035747  -0.0793115395
       -0.0345756988   0.0058378098   0.0128702150   0.0054124840  -0.0017588468
        0.0012310356   0.0018523493   0.0003023894   0.0003135041  -0.0000270308
        0.0003047720   0.0013091190   0.0024348384   0.0005339458  -0.0003128767
       -0.0008728981  -0.0000079066  -0.0000238175  -0.0000139216  -0.0000261902
        0.0000303927   0.0000029049   0.0000212499  -0.0000042757   0.0000299335
        0.0000342021  -0.0000208920  -0.0000836935  -0.0001214707   0.0001078784
        0.0001931836  -0.0000638661  -0.0002403172   0.0002034386   0.0007428598
       -0.0003942977  -0.0000455049   0.0002219190  -0.0039331242  -0.0003841763
        0.0965164375   0.0909464228   0.0402272679   0.0001161042  -0.0008244009
        0.0009964594  -0.0000251863   0.0000510912   0.0000329990  -0.0000601711
        0.0000128643   0.0000181231  -0.0006395816  -0.0000515717  -0.0002593229
       -0.0000507761   0.0000107794   0.0000320466   0.0001262421   0.0000500726
       -0.0000514138   0.0000746399   0.0000574488  -0.0000301198   0.0002139539
        0.0005937351   0.0004215921   0.0000507944   0.0002755382  -0.0000598570
        0.0011933785   0.0033410539   0.0013253647  -0.0799763025  -0.2025883636
       -0.0697014647  -0.0019906197  -0.0107008673  -0.0080025718   0.0015033586
       -0.0011973350  -0.0011685930  -0.0000991934   0.0000827674   0.0001632532
       -0.0020361221   0.0004910714  -0.0004206675   0.0003507584   0.0000510867
        0.0002389025  -0.0000135988   0.0000368525  -0.0000282261  -0.0000352916
        0.0000241854  -0.0000106295   0.0000248922  -0.0000093605  -0.0000090843
        0.0000328234   0.0000013140   0.0000015923  -0.0000445867  -0.0000016594
       -0.0000223961  -0.0002407671   0.0000037757   0.0001468895   0.0004613423
        0.0007830465   0.0001336933  -0.0114366698  -0.0253988161  -0.0050511940
        0.0909464228   0.2334427301   0.0823921287  -0.0002368367   0.0006368912
       -0.0006983912   0.0000709202   0.0000693021   0.0000644997  -0.0000094914
       -0.0000189938  -0.0000425790   0.0011207291  -0.0000362551   0.0003772253
       -0.0000502527   0.0000113646  -0.0000015925   0.0000419092  -0.0005906847
       -0.0003053937  -0.0000766940   0.0000442287  -0.0000348770  -0.0024723831
        0.0002428898  -0.0002809381   0.0000201672   0.0000621624   0.0000284012
       -0.0064930268  -0.0078123277  -0.0039313113  -0.0356280134  -0.0697519815
       -0.0705451865  -0.0058690614  -0.0234452868  -0.0148108080   0.0030172593
       -0.0019497657  -0.0019620297  -0.0000440275  -0.0000031845   0.0004156906
       -0.0011422589   0.0001166728   0.0004980699  -0.0001312259   0.0001014862
       -0.0000606852  -0.0000206672   0.0000010535  -0.0000076093   0.0000021696
        0.0000103616   0.0000113156   0.0000163149  -0.0000091070  -0.0000023454
       -0.0000020699  -0.0000148103  -0.0000359357  -0.0000395464   0.0000393025
        0.0000733303   0.0002072129   0.0000844724   0.0000869489  -0.0002430823
       -0.0004052625  -0.0001203527   0.0086974411   0.0197510975   0.0068916056
        0.0402272679   0.0823921287   0.0852112142  -0.0003526836   0.0010444770
       -0.0015742540   0.0000895962   0.0000756728   0.0000624725   0.0000007938
       -0.0000587850   0.0000628558   0.0002448610   0.0000638250   0.0003314146
       -0.0001012708   0.0000352400   0.0000005438  -0.0003978045   0.0000639166
        0.0014480824  -0.0003482152   0.0001123572  -0.0001017112  -0.0050526371
        0.0003103132  -0.0019715102   0.0000500773   0.0000237147  -0.0002252387
        0.0001855693  -0.0000580928  -0.0001235931  -0.0002801109  -0.0006787335
       -0.0018975533   0.0057811255  -0.0025696058  -0.0058878994  -0.1387303479
        0.0504358944   0.1147102270  -0.0198968701   0.0072684400   0.0188857079
        0.0016143572  -0.0008078146  -0.0015686788  -0.0002041472   0.0001932115
        0.0004488541   0.0000229446  -0.0000531006   0.0000134490  -0.0000122218
       -0.0000128159  -0.0000137062  -0.0000035223  -0.0000062044   0.0000308423
        0.0000154591   0.0000695194   0.0000147918  -0.0001274684  -0.0001649867
       -0.0001037387  -0.0000159566  -0.0000574872  -0.0000992167  -0.0000319519
       -0.0000518886   0.0000015341   0.0000857741  -0.0000012865  -0.0002461536
        0.0001161042  -0.0002368367  -0.0003526836   0.1570803484  -0.0542444005
       -0.1240018733   0.0005891310   0.0000734814   0.0005847457  -0.0003513620
        0.0001605348  -0.0000288440   0.0000129962   0.0001966307   0.0004836229
        0.0000247850  -0.0000010275   0.0000583347   0.0000329565   0.0001328101
       -0.0001426714  -0.0000362741  -0.0001075888   0.0000461214  -0.0007298231
        0.0018162069   0.0008001165   0.0001588264  -0.0001668338  -0.0003383566
       -0.0003033721   0.0001630224   0.0003745498  -0.0004487454   0.0088843782
       -0.0049719018   0.0057936982  -0.0039596003  -0.0118604956   0.0499187253
       -0.0609912598  -0.0592680614  -0.0002023609   0.0017387501  -0.0025616704
        0.0006680037  -0.0050822304   0.0016940807  -0.0001705604   0.0010963652
        0.0002709718  -0.0000184132  -0.0000052401  -0.0000118515   0.0000212548
       -0.0000026522   0.0000021365   0.0000211741  -0.0000146035   0.0000112639
        0.0000081462  -0.0000125749  -0.0000101968   0.0000386712   0.0000160016
        0.0000148462  -0.0001886821   0.0000500348   0.0000870539  -0.0000840445
       -0.0000840196   0.0001575171   0.0014588144  -0.0008285611  -0.0021259280
       -0.0008244009   0.0006368912   0.0010444770  -0.0542444005   0.0553648786
        0.0758714190  -0.0003214275   0.0004898645   0.0003702194  -0.0007853680
        0.0003753506   0.0005869133   0.0002128169   0.0004916377  -0.0000988876
       -0.0000102997   0.0000246865   0.0000108787  -0.0001954443  -0.0000571582
        0.0000852673  -0.0000440791   0.0000096133   0.0000245901  -0.0004737476
       -0.0003596468   0.0006686789  -0.0001198462  -0.0000578926   0.0000993468
       -0.0001843905   0.0002001818   0.0001314538  -0.0031618161  -0.0051816619
       -0.0010845861   0.0154826705  -0.0119566587  -0.0259416412   0.1121876695
       -0.0600350459  -0.1719221970  -0.0013896503   0.0003975257   0.0038924818
        0.0013276850   0.0016439706  -0.0018157536  -0.0002307558   0.0001725179
        0.0013565480  -0.0000123752   0.0000015756  -0.0000335204  -0.0000019293
       -0.0000067730   0.0000033699   0.0000029719   0.0000143178   0.0000190370
       -0.0000136773   0.0000094926  -0.0000108806   0.0000032026  -0.0000270565
       -0.0000221042  -0.0000212598  -0.0000001206   0.0000369917  -0.0000412412
        0.0000787681  -0.0001379318  -0.0003230282   0.0000292632   0.0003615224
        0.0009964594  -0.0006983912  -0.0015742540  -0.1240018733   0.0758714190
        0.1951675106  -0.0005309995   0.0001356685   0.0005386241   0.0003271240
       -0.0001638875  -0.0003335822   0.0004286302  -0.0000447073   0.0004801499
       -0.0001291565   0.0000407216  -0.0000197525   0.0005701487   0.0004643723
        0.0004645162  -0.0001209673  -0.0002012216  -0.0000547200   0.0022431304
        0.0123387505   0.0075398847   0.0004676061   0.0000935547  -0.0003544216
       -0.0011875369   0.0004115417   0.0027038405   0.0002286053  -0.0001298397
        0.0001693993  -0.0056558611   0.0002155952  -0.0007383834  -0.0130596492
       -0.0265548215  -0.0145807679  -0.0492494766  -0.0450151663  -0.0195455608
        0.0010801236   0.0015388353  -0.0020316268  -0.0003953698   0.0000574584
        0.0005437775   0.0000171489  -0.0001236970  -0.0000237449  -0.0000108867
       -0.0000242510  -0.0000164952  -0.0000255653   0.0001765293  -0.0001383893
        0.0000454539   0.0000138219   0.0000054868  -0.0000044824  -0.0000131949
       -0.0000368673   0.0001983996   0.0006490406   0.0006309490  -0.0001228170
       -0.0000819701  -0.0000387449  -0.0000518946   0.0000011940  -0.0000259426
       -0.0000251863   0.0000709202   0.0000895962   0.0005891310  -0.0003214275
       -0.0005309995   0.0615095922   0.0507456331   0.0237745398   0.0035200719
        0.0063360158   0.0021255174  -0.0004305620  -0.0006883951   0.0000889091
        0.0000380452   0.0000222456   0.0000687875   0.0001019075  -0.0000486146
       -0.0003431180  -0.0000176913   0.0000963574   0.0000265985   0.0000619898
       -0.0039998982  -0.0034206963  -0.0001464235   0.0006852769   0.0004687768
        0.0009444185   0.0001851927  -0.0015268489   0.0001939066   0.0001026874
        0.0001490093  -0.0013564627  -0.0000140666   0.0003463952  -0.0027246727
       -0.0025719115  -0.0020992819  -0.0438845695  -0.2181033733  -0.0889360946
        0.0014320212   0.0001003969  -0.0004158504  -0.0005674647   0.0002277545
        0.0004848206  -0.0001094784   0.0001144526   0.0000457513  -0.0000473874
        0.0000657902   0.0000831586   0.0002642783  -0.0003459510   0.0001995658
       -0.0000161799   0.0000079396   0.0000063221  -0.0000009333  -0.0000492844
       -0.0000140325  -0.0002215389  -0.0002361088  -0.0003872783   0.0000833008
        0.0003390725  -0.0000038227  -0.0000168681  -0.0000054666  -0.0000528626
        0.0000510912   0.0000693021   0.0000756728   0.0000734814   0.0004898645
        0.0001356685   0.0507456331   0.2513099595   0.1026254572  -0.0048166678
       -0.0283095656  -0.0074583473  -0.0000637354  -0.0001320517  -0.0000577508
       -0.0000530123   0.0000989940   0.0001161197  -0.0005418357  -0.0003799736
        0.0000638426   0.0000124288   0.0001769230   0.0000572872  -0.0024651918
       -0.0213599857  -0.0136456576  -0.0004123056  -0.0005190439   0.0000019600
        0.0030342842  -0.0012296016  -0.0047997663   0.0000791534   0.0000896771
        0.0004764337   0.0003382382   0.0002926968   0.0016293184  -0.0083558293
       -0.0072509091  -0.0055270118  -0.0175792411  -0.0889295790  -0.0836567659
       -0.0018092112   0.0004821957  -0.0000722910   0.0008259306  -0.0003253330
       -0.0006638786  -0.0000173174  -0.0000021333  -0.0000995904  -0.0000445699
       -0.0000059540  -0.0000416015  -0.0000061212   0.0000766280   0.0000668570
       -0.0000050568   0.0000679678  -0.0000867808  -0.0000796058  -0.0000267161
       -0.0000440629  -0.0005032025  -0.0012407568  -0.0010454544   0.0001448621
        0.0002481086   0.0000767008   0.0000209603  -0.0000219916   0.0000891884
        0.0000329990   0.0000644997   0.0000624725   0.0005847457   0.0003702194
        0.0005386241   0.0237745398   0.1026254572   0.0990912761   0.0031073948
        0.0167877945   0.0074001249  -0.0000830365  -0.0000891842   0.0000126557
       -0.0008442023   0.0004049156   0.0005920117   0.0010101566  -0.0007819426
        0.0004745694  -0.0002300705  -0.0000158772  -0.0000280743   0.0024085448
       -0.0101591296   0.0106980587  -0.0013253638  -0.0000198993   0.0032909125
        0.0000394408  -0.0000641085  -0.0002476604   0.0001946454   0.0007039929
       -0.0006250647  -0.0039160739   0.0000451542   0.0005101687  -0.0154305667
        0.0199301037  -0.0216285182  -0.0462156810   0.0426450964  -0.0351964818
        0.0013845837  -0.0030780117   0.0005694481  -0.0005770943   0.0005637337
        0.0004645153  -0.0001684965   0.0005654318   0.0003778456   0.0001047400
       -0.0000860351  -0.0001646519  -0.0020329996   0.0000550105  -0.0008707379
        0.0000577019   0.0001299440  -0.0001063648  -0.0000131628   0.0000363549
        0.0000155644  -0.0000946729  -0.0000565540   0.0000367951   0.0003123146
       -0.0001316767  -0.0001610307   0.0000981519  -0.0000970123  -0.0000729842
       -0.0000601711  -0.0000094914   0.0000007938  -0.0003513620  -0.0007853680
        0.0003271240   0.0035200719  -0.0048166678   0.0031073948   0.0622497922
       -0.0456249083   0.0390720901  -0.0001202262   0.0006469447  -0.0004357233
        0.0005679916   0.0000639253  -0.0000993425  -0.0001547499  -0.0000640046
        0.0005224084   0.0000871612  -0.0000681289   0.0000244684  -0.0019099131
        0.0006182487   0.0014597916  -0.0000546680   0.0007542865   0.0002301740
        0.0003194644   0.0007308560  -0.0004316074  -0.0000848892  -0.0001509819
       -0.0002253462  -0.0002435026  -0.0007207533  -0.0002049577   0.0025720740
        0.0006500144   0.0012415598   0.0379350587  -0.1608958960   0.1068965193
       -0.0004855271  -0.0000343833  -0.0000109176   0.0001560918  -0.0000728025
       -0.0001160485   0.0003385287  -0.0002948354  -0.0003667259   0.0000577564
       -0.0000874976  -0.0001898502   0.0000459773   0.0005572333  -0.0002058679
        0.0000352005   0.0000276311  -0.0000422360  -0.0000244731   0.0000346429
       -0.0000316562  -0.0000197222  -0.0000747884  -0.0000496038   0.0000535772
       -0.0000788708  -0.0003339220  -0.0000710601   0.0000203244  -0.0001128516
        0.0000128643  -0.0000189938  -0.0000587850   0.0001605348   0.0003753506
       -0.0001638875   0.0063360158  -0.0283095656   0.0167877945  -0.0456249083
        0.1869315989  -0.1244983461  -0.0000048831   0.0001073902  -0.0000207640
       -0.0005580884   0.0001565019   0.0004200023  -0.0007522943   0.0006296633
        0.0004724728  -0.0000513394   0.0000181323  -0.0000151841  -0.0018780990
        0.0185094550  -0.0214906700   0.0027306756  -0.0001017393  -0.0049106451
        0.0000776896   0.0010518341   0.0006117372  -0.0000300837   0.0000288177
       -0.0003341570  -0.0006044507   0.0003449187   0.0015457277  -0.0098786174
        0.0050347498  -0.0070879762  -0.0295833729   0.1079855387  -0.1313038800
       -0.0006359920  -0.0006282501   0.0003663638   0.0003468813  -0.0001176917
       -0.0002651658   0.0002778088  -0.0005649470  -0.0001329168  -0.0002239033
       -0.0001106777  -0.0000156970  -0.0002074249   0.0001147143   0.0005573874
       -0.0000782084  -0.0000516686   0.0000782489  -0.0000260898  -0.0001002012
        0.0000149908  -0.0000044338  -0.0000769921   0.0003025977  -0.0001007643
       -0.0007695098  -0.0003769843  -0.0000028160  -0.0001683526   0.0000548361
        0.0000181231  -0.0000425790   0.0000628558  -0.0000288440   0.0005869133
       -0.0003335822   0.0021255174  -0.0074583473   0.0074001249   0.0390720901
       -0.1244983461   0.1545246991  -0.0000039634   0.0002280633  -0.0001451861
       -0.0000829180   0.0000052583   0.0000192980   0.0001333658   0.0000433853
        0.0000591778  -0.0000236380   0.0000309818  -0.0000011790   0.0001431424
        0.0000830897  -0.0001068309   0.0000589006  -0.0000106842  -0.0000323501
        0.0003247839   0.0000366710   0.0002173975   0.0004200221  -0.0008960112
       -0.0013464925  -0.0127523480  -0.0099563068  -0.0250706735  -0.0067887904
       -0.0000204072  -0.0007292734  -0.0006826071  -0.0008278056  -0.0014719332
       -0.0753355549  -0.0245153810  -0.0576201519   0.0103429710   0.0123724589
        0.0273415816   0.0000266585  -0.0000148988  -0.0000144511  -0.0000297071
       -0.0000021721   0.0000117292   0.0000416819  -0.0000041784   0.0000278550
        0.0000115022  -0.0000029873  -0.0000033264  -0.0000166473  -0.0000088214
       -0.0000202114  -0.0000647224  -0.0000050518   0.0000904006   0.0001061910
       -0.0000554442  -0.0000269861  -0.0003649104  -0.0003929614   0.0001431157
       -0.0006395816   0.0011207291   0.0002448610   0.0000129962   0.0002128169
        0.0004286302  -0.0004305620  -0.0000637354  -0.0000830365  -0.0001202262
       -0.0000048831  -0.0000039634   0.0857099980   0.0228763392   0.0579468126
       -0.0000117198   0.0000067474   0.0000220304   0.0000716258  -0.0000327146
        0.0000335774  -0.0000166455   0.0000209994  -0.0000050168  -0.0001508848
        0.0001984547   0.0000206377  -0.0000183806  -0.0000353483  -0.0000244956
        0.0000864230  -0.0001498925   0.0000169461   0.0011306812   0.0000234195
        0.0009535378  -0.0025237322   0.0103806036  -0.0098906720  -0.0005800895
        0.0035018122  -0.0007887314  -0.0002102254  -0.0027946169   0.0004596322
       -0.0283231429  -0.0691725522  -0.0491790789   0.0077269238   0.0022901461
       -0.0286423485   0.0000061676  -0.0000017509   0.0000002038  -0.0000104128
       -0.0000013972  -0.0000034320   0.0000161118  -0.0000137074  -0.0000031914
       -0.0000000531  -0.0000041129  -0.0000019773  -0.0000110381  -0.0000077567
       -0.0000056086  -0.0000263550  -0.0000038864   0.0000225386   0.0000239587
       -0.0000178627  -0.0000024895  -0.0001591596  -0.0000806363   0.0001400024
       -0.0000515717  -0.0000362551   0.0000638250   0.0001966307   0.0004916377
       -0.0000447073  -0.0006883951  -0.0001320517  -0.0000891842   0.0006469447
        0.0001073902   0.0002280633   0.0228763392   0.0554633310   0.0867199388
       -0.0001069302  -0.0000022724   0.0000429233   0.0001825509  -0.0000353254
        0.0000339311  -0.0000127671   0.0000360995  -0.0000047610   0.0000271330
        0.0000795139  -0.0000207402   0.0000234436  -0.0000574050   0.0000292324
        0.0002511507  -0.0000621623   0.0000584147   0.0020451757   0.0003304925
        0.0004701377  -0.0079778507  -0.0102411416  -0.0085717776  -0.0022883171
       -0.0011033338   0.0015657726  -0.0004512954   0.0011650417  -0.0011839108
       -0.0658754192  -0.0487988833  -0.1640876727   0.0166269747  -0.0282080328
       -0.0464855470   0.0000259047  -0.0000005231  -0.0000184210  -0.0000387356
        0.0000035942   0.0000073146   0.0000402531  -0.0000020570   0.0000019342
        0.0000050376  -0.0000048444  -0.0000043564  -0.0000306886  -0.0000052985
       -0.0000119556  -0.0000417227   0.0000069576   0.0000589620  -0.0000165213
        0.0000227163  -0.0001066070  -0.0002116745  -0.0000428979   0.0000897020
       -0.0002593229   0.0003772253   0.0003314146   0.0004836229  -0.0000988876
        0.0004801499   0.0000889091  -0.0000577508   0.0000126557  -0.0004357233
       -0.0000207640  -0.0001451861   0.0579468126   0.0867199388   0.2174583905
