$hessian                                                                        
        0.5021060237   0.0226580787  -0.0570026377  -0.0821634530   0.0265496604
       -0.0214889835  -0.0317236783   0.0233017112  -0.0222638898   0.0002469114
        0.0020689695  -0.0012230206   0.0002975937   0.0001598038  -0.0001083647
       -0.2384130887   0.0300249784   0.0952598896  -0.0444100045  -0.0075364234
       -0.0083673251  -0.1021021277  -0.0989634873   0.0153768389  -0.0055128436
        0.0024081806   0.0006604322   0.0017418158  -0.0005773529  -0.0008684361
        0.0000865633  -0.0000026519   0.0000436246  -0.0000455962  -0.0000768700
       -0.0001075812  -0.0001081157  -0.0000145969   0.0000894534
        0.0226580787   0.4629006688   0.0352552131   0.0358330088  -0.0957322374
        0.0613898752   0.0154026827  -0.0131198849   0.0016538558  -0.0006336571
        0.0022960310   0.0001031863   0.0002553312  -0.0006017182  -0.0002408255
        0.0333863883  -0.0465338732  -0.0187864212  -0.0080069566  -0.1046969612
       -0.1002482724  -0.1022600169  -0.2053640929   0.0187913220   0.0034448032
        0.0005245789   0.0001206710  -0.0000600865   0.0003001129   0.0019395824
       -0.0000838150  -0.0000679917  -0.0000134402   0.0001636068   0.0001092935
       -0.0000379240  -0.0000993676  -0.0000139256   0.0000731774
       -0.0570026377   0.0352552131   0.4526024172  -0.0375173774   0.0674633408
       -0.1452221435  -0.0094261521  -0.0041060687   0.0075684532   0.0005708393
        0.0000344899   0.0003780065  -0.0006958742   0.0004999719   0.0001297935
        0.0892999158  -0.0156606132  -0.0824199620  -0.0081897936  -0.1000602411
       -0.1945314488   0.0172825550   0.0191353720  -0.0437711566   0.0020722106
       -0.0008756244   0.0009027757   0.0034956622  -0.0014290218   0.0042837450
        0.0000564174   0.0000301895   0.0000372414  -0.0001091867  -0.0001628582
       -0.0000044755   0.0001634215  -0.0001241498   0.0000467539
       -0.0821634530   0.0358330088  -0.0375173774   0.3838904281  -0.1126868452
       -0.0267119748  -0.1802612849   0.0409114594   0.0626204723  -0.0561612133
       -0.0029521934   0.0135627208  -0.0026029191  -0.0099683208   0.0002667280
       -0.0215053670   0.0205131990  -0.0211310500  -0.0053909768   0.0046423431
       -0.0136431729   0.0077116674   0.0016925059   0.0041802334  -0.0228013343
        0.0110327063   0.0000069453  -0.0198966522   0.0105774758   0.0182314888
       -0.0024531259   0.0002074452   0.0005202078   0.0007777740   0.0001318590
       -0.0003271531   0.0008564570   0.0000653570  -0.0000580681
        0.0265496604  -0.0957322374   0.0674633408  -0.1126868452   0.1925531530
       -0.0937184173   0.0473236681  -0.0686443338  -0.0066318255  -0.0229702665
        0.0120444773   0.0079001899  -0.0037379157  -0.0030083918   0.0005868159
        0.0083533455  -0.0057956425   0.0054767300  -0.0008345787   0.0088113945
        0.0024482620   0.0169496374  -0.0268411219   0.0299512929   0.0224477172
       -0.0090111449  -0.0032442774   0.0203690780  -0.0041880216  -0.0105610398
       -0.0012024858   0.0003698202   0.0002164381  -0.0004783159  -0.0003061012
        0.0002152131  -0.0000826988  -0.0002518499  -0.0001027229
       -0.0214889835   0.0613898752  -0.1452221435  -0.0267119748  -0.0937184173
        0.2980601073   0.0461370918   0.0001014319  -0.0989563321   0.0126443522
        0.0023899091   0.0016520006   0.0012873957   0.0019109402   0.0004019547
        0.0024511731  -0.0047380557   0.0065556419  -0.0201632611   0.0189339215
       -0.0380894229  -0.0061570372   0.0182464435  -0.0123798882  -0.0222591774
        0.0088132661   0.0052980458   0.0345268890  -0.0135044001  -0.0177488568
        0.0005281351  -0.0000166938   0.0001094250  -0.0004066136   0.0000860603
        0.0002845284  -0.0003879894   0.0001057191   0.0000349396
       -0.0317236783   0.0154026827  -0.0094261521  -0.1802612849   0.0473236681
        0.0461370918   0.4148895175  -0.0537403167   0.0178002633  -0.0705787437
       -0.0301886252   0.0009360838  -0.0349028936  -0.0219126556   0.0037804868
       -0.0025175246   0.0027900910  -0.0026811561   0.0016101128  -0.0000517844
        0.0013263535   0.0008443598  -0.0021566696   0.0005588726  -0.0577633001
        0.0423769043  -0.0518634602  -0.0360984133   0.0027457658  -0.0078118853
       -0.0046370901  -0.0000964582   0.0010075249   0.0008052494  -0.0008154557
       -0.0007766779   0.0003336889  -0.0016771465   0.0010126549
        0.0233017112  -0.0131198849  -0.0041060687   0.0409114594  -0.0686443338
        0.0001014319  -0.0537403167   0.4249720501  -0.0255357148  -0.0525671400
       -0.1763624544  -0.0003723275  -0.0076781530   0.0067261720   0.0027749635
        0.0024805580  -0.0018238042   0.0024766235  -0.0021367349   0.0018753943
       -0.0002322591   0.0009551373  -0.0001118320  -0.0004263248   0.0388502116
       -0.1105668771   0.0873614890   0.0014000294  -0.0680508647  -0.0605247156
        0.0017540028   0.0004731002  -0.0003641437   0.0030618173   0.0020286969
       -0.0004664630   0.0034074175   0.0026046376  -0.0006864907
       -0.0222638898   0.0016538558   0.0075684532   0.0626204723  -0.0066318255
       -0.0989563321   0.0178002633  -0.0255357148   0.4865820944  -0.0042531908
       -0.0047369245  -0.0523737993   0.0049589253   0.0049362177  -0.0061101454
       -0.0029839099   0.0030281990  -0.0021215480  -0.0038086084   0.0020986730
        0.0012968432   0.0001655117   0.0005365316   0.0011272773  -0.0463874848
        0.0848133439  -0.1536060064  -0.0083232077  -0.0608355986  -0.1865013354
        0.0012645320   0.0000211541   0.0005055677   0.0028951045   0.0022741769
        0.0012010625  -0.0016845177  -0.0016220886   0.0013878684
        0.0002469114  -0.0006336571   0.0005708393  -0.0561612133  -0.0229702665
        0.0126443522  -0.0705787437  -0.0525671400  -0.0042531908   0.4059351781
        0.0178569690  -0.0611398703  -0.1896814094   0.0544641403   0.0330799193
        0.0005934636  -0.0003911988   0.0004239375   0.0002503899  -0.0006639539
       -0.0002090645  -0.0002070798   0.0008053878  -0.0005591728   0.0002213935
       -0.0051521908   0.0048724569  -0.0083271072  -0.0176814538  -0.0057458040
       -0.0271982207  -0.0004725427   0.0056446883  -0.0199759196   0.0112805031
        0.0170451270  -0.0351176427   0.0161254033  -0.0023742182
        0.0020689695   0.0022960310   0.0000344899  -0.0029521934   0.0120444773
        0.0023899091  -0.0301886252  -0.1763624544  -0.0047369245   0.0178569690
        0.3317002289   0.0196540400   0.0348880933  -0.0868046576  -0.0105360278
        0.0003349505  -0.0003513761   0.0001940814   0.0003410433  -0.0006496947
       -0.0000167836   0.0000215578   0.0009113299  -0.0004177601  -0.0167618686
       -0.0393795318   0.0105226868  -0.0198602590  -0.0347488018  -0.0128020670
       -0.0282417326   0.0049965774   0.0061329472   0.0183746257  -0.0058790156
       -0.0084690589   0.0241184698  -0.0077731126  -0.0019495324
       -0.0012230206   0.0001031863   0.0003780065   0.0135627208   0.0079001899
        0.0016520006   0.0009360838  -0.0003723275  -0.0523737993  -0.0611398703
        0.0196540400   0.1010967683   0.0314443633  -0.0147313042  -0.0532686755
       -0.0002833698  -0.0002587531   0.0001552740   0.0004973963  -0.0000650743
        0.0002104164  -0.0002131641  -0.0009836167  -0.0000414933   0.0125278814
        0.0234978923   0.0011707452  -0.0149267494  -0.0280460754   0.0004061864
        0.0030690188   0.0004687837  -0.0003458750   0.0333798015  -0.0110257870
       -0.0080360833  -0.0176310917   0.0038588461   0.0089965290
        0.0002975937   0.0002553312  -0.0006958742  -0.0026029191  -0.0037379157
        0.0012873957  -0.0349028936  -0.0076781530   0.0049589253  -0.1896814094
        0.0348880933   0.0314443633   0.4150981793   0.0370817409   0.0166998424
        0.0000768020  -0.0000253340  -0.0002017392  -0.0003268631   0.0002019245
        0.0001342566  -0.0001646770  -0.0001354459   0.0001631908   0.0024805180
        0.0009273113  -0.0001324732   0.0020588190   0.0009301259   0.0003635980
       -0.0886945103  -0.1033778766   0.0007034698  -0.0391376059  -0.0007039969
        0.0008030924  -0.0645010336   0.0413741950  -0.0555280477
        0.0001598038  -0.0006017182   0.0004999719  -0.0099683208  -0.0030083918
        0.0019109402  -0.0219126556   0.0067261720   0.0049362177   0.0544641403
       -0.0868046576  -0.0147313042   0.0370817409   0.5226990926  -0.0042368475
        0.0000428501   0.0001162534  -0.0000161182   0.0001008983  -0.0000284876
       -0.0000352720   0.0003456530   0.0002849678  -0.0001134716  -0.0029475741
        0.0011092720  -0.0005534948  -0.0024364440   0.0005011342   0.0014855241
       -0.0966295912  -0.2355844051   0.0037700704  -0.0001249444  -0.0875831761
       -0.0854720427   0.0418244435  -0.1178260556   0.0925558266
       -0.0001083647  -0.0002408255   0.0001297935   0.0002667280   0.0005868159
        0.0004019547   0.0037804868   0.0027749635  -0.0061101454   0.0330799193
       -0.0105360278  -0.0532686755   0.0166998424  -0.0042368475   0.4721847145
        0.0000873661   0.0000573375  -0.0000118144  -0.0000507996  -0.0001412551
       -0.0001211634   0.0000315705   0.0002427409   0.0000183676   0.0016153415
       -0.0003424484   0.0014282925  -0.0023686226  -0.0004652853   0.0021178375
        0.0012900093   0.0050839270  -0.0425216000   0.0018468678  -0.0857887188
       -0.2142759438  -0.0561703449   0.0930056237  -0.1599716180
       -0.2384130887   0.0333863883   0.0892999158  -0.0215053670   0.0083533455
        0.0024511731  -0.0025175246   0.0024805580  -0.0029839099   0.0005934636
        0.0003349505  -0.0002833698   0.0000768020   0.0000428501   0.0000873661
        0.2795874346  -0.0444107088  -0.0992490181   0.0001884387  -0.0000084178
        0.0019751325  -0.0175745493  -0.0001847321   0.0091431304  -0.0008444800
        0.0002591046   0.0001269117   0.0003566747  -0.0002635311  -0.0005460035
        0.0000360900  -0.0000204123   0.0000069769   0.0000168434   0.0000037292
       -0.0000189557  -0.0000007374   0.0000268760  -0.0000093495
        0.0300249784  -0.0465338732  -0.0156606132   0.0205131990  -0.0057956425
       -0.0047380557   0.0027900910  -0.0018238042   0.0030281990  -0.0003911988
       -0.0003513761  -0.0002587531  -0.0000253340   0.0001162534   0.0000573375
       -0.0444107088   0.0546059109   0.0160168399   0.0153338414  -0.0030115483
       -0.0094623782  -0.0245186870   0.0029941169   0.0107797209   0.0010072314
       -0.0002787250  -0.0000602844  -0.0002416226   0.0000722084   0.0002964540
        0.0000169553   0.0000265620   0.0000057485  -0.0000343875  -0.0000305500
        0.0000123195  -0.0000643577   0.0000104677  -0.0000165345
        0.0952598896  -0.0187864212  -0.0824199620  -0.0211310500   0.0054767300
        0.0065556419  -0.0026811561   0.0024766235  -0.0021215480   0.0004239375
        0.0001940814   0.0001552740  -0.0002017392  -0.0000161182  -0.0000118144
       -0.0992490181   0.0160168399   0.0917435681   0.0243272607  -0.0054174383
       -0.0129287516   0.0043197293  -0.0004949008  -0.0012869881  -0.0010069301
        0.0004133752   0.0003810222  -0.0001188320   0.0001481647  -0.0000898892
       -0.0000017376  -0.0000248407  -0.0000005457   0.0000000849   0.0000257329
       -0.0000078236   0.0000595611  -0.0000118285   0.0000318165
       -0.0444100045  -0.0080069566  -0.0081897936  -0.0053909768  -0.0008345787
       -0.0201632611   0.0016101128  -0.0021367349  -0.0038086084   0.0002503899
        0.0003410433   0.0004973963  -0.0003268631   0.0001008983  -0.0000507996
        0.0001884387   0.0153338414   0.0243272607   0.0483126750   0.0072487820
        0.0192277716  -0.0008842487  -0.0120869199  -0.0133328077   0.0001966999
       -0.0001006285   0.0003448536   0.0004154290   0.0001533581   0.0010951670
        0.0000371885   0.0000035084   0.0000059050  -0.0000386813   0.0000071423
        0.0000183181   0.0000398407  -0.0000227552   0.0000285979
       -0.0075364234  -0.1046969612  -0.1000602411   0.0046423431   0.0088113945
        0.0189339215  -0.0000517844   0.0018753943   0.0020986730  -0.0006639539
       -0.0006496947  -0.0000650743   0.0002019245  -0.0000284876  -0.0001412551
       -0.0000084178  -0.0030115483  -0.0054174383   0.0072487820   0.1161009034
        0.1096211567  -0.0027273796  -0.0186040238  -0.0240730544  -0.0000985651
        0.0000408642  -0.0000133792  -0.0009698500   0.0000882279  -0.0009256339
        0.0000069850  -0.0000020336  -0.0000151005  -0.0000338300   0.0000725019
        0.0000461394  -0.0000098301   0.0000034630   0.0000112861
       -0.0083673251  -0.1002482724  -0.1945314488  -0.0136431729   0.0024482620
       -0.0380894229   0.0013263535  -0.0002322591   0.0012968432  -0.0002090645
       -0.0000167836   0.0002104164   0.0001342566  -0.0000352720  -0.0001211634
        0.0019751325  -0.0094623782  -0.0129287516   0.0192277716   0.1096211567
        0.2420417957   0.0001080162  -0.0022991209   0.0010062803   0.0006006652
       -0.0001343496   0.0004352298  -0.0011796814   0.0003493729   0.0006720229
        0.0000048007  -0.0000214933  -0.0000115207   0.0000038303   0.0000370300
        0.0000328192   0.0000184171  -0.0000058925  -0.0000131002
       -0.1021021277  -0.1022600169   0.0172825550   0.0077116674   0.0169496374
       -0.0061570372   0.0008443598   0.0009551373   0.0001655117  -0.0002070798
        0.0000215578  -0.0002131641  -0.0001646770   0.0003456530   0.0000315705
       -0.0175745493  -0.0245186870   0.0043197293  -0.0008842487  -0.0027273796
        0.0001080162   0.1124811605   0.1116903849  -0.0154868023  -0.0001514767
       -0.0003112858   0.0001116661  -0.0001514315  -0.0000001486  -0.0001206725
        0.0000320878  -0.0000588547  -0.0000346506   0.0000584757  -0.0000172626
       -0.0000291628   0.0001078396  -0.0000687352   0.0000224406
       -0.0989634873  -0.2053640929   0.0191353720   0.0016925059  -0.0268411219
        0.0182464435  -0.0021566696  -0.0001118320   0.0005365316   0.0008053878
        0.0009113299  -0.0009836167  -0.0001354459   0.0002849678   0.0002427409
       -0.0001847321   0.0029941169  -0.0004949008  -0.0120869199  -0.0186040238
       -0.0022991209   0.1116903849   0.2465444423  -0.0340213527  -0.0002876772
        0.0003407530  -0.0003422195  -0.0001278281  -0.0001973723  -0.0000063442
       -0.0000205319   0.0000373493   0.0000178279  -0.0000771151  -0.0000420722
        0.0000243332  -0.0001478715   0.0000475558  -0.0000556943
        0.0153768389   0.0187913220  -0.0437711566   0.0041802334   0.0299512929
       -0.0123798882   0.0005588726  -0.0004263248   0.0011272773  -0.0005591728
       -0.0004177601  -0.0000414933   0.0001631908  -0.0001134716   0.0000183676
        0.0091431304   0.0107797209  -0.0012869881  -0.0133328077  -0.0240730544
        0.0010062803  -0.0154868023  -0.0340213527   0.0557114426   0.0000707968
       -0.0002330452   0.0000422685  -0.0002665539  -0.0001696124  -0.0003464416
       -0.0000007100  -0.0000084599   0.0000267005   0.0000952149  -0.0000716202
       -0.0000716886   0.0000577688   0.0000123655  -0.0000346804
       -0.0055128436   0.0034448032   0.0020722106  -0.0228013343   0.0224477172
       -0.0222591774  -0.0577633001   0.0388502116  -0.0463874848   0.0002213935
       -0.0167618686   0.0125278814   0.0024805180  -0.0029475741   0.0016153415
       -0.0008444800   0.0010072314  -0.0010069301   0.0001966999  -0.0000985651
        0.0006006652  -0.0001514767  -0.0002876772   0.0000707968   0.0827394132
       -0.0482793888   0.0564447665   0.0014235772   0.0012616206  -0.0021927463
       -0.0000479854   0.0002438190  -0.0001173207  -0.0002415887   0.0000836572
       -0.0002971856   0.0003014069   0.0010360135  -0.0010708171
        0.0024081806   0.0005245789  -0.0008756244   0.0110327063  -0.0090111449
        0.0088132661   0.0423769043  -0.1105668771   0.0848133439  -0.0051521908
       -0.0393795318   0.0234978923   0.0009273113   0.0011092720  -0.0003424484
        0.0002591046  -0.0002787250   0.0004133752  -0.0001006285   0.0000408642
       -0.0001343496  -0.0003112858   0.0003407530  -0.0002330452  -0.0482793888
        0.1500304018  -0.1086244788  -0.0025473034   0.0064791184  -0.0068504847
        0.0003598269   0.0003579762  -0.0001445018  -0.0001362330  -0.0001066689
       -0.0000190871  -0.0008370037   0.0004599834  -0.0003138575
        0.0006604322   0.0001206710   0.0009027757   0.0000069453  -0.0032442774
        0.0052980458  -0.0518634602   0.0873614890  -0.1536060064   0.0048724569
        0.0105226868   0.0011707452  -0.0001324732  -0.0005534948   0.0014282925
        0.0001269117  -0.0000602844   0.0003810222   0.0003448536  -0.0000133792
        0.0004352298   0.0001116661  -0.0003422195   0.0000422685   0.0564447665
       -0.1086244788   0.1718747544  -0.0108177681   0.0149657256  -0.0272738483
       -0.0002197423  -0.0002838831   0.0000604511  -0.0004285651   0.0000542184
       -0.0005419367   0.0008939766   0.0000972264  -0.0001717939
        0.0017418158  -0.0000600865   0.0034956622  -0.0198966522   0.0203690780
        0.0345268890  -0.0360984133   0.0014000294  -0.0083232077  -0.0083271072
       -0.0198602590  -0.0149267494   0.0020588190  -0.0024364440  -0.0023686226
        0.0003566747  -0.0002416226  -0.0001188320   0.0004154290  -0.0009698500
       -0.0011796814  -0.0001514315  -0.0001278281  -0.0002665539   0.0014235772
       -0.0025473034  -0.0108177681   0.0580280596   0.0031641381  -0.0014772453
        0.0001100149   0.0003512318   0.0002034818   0.0003379065   0.0008845971
        0.0011113933   0.0000013075   0.0000743193   0.0001412341
       -0.0005773529   0.0003001129  -0.0014290218   0.0105774758  -0.0041880216
       -0.0135044001   0.0027457658  -0.0680508647  -0.0608355986  -0.0176814538
       -0.0347488018  -0.0280460754   0.0009301259   0.0005011342  -0.0004652853
       -0.0002635311   0.0000722084   0.0001481647   0.0001533581   0.0000882279
        0.0003493729  -0.0000001486  -0.0001973723  -0.0001696124   0.0012616206
        0.0064791184   0.0149657256   0.0031641381   0.0990600412   0.0879819417
        0.0002409847   0.0003251015   0.0000814255  -0.0003608033   0.0004957625
        0.0007534893  -0.0001901793  -0.0001366466   0.0001698739
       -0.0008684361   0.0019395824   0.0042837450   0.0182314888  -0.0105610398
       -0.0177488568  -0.0078118853  -0.0605247156  -0.1865013354  -0.0057458040
       -0.0128020670   0.0004061864   0.0003635980   0.0014855241   0.0021178375
       -0.0005460035   0.0002964540  -0.0000898892   0.0010951670  -0.0009256339
        0.0006720229  -0.0001206725  -0.0000063442  -0.0003464416  -0.0021927463
       -0.0068504847  -0.0272738483  -0.0014772453   0.0879819417   0.2253057354
        0.0002346654   0.0002322556  -0.0000401723  -0.0012868176  -0.0002878800
       -0.0000611856   0.0001246915   0.0000224074  -0.0007237982
        0.0000865633  -0.0000838150   0.0000564174  -0.0024531259  -0.0012024858
        0.0005281351  -0.0046370901   0.0017540028   0.0012645320  -0.0271982207
       -0.0282417326   0.0030690188  -0.0886945103  -0.0966295912   0.0012900093
        0.0000360900   0.0000169553  -0.0000017376   0.0000371885   0.0000069850
        0.0000048007   0.0000320878  -0.0000205319  -0.0000007100  -0.0000479854
        0.0003598269  -0.0002197423   0.0001100149   0.0002409847   0.0002346654
        0.1162996421   0.1179282775  -0.0046667270   0.0008916068  -0.0019743723
       -0.0011304066   0.0055377390   0.0078454965  -0.0004282554
       -0.0000026519  -0.0000679917   0.0000301895   0.0002074452   0.0003698202
       -0.0000166938  -0.0000964582   0.0004731002   0.0000211541  -0.0004725427
        0.0049965774   0.0004687837  -0.1033778766  -0.2355844051   0.0050839270
       -0.0000204123   0.0000265620  -0.0000248407   0.0000035084  -0.0000020336
       -0.0000214933  -0.0000588547   0.0000373493  -0.0000084599   0.0002438190
        0.0003579762  -0.0002838831   0.0003512318   0.0003251015   0.0002322556
        0.1179282775   0.2645817599  -0.0058488697  -0.0068838925  -0.0155974288
       -0.0018594526  -0.0078215928  -0.0199163874   0.0022273833
        0.0000436246  -0.0000134402   0.0000372414   0.0005202078   0.0002164381
        0.0001094250   0.0010075249  -0.0003641437   0.0005055677   0.0056446883
        0.0061329472  -0.0003458750   0.0007034698   0.0037700704  -0.0425216000
        0.0000069769   0.0000057485  -0.0000005457   0.0000059050  -0.0000151005
       -0.0000115207  -0.0000346506   0.0000178279   0.0000267005  -0.0001173207
       -0.0001445018   0.0000604511   0.0002034818   0.0000814255  -0.0000401723
       -0.0046667270  -0.0058488697   0.0454456275  -0.0126729031  -0.0261506642
       -0.0015005232   0.0093557223   0.0223122624  -0.0017647763
       -0.0000455962   0.0001636068  -0.0001091867   0.0007777740  -0.0004783159
       -0.0004066136   0.0008052494   0.0030618173   0.0028951045  -0.0199759196
        0.0183746257   0.0333798015  -0.0391376059  -0.0001249444   0.0018468678
        0.0000168434  -0.0000343875   0.0000000849  -0.0000386813  -0.0000338300
        0.0000038303   0.0000584757  -0.0000771151   0.0000952149  -0.0002415887
       -0.0001362330  -0.0004285651   0.0003379065  -0.0003608033  -0.0012868176
        0.0008916068  -0.0068838925  -0.0126729031   0.0551766124  -0.0089926803
       -0.0133164394   0.0013749234  -0.0044778477  -0.0100003783
       -0.0000768700   0.0001092935  -0.0001628582   0.0001318590  -0.0003061012
        0.0000860603  -0.0008154557   0.0020286969   0.0022741769   0.0112805031
       -0.0058790156  -0.0110257870  -0.0007039969  -0.0875831761  -0.0857887188
        0.0000037292  -0.0000305500   0.0000257329   0.0000071423   0.0000725019
        0.0000370300  -0.0000172626  -0.0000420722  -0.0000716202   0.0000836572
       -0.0001066689   0.0000542184   0.0008845971   0.0004957625  -0.0002878800
       -0.0019743723  -0.0155974288  -0.0261506642  -0.0089926803   0.0999441195
        0.1047141814   0.0001891498   0.0068946386   0.0162961285
       -0.0001075812  -0.0000379240  -0.0000044755  -0.0003271531   0.0002152131
        0.0002845284  -0.0007766779  -0.0004664630   0.0012010625   0.0170451270
       -0.0084690589  -0.0080360833   0.0008030924  -0.0854720427  -0.2142759438
       -0.0000189557   0.0000123195  -0.0000078236   0.0000183181   0.0000461394
        0.0000328192  -0.0000291628   0.0000243332  -0.0000716886  -0.0002971856
       -0.0000190871  -0.0005419367   0.0011113933   0.0007534893  -0.0000611856
       -0.0011304066  -0.0018594526  -0.0015005232  -0.0133164394   0.1047141814
        0.2508240092  -0.0029743685  -0.0094416476  -0.0278427590
       -0.0001081157  -0.0000993676   0.0001634215   0.0008564570  -0.0000826988
       -0.0003879894   0.0003336889   0.0034074175  -0.0016845177  -0.0351176427
        0.0241184698  -0.0176310917  -0.0645010336   0.0418244435  -0.0561703449
       -0.0000007374  -0.0000643577   0.0000595611   0.0000398407  -0.0000098301
        0.0000184171   0.0001078396  -0.0001478715   0.0000577688   0.0003014069
       -0.0008370037   0.0008939766   0.0000013075  -0.0001901793   0.0001246915
        0.0055377390  -0.0078215928   0.0093557223   0.0013749234   0.0001891498
       -0.0029743685   0.0911743264  -0.0602865793   0.0681747534
       -0.0000145969  -0.0000139256  -0.0001241498   0.0000653570  -0.0002518499
        0.0001057191  -0.0016771465   0.0026046376  -0.0016220886   0.0161254033
       -0.0077731126   0.0038588461   0.0413741950  -0.1178260556   0.0930056237
        0.0000268760   0.0000104677  -0.0000118285  -0.0000227552   0.0000034630
       -0.0000058925  -0.0000687352   0.0000475558   0.0000123655   0.0010360135
        0.0004599834   0.0000972264   0.0000743193  -0.0001366466   0.0000224074
        0.0078454965  -0.0199163874   0.0223122624  -0.0044778477   0.0068946386
       -0.0094416476  -0.0602865793   0.1358972317  -0.1082088436
        0.0000894534   0.0000731774   0.0000467539  -0.0000580681  -0.0001027229
        0.0000349396   0.0010126549  -0.0006864907   0.0013878684  -0.0023742182
       -0.0019495324   0.0089965290  -0.0555280477   0.0925558266  -0.1599716180
       -0.0000093495  -0.0000165345   0.0000318165   0.0000285979   0.0000112861
       -0.0000131002   0.0000224406  -0.0000556943  -0.0000346804  -0.0010708171
       -0.0003138575  -0.0001717939   0.0001412341   0.0001698739  -0.0007237982
       -0.0004282554   0.0022273833  -0.0017647763  -0.0100003783   0.0162961285
       -0.0278427590   0.0681747534  -0.1082088436   0.1800246186
