           1           2   1.32030305662007     
           2           3   1.34092930778196     
           3           4   1.33941699826188     
           4           5   1.33941031453729     
           1           6   1.32030456668907     
           5           6   1.34093245119166     
           6           7   1.06748466280695     
           5           8   1.03871691942959     
           4           9   1.05234346683230     
           3          10   1.03871382255965     
           2          11   1.06748889907831     
           1          12  0.967399243719691     
          12          13   1.45564325961306     
          12          14   1.45563961981560     
          13          14  0.364942494374938     
