           1           2   1.02099422384945     
           2           3  0.991698522290191     
           3           4  0.967798512812175     
           3           5   1.00979999055222     
           3           6  0.986125201909306     
           6           7   1.00895157609722     
           6           8   1.00809455343490     
           1           9  0.987045418179875     
           1          10  0.987927718689192     
           1          11  0.985834456347934     
           2          12  0.976149622355350     
           2          13  0.977319775562967     
           5          14  0.983879186931089     
           5          15  0.985246144965637     
           5          16  0.987407260242672     
           6          17  0.968639639726490     
           7          18  0.982908509760293     
           7          19  0.985727711875280     
           7          20  0.986628097289470     
           8          21  0.985296034086584     
           8          22  0.984886053784006     
           8          23  0.986914412500186     
