           1           2   1.00713456527858     
           2           3   1.00932328013811     
           2           4  0.991844124295265     
           4           5  0.924754623372960     
           5           6   1.16531116488849     
           5           7  0.168811275144853     
           6           7   1.68639750300629     
           6           8  0.999700995431598     
           1           9  0.985930045117225     
           1          10  0.986002190521458     
           1          11  0.984263114666102     
           2          12  0.966194783931132     
           3          13  0.985344835663720     
           3          14  0.985309815178297     
           3          15  0.985860741910814     
           4          16  0.966870251243564     
           4          17  0.967931361148855     
           8          18  0.943629332318666     
           8          19  0.970135650355649     
           8          20  0.974074453540027     
