           1           2   1.00334970697707     
           2           3  0.963263227162603     
           2           4  0.988459034527105     
           4           5  0.992911126408521     
           5           6   1.00970788850915     
           5           7   1.00979854052118     
           2           8  0.974218081337006     
           1           9  0.979612511864201     
           1          10  0.984926459761734     
           1          11  0.984521322803970     
           4          12  0.976047689527622     
           4          13  0.973636118998200     
           5          14  0.968935789568656     
           6          15  0.986399071940579     
           6          16  0.981130576373466     
           6          17  0.986051379447530     
           7          18  0.985155915921214     
           7          19  0.986371704384716     
           7          20  0.986063801849893     
           8          21  0.866760239103004     
