           1           2   1.44902815651007     
           2           3   1.42197951494524     
           3           4   1.40093261713225     
           4           5   1.32194115632464     
           1           6   1.42133329526353     
           5           6   1.40207490827658     
           5           7   1.01283211651546     
           7           8   1.03294547153416     
           8           9   1.39384716536125     
           9          10   1.41906745911214     
          10          11   1.44867239035969     
          11          12   1.38320137535637     
           8          13   1.31340855355992     
          12          13   1.36021098355944     
           4          14   1.01512980652209     
          13          14   1.03630549416088     
          12          15  0.986779596259489     
           1          16  0.970031655357160     
           2          17  0.969986456077466     
           3          18  0.966643215417040     
           6          19  0.966929884097768     
           9          20  0.966008766915465     
          10          21  0.967973518095671     
          11          22  0.966097472894708     
