$coord
         -0.961765225890         -4.224672324355          0.863249941995     c 
         -0.247407552433         -1.705364385461          1.652398310540     n 
         -2.326523153130         -0.030473077774          2.116013727423     c 
         -3.788299433917          0.728215923904         -0.281580707380     c 
         -5.239717400933         -1.143740619920         -1.191256017502     f 
         -5.352284437166          2.673963066931          0.186632086572     f 
         -2.266073543863          1.446337889878         -2.167435804214     f 
          2.031374773927         -0.690500935925          0.754535486086     c 
          3.413501645554         -1.864309049297         -1.157733503514     c 
          5.715886547166         -0.896157307289         -1.927393550509     c 
          6.696492284268          1.257373058888         -0.820305367808     c 
          5.345668479216          2.430440161771          1.088915165591     c 
          3.050834255803          1.471318970509          1.875083692183     c 
         -1.560628229187         -4.340083140194         -1.116091080142     h 
         -2.521857247040         -4.860679252733          2.048311800095     h 
          0.633732020533         -5.489376191071          1.159003600986     h 
         -3.690030119397         -0.926705042087          3.389691089523     h 
         -1.672132839760          1.726671408367          2.972737797350     h 
          2.692790343636         -3.528098980670         -2.084900835119     h 
          6.741835328487         -1.835957449683         -3.421161097701     h 
          8.489644953186          2.012267491615         -1.431259649933     h 
          6.089623995181          4.105296855160          1.987861972376     h 
          2.071782933190          2.403282815479          3.403609770004     h 
$end
