           1           2   1.00514768749763     
           2           3   1.02272701328681     
           3           4  0.935478113859579     
           4           5  0.949023059979972     
           4           6  0.943822064167430     
           4           7  0.960037336196669     
           2           8   1.09914460521906     
           8           9   1.35354257967194     
           9          10   1.46082009986022     
          10          11   1.42673240708594     
           9          12  0.105985870972312     
          11          12   1.43361058910416     
           8          13   1.35850095845724     
          10          13  0.104529320982254     
          12          13   1.45333015141950     
           1          14  0.978333147983150     
           1          15  0.980084735776218     
           1          16  0.974520211898359     
           3          17  0.958852306234998     
           3          18  0.957695408063127     
           9          19  0.966094423084616     
          10          20  0.971137117529125     
          11          21  0.971728677810778     
          12          22  0.971220062443440     
          13          23  0.966922112278380     
