           1           2   1.42323620531681     
           2           3   1.44647080942845     
           3           4   1.39240201401199     
           4           5   1.33601026708413     
           1           6   1.44701714939351     
           5           6   1.39056962372020     
           5           7   1.03220660224343     
           7           8   1.76621001830223     
           7           9   1.03100071505776     
           9          10   1.43033276792962     
          10          11   1.37080669940101     
          11          12   1.51211225093191     
          12          13   1.27581362739401     
           9          14   1.29978731496239     
          13          14   1.25899863419444     
           4          15   1.03143120305340     
          14          15   1.10920550518692     
          15          16   1.67184920127306     
          13          17   1.29187434749210     
           1          18  0.969748442803948     
           2          19  0.969832106543496     
           3          20  0.964065963367594     
           6          21  0.964343273515497     
          10          22  0.964308863520210     
          11          23  0.969188007005797     
          12          24  0.966792221836700     
          17          25  0.888470641135176     
          17          26  0.949523324565892     
