           1           2   1.01146015453976     
           2           3   1.00739517799765     
           2           4  0.974125385721780     
           4           5  0.999516612043781     
           5           6   1.80441138624395     
           5           7   1.02195218681273     
           1           8  0.985909683530186     
           1           9  0.985960884769873     
           1          10  0.982163430492342     
           2          11  0.970369860633640     
           3          12  0.985846873583966     
           3          13  0.984734650301404     
           3          14  0.986284628092565     
           4          15  0.972838877110326     
           4          16  0.941090895458515     
           7          17  0.982515600345637     
           7          18  0.954305862895702     
           7          19  0.948395107162101     
