           1           2   1.02074638482710     
           2           3   1.00980942473206     
           3           4  0.972932216351467     
           4           5   1.06960600410003     
           5           6   2.81251248633768     
           1           7  0.983774057613808     
           1           8  0.986257126409995     
           1           9  0.987584687791184     
           2          10  0.975801282862035     
           2          11  0.976747200552088     
           3          12  0.974975682366500     
           3          13  0.977149582692534     
           4          14  0.933747672274713     
           4          15  0.936062223513072     
