           1           2   1.02770775425139     
           2           3   1.42215303153638     
           3           4   1.43834111111521     
           2           5  0.107667948985307     
           4           5   1.43963823103270     
           3           6  0.107274555846525     
           5           6   1.43834402249833     
           2           7   1.37586960722594     
           4           7  0.107666886242949     
           6           7   1.42213992324610     
           7           8   1.02773257462085     
           1           9  0.970700195067932     
           1          10  0.985605506279522     
           1          11  0.970804986131159     
           3          12  0.968848446569513     
           4          13  0.971508735061597     
           5          14  0.971508089424256     
           6          15  0.968843638796708     
           8          16  0.970740768985001     
           8          17  0.970761422656270     
           8          18  0.985601790680274     
