           1           2   1.02100628881119     
           2           3   1.00341281513429     
           3           4  0.988542015795377     
           4           5  0.964632042948239     
           4           6   1.00299250499734     
           4           7  0.977164545847561     
           1           8  0.986948752574891     
           1           9  0.984470113288889     
           1          10  0.987480369385758     
           2          11  0.980042313989130     
           2          12  0.977423596934188     
           3          13  0.974467847958803     
           3          14  0.978126296223977     
           6          15  0.984923419977491     
           6          16  0.981901370674789     
           6          17  0.984491620702560     
           7          18  0.865012242234453     
