           1           2   1.01608291695791     
           2           3   1.01754019767039     
           2           4   1.00387362736095     
           4           5  0.987398359881914     
           5           6   1.02733084029286     
           6           7   1.82673669850949     
           7           8   1.01031847145648     
           8           9   1.40610234059081     
           9          10   1.43906060277618     
           8          11  0.107279750267709     
          10          11   1.43895797591886     
           9          12  0.107024878833210     
          11          12   1.43635146174860     
           8          13   1.36815394215198     
          10          13  0.106611005761437     
          12          13   1.42300564871831     
          13          14   1.01270734348167     
          14          15  0.990860101461142     
          15          16   1.00976163569731     
           7          17   1.02743218651237     
          16          17   1.37992796274756     
          17          18   1.37744978382781     
          16          19  0.105556960721001     
          18          19   1.46138082389751     
          17          20  0.101606436867461     
          19          20   1.41837492446930     
          16          21   1.40519242572217     
          18          21  0.108276517392914     
          20          21   1.45632474548168     
           1          22  0.982441508468324     
           1          23  0.973778047105799     
           1          24  0.982206863287678     
           3          25  0.980331732911243     
           3          26  0.982800745695453     
           3          27  0.972838796841051     
           4          28  0.973670549384173     
           4          29  0.963952944524728     
           5          30  0.957755938161187     
           5          31  0.970858594762373     
           6          32  0.963778213947437     
           9          33  0.970189301543380     
          10          34  0.970966048779252     
          11          35  0.971500012915951     
          12          36  0.968522165341567     
          14          37  0.975442185883216     
          14          38  0.966973900995746     
          15          39  0.960511839395812     
          15          40  0.965213938455004     
          18          41  0.968566357702637     
          19          42  0.970663750083140     
          20          43  0.971158540116120     
          21          44  0.969175619193557     
