$hessian                                                                        
        0.4984892270   0.0000724386  -0.0335854281  -0.1016119344  -0.0015039782
       -0.0570231465  -0.0195923651   0.0097036800  -0.0211134105   0.0000785070
        0.0001109361   0.0000083026   0.0001945452   0.0000348756  -0.0000221914
       -0.1108324938  -0.0513868893   0.0964400739  -0.0661906730  -0.0691463491
       -0.0170968749  -0.1943712390   0.1114094483   0.0371890691   0.0075572665
        0.0002216842   0.0114939350  -0.0085373472  -0.0031206740  -0.0146683075
       -0.0038937418   0.0030401226  -0.0004355167   0.0001255251  -0.0000673342
       -0.0002963128  -0.0011297272   0.0007198910  -0.0007572156  -0.0000562399
       -0.0000843939  -0.0000425126  -0.0000772607   0.0000036183  -0.0000070678
       -0.0001520485  -0.0000070759  -0.0000833960
        0.0000724386   0.5304963607   0.0025025127  -0.0002821408  -0.0662680769
        0.0026263163   0.0153456395  -0.0029603383   0.0185269950   0.0002936913
       -0.0002393892   0.0000664020  -0.0000138459  -0.0004774842   0.0000680688
       -0.0511987926  -0.0823259447   0.0706809459  -0.0686390501  -0.2495965831
       -0.0550758320   0.1109175497  -0.1256297898  -0.0267652702   0.0046937368
        0.0001439898   0.0094904939  -0.0155864195  -0.0012260355  -0.0231144843
        0.0042915874  -0.0026141578   0.0003135951  -0.0000012509   0.0001224463
        0.0002295241   0.0001773179   0.0002188261   0.0004991443   0.0000965447
        0.0000585400   0.0001240953  -0.0000115476   0.0001499993   0.0000138388
       -0.0001554583   0.0001476372  -0.0001863456
       -0.0335854281   0.0025025127   0.4797703622  -0.0571665639   0.0027787008
       -0.1609098876  -0.0064046922   0.0052408884   0.0014405684   0.0002406339
        0.0007381083  -0.0002552465   0.0000315291  -0.0000431390  -0.0004890637
        0.0966466873   0.0714831785  -0.1779321402  -0.0168583432  -0.0556307904
       -0.0584832834   0.0365631145  -0.0262007372  -0.0498207565  -0.0126372055
        0.0027154364  -0.0260679746  -0.0075174288  -0.0022793370  -0.0097950241
        0.0000360154  -0.0009224992   0.0014019846   0.0001250261  -0.0000596025
        0.0002114405   0.0003166795  -0.0004178092   0.0005747170   0.0001045050
        0.0000950365   0.0000814885   0.0000174279  -0.0000066660   0.0000751545
        0.0000880430   0.0000067189   0.0001976610
       -0.1016119344  -0.0002821408  -0.0571665639   0.4682400786   0.0278810617
       -0.0235390134  -0.1252117473   0.0596895753   0.0055314663  -0.0237307313
        0.0156233584   0.0089564756   0.0014689415   0.0009013591  -0.0006103264
        0.0091466192  -0.0006720003   0.0115010703  -0.0075489417  -0.0022316674
       -0.0107397687  -0.0162611998   0.0031880219  -0.0199577638  -0.1152808488
       -0.0434088799   0.0980951258  -0.0736916664  -0.0770390367  -0.0141660850
       -0.0131607116   0.0164022452  -0.0007162987  -0.0025499352  -0.0004431117
        0.0034535910   0.0007804556  -0.0000601142  -0.0008909320  -0.0001978504
       -0.0000147182   0.0001204952   0.0003454652   0.0003550862  -0.0002154067
       -0.0007359933   0.0001109615   0.0003439344
       -0.0015039782  -0.0662680769   0.0027787008   0.0278810617   0.4614039513
       -0.0194714324   0.0865113398  -0.1343526969   0.0034548615  -0.0017202262
        0.0016606459  -0.0059008929  -0.0008965654  -0.0000258628   0.0006663039
        0.0060751977  -0.0003869058   0.0106946704  -0.0166775983  -0.0007346307
       -0.0240828197   0.0116513644  -0.0017283410   0.0141158083  -0.0412689065
       -0.0639005795   0.0499267525  -0.0699697979  -0.1887605491  -0.0312483417
        0.0021758564  -0.0081019783  -0.0023980542  -0.0008854605   0.0013134278
        0.0008617748   0.0005387659   0.0003518953   0.0000845848  -0.0004984711
        0.0000548933  -0.0004589128  -0.0008971831  -0.0004764335   0.0001193379
       -0.0005153987  -0.0000487590   0.0008576589
       -0.0570231465   0.0026263163  -0.1609098876  -0.0235390134  -0.0194714324
        0.4968641319   0.0148028551  -0.0062126209  -0.0762121265   0.0154756481
       -0.0170037706  -0.0033434108  -0.0002527890   0.0003505295   0.0000075898
       -0.0118928384   0.0028501116  -0.0250920303  -0.0078608009  -0.0027850816
       -0.0094778559   0.0015129504   0.0002635786   0.0023718001   0.0967140846
        0.0518770551  -0.1692996545  -0.0132033344  -0.0334627301  -0.0517200859
       -0.0200692764   0.0220928714  -0.0004921264   0.0046430788  -0.0002914048
       -0.0030733789   0.0004426068  -0.0004747194   0.0001353534  -0.0000943760
        0.0000241543  -0.0001011128   0.0000019316  -0.0002944509   0.0000702841
        0.0003424195  -0.0000884059   0.0002725104
       -0.0195923651   0.0153456395  -0.0064046922  -0.1252117473   0.0865113398
        0.0148028551   0.4533684719  -0.1133771801   0.0158877930  -0.1373269151
       -0.0161387471   0.0541383681  -0.0264400206  -0.0163166602   0.0196248606
        0.0005589619   0.0000362426   0.0004450589   0.0012853379  -0.0001773364
        0.0014463907  -0.0021142339   0.0008036382  -0.0033094829  -0.0223473476
        0.0169922803   0.0079461564   0.0040706728   0.0137359026   0.0021845701
       -0.1070403867   0.0132566512  -0.1246181374  -0.0248992532   0.0025040891
        0.0204127961   0.0087444484   0.0004601809  -0.0031929144   0.0008782301
        0.0012622500   0.0004774664  -0.0042162867  -0.0056065789   0.0000936927
        0.0002824331   0.0007082885   0.0000652187
        0.0097036800  -0.0029603383   0.0052408884   0.0596895753  -0.1343526969
       -0.0062126209  -0.1133771801   0.2732505173  -0.0633381363  -0.0028089221
       -0.0650938080   0.0170962938  -0.0244646695  -0.0053109081   0.0190055907
       -0.0003013683  -0.0000975535  -0.0003771725  -0.0001360371   0.0009577372
        0.0002928922  -0.0000223853   0.0005076230   0.0009765055  -0.0000225192
        0.0028534496  -0.0011542226   0.0272717141  -0.0432639741  -0.0072018558
        0.0317753491  -0.0249787600   0.0455039973   0.0178843931   0.0019913263
       -0.0165687320  -0.0028764616  -0.0005467059   0.0059059769   0.0012616841
        0.0011402734   0.0006527562  -0.0043653044  -0.0052685278   0.0001542069
        0.0007884520   0.0011723457   0.0000236322
       -0.0211134105   0.0185269950   0.0014405684   0.0055314663   0.0034548615
       -0.0762121265   0.0158877930  -0.0633381363   0.5666049566   0.0746922468
        0.0382551278  -0.1381413084   0.0118128820   0.0090561816  -0.0020013005
        0.0002951666   0.0002236620   0.0002229321   0.0008462356   0.0003598907
        0.0013503009  -0.0040823335   0.0012047086  -0.0045961006   0.0210141153
       -0.0168857700  -0.0060235279   0.0048566990  -0.0077249249   0.0018214319
       -0.1361473458   0.0116387185  -0.3114204754   0.0056361613  -0.0017708950
       -0.0029951543   0.0210882287   0.0061341181  -0.0322966780  -0.0006750660
       -0.0006267539   0.0015312364   0.0004894101   0.0011834590   0.0008343096
       -0.0001322489   0.0003087571  -0.0001190642
        0.0000785070   0.0002936913   0.0002406339  -0.0237307313  -0.0017202262
        0.0154756481  -0.1373269151  -0.0028089221   0.0746922468   0.4689316963
       -0.0518637199   0.0390031178  -0.0911264399  -0.0434442458  -0.0149490248
       -0.0010354472   0.0003837774   0.0002944242  -0.0003528578   0.0000953089
       -0.0000534651   0.0000066551  -0.0002452514  -0.0000776845  -0.0036514312
        0.0033030912   0.0008681542   0.0014729293  -0.0023405186  -0.0009596598
        0.0066974057  -0.0000052980  -0.0082767321  -0.1177726875   0.1080415058
       -0.0104382872  -0.0892820035   0.0074183958  -0.0918687441  -0.0090512641
       -0.0117553071  -0.0049503671  -0.0135253120  -0.0177786874  -0.0012808134
        0.0096678962   0.0124264060   0.0022805530
        0.0001109361  -0.0002393892   0.0007381083   0.0156233584   0.0016606459
       -0.0170037706  -0.0161387471  -0.0650938080   0.0382551278  -0.0518637199
        0.4716341744  -0.0096081002  -0.0466297488  -0.1448069750  -0.0191271265
        0.0005138636   0.0001645158  -0.0001857662  -0.0001719272  -0.0000757290
       -0.0001123855   0.0002148239   0.0000470778  -0.0003159791   0.0042972761
       -0.0025569616  -0.0013603557   0.0004498006   0.0006535568  -0.0007522612
       -0.0043447117  -0.0026944295   0.0006898317   0.1071118493  -0.1853595082
        0.0077162904   0.0077864141  -0.0435080164   0.0073153194  -0.0030153166
       -0.0013731610  -0.0027287774  -0.0019847006  -0.0022293779   0.0002776208
       -0.0119594503  -0.0262226151  -0.0037977760
        0.0000083026   0.0000664020  -0.0002552465   0.0089564756  -0.0059008929
       -0.0033434108   0.0541383681   0.0170962938  -0.1381413084   0.0390031178
       -0.0096081002   0.5035982374  -0.0177934332  -0.0225125748  -0.0691700122
       -0.0004478716   0.0006839607   0.0002588812  -0.0001757290  -0.0001869962
        0.0001371396  -0.0003718064   0.0001601293  -0.0002321616   0.0001014993
       -0.0002826762   0.0017904761  -0.0003343192   0.0021436828   0.0007519812
        0.0235006308   0.0100893374  -0.0271560321  -0.0074734560   0.0063345838
       -0.0447570586  -0.0949750242   0.0088472140  -0.2189892528  -0.0170830003
       -0.0236400168  -0.0069855737   0.0117294756   0.0152754449   0.0016426806
        0.0012167701   0.0014342083   0.0008506608
        0.0001945452  -0.0000138459   0.0000315291   0.0014689415  -0.0008965654
       -0.0002527890  -0.0264400206  -0.0244646695   0.0118128820  -0.0911264399
       -0.0466297488  -0.0177934332   0.4933307500  -0.0390295072  -0.0099866440
       -0.0001742747  -0.0000560100  -0.0000642450  -0.0000193014   0.0000275281
       -0.0000306202  -0.0000895744  -0.0000016976   0.0000054134   0.0001358582
       -0.0001841879  -0.0000658085  -0.0010336345  -0.0000567543   0.0004798791
        0.0006770080   0.0015509351  -0.0004917926   0.0072187481   0.0118185326
        0.0028275251  -0.0094250662  -0.0141057234  -0.0067035417  -0.0814027776
        0.0025242082  -0.0854058010  -0.1736094995  -0.0022957667   0.1206462213
       -0.1197052621   0.1118132727  -0.0150087749
        0.0000348756  -0.0004774842  -0.0000431390   0.0009013591  -0.0000258628
        0.0003505295  -0.0163166602  -0.0053109081   0.0090561816  -0.0434442458
       -0.1448069750  -0.0225125748  -0.0390295072   0.4665440572  -0.0088655508
        0.0001197127   0.0002582770   0.0000119946   0.0001140697   0.0000004898
        0.0001192059  -0.0000040966   0.0000867843  -0.0000348129   0.0001475018
        0.0001045114  -0.0000167190  -0.0001584006   0.0013022543  -0.0000368368
        0.0006112207   0.0009191840   0.0000364938  -0.0120228242  -0.0288862049
       -0.0053419038  -0.0030795178  -0.0025232218  -0.0022520915   0.0030384973
       -0.0438958355   0.0042856661  -0.0020494536  -0.0410002962   0.0037286769
        0.1111374690  -0.2022887695   0.0215148803
       -0.0000221914   0.0000680688  -0.0004890637  -0.0006103264   0.0006663039
        0.0000075898   0.0196248606   0.0190055907  -0.0020013005  -0.0149490248
       -0.0191271265  -0.0691700122  -0.0099866440  -0.0088655508   0.5202265393
       -0.0001229851  -0.0001832384   0.0001254906   0.0001322856   0.0001057958
        0.0000946165   0.0000015734  -0.0000137124   0.0001762587   0.0000435682
        0.0001881540   0.0001132035   0.0001748216   0.0001260654   0.0002997436
        0.0010413657   0.0005704287   0.0018303906   0.0000342844   0.0009439387
        0.0012804457  -0.0154819120  -0.0223144160  -0.0073436516  -0.0858665904
        0.0037442453  -0.2424272916   0.1208095744   0.0037774991  -0.1550325913
       -0.0148226599   0.0213079537  -0.0476903673
       -0.1108324938  -0.0511987926   0.0966466873   0.0091466192   0.0060751977
       -0.0118928384   0.0005589619  -0.0003013683   0.0002951666  -0.0010354472
        0.0005138636  -0.0004478716  -0.0001742747   0.0001197127  -0.0001229851
        0.1290387746   0.0583072380  -0.1113631330  -0.0068473908  -0.0063457972
        0.0083217825  -0.0183107269  -0.0090953628   0.0217804305  -0.0008101062
        0.0005584038  -0.0034288694   0.0007271577   0.0006048432   0.0000555586
       -0.0001882071  -0.0001070033   0.0001709749   0.0001254590  -0.0000479958
        0.0000323028  -0.0013490516   0.0012820160   0.0000139883   0.0000852070
       -0.0000782624   0.0000606088  -0.0000722716  -0.0000154677   0.0000218750
       -0.0000622097  -0.0002712249  -0.0001436780
       -0.0513868893  -0.0823259447   0.0714831785  -0.0006720003  -0.0003869058
        0.0028501116   0.0000362426  -0.0000975535   0.0002236620   0.0003837774
        0.0001645158   0.0006839607  -0.0000560100   0.0002582770  -0.0001832384
        0.0583072380   0.0912126904  -0.0824414267  -0.0194054359  -0.0159287297
        0.0225933183   0.0110678685   0.0067421004  -0.0136629465   0.0003724316
        0.0008886410   0.0002599916   0.0001945734   0.0003608129  -0.0008861560
       -0.0001045141  -0.0000854422  -0.0002314184  -0.0001497420  -0.0000412854
       -0.0001777742   0.0014931889  -0.0005328712  -0.0003719590  -0.0000390377
       -0.0001382151  -0.0000558078   0.0000177378  -0.0000491034  -0.0000189161
       -0.0000594288  -0.0000409866  -0.0000645797
        0.0964400739   0.0706809459  -0.1779321402   0.0115010703   0.0106946704
       -0.0250920303   0.0004450589  -0.0003771725   0.0002229321   0.0002944242
       -0.0001857662   0.0002588812  -0.0000642450   0.0000119946   0.0001254906
       -0.1113631330  -0.0824414267   0.2084809780  -0.0023112999  -0.0013367839
        0.0047754479   0.0076588693   0.0024451572  -0.0067625030  -0.0035345376
        0.0005365904  -0.0057464001   0.0008016834   0.0002010829   0.0006514807
        0.0003357848   0.0001195064   0.0003207710   0.0001024985  -0.0000894071
        0.0000700363  -0.0001675662   0.0001680511   0.0007751060   0.0000710050
       -0.0000359384  -0.0000025952   0.0000803630  -0.0000634055   0.0000018409
       -0.0002900497  -0.0003280986  -0.0001472958
       -0.0661906730  -0.0686390501  -0.0168583432  -0.0075489417  -0.0166775983
       -0.0078608009   0.0012853379  -0.0001360371   0.0008462356  -0.0003528578
       -0.0001719272  -0.0001757290  -0.0000193014   0.0001140697   0.0001322856
       -0.0068473908  -0.0194054359  -0.0023112999   0.0746448348   0.0810964852
        0.0225589234   0.0066611719   0.0242400801   0.0066710606   0.0003481237
        0.0001334256   0.0006303026  -0.0019441743  -0.0003014771  -0.0041845288
        0.0002533073  -0.0001228952   0.0002263267  -0.0000111468  -0.0000064256
        0.0000177717  -0.0004538136  -0.0002762328   0.0002673353   0.0000871808
        0.0000423571   0.0000514799   0.0000168436   0.0000331791   0.0000070425
        0.0000714993   0.0000774825  -0.0000180620
       -0.0691463491  -0.2495965831  -0.0556307904  -0.0022316674  -0.0007346307
       -0.0027850816  -0.0001773364   0.0009577372   0.0003598907   0.0000953089
       -0.0000757290  -0.0001869962   0.0000275281   0.0000004898   0.0001057958
       -0.0063457972  -0.0159287297  -0.0013367839   0.0810964852   0.2866602450
        0.0655873674  -0.0038637053  -0.0223743797  -0.0058638205   0.0003341871
        0.0001807764   0.0000037509   0.0001500875   0.0008913882  -0.0006672900
        0.0002754232   0.0000493895   0.0001824001   0.0000278053   0.0000160435
        0.0000699045  -0.0003184384  -0.0001103805   0.0001599530   0.0000321966
        0.0000473635  -0.0000155285  -0.0000234115   0.0000090676   0.0000208969
        0.0000676833   0.0000079321  -0.0000036682
       -0.0170968749  -0.0550758320  -0.0584832834  -0.0107397687  -0.0240828197
       -0.0094778559   0.0014463907   0.0002928922   0.0013503009  -0.0000534651
       -0.0001123855   0.0001371396  -0.0000306202   0.0001192059   0.0000946165
        0.0083217825   0.0225933183   0.0047754479   0.0225589234   0.0655873674
        0.0678460152  -0.0010240385  -0.0078847947  -0.0014110042   0.0000193226
       -0.0006575229   0.0002996706  -0.0038751402  -0.0005612350  -0.0050636170
        0.0003106366  -0.0002523825   0.0000775384   0.0000229740  -0.0000118165
       -0.0000479370   0.0001362623   0.0000936760   0.0000074213   0.0000442865
       -0.0000924750  -0.0000022416   0.0000113227   0.0000412490   0.0000387309
       -0.0000519936   0.0000035551  -0.0001409422
       -0.1943712390   0.1109175497   0.0365631145  -0.0162611998   0.0116513644
        0.0015129504  -0.0021142339  -0.0000223853  -0.0040823335   0.0000066551
        0.0002148239  -0.0003718064  -0.0000895744  -0.0000040966   0.0000015734
       -0.0183107269   0.0110678685   0.0076588693   0.0066611719  -0.0038637053
       -0.0010240385   0.2248183724  -0.1304917068  -0.0405606140   0.0006746929
        0.0001457051   0.0004768899  -0.0002375793  -0.0002362274   0.0001388246
       -0.0009536283   0.0007082920  -0.0000889049   0.0000504903  -0.0000445928
       -0.0000398125   0.0001496578  -0.0001372957  -0.0001853981   0.0000176845
        0.0000098310  -0.0000312739   0.0000284558   0.0000046514  -0.0000020444
       -0.0000689991   0.0000799238   0.0000340041
        0.1114094483  -0.1256297898  -0.0262007372   0.0031880219  -0.0017283410
        0.0002635786   0.0008036382   0.0005076230   0.0012047086  -0.0002452514
        0.0000470778   0.0001601293  -0.0000016976   0.0000867843  -0.0000137124
       -0.0090953628   0.0067421004   0.0024451572   0.0242400801  -0.0223743797
       -0.0078847947  -0.1304917068   0.1425846799   0.0297979174   0.0001010176
       -0.0001650908   0.0001214188  -0.0002328607   0.0001423343  -0.0001056969
        0.0003817694  -0.0000906845   0.0000844923  -0.0000307365  -0.0000055231
       -0.0000477914  -0.0000552588  -0.0001744548   0.0001491515   0.0000024316
        0.0000215488   0.0000314480   0.0000045117   0.0000170466  -0.0000163044
        0.0000219558   0.0000190688   0.0000110354
        0.0371890691  -0.0267652702  -0.0498207565  -0.0199577638   0.0141158083
        0.0023718001  -0.0033094829   0.0009765055  -0.0045961006  -0.0000776845
       -0.0003159791  -0.0002321616   0.0000054134  -0.0000348129   0.0001762587
        0.0217804305  -0.0136629465  -0.0067625030   0.0066710606  -0.0058638205
       -0.0014110042  -0.0405606140   0.0297979174   0.0593722714  -0.0007197896
        0.0005905475   0.0006648367   0.0000196433   0.0001407669   0.0001808515
       -0.0012254257   0.0009526979  -0.0001525382   0.0000532762  -0.0000190485
        0.0001739743   0.0000961088   0.0000695353   0.0000749094   0.0000444972
        0.0000500214   0.0000245779  -0.0000000436   0.0000067220   0.0000156259
       -0.0000086950  -0.0000386444  -0.0000800417
        0.0075572665   0.0046937368  -0.0126372055  -0.1152808488  -0.0412689065
        0.0967140846  -0.0223473476  -0.0000225192   0.0210141153  -0.0036514312
        0.0042972761   0.0001014993   0.0001358582   0.0001475018   0.0000435682
       -0.0008101062   0.0003724316  -0.0035345376   0.0003481237   0.0003341871
        0.0000193226   0.0006746929   0.0001010176  -0.0007197896   0.1448577818
        0.0407294278  -0.1144360677  -0.0096917252  -0.0093578404   0.0118456885
       -0.0007486188  -0.0003611654   0.0009800379  -0.0013441255   0.0001064397
        0.0011356091   0.0001150238   0.0000121937  -0.0003900749  -0.0000214393
        0.0000362636   0.0000102358   0.0000565587   0.0000441019  -0.0000211337
        0.0001503369   0.0001358537  -0.0001253522
        0.0002216842   0.0001439898   0.0027154364  -0.0434088799  -0.0639005795
        0.0518770551   0.0169922803   0.0028534496  -0.0168857700   0.0033030912
       -0.0025569616  -0.0002826762  -0.0001841879   0.0001045114   0.0001881540
        0.0005584038   0.0008886410   0.0005365904   0.0001334256   0.0001807764
       -0.0006575229   0.0001457051  -0.0001650908   0.0005905475   0.0407294278
        0.0749373663  -0.0578712154  -0.0198037922  -0.0134773597   0.0214854515
        0.0003352550   0.0009106425  -0.0006410942   0.0010308860  -0.0000935425
       -0.0009494779  -0.0001160563  -0.0000978138  -0.0000160262   0.0000048995
       -0.0000631351   0.0000505910   0.0000001235   0.0001895744  -0.0000012110
        0.0000577343   0.0001455317  -0.0001388321
        0.0114939350   0.0094904939  -0.0260679746   0.0980951258   0.0499267525
       -0.1692996545   0.0079461564  -0.0011542226  -0.0060235279   0.0008681542
       -0.0013603557   0.0017904761  -0.0000658085  -0.0000167190   0.0001132035
       -0.0034288694   0.0002599916  -0.0057464001   0.0006303026   0.0000037509
        0.0002996706   0.0004768899   0.0001214188   0.0006648367  -0.1144360677
       -0.0578712154   0.2012932409  -0.0007828186   0.0004931966   0.0026087955
       -0.0009201494   0.0000759608   0.0007023472   0.0005198137  -0.0000440927
       -0.0004197490  -0.0003222820   0.0001015551   0.0001627431   0.0000020684
       -0.0000373794   0.0000355593  -0.0000321232   0.0000515525  -0.0000203108
       -0.0000443271  -0.0000406877  -0.0000932560
       -0.0085373472  -0.0155864195  -0.0075174288  -0.0736916664  -0.0699697979
       -0.0132033344   0.0040706728   0.0272717141   0.0048566990   0.0014729293
        0.0004498006  -0.0003343192  -0.0010336345  -0.0001584006   0.0001748216
        0.0007271577   0.0001945734   0.0008016834  -0.0019441743   0.0001500875
       -0.0038751402  -0.0002375793  -0.0002328607   0.0000196433  -0.0096917252
       -0.0198037922  -0.0007828186   0.0893413164   0.0780733018   0.0186639278
        0.0005826615   0.0001640857   0.0007445210   0.0000379885  -0.0002551200
       -0.0002263235  -0.0000874546  -0.0000488736  -0.0001605632  -0.0002721350
        0.0001416097  -0.0002070456   0.0003984558   0.0001420045  -0.0000773518
       -0.0011354656  -0.0005319127   0.0011230292
       -0.0031206740  -0.0012260355  -0.0022793370  -0.0770390367  -0.1887605491
       -0.0334627301   0.0137359026  -0.0432639741  -0.0077249249  -0.0023405186
        0.0006535568   0.0021436828  -0.0000567543   0.0013022543   0.0001260654
        0.0006048432   0.0003608129   0.0002010829  -0.0003014771   0.0008913882
       -0.0005612350  -0.0002362274   0.0001423343   0.0001407669  -0.0093578404
       -0.0134773597   0.0004931966   0.0780733018   0.2418367206   0.0410572040
        0.0000884909   0.0006612603  -0.0003939696  -0.0001320905   0.0001711073
        0.0000418708  -0.0001496171  -0.0001883700   0.0000822586   0.0002593859
       -0.0001253767   0.0001535625   0.0002088127   0.0001975058   0.0001279388
       -0.0002365009   0.0008247246  -0.0001454326
       -0.0146683075  -0.0231144843  -0.0097950241  -0.0141660850  -0.0312483417
       -0.0517200859   0.0021845701  -0.0072018558   0.0018214319  -0.0009596598
       -0.0007522612   0.0007519812   0.0004798791  -0.0000368368   0.0002997436
        0.0000555586  -0.0008861560   0.0006514807  -0.0041845288  -0.0006672900
       -0.0050636170   0.0001388246  -0.0001056969   0.0001808515   0.0118456885
        0.0214854515   0.0026087955   0.0186639278   0.0410572040   0.0611497803
        0.0000763637   0.0008568408   0.0000470770  -0.0000459904   0.0001350473
       -0.0000688215  -0.0000728963  -0.0001714266  -0.0002397997  -0.0001543778
        0.0000518805  -0.0000808409  -0.0002316426   0.0001107291  -0.0000935236
        0.0010386759   0.0004871963  -0.0004494291
       -0.0038937418   0.0042915874   0.0000360154  -0.0131607116   0.0021758564
       -0.0200692764  -0.1070403867   0.0317753491  -0.1361473458   0.0066974057
       -0.0043447117   0.0235006308   0.0006770080   0.0006112207   0.0010413657
       -0.0001882071  -0.0001045141   0.0003357848   0.0002533073   0.0002754232
        0.0003106366  -0.0009536283   0.0003817694  -0.0012254257  -0.0007486188
        0.0003352550  -0.0009201494   0.0005826615   0.0000884909   0.0000763637
        0.1199543091  -0.0343476150   0.1283884791   0.0004056458   0.0000230119
        0.0007145045  -0.0023341179  -0.0010537159   0.0045075619  -0.0001019699
       -0.0000465330  -0.0004016814  -0.0000306388  -0.0000362961  -0.0000371401
       -0.0001183164  -0.0000245782  -0.0001103237
        0.0030401226  -0.0026141578  -0.0009224992   0.0164022452  -0.0081019783
        0.0220928714   0.0132566512  -0.0249787600   0.0116387185  -0.0000052980
       -0.0026944295   0.0100893374   0.0015509351   0.0009191840   0.0005704287
       -0.0001070033  -0.0000854422   0.0001195064  -0.0001228952   0.0000493895
       -0.0002523825   0.0007082920  -0.0000906845   0.0009526979  -0.0003611654
        0.0009106425   0.0000759608   0.0001640857   0.0006612603   0.0008568408
       -0.0343476150   0.0346971370  -0.0440590035   0.0003962626   0.0004402186
       -0.0013456250  -0.0004807642   0.0011662124   0.0002433387  -0.0003203872
        0.0001407849  -0.0001244051   0.0001662667   0.0000219088  -0.0001574540
        0.0000602672  -0.0004412856   0.0002216686
       -0.0004355167   0.0003135951   0.0014019846  -0.0007162987  -0.0023980542
       -0.0004921264  -0.1246181374   0.0455039973  -0.3114204754  -0.0082767321
        0.0006898317  -0.0271560321  -0.0004917926   0.0000364938   0.0018303906
        0.0001709749  -0.0002314184   0.0003207710   0.0002263267   0.0001824001
        0.0000775384  -0.0000889049   0.0000844923  -0.0001525382   0.0009800379
       -0.0006410942   0.0007023472   0.0007445210  -0.0003939696   0.0000470770
        0.1283884791  -0.0440590035   0.3390390051  -0.0005392624   0.0000640315
        0.0002252517   0.0044756311   0.0007903415  -0.0046672482   0.0005098942
        0.0005469337   0.0001558712  -0.0003283773  -0.0002789338   0.0001828429
       -0.0000008429  -0.0002096433  -0.0000946595
        0.0001255251  -0.0000012509   0.0001250261  -0.0025499352  -0.0008854605
        0.0046430788  -0.0248992532   0.0178843931   0.0056361613  -0.1177726875
        0.1071118493  -0.0074734560   0.0072187481  -0.0120228242   0.0000342844
        0.0001254590  -0.0001497420   0.0001024985  -0.0000111468   0.0000278053
        0.0000229740   0.0000504903  -0.0000307365   0.0000532762  -0.0013441255
        0.0010308860   0.0005198137   0.0000379885  -0.0001320905  -0.0000459904
        0.0004056458   0.0003962626  -0.0005392624   0.1491907349  -0.1232788364
        0.0011162625  -0.0108730495   0.0139352952  -0.0038627311   0.0003609065
       -0.0001896645   0.0002945248   0.0005900204  -0.0004596858  -0.0001437954
       -0.0006553209  -0.0032362000  -0.0004826652
       -0.0000673342   0.0001224463  -0.0000596025  -0.0004431117   0.0013134278
       -0.0002914048   0.0025040891   0.0019913263  -0.0017708950   0.1080415058
       -0.1853595082   0.0063345838   0.0118185326  -0.0288862049   0.0009439387
       -0.0000479958  -0.0000412854  -0.0000894071  -0.0000064256   0.0000160435
       -0.0000118165  -0.0000445928  -0.0000055231  -0.0000190485   0.0001064397
       -0.0000935425  -0.0000440927  -0.0002551200   0.0001711073   0.0001350473
        0.0000230119   0.0004402186   0.0000640315  -0.1232788364   0.2185520250
       -0.0063644256   0.0042942879  -0.0034202975   0.0021541705   0.0006133960
        0.0005967231   0.0000583751   0.0004021745   0.0003719510   0.0002385596
       -0.0036600211  -0.0057689071  -0.0012780138
       -0.0002963128   0.0002295241   0.0002114405   0.0034535910   0.0008617748
       -0.0030733789   0.0204127961  -0.0165687320  -0.0029951543  -0.0104382872
        0.0077162904  -0.0447570586   0.0028275251  -0.0053419038   0.0012804457
        0.0000323028  -0.0001777742   0.0000700363   0.0000177717   0.0000699045
       -0.0000479370  -0.0000398125  -0.0000477914   0.0001739743   0.0011356091
       -0.0009494779  -0.0004197490  -0.0002263235   0.0000418708  -0.0000688215
        0.0007145045  -0.0013456250   0.0002252517   0.0011162625  -0.0063644256
        0.0524888170  -0.0189360126   0.0228784066  -0.0037747753   0.0003290274
       -0.0005323897   0.0000011619   0.0002081180   0.0007003258   0.0000227885
       -0.0003107596  -0.0011699775   0.0006629588
       -0.0011297272   0.0001773179   0.0003166795   0.0007804556   0.0005387659
        0.0004426068   0.0087444484  -0.0028764616   0.0210882287  -0.0892820035
        0.0077864141  -0.0949750242  -0.0094250662  -0.0030795178  -0.0154819120
       -0.0013490516   0.0014931889  -0.0001675662  -0.0004538136  -0.0003184384
        0.0001362623   0.0001496578  -0.0000552588   0.0000961088   0.0001150238
       -0.0001160563  -0.0003222820  -0.0000874546  -0.0001496171  -0.0000728963
       -0.0023341179  -0.0004807642   0.0044756311  -0.0108730495   0.0042942879
       -0.0189360126   0.1064251221  -0.0043494328   0.1039636105  -0.0017504980
       -0.0036292394  -0.0007261156  -0.0002484477   0.0000681816  -0.0001878500
        0.0007185221   0.0006966301   0.0003505313
        0.0007198910   0.0002188261  -0.0004178092  -0.0000601142   0.0003518953
       -0.0004747194   0.0004601809  -0.0005467059   0.0061341181   0.0074183958
       -0.0435080164   0.0088472140  -0.0141057234  -0.0025232218  -0.0223144160
        0.0012820160  -0.0005328712   0.0001680511  -0.0002762328  -0.0001103805
        0.0000936760  -0.0001372957  -0.0001744548   0.0000695353   0.0000121937
       -0.0000978138   0.0001015551  -0.0000488736  -0.0001883700  -0.0001714266
       -0.0010537159   0.0011662124   0.0007903415   0.0139352952  -0.0034202975
        0.0228784066  -0.0043494328   0.0526111039  -0.0128629591  -0.0038724066
       -0.0042781591  -0.0019550210   0.0002267837   0.0002825430  -0.0001650382
       -0.0001509612   0.0007497102  -0.0007215083
       -0.0007572156   0.0004991443   0.0005747170  -0.0008909320   0.0000845848
        0.0001353534  -0.0031929144   0.0059059769  -0.0322966780  -0.0918687441
        0.0073153194  -0.2189892528  -0.0067035417  -0.0022520915  -0.0073436516
        0.0000139883  -0.0003719590   0.0007751060   0.0002673353   0.0001599530
        0.0000074213  -0.0001853981   0.0001491515   0.0000749094  -0.0003900749
       -0.0000160262   0.0001627431  -0.0001605632   0.0000822586  -0.0002397997
        0.0045075619   0.0002433387  -0.0046672482  -0.0038627311   0.0021541705
       -0.0037747753   0.1039636105  -0.0128629591   0.2649925122  -0.0012093480
       -0.0016370922   0.0001600586   0.0000125294   0.0002122865   0.0002587047
        0.0004564376   0.0003339438   0.0001698799
       -0.0000562399   0.0000965447   0.0001045050  -0.0001978504  -0.0004984711
       -0.0000943760   0.0008782301   0.0012616841  -0.0006750660  -0.0090512641
       -0.0030153166  -0.0170830003  -0.0814027776   0.0030384973  -0.0858665904
        0.0000852070  -0.0000390377   0.0000710050   0.0000871808   0.0000321966
        0.0000442865   0.0000176845   0.0000024316   0.0000444972  -0.0000214393
        0.0000048995   0.0000020684  -0.0002721350   0.0002593859  -0.0001543778
       -0.0001019699  -0.0003203872   0.0005098942   0.0003609065   0.0006133960
        0.0003290274  -0.0017504980  -0.0038724066  -0.0012093480   0.0924560327
       -0.0006722192   0.1015697779   0.0083587899  -0.0005557270   0.0225231120
       -0.0093898573   0.0036645298  -0.0201154152
       -0.0000843939   0.0000585400   0.0000950365  -0.0000147182   0.0000548933
        0.0000241543   0.0012622500   0.0011402734  -0.0006267539  -0.0117553071
       -0.0013731610  -0.0236400168   0.0025242082  -0.0438958355   0.0037442453
       -0.0000782624  -0.0001382151  -0.0000359384   0.0000423571   0.0000473635
       -0.0000924750   0.0000098310   0.0000215488   0.0000500214   0.0000362636
       -0.0000631351  -0.0000373794   0.0001416097  -0.0001253767   0.0000518805
       -0.0000465330   0.0001407849   0.0005469337  -0.0001896645   0.0005967231
       -0.0005323897  -0.0036292394  -0.0042781591  -0.0016370922  -0.0006722192
        0.0499236639  -0.0035242411   0.0004387233   0.0005951091   0.0002361809
        0.0120150949  -0.0027050176   0.0253778340
       -0.0000425126   0.0001240953   0.0000814885   0.0001204952  -0.0004589128
       -0.0001011128   0.0004774664   0.0006527562   0.0015312364  -0.0049503671
       -0.0027287774  -0.0069855737  -0.0854058010   0.0042856661  -0.2424272916
        0.0000606088  -0.0000558078  -0.0000025952   0.0000514799  -0.0000155285
       -0.0000022416  -0.0000312739   0.0000314480   0.0000245779   0.0000102358
        0.0000505910   0.0000355593  -0.0002070456   0.0001535625  -0.0000808409
       -0.0004016814  -0.0001244051   0.0001558712   0.0002945248   0.0000583751
        0.0000011619  -0.0007261156  -0.0019550210   0.0001600586   0.1015697779
       -0.0035242411   0.2807931536  -0.0070806280   0.0012267570  -0.0267069713
       -0.0037391635   0.0022794426  -0.0064764802
       -0.0000772607  -0.0000115476   0.0000174279   0.0003454652  -0.0008971831
        0.0000019316  -0.0042162867  -0.0043653044   0.0004894101  -0.0135253120
       -0.0019847006   0.0117294756  -0.1736094995  -0.0020494536   0.1208095744
       -0.0000722716   0.0000177378   0.0000803630   0.0000168436  -0.0000234115
        0.0000113227   0.0000284558   0.0000045117  -0.0000000436   0.0000565587
        0.0000001235  -0.0000321232   0.0003984558   0.0002088127  -0.0002316426
       -0.0000306388   0.0001662667  -0.0003283773   0.0005900204   0.0004021745
        0.0002081180  -0.0002484477   0.0002267837   0.0000125294   0.0083587899
        0.0004387233  -0.0070806280   0.2000657459   0.0044753256  -0.1408684863
       -0.0180806181   0.0033911413   0.0151811484
        0.0000036183   0.0001499993  -0.0000066660   0.0003550862  -0.0004764335
       -0.0002944509  -0.0056065789  -0.0052685278   0.0011834590  -0.0177786874
       -0.0022293779   0.0152754449  -0.0022957667  -0.0410002962   0.0037774991
       -0.0000154677  -0.0000491034  -0.0000634055   0.0000331791   0.0000090676
        0.0000412490   0.0000046514   0.0000170466   0.0000067220   0.0000441019
        0.0001895744   0.0000515525   0.0001420045   0.0001975058   0.0001107291
       -0.0000362961   0.0000219088  -0.0002789338  -0.0004596858   0.0003719510
        0.0007003258   0.0000681816   0.0002825430   0.0002122865  -0.0005557270
        0.0005951091   0.0012267570   0.0044753256   0.0486711526  -0.0037498635
        0.0216220610  -0.0014821192  -0.0181927053
       -0.0000070678   0.0000138388   0.0000751545  -0.0002154067   0.0001193379
        0.0000702841   0.0000936927   0.0001542069   0.0008343096  -0.0012808134
        0.0002776208   0.0016426806   0.1206462213   0.0037286769  -0.1550325913
        0.0000218750  -0.0000189161   0.0000018409   0.0000070425   0.0000208969
        0.0000387309  -0.0000020444  -0.0000163044   0.0000156259  -0.0000211337
       -0.0000012110  -0.0000203108  -0.0000773518   0.0001279388  -0.0000935236
       -0.0000371401  -0.0001574540   0.0001828429  -0.0001437954   0.0002385596
        0.0000227885  -0.0001878500  -0.0001650382   0.0002587047   0.0225231120
        0.0002361809  -0.0267069713  -0.1408684863  -0.0037498635   0.1774051332
       -0.0004508539  -0.0008084705   0.0013053013
       -0.0001520485  -0.0001554583   0.0000880430  -0.0007359933  -0.0005153987
        0.0003424195   0.0002824331   0.0007884520  -0.0001322489   0.0096678962
       -0.0119594503   0.0012167701  -0.1197052621   0.1111374690  -0.0148226599
       -0.0000622097  -0.0000594288  -0.0002900497   0.0000714993   0.0000676833
       -0.0000519936  -0.0000689991   0.0000219558  -0.0000086950   0.0001503369
        0.0000577343  -0.0000443271  -0.0011354656  -0.0002365009   0.0010386759
       -0.0001183164   0.0000602672  -0.0000008429  -0.0006553209  -0.0036600211
       -0.0003107596   0.0007185221  -0.0001509612   0.0004564376  -0.0093898573
        0.0120150949  -0.0037391635  -0.0180806181   0.0216220610  -0.0004508539
        0.1392134036  -0.1290334982   0.0167092480
       -0.0000070759   0.0001476372   0.0000067189   0.0001109615  -0.0000487590
       -0.0000884059   0.0007082885   0.0011723457   0.0003087571   0.0124264060
       -0.0262226151   0.0014342083   0.1118132727  -0.2022887695   0.0213079537
       -0.0002712249  -0.0000409866  -0.0003280986   0.0000774825   0.0000079321
        0.0000035551   0.0000799238   0.0000190688  -0.0000386444   0.0001358537
        0.0001455317  -0.0000406877  -0.0005319127   0.0008247246   0.0004871963
       -0.0000245782  -0.0004412856  -0.0002096433  -0.0032362000  -0.0057689071
       -0.0011699775   0.0006966301   0.0007497102   0.0003339438   0.0036645298
       -0.0027050176   0.0022794426   0.0033911413  -0.0014821192  -0.0008084705
       -0.1290334982   0.2359315095  -0.0234778478
       -0.0000833960  -0.0001863456   0.0001976610   0.0003439344   0.0008576589
        0.0002725104   0.0000652187   0.0000236322  -0.0001190642   0.0022805530
       -0.0037977760   0.0008506608  -0.0150087749   0.0215148803  -0.0476903673
       -0.0001436780  -0.0000645797  -0.0001472958  -0.0000180620  -0.0000036682
       -0.0001409422   0.0000340041   0.0000110354  -0.0000800417  -0.0001253522
       -0.0001388321  -0.0000932560   0.0011230292  -0.0001454326  -0.0004494291
       -0.0001103237   0.0002216686  -0.0000946595  -0.0004826652  -0.0012780138
        0.0006629588   0.0003505313  -0.0007215083   0.0001698799  -0.0201154152
        0.0253778340  -0.0064764802   0.0151811484  -0.0181927053   0.0013053013
        0.0167092480  -0.0234778478   0.0518325638
