$hessian                                                                        
        0.4282876439  -0.0404882075  -0.0123696639  -0.1349551727  -0.0406728087
        0.0282150158  -0.0237277790  -0.0012548017   0.0106507987   0.0013202902
       -0.0015539892   0.0004680824   0.0018194717  -0.0035793770   0.0007573568
       -0.0999674253  -0.0208172793  -0.0843677786  -0.1045811030   0.0679441038
        0.0738834387  -0.0496843726   0.0413123658  -0.0142346763  -0.0140358087
       -0.0064196179   0.0008891041  -0.0018272214   0.0014897974   0.0017872648
        0.0000138581  -0.0010825983  -0.0009914239  -0.0004241438   0.0000114527
        0.0001804532   0.0013341223  -0.0001139865  -0.0003000620  -0.0035723598
        0.0052249465  -0.0045679099
       -0.0404882075   0.5197560692  -0.0253549043  -0.0323568942  -0.0761183950
        0.0091307099   0.0106716913   0.0076187936  -0.0030789880   0.0005865184
       -0.0003740874   0.0007119356  -0.0234407619  -0.0332179119   0.0224604771
       -0.0312768764  -0.0824695811  -0.0356878734   0.0657851762  -0.1090432184
       -0.0650307927   0.0401801724  -0.2305670504   0.0788261271  -0.0090759212
       -0.0025724453  -0.0005539735   0.0029330291  -0.0016563707  -0.0025996316
        0.0004562282   0.0006603705  -0.0004446575  -0.0001820331  -0.0002560637
       -0.0002919953  -0.0005326640  -0.0003985517   0.0001102686   0.0167405428
        0.0086384423   0.0218032980
       -0.0123696639  -0.0253549043   0.4560446349   0.0229128914   0.0055423410
       -0.0640850176   0.0158925101   0.0055386222  -0.0050699101  -0.0003550134
        0.0001942273  -0.0000177431   0.0123754450   0.0207274297  -0.0106917105
       -0.0646009121  -0.0144939972  -0.1630609222   0.0712267504  -0.0650837054
       -0.1118777036  -0.0149690704   0.0843936171  -0.0760382206  -0.0204120427
       -0.0107270789   0.0016432181   0.0032426191  -0.0014551918  -0.0021356924
        0.0009226833   0.0002747940  -0.0000282947  -0.0000799891  -0.0002673885
       -0.0002037469  -0.0005010486  -0.0004384037   0.0001809974  -0.0132851590
        0.0011496385  -0.0246598885
       -0.1349551727  -0.0323568942   0.0229128914   0.4471352878  -0.0004914750
        0.0274841306  -0.0969021714   0.0257491208   0.0361602191  -0.0112063717
        0.0187278337  -0.0002324379  -0.0527401445   0.0213391517  -0.0033675634
       -0.0296165575  -0.0142465848  -0.0136399724  -0.0199128834  -0.0073182511
        0.0094332934   0.0038911222   0.0010451395   0.0000590929  -0.0891515776
       -0.0287049979  -0.0818041685  -0.0183708807   0.0116630932   0.0193803164
        0.0085568606  -0.0070725818  -0.0068959018  -0.0002000905   0.0005692851
        0.0003462770  -0.0061469194   0.0127942155  -0.0095787261  -0.0003805013
       -0.0016970548  -0.0002574508
       -0.0406728087  -0.0761183950   0.0055423410  -0.0004914750   0.4393062481
        0.0253005029   0.0312863113  -0.0904947228  -0.0443355825   0.0210159927
       -0.0255455667  -0.0023169425   0.0282330321  -0.1521085691   0.0588943207
       -0.0113946568  -0.0036987855  -0.0034454834   0.0142378774   0.0060478906
       -0.0058280835  -0.0191154525  -0.0143543815   0.0080826980  -0.0283327564
       -0.0557577962  -0.0521631044  -0.0080477554   0.0069475774   0.0073406035
        0.0071832846  -0.0101318108  -0.0129283654  -0.0002014703   0.0006620644
        0.0007425953   0.0054735380  -0.0245758388   0.0143056925   0.0008263389
       -0.0001779140   0.0008088077
        0.0282150158   0.0091307099  -0.0640850176   0.0274841306   0.0253005029
        0.5021908332   0.0361648047  -0.0404655807  -0.1056516428  -0.0128789971
        0.0159218325   0.0071469511  -0.0129175911   0.0782054552  -0.1274821373
       -0.0316277913  -0.0150682497  -0.0062966117   0.0171248341   0.0069989443
       -0.0054458309   0.0088262301   0.0066568805  -0.0029228456  -0.0790222998
       -0.0530607529  -0.1847205325   0.0106099219  -0.0068531354  -0.0094222031
        0.0115613590  -0.0165644028  -0.0165043238  -0.0012354350   0.0013694975
        0.0018185528  -0.0002548504  -0.0117073170   0.0114193485  -0.0020493314
        0.0001356155  -0.0000445402
       -0.0237277790   0.0106716913   0.0158925101  -0.0969021714   0.0312863113
        0.0361648047   0.4838293300   0.0549402927   0.0257518888  -0.0802616840
        0.0321432273  -0.0447683422  -0.0040499077   0.0086731372   0.0019724942
        0.0012031714   0.0013025996   0.0016303447  -0.0043139503  -0.0016483028
        0.0018285990   0.0004389973   0.0009541433   0.0000021719   0.0071494032
       -0.0059678450  -0.0069789279  -0.1568305978  -0.0868834968   0.0647717987
       -0.1126360150  -0.0650584446  -0.0841101136  -0.0130351946   0.0185162573
       -0.0126768003  -0.0004216944   0.0010910936   0.0005397917  -0.0004419078
       -0.0000206642  -0.0000202197
       -0.0012548017   0.0076187936   0.0055386222   0.0257491208  -0.0904947228
       -0.0404655807   0.0549402927   0.4697718367   0.0077521261   0.0479570116
       -0.1656557357   0.0750928632   0.0180571857  -0.0256799223  -0.0081667538
       -0.0008312992   0.0003649307  -0.0011520098  -0.0038426740  -0.0006731717
        0.0015462436  -0.0006461255   0.0002421710   0.0006918981   0.0061820688
       -0.0066611226  -0.0095799719  -0.0863926801  -0.1007863174   0.0433151638
       -0.0612865556  -0.0947487349  -0.0737461831  -0.0009255988   0.0101213070
       -0.0024314249   0.0022158167  -0.0031310833   0.0013416022   0.0000782385
       -0.0002882283   0.0002634049
        0.0106507987  -0.0030789880  -0.0050699101   0.0361602191  -0.0443355825
       -0.1056516428   0.0257518888   0.0077521261   0.4735648701  -0.0445958650
        0.0542424973  -0.1027107751  -0.0098769215   0.0147030052   0.0094807483
       -0.0017253421  -0.0002256039  -0.0005667671   0.0019467194   0.0009041774
        0.0001645797   0.0005090972   0.0000351080   0.0000381609   0.0130075838
       -0.0169187719  -0.0183855762   0.0656448236   0.0455662420  -0.0803636441
       -0.0859691235  -0.0789533811  -0.1501455730  -0.0106648329   0.0176902336
       -0.0189987963  -0.0008803386   0.0023722230  -0.0012755037   0.0000412931
        0.0002467147  -0.0000801706
        0.0013202902   0.0005865184  -0.0003550134  -0.0112063717   0.0210159927
       -0.0128789971  -0.0802616840   0.0479570116  -0.0445958650   0.2815274800
        0.0423419749   0.2407704736  -0.0034422188   0.0062533043   0.0020233162
       -0.0008135603   0.0002870548  -0.0003080833   0.0002519877   0.0000678976
        0.0000454832   0.0006487156  -0.0000668514  -0.0000312707   0.0010317477
       -0.0015955177  -0.0006082541   0.0105798172  -0.0085483000   0.0061521197
       -0.0120548535   0.0159205471  -0.0178170292  -0.1872292985  -0.1249651811
       -0.1719457790  -0.0005555747   0.0008306743  -0.0005715019   0.0002035232
       -0.0000851253   0.0001204010
       -0.0015539892  -0.0003740874   0.0001942273   0.0187278337  -0.0255455667
        0.0159218325   0.0321432273  -0.1656557357   0.0542424973   0.0423419749
        0.3334122586   0.0005589838   0.0061707313  -0.0081903526  -0.0032019490
        0.0002897888  -0.0001883987   0.0003329380   0.0001143991  -0.0001442852
       -0.0002600555  -0.0000926888   0.0002177477  -0.0000746795  -0.0014327319
        0.0013721214   0.0012954048   0.0079743507  -0.0283998796   0.0244008135
       -0.0009554964   0.0082610210  -0.0022040368  -0.1045297214  -0.1136488546
       -0.0917580830   0.0010337745  -0.0013602529   0.0006884434  -0.0002314525
        0.0002442647  -0.0001363368
        0.0004680824   0.0007119356  -0.0000177431  -0.0002324379  -0.0023169425
        0.0071469511  -0.0447683422   0.0750928632  -0.1027107751   0.2407704736
        0.0005589838   0.2958482515   0.0014722312  -0.0022101385   0.0001815005
       -0.0003259921   0.0000394700   0.0002622600  -0.0003841820  -0.0002348002
        0.0002269470  -0.0007052541  -0.0006521691   0.0002251714   0.0011915918
        0.0000707092   0.0016862000  -0.0056272346   0.0234290635  -0.0156033314
       -0.0151213474   0.0186081287  -0.0195124377  -0.1768159730  -0.1127259014
       -0.1681173990  -0.0000719825  -0.0000184172   0.0003493774   0.0001503670
       -0.0003527852   0.0000350274
        0.0018194717  -0.0234407619   0.0123754450  -0.0527401445   0.0282330321
       -0.0129175911  -0.0040499077   0.0180571857  -0.0098769215  -0.0034422188
        0.0061707313   0.0014722312   0.1275730605  -0.1555634654  -0.0913515183
        0.0026273339  -0.0024557161   0.0053288860   0.0011005742  -0.0002763783
       -0.0007296994  -0.0040854627  -0.0033564734   0.0012318370  -0.0028702530
        0.0148063260  -0.0140053719   0.0011296547  -0.0007083754  -0.0012703483
        0.0000343964   0.0004071886   0.0003521886   0.0004725357  -0.0002830196
        0.0004201838  -0.0701628408   0.1148615867   0.1084586855   0.0025938004
        0.0035481398   0.0005119935
       -0.0035793770  -0.0332179119   0.0207274297   0.0213391517  -0.1521085691
        0.0782054552   0.0086731372  -0.0256799223   0.0147030052   0.0062533043
       -0.0081903526  -0.0022101385  -0.1555634654   0.4331353708   0.0453451448
        0.0013297356  -0.0004419562   0.0031902564   0.0005952623   0.0008938073
       -0.0002173401  -0.0057083497  -0.0029557507   0.0023312080   0.0066635572
       -0.0049303014   0.0121846353  -0.0002959960   0.0013615262   0.0004949043
       -0.0007247985   0.0006209454  -0.0001871472  -0.0005497740   0.0002994932
       -0.0002042024   0.1192243613  -0.2117189707  -0.1728746147   0.0023432510
        0.0029325921  -0.0014885960
        0.0007573568   0.0224604771  -0.0106917105  -0.0033675634   0.0588943207
       -0.1274821373   0.0019724942  -0.0081667538   0.0094807483   0.0020233162
       -0.0032019490   0.0001815005  -0.0913515183   0.0453451448   0.3366815998
       -0.0011365416  -0.0021763974   0.0021003575  -0.0008608500  -0.0002664926
       -0.0000576486   0.0039088677   0.0017620442  -0.0010643522  -0.0113094152
        0.0312200145  -0.0271194977  -0.0003890256  -0.0004992841   0.0004882546
       -0.0000454428   0.0006257645  -0.0001053115   0.0006473078  -0.0001075762
       -0.0000625369   0.0984276184  -0.1460924015  -0.1822879492   0.0007233959
        0.0002030887  -0.0000613168
       -0.0999674253  -0.0312768764  -0.0646009121  -0.0296165575  -0.0113946568
       -0.0316277913   0.0012031714  -0.0008312992  -0.0017253421  -0.0008135603
        0.0002897888  -0.0003259921   0.0026273339   0.0013297356  -0.0011365416
        0.1458664966   0.0741174221   0.1188988614   0.0087419130  -0.0056898386
       -0.0020792697  -0.0053936125   0.0008110153  -0.0109135381  -0.0081102152
       -0.0045694701   0.0003080692   0.0004518857  -0.0002348324  -0.0003045828
        0.0008645213  -0.0001275128  -0.0003780801   0.0003109003  -0.0000868688
        0.0000110248  -0.0003309117   0.0003152495  -0.0001259749  -0.0158339395
       -0.0226518562  -0.0059999305
       -0.0208172793  -0.0824695811  -0.0144939972  -0.0142465848  -0.0036987855
       -0.0150682497   0.0013025996   0.0003649307  -0.0002256039   0.0002870548
       -0.0001883987   0.0000394700  -0.0024557161  -0.0004419562  -0.0021763974
        0.0741174221   0.3825302982  -0.1351277526  -0.0113345185  -0.0031564525
       -0.0226833964   0.0139306509   0.0059875131   0.0245068295  -0.0044346024
       -0.0017811904   0.0002436696   0.0001965407  -0.0000815960   0.0000555967
       -0.0002093090   0.0001387168   0.0002398922   0.0001684596   0.0000878207
        0.0000874130  -0.0000677980   0.0003751657   0.0000731484  -0.0364369194
       -0.2976664848   0.1645293777
       -0.0843677786  -0.0356878734  -0.1630609222  -0.0136399724  -0.0034454834
       -0.0062966117   0.0016303447  -0.0011520098  -0.0005667671  -0.0003080833
        0.0003329380   0.0002622600   0.0053288860   0.0031902564   0.0021003575
        0.1188988614  -0.1351277526   0.3715601089  -0.0157105198  -0.0165503748
       -0.0399360611  -0.0153403964   0.0024650394  -0.0232580486  -0.0014812883
       -0.0006177146   0.0007319392  -0.0000191265   0.0001982282   0.0002586019
       -0.0000302037   0.0006338444   0.0006450206   0.0004173429   0.0001199114
        0.0000809889   0.0001504103   0.0003264957  -0.0000230894   0.0044715237
        0.1853144951  -0.1424977770
       -0.1045811030   0.0657851762   0.0712267504  -0.0199128834   0.0142378774
        0.0171248341  -0.0043139503  -0.0038426740   0.0019467194   0.0002519877
        0.0001143991  -0.0003841820   0.0011005742   0.0005952623  -0.0008608500
        0.0087419130  -0.0113345185  -0.0157105198   0.1227922957  -0.0721454973
       -0.0780055620  -0.0036682477   0.0061745414   0.0043269436  -0.0000426375
        0.0004530178   0.0001877615  -0.0014035885   0.0008343409   0.0010926284
        0.0001317500  -0.0004092494  -0.0005056263   0.0000589372  -0.0000234464
        0.0000961183   0.0001571305  -0.0004150758   0.0001525242   0.0006878221
       -0.0000241536  -0.0006875398
        0.0679441038  -0.1090432184  -0.0650837054  -0.0073182511   0.0060478906
        0.0069989443  -0.0016483028  -0.0006731717   0.0009041774   0.0000678976
       -0.0001442852  -0.0002348002  -0.0002763783   0.0008938073  -0.0002664926
       -0.0056898386  -0.0031564525  -0.0165503748  -0.0721454973   0.1258714666
        0.0880265727   0.0191349289  -0.0211474245  -0.0158874207   0.0002947659
        0.0003342305   0.0003690735  -0.0003450061   0.0003277262   0.0003886177
       -0.0001262594  -0.0000000516   0.0002023304   0.0000158557   0.0001493632
        0.0000210159   0.0001157799  -0.0000431653  -0.0000013232  -0.0000237982
        0.0005832848   0.0011133848
        0.0738834387  -0.0650307927  -0.1118777036   0.0094332934  -0.0058280835
       -0.0054458309   0.0018285990   0.0015462436   0.0001645797   0.0000454832
       -0.0002600555   0.0002269470  -0.0007296994  -0.0002173401  -0.0000576486
       -0.0020792697  -0.0226833964  -0.0399360611  -0.0780055620   0.0880265727
        0.1507749103  -0.0048077174   0.0050714601   0.0066206071  -0.0004909184
       -0.0000667495   0.0003402120   0.0004180109  -0.0003225546  -0.0004673618
       -0.0003754082   0.0002326653   0.0000802381   0.0000049228   0.0000231873
       -0.0000237339   0.0002004701   0.0004354511   0.0001410899   0.0006743570
       -0.0009266079  -0.0005402442
       -0.0496843726   0.0401801724  -0.0149690704   0.0038911222  -0.0191154525
        0.0088262301   0.0004389973  -0.0006461255   0.0005090972   0.0006487156
       -0.0000926888  -0.0007052541  -0.0040854627  -0.0057083497   0.0039088677
       -0.0053936125   0.0139306509  -0.0153403964  -0.0036682477   0.0191349289
       -0.0048077174   0.0599863368  -0.0471690334   0.0247109170  -0.0000058416
       -0.0000962768  -0.0000896522   0.0002872135   0.0000630279  -0.0002674723
        0.0000189642  -0.0000114574   0.0000158794  -0.0004808810  -0.0000964733
        0.0002072847  -0.0001506854  -0.0000304845   0.0000669541  -0.0018022462
       -0.0003424384  -0.0020656674
        0.0413123658  -0.2305670504   0.0843936171   0.0010451395  -0.0143543815
        0.0066568805   0.0009541433   0.0002421710   0.0000351080  -0.0000668514
        0.0002177477  -0.0006521691  -0.0033564734  -0.0029557507   0.0017620442
        0.0008110153   0.0059875131   0.0024650394   0.0061745414  -0.0211474245
        0.0050714601  -0.0471690334   0.2616871847  -0.0986340696  -0.0001266993
       -0.0001506881  -0.0003000930   0.0004287701  -0.0001220986  -0.0001184557
        0.0000436621   0.0000520642   0.0000829464  -0.0001850581   0.0000742033
        0.0000871097  -0.0000478789   0.0002586123   0.0001763415   0.0001823571
        0.0007778974  -0.0010257597
       -0.0142346763   0.0788261271  -0.0760382206   0.0000590929   0.0080826980
       -0.0029228456   0.0000021719   0.0006918981   0.0000381609  -0.0000312707
       -0.0000746795   0.0002251714   0.0012318370   0.0023312080  -0.0010643522
       -0.0109135381   0.0245068295  -0.0232580486   0.0043269436  -0.0158874207
        0.0066206071   0.0247109170  -0.0986340696   0.1004619893  -0.0000543671
       -0.0002137688   0.0000645550  -0.0002667684  -0.0000613269  -0.0000601453
        0.0000048282   0.0001918385  -0.0004857005  -0.0001702962  -0.0002155222
        0.0000381594   0.0000522316   0.0000186673   0.0000550934  -0.0047171056
        0.0004375211  -0.0036744238
       -0.0140358087  -0.0090759212  -0.0204120427  -0.0891515776  -0.0283327564
       -0.0790222998   0.0071494032   0.0061820688   0.0130075838   0.0010317477
       -0.0014327319   0.0011915918  -0.0028702530   0.0066635572  -0.0113094152
       -0.0081102152  -0.0044346024  -0.0014812883  -0.0000426375   0.0002947659
       -0.0004909184  -0.0000058416  -0.0001266993  -0.0000543671   0.1063612739
        0.0274355076   0.0979237256   0.0002481371   0.0002132664   0.0000477615
       -0.0016664330   0.0023346664   0.0016213599  -0.0001568312   0.0001667660
       -0.0004573645   0.0006851332   0.0000366046  -0.0008261794   0.0005639026
        0.0000755084   0.0002618530
       -0.0064196179  -0.0025724453  -0.0107270789  -0.0287049979  -0.0557577962
       -0.0530607529  -0.0059678450  -0.0066611226  -0.0169187719  -0.0015955177
        0.0013721214   0.0000707092   0.0148063260  -0.0049303014   0.0312200145
       -0.0045694701  -0.0017811904  -0.0006177146   0.0004530178   0.0003342305
       -0.0000667495  -0.0000962768  -0.0001506881  -0.0002137688   0.0274355076
        0.0716779157   0.0504933002  -0.0005345752  -0.0000100079   0.0002956966
        0.0025441469  -0.0020940867  -0.0024741656   0.0009161301  -0.0001281594
        0.0000716553   0.0014458972   0.0007737724   0.0016694047   0.0002872751
       -0.0000722421   0.0002582217
        0.0008891041  -0.0005539735   0.0016432181  -0.0818041685  -0.0521631044
       -0.1847205325  -0.0069789279  -0.0095799719  -0.0183855762  -0.0006082541
        0.0012954048   0.0016862000  -0.0140053719   0.0121846353  -0.0271194977
        0.0003080692   0.0002436696   0.0007319392   0.0001877615   0.0003690735
        0.0003402120  -0.0000896522  -0.0003000930   0.0000645550   0.0979237256
        0.0504933002   0.2261600339  -0.0004306552   0.0000996762  -0.0001194175
        0.0025806692  -0.0019870342  -0.0024737911   0.0004549164  -0.0002912617
        0.0002126961   0.0012192281   0.0000624435   0.0018900263   0.0003535556
        0.0001272356   0.0000899346
       -0.0018272214   0.0029330291   0.0032426191  -0.0183708807  -0.0080477554
        0.0106099219  -0.1568305978  -0.0863926801   0.0656448236   0.0105798172
        0.0079743507  -0.0056272346   0.0011296547  -0.0002959960  -0.0003890256
        0.0004518857   0.0001965407  -0.0000191265  -0.0014035885  -0.0003450061
        0.0004180109   0.0002872135   0.0004287701  -0.0002667684   0.0002481371
       -0.0005345752  -0.0004306552   0.1793369713   0.0962669753  -0.0770067229
       -0.0157150039  -0.0125633041   0.0058604702   0.0020379416   0.0010748315
       -0.0016946883   0.0001040606  -0.0005820951  -0.0004576635  -0.0000283894
       -0.0001130854   0.0001160395
        0.0014897974  -0.0016563707  -0.0014551918   0.0116630932   0.0069475774
       -0.0068531354  -0.0868834968  -0.1007863174   0.0455662420  -0.0085483000
       -0.0283998796   0.0234290635  -0.0007083754   0.0013615262  -0.0004992841
       -0.0002348324  -0.0000815960   0.0001982282   0.0008343409   0.0003277262
       -0.0003225546   0.0000630279  -0.0001220986  -0.0000613269   0.0002132664
       -0.0000100079   0.0000996762   0.0962669753   0.1301641938  -0.0635872820
       -0.0150250880  -0.0091932496   0.0044006009   0.0005821815   0.0013677559
       -0.0007414862   0.0001962318  -0.0000181369  -0.0001590459   0.0000911782
        0.0000988772  -0.0000145038
        0.0017872648  -0.0025996316  -0.0021356924   0.0193803164   0.0073406035
       -0.0094222031   0.0647717987   0.0433151638  -0.0803636441   0.0061521197
        0.0244008135  -0.0156033314  -0.0012703483   0.0004949043   0.0004882546
       -0.0003045828   0.0000555967   0.0002586019   0.0010926284   0.0003886177
       -0.0004673618  -0.0002674723  -0.0001184557  -0.0000601453   0.0000477615
        0.0002956966  -0.0001194175  -0.0770067229  -0.0635872820   0.0990898148
       -0.0152955535  -0.0111846246   0.0078851622   0.0010216336   0.0008874809
        0.0002285555  -0.0001051341   0.0004209990   0.0001649710  -0.0000037090
       -0.0001098819   0.0000564357
        0.0000138581   0.0004562282   0.0009226833   0.0085568606   0.0071832846
        0.0115613590  -0.1126360150  -0.0612865556  -0.0859691235  -0.0120548535
       -0.0009554964  -0.0151213474   0.0000343964  -0.0007247985  -0.0000454428
        0.0008645213  -0.0002093090  -0.0000302037   0.0001317500  -0.0001262594
       -0.0003754082   0.0000189642   0.0000436621   0.0000048282  -0.0016664330
        0.0025441469   0.0025806692  -0.0157150039  -0.0150250880  -0.0152955535
        0.1329093082   0.0650076688   0.1040982839   0.0002667249   0.0021613741
       -0.0024880370  -0.0001382913   0.0001341068   0.0000155774  -0.0005857869
        0.0007970352   0.0001417152
       -0.0010825983   0.0006603705   0.0002747940  -0.0070725818  -0.0101318108
       -0.0165644028  -0.0650584446  -0.0947487349  -0.0789533811   0.0159205471
        0.0082610210   0.0186081287   0.0004071886   0.0006209454   0.0006257645
       -0.0001275128   0.0001387168   0.0006338444  -0.0004092494  -0.0000000516
        0.0002326653  -0.0000114574   0.0000520642   0.0001918385   0.0023346664
       -0.0020940867  -0.0019870342  -0.0125633041  -0.0091932496  -0.0111846246
        0.0650076688   0.1084914768   0.0843828738   0.0022140130  -0.0017383074
        0.0036189341  -0.0001691731   0.0001500550   0.0002328976   0.0006102375
       -0.0004684088  -0.0001122983
       -0.0009914239  -0.0004446575  -0.0000282947  -0.0068959018  -0.0129283654
       -0.0165043238  -0.0841101136  -0.0737461831  -0.1501455730  -0.0178170292
       -0.0022040368  -0.0195124377   0.0003521886  -0.0001871472  -0.0001053115
       -0.0003780801   0.0002398922   0.0006450206  -0.0005056263   0.0002023304
        0.0000802381   0.0000158794   0.0000829464  -0.0004857005   0.0016213599
       -0.0024741656  -0.0024737911   0.0058604702   0.0044006009   0.0078851622
        0.1040982839   0.0843828738   0.1821984989  -0.0014005532   0.0025422048
       -0.0023000512  -0.0000994673   0.0002229205   0.0005197615   0.0002500134
       -0.0000892136   0.0002268023
       -0.0004241438  -0.0001820331  -0.0000799891  -0.0002000905  -0.0002014703
       -0.0012354350  -0.0130351946  -0.0009255988  -0.0106648329  -0.1872292985
       -0.1045297214  -0.1768159730   0.0004725357  -0.0005497740   0.0006473078
        0.0003109003   0.0001684596   0.0004173429   0.0000589372   0.0000158557
        0.0000049228  -0.0004808810  -0.0001850581  -0.0001702962  -0.0001568312
        0.0009161301   0.0004549164   0.0020379416   0.0005821815   0.0010216336
        0.0002667249   0.0022140130  -0.0014005532   0.1983928338   0.1027873393
        0.1879473909  -0.0000213844   0.0000491177  -0.0000879496   0.0000079505
       -0.0001594412  -0.0000384853
        0.0000114527  -0.0002560637  -0.0002673885   0.0005692851   0.0006620644
        0.0013694975   0.0185162573   0.0101213070   0.0176902336  -0.1249651811
       -0.1136488546  -0.1127259014  -0.0002830196   0.0002994932  -0.0001075762
       -0.0000868688   0.0000878207   0.0001199114  -0.0000234464   0.0001493632
        0.0000231873  -0.0000964733   0.0000742033  -0.0002155222   0.0001667660
       -0.0001281594  -0.0002912617   0.0010748315   0.0013677559   0.0008874809
        0.0021613741  -0.0017383074   0.0025422048   0.1027873393   0.1031073002
        0.0909613722   0.0000099923  -0.0000123284   0.0000155711   0.0001576911
       -0.0000855945  -0.0000018087
        0.0001804532  -0.0002919953  -0.0002037469   0.0003462770   0.0007425953
        0.0018185528  -0.0126768003  -0.0024314249  -0.0189987963  -0.1719457790
       -0.0917580830  -0.1681173990   0.0004201838  -0.0002042024  -0.0000625369
        0.0000110248   0.0000874130   0.0000809889   0.0000961183   0.0000210159
       -0.0000237339   0.0002072847   0.0000871097   0.0000381594  -0.0004573645
        0.0000716553   0.0002126961  -0.0016946883  -0.0007414862   0.0002285555
       -0.0024880370   0.0036189341  -0.0023000512   0.1879473909   0.0909613722
        0.1873562086   0.0000094919  -0.0001286684  -0.0000394453   0.0000444447
       -0.0000342350   0.0000105483
        0.0013341223  -0.0005326640  -0.0005010486  -0.0061469194   0.0054735380
       -0.0002548504  -0.0004216944   0.0022158167  -0.0008803386  -0.0005555747
        0.0010337745  -0.0000719825  -0.0701628408   0.1192243613   0.0984276184
       -0.0003309117  -0.0000677980   0.0001504103   0.0001571305   0.0001157799
        0.0002004701  -0.0001506854  -0.0000478789   0.0000522316   0.0006851332
        0.0014458972   0.0012192281   0.0001040606   0.0001962318  -0.0001051341
       -0.0001382913  -0.0001691731  -0.0000994673  -0.0000213844   0.0000099923
        0.0000094919   0.0755797076  -0.1285732319  -0.0974779186   0.0000681479
       -0.0003246456  -0.0006687101
       -0.0001139865  -0.0003985517  -0.0004384037   0.0127942155  -0.0245758388
       -0.0117073170   0.0010910936  -0.0031310833   0.0023722230   0.0008306743
       -0.0013602529  -0.0000184172   0.1148615867  -0.2117189707  -0.1460924015
        0.0003152495   0.0003751657   0.0003264957  -0.0004150758  -0.0000431653
        0.0004354511  -0.0000304845   0.0002586123   0.0000186673   0.0000366046
        0.0007737724   0.0000624435  -0.0005820951  -0.0000181369   0.0004209990
        0.0001341068   0.0001500550   0.0002229205   0.0000491177  -0.0000123284
       -0.0001286684  -0.1285732319   0.2402443767   0.1551616894  -0.0003977750
       -0.0005436542  -0.0006356816
       -0.0003000620   0.0001102686   0.0001809974  -0.0095787261   0.0143056925
        0.0114193485   0.0005397917   0.0013416022  -0.0012755037  -0.0005715019
        0.0006884434   0.0003493774   0.1084586855  -0.1728746147  -0.1822879492
       -0.0001259749   0.0000731484  -0.0000230894   0.0001525242  -0.0000013232
        0.0001410899   0.0000669541   0.0001763415   0.0000550934  -0.0008261794
        0.0016694047   0.0018900263  -0.0004576635  -0.0001590459   0.0001649710
        0.0000155774   0.0002328976   0.0005197615  -0.0000879496   0.0000155711
       -0.0000394453  -0.0974779186   0.1551616894   0.1692382082   0.0001924432
       -0.0007400756  -0.0003328860
       -0.0035723598   0.0167405428  -0.0132851590  -0.0003805013   0.0008263389
       -0.0020493314  -0.0004419078   0.0000782385   0.0000412931   0.0002035232
       -0.0002314525   0.0001503670   0.0025938004   0.0023432510   0.0007233959
       -0.0158339395  -0.0364369194   0.0044715237   0.0006878221  -0.0000237982
        0.0006743570  -0.0018022462   0.0001823571  -0.0047171056   0.0005639026
        0.0002872751   0.0003535556  -0.0000283894   0.0000911782  -0.0000037090
       -0.0005857869   0.0006102375   0.0002500134   0.0000079505   0.0001576911
        0.0000444447   0.0000681479  -0.0003977750   0.0001924432   0.0185199840
        0.0157728348   0.0131539115
        0.0052249465   0.0086384423   0.0011496385  -0.0016970548  -0.0001779140
        0.0001356155  -0.0000206642  -0.0002882283   0.0002467147  -0.0000851253
        0.0002442647  -0.0003527852   0.0035481398   0.0029325921   0.0002030887
       -0.0226518562  -0.2976664848   0.1853144951  -0.0000241536   0.0005832848
       -0.0009266079  -0.0003424384   0.0007778974   0.0004375211   0.0000755084
       -0.0000722421   0.0001272356  -0.0001130854   0.0000988772  -0.0001098819
        0.0007970352  -0.0004684088  -0.0000892136  -0.0001594412  -0.0000855945
       -0.0000342350  -0.0003246456  -0.0005436542  -0.0007400756   0.0157728348
        0.2860271681  -0.1853615100
       -0.0045679099   0.0218032980  -0.0246598885  -0.0002574508   0.0008088077
       -0.0000445402  -0.0000202197   0.0002634049  -0.0000801706   0.0001204010
       -0.0001363368   0.0000350274   0.0005119935  -0.0014885960  -0.0000613168
       -0.0059999305   0.1645293777  -0.1424977770  -0.0006875398   0.0011133848
       -0.0005402442  -0.0020656674  -0.0010257597  -0.0036744238   0.0002618530
        0.0002582217   0.0000899346   0.0001160395  -0.0000145038   0.0000564357
        0.0001417152  -0.0001122983   0.0002268023  -0.0000384853  -0.0000018087
        0.0000105483  -0.0006687101  -0.0006356816  -0.0003328860   0.0131539115
       -0.1853615100   0.1714724989
