$hessian                                                                        
        0.5160760259  -0.0201404772   0.0136467218  -0.0679903326  -0.0150183514
        0.0213745030  -0.0000768410   0.0145311443  -0.0185027116  -0.0051159880
       -0.0135079139   0.0146827213   0.0001303238   0.0003374358  -0.0000387856
        0.0005251539   0.0004537110  -0.0003165452   0.0004403893   0.0012969069
       -0.0003940261   0.0002358559   0.0003204744  -0.0002477825  -0.1844827147
        0.1166557873  -0.0282324882  -0.0517019653   0.0241322331   0.0363420753
       -0.1990193535  -0.1025035260  -0.0435565585  -0.0008654436  -0.0048643084
        0.0087628013   0.0009904828  -0.0000515498  -0.0007332838   0.0004571843
        0.0011560255  -0.0006961616  -0.0037080036   0.0034027595  -0.0027275108
       -0.0026718680  -0.0036979321   0.0000323694  -0.0000195139  -0.0002295115
        0.0000453094  -0.0000008703  -0.0000065218   0.0001906226   0.0000039461
       -0.0001305579   0.0002374763   0.0000805591  -0.0000024379   0.0000106865
       -0.0001224792  -0.0000991148   0.0001206124  -0.0024224682  -0.0014348296
       -0.0005006727  -0.0002918535  -0.0003823171   0.0001028152  -0.0003993517
       -0.0001294229   0.0003238702  -0.0000232028  -0.0000363218   0.0000229467
       -0.0000276709  -0.0000513837   0.0000509952
       -0.0201404772   0.4952358003   0.0321389237  -0.0142562212  -0.1113372483
        0.0595008773   0.0023295154  -0.0141725280   0.0161819180  -0.0059715128
       -0.0141835028   0.0139952089   0.0004227613   0.0008895072  -0.0004281009
        0.0005131662   0.0005813300  -0.0002519998  -0.0008365379  -0.0003445740
       -0.0004130717   0.0000685268  -0.0003382297   0.0001078481   0.1169111582
       -0.1375979148   0.0219771532   0.0241549090  -0.1095427434  -0.1059751659
       -0.1030127393  -0.1118579752  -0.0305945233   0.0023026299   0.0072919539
       -0.0100738209  -0.0010158974   0.0005522264   0.0007537140  -0.0005318732
        0.0004446508  -0.0003799287   0.0025939914  -0.0018340873   0.0018826680
       -0.0028649533  -0.0027896503   0.0003778885  -0.0001285342  -0.0001172924
        0.0001258305  -0.0000039160  -0.0000349963   0.0003696835  -0.0007115335
       -0.0010972550   0.0003789716  -0.0000934629   0.0001223273  -0.0000307021
       -0.0000842780  -0.0000745352   0.0000961619   0.0003982609   0.0001945547
        0.0004502487  -0.0002537190  -0.0002097021   0.0000448483   0.0002194331
        0.0002200487  -0.0003545056   0.0000749366   0.0000780534   0.0000502953
       -0.0000836329  -0.0000782180   0.0000695794
        0.0136467218   0.0321389237   0.4886859114   0.0186564822   0.0564247537
       -0.1456740858  -0.0024576805   0.0103095431  -0.0107160035   0.0027182697
        0.0017375428   0.0034350067   0.0003182401   0.0005072753  -0.0005630610
       -0.0000470780  -0.0001401218  -0.0002497766   0.0003376120   0.0005462764
       -0.0002335178  -0.0002300057  -0.0001459267  -0.0003065079  -0.0284899134
        0.0221199026  -0.0481811455   0.0358943987  -0.1055811649  -0.2090467241
       -0.0438957479  -0.0305090550  -0.0549423444   0.0063770426   0.0149852545
       -0.0259167349   0.0006987054  -0.0006296088   0.0012050950   0.0005972557
        0.0001613674   0.0000867804  -0.0017081528   0.0010589195  -0.0000279400
       -0.0008378114  -0.0011381949   0.0011490926   0.0000023847  -0.0001063409
        0.0000876408  -0.0000307311  -0.0002951025   0.0001158505  -0.0007938198
       -0.0008893202   0.0003296212  -0.0000216765  -0.0000551510   0.0001283763
       -0.0000787996  -0.0000198122   0.0001937973  -0.0006740831  -0.0004811109
        0.0000095824  -0.0001210353  -0.0001354828   0.0000834857   0.0000946246
        0.0000465054   0.0000789500   0.0000339201   0.0000459874   0.0000839628
        0.0000108776   0.0000441409   0.0001846886
       -0.0679903326  -0.0142562212   0.0186564822   0.4594754700  -0.0121796348
       -0.0307743833  -0.1534541174   0.0488366543  -0.0264000331  -0.1123204571
       -0.0509308986  -0.0075364731   0.0031528014   0.0001636989  -0.0029959600
       -0.0218260227  -0.0144317073  -0.0014347842   0.0004857257  -0.0003021565
        0.0002596721   0.0002896548   0.0000710353  -0.0002252908   0.0035372305
        0.0148813730  -0.0173345900  -0.0016702407  -0.0025867174   0.0064296639
       -0.0079015539  -0.0167928263   0.0181700533  -0.0580977961   0.0350875100
        0.0493801761  -0.0138088594   0.0092533953  -0.0001156638  -0.0225406509
        0.0077024100  -0.0069866982   0.0027234029  -0.0005868361  -0.0004235437
       -0.0050046197  -0.0069678516   0.0005416277  -0.0000696528   0.0006415595
        0.0000750387   0.0002079912   0.0013747735   0.0013900117   0.0003335211
       -0.0001417924   0.0004040494  -0.0046004082   0.0009492381  -0.0007264063
       -0.0001096715   0.0000030447  -0.0000847421   0.0003199759   0.0003414680
       -0.0001232624   0.0000966075   0.0001025990  -0.0001056541  -0.0010310615
        0.0000566118   0.0001230003   0.0000449365  -0.0003722945  -0.0001980848
       -0.0002418730   0.0000835654   0.0000357944
       -0.0150183514  -0.1113372483   0.0564247537  -0.0121796348   0.4865672855
        0.0193555667   0.0518630941  -0.0910123248   0.0136180231  -0.0481626581
       -0.1127973222  -0.0090477576  -0.0118024865  -0.0168018729  -0.0075247018
        0.0024972003   0.0080868548   0.0007802205  -0.0000054706  -0.0001340416
       -0.0002703717  -0.0003452953  -0.0002985130   0.0000237476  -0.0017881114
       -0.0136680762   0.0155998766   0.0027273817   0.0098328271  -0.0100417200
       -0.0075262732  -0.0138474731   0.0146184193   0.0347386874  -0.1124323605
       -0.0975983252   0.0150069094  -0.0089542161   0.0016574489  -0.0159898927
        0.0073015300  -0.0052415501   0.0160505117  -0.0113818720   0.0076687750
       -0.0151741538  -0.0175934468   0.0019090746   0.0000989859  -0.0000638545
        0.0002988789   0.0006759654  -0.0024029109  -0.0027791103  -0.0001463569
        0.0007208454   0.0008172501   0.0030154104   0.0004489927  -0.0002376795
       -0.0000110228   0.0000266441  -0.0000035502   0.0000765081  -0.0000640361
        0.0000424683   0.0001915167  -0.0001656689   0.0001626408   0.0008330271
       -0.0001002669   0.0001067492   0.0002025797  -0.0000906992  -0.0001946915
        0.0001719296   0.0001612244  -0.0001444353
        0.0213745030   0.0595008773  -0.1456740858  -0.0307743833   0.0193555667
        0.5056596732  -0.0254130313   0.0117903847  -0.0738610822  -0.0127139887
       -0.0135678075  -0.0679871800  -0.0138574337  -0.0169465967  -0.0047185703
       -0.0035521047  -0.0021497191  -0.0003452122   0.0003027560   0.0000374238
       -0.0000491925  -0.0003695359  -0.0001241372  -0.0003730882  -0.0004294196
        0.0054864170  -0.0059021569   0.0071530214   0.0138264191  -0.0256384812
        0.0004506082  -0.0011131982   0.0031498743   0.0499603526  -0.0978576207
       -0.1762829064   0.0201053966  -0.0108084338   0.0051842888  -0.0104139988
        0.0044011112  -0.0032077243  -0.0181184389   0.0123707394  -0.0079007686
        0.0159476096   0.0194404533  -0.0002860793  -0.0000101811   0.0001549013
        0.0004687979   0.0003010647  -0.0036213138  -0.0033328069  -0.0005400143
        0.0003874464   0.0004216683   0.0000109419  -0.0003289279   0.0006604290
       -0.0001037609  -0.0001807450  -0.0001028327  -0.0001804452   0.0002794717
       -0.0000569998   0.0001367205   0.0000023917  -0.0000352775   0.0003383855
       -0.0003356236   0.0004712124  -0.0001133666  -0.0002056252  -0.0000968582
        0.0005087429   0.0002061453  -0.0001646411
       -0.0000768410   0.0023295154  -0.0024576805  -0.1534541174   0.0518630941
       -0.0254130313   0.4685722974   0.0272402025  -0.0205989597  -0.0262356204
        0.0039797423  -0.0070069094  -0.0001328527  -0.0000441948   0.0000215935
       -0.0020187716  -0.0028667940  -0.0006856977  -0.0001378111   0.0001913992
       -0.0000409371   0.0002618601  -0.0000491759  -0.0000282760   0.0008403766
       -0.0009344050   0.0007350080   0.0004780701  -0.0006410673   0.0004351558
        0.0010210534  -0.0007539414   0.0009960422  -0.0140807100   0.0093281814
       -0.0019458228  -0.0821630999   0.0441682093   0.0774167649  -0.1400491588
       -0.1052639546  -0.0523958587  -0.0507058354  -0.0298414545   0.0326184729
       -0.0000746284   0.0012308917  -0.0010047164  -0.0004537385   0.0000350970
       -0.0004598725  -0.0002287544   0.0002398828   0.0000904538  -0.0000419943
       -0.0001506532  -0.0000449990  -0.0011293953   0.0001382132  -0.0000576567
       -0.0000459078   0.0000116146   0.0000254590  -0.0001109246  -0.0001040951
        0.0000516268  -0.0000014764   0.0000478790  -0.0001511542  -0.0000140470
       -0.0001416246   0.0000323448   0.0000556839  -0.0000737484  -0.0000107009
       -0.0000736565   0.0000611862  -0.0001206485
        0.0145311443  -0.0141725280   0.0103095431   0.0488366543  -0.0910123248
        0.0117903847   0.0272402025   0.5092533099   0.0070470694  -0.0139455446
        0.0063516416  -0.0030637179   0.0004903843  -0.0003055456   0.0001964771
       -0.0021380056  -0.0022358314  -0.0006050967  -0.0002114066   0.0000154893
        0.0000695380   0.0001355728  -0.0002158329  -0.0000624235   0.0000875268
       -0.0023850999   0.0037304312  -0.0001036246   0.0005405465  -0.0004927292
        0.0015333826   0.0003280628   0.0004075111   0.0182709890  -0.0101763111
        0.0025760214   0.0445727356  -0.0944678368  -0.0870441614  -0.1051426862
       -0.1542175707  -0.0562226847  -0.0295920818  -0.1487948243   0.1131377181
       -0.0016091924   0.0008459210  -0.0010679148  -0.0012598667  -0.0000966736
       -0.0004165034  -0.0003999229   0.0001963567  -0.0001286891  -0.0001502982
       -0.0000224160  -0.0001461706  -0.0010098432   0.0000628586  -0.0000074029
        0.0000318961   0.0000016459   0.0000490166  -0.0000306966   0.0000570521
       -0.0000636312  -0.0001166119   0.0001246543  -0.0001194810   0.0000331162
        0.0002084275  -0.0000194627  -0.0000261761   0.0001654057   0.0000682325
       -0.0000276471  -0.0000485770   0.0000781257
       -0.0185027116   0.0161819180  -0.0107160035  -0.0264000331   0.0136180231
       -0.0738610822  -0.0205989597   0.0070470694   0.5172692787  -0.0089235317
        0.0020826705  -0.0024836772   0.0007208063   0.0001427495  -0.0000030129
       -0.0003562561  -0.0010367033   0.0000590717   0.0000755430   0.0000229028
       -0.0001198477   0.0003039620   0.0000289971  -0.0000092232  -0.0000538358
        0.0036518245  -0.0036467731  -0.0009177310   0.0004736766   0.0006625593
       -0.0009157594  -0.0005071225   0.0006591460   0.0181712403  -0.0117573349
        0.0044044147   0.0775812897  -0.0869790253  -0.1929407487  -0.0521100142
       -0.0563229108  -0.0726435622   0.0324648477   0.1133179212  -0.1677099553
        0.0013552931   0.0001364231   0.0007059856  -0.0011109219  -0.0004798026
        0.0000047953  -0.0001328380   0.0001446218   0.0000363055  -0.0001796559
        0.0000682349   0.0000482352  -0.0004224720   0.0000316084   0.0000622234
       -0.0000260521   0.0000254576   0.0000755389   0.0000321587  -0.0000151121
        0.0000143980  -0.0000069093  -0.0000152456   0.0000140092  -0.0000640754
        0.0001541287  -0.0001227892   0.0000597129   0.0001032959   0.0000642416
       -0.0000430966  -0.0001182660   0.0001764721
       -0.0051159880  -0.0059715128   0.0027182697  -0.1123204571  -0.0481626581
       -0.0127139887  -0.0262356204  -0.0139455446  -0.0089235317   0.4504129949
        0.0053343722  -0.0014233515  -0.0698178758   0.0168834395   0.0214213678
       -0.1492267009   0.0257052059  -0.0087745483  -0.0069004874   0.0048319538
       -0.0056024549  -0.0101515700   0.0068912975   0.0041684810   0.0002501695
        0.0004933863  -0.0001826509   0.0002482735   0.0000866348  -0.0003791550
        0.0005322704  -0.0004994779   0.0004093520   0.0032190361   0.0014251767
        0.0003027859   0.0006433898  -0.0004329751   0.0002905799  -0.0050158766
        0.0015247613  -0.0010862924   0.0004542271  -0.0011068176   0.0005482613
       -0.0404145663  -0.0031725706   0.0053680044  -0.0076903010   0.0177648711
        0.0183867487   0.0031687686  -0.0149078701  -0.0163834726  -0.0009181582
        0.0026226414   0.0044688115  -0.0277289587   0.0042399852  -0.0022594386
        0.0003016125  -0.0001104049   0.0004099250   0.0005862451  -0.0002283429
        0.0001156552   0.0007802396   0.0005271956  -0.0006222643   0.0003916963
       -0.0005730266  -0.0002828979   0.0002635650   0.0010503660   0.0006104235
        0.0002840722  -0.0002700861  -0.0005846194
       -0.0135079139  -0.0141835028   0.0017375428  -0.0509308986  -0.1127973222
       -0.0135678075   0.0039797423   0.0063516416   0.0020826705   0.0053343722
        0.4609540389  -0.0124598564   0.0161979618  -0.1132965366  -0.0548906205
        0.0348819570  -0.0755016330   0.0048105588   0.0110418948  -0.0047762659
        0.0036365569   0.0192214942  -0.0082236947  -0.0021071596  -0.0000284905
        0.0000307032  -0.0001616936   0.0003503972   0.0006112534  -0.0008669220
       -0.0003797032  -0.0019695108   0.0024883906  -0.0137822898  -0.0159733944
       -0.0072932802   0.0003266794   0.0001893341  -0.0001322116   0.0031032104
       -0.0003602105   0.0010833062   0.0012643149   0.0005564014   0.0003634446
       -0.0039054542  -0.1050215937   0.0970886919   0.0063134015  -0.0123580712
       -0.0125612617   0.0016334485  -0.0162648600  -0.0170544804  -0.0028245570
        0.0100123490   0.0085355876  -0.0202861457   0.0037236407  -0.0003882512
       -0.0003250080   0.0000851654  -0.0006904996   0.0002219860   0.0001652019
       -0.0001600029   0.0008990832  -0.0005230817   0.0016420099   0.0000484839
        0.0001666579   0.0004140567   0.0013250993  -0.0023637367  -0.0023190544
       -0.0001730658   0.0007670268   0.0007702849
        0.0146827213   0.0139952089   0.0034350067  -0.0075364731  -0.0090477576
       -0.0679871800  -0.0070069094  -0.0030637179  -0.0024836772  -0.0014233515
       -0.0124598564   0.5067812477   0.0211904734  -0.0589128149  -0.1380983819
       -0.0131089890   0.0071426859  -0.0641047520  -0.0223817354   0.0077316421
       -0.0038690312   0.0172686918  -0.0067813333  -0.0011105762  -0.0000204022
        0.0000537294   0.0002984989   0.0003536992  -0.0003775633   0.0006409954
        0.0017488627   0.0035941380  -0.0033099259  -0.0156079152  -0.0183645965
       -0.0069497432   0.0004403645  -0.0000734332   0.0000592715  -0.0019979969
        0.0007673874  -0.0001306473  -0.0012854667  -0.0005764675   0.0001409043
        0.0047568581   0.0979080908  -0.1913047725   0.0006823456   0.0019349974
        0.0030152173  -0.0004935153  -0.0056403572  -0.0047392436   0.0063850305
       -0.0150315424  -0.0253613519   0.0025057467  -0.0004932615   0.0007590595
       -0.0000985986  -0.0004355787   0.0003120939   0.0000600073  -0.0000449302
        0.0007729637  -0.0019477681   0.0022064838  -0.0047594012  -0.0000637201
        0.0001775990   0.0003209808   0.0019034317  -0.0036288697  -0.0026893220
        0.0009946087  -0.0005798823   0.0003617662
        0.0001303238   0.0004227613   0.0003182401   0.0031528014  -0.0118024865
       -0.0138574337  -0.0001328527   0.0004903843   0.0007208063  -0.0698178758
        0.0161979618   0.0211904734   0.5216770042   0.0068116301   0.0086697222
       -0.0106326738   0.0168816345   0.0178094250  -0.0000714776  -0.0003798468
       -0.0001085910  -0.0044888601   0.0017391014  -0.0002235545   0.0000073352
       -0.0002783864  -0.0000820279  -0.0001088570  -0.0005553889  -0.0004369710
        0.0001006848  -0.0001332341  -0.0002142324  -0.0025506605  -0.0036568726
       -0.0015455242  -0.0003843081  -0.0010774420  -0.0007079435   0.0001132114
       -0.0002015520  -0.0003070251  -0.0000391660  -0.0001554558  -0.0002393947
        0.0003652021   0.0018479259   0.0031988227  -0.2048926530   0.1035354524
       -0.0465441176  -0.1822130692  -0.1153481169  -0.0214313668  -0.0488812807
       -0.0184408564   0.0315756626   0.0002382259   0.0012563163   0.0005585136
       -0.0006823405   0.0012608907   0.0002480375  -0.0001139846   0.0000868697
       -0.0000654147  -0.0000744315   0.0003120378   0.0005516024  -0.0001399151
        0.0001309161   0.0000990136  -0.0005439699   0.0011468207   0.0009288795
       -0.0000164125  -0.0000910647  -0.0001056018
        0.0003374358   0.0008895072   0.0005072753   0.0001636989  -0.0168018729
       -0.0169465967  -0.0000441948  -0.0003055456   0.0001427495   0.0168834395
       -0.1132965366  -0.0589128149   0.0068116301   0.4875952058  -0.0383306107
        0.0088885471  -0.0115327287  -0.0102300790  -0.0005412809   0.0000195743
       -0.0000554207   0.0023708674  -0.0004310005   0.0001837398  -0.0000386406
       -0.0001293065  -0.0002037385  -0.0004507072  -0.0011108241  -0.0006386073
        0.0001726928  -0.0000190194  -0.0003205663  -0.0028592114  -0.0028542227
       -0.0016141655   0.0000878500  -0.0000433305  -0.0004712599   0.0002158858
       -0.0000811921  -0.0001942917  -0.0001051831   0.0001291410   0.0000063161
       -0.0021823490   0.0069649832   0.0090491276   0.1036086024  -0.1094562859
        0.0316899660  -0.1154740036  -0.1378353203  -0.0158217027  -0.0181833236
       -0.1014606709   0.1031869334  -0.0007475524   0.0005895035   0.0003509340
        0.0008927578  -0.0003018757  -0.0003144562   0.0000775155  -0.0000615377
       -0.0001568236  -0.0000556204  -0.0000071117  -0.0003310605  -0.0000151188
        0.0001116047  -0.0000488707   0.0001935693  -0.0005351851  -0.0005655565
       -0.0000073066  -0.0000359525   0.0000395798
       -0.0000387856  -0.0004281009  -0.0005630610  -0.0029959600  -0.0075247018
       -0.0047185703   0.0000215935   0.0001964771  -0.0000030129   0.0214213678
       -0.0548906205  -0.1380983819   0.0086697222  -0.0383306107   0.4894432637
        0.0031795302  -0.0017763782   0.0009418036   0.0002503765  -0.0002733724
       -0.0005569697  -0.0006007117   0.0001955971   0.0004413764  -0.0000137022
        0.0000059519   0.0000309261   0.0005880033   0.0008417523   0.0005070133
        0.0000397333   0.0002463391   0.0000546371  -0.0006226654  -0.0005814098
        0.0007868726  -0.0003429231  -0.0003590524  -0.0001414747   0.0001828863
       -0.0000442263   0.0000704535   0.0000468417  -0.0001430743   0.0000754485
        0.0075838604  -0.0170717994  -0.0276765257  -0.0462618903   0.0313868671
       -0.0557269546  -0.0209958797  -0.0156075749  -0.0461558704   0.0314767477
        0.1030519292  -0.2202357098  -0.0004884967   0.0001358272   0.0002321665
       -0.0008521950   0.0004419904   0.0004960046  -0.0000566857   0.0001702913
        0.0001805390  -0.0001255370   0.0002484107   0.0000895405   0.0001227772
       -0.0000058259  -0.0000338665  -0.0001375383   0.0000287552   0.0001877430
       -0.0000504693   0.0000865589   0.0003726092
        0.0005251539   0.0005131662  -0.0000470780  -0.0218260227   0.0024972003
       -0.0035521047  -0.0020187716  -0.0021380056  -0.0003562561  -0.1492267009
        0.0348819570  -0.0131089890  -0.0106326738   0.0088885471   0.0031795302
        0.4624815934   0.0207485625   0.0032919387  -0.0717587242   0.0065828415
       -0.0218857229  -0.0704667379   0.0155504306   0.0180176166   0.0002460273
       -0.0003714022   0.0002487316  -0.0001340440  -0.0000671991   0.0000731185
        0.0001535959   0.0000492069  -0.0000322119   0.0006925508   0.0005961562
        0.0003775559  -0.0000512722  -0.0001311024  -0.0001649528  -0.0007661584
        0.0003993007  -0.0001267814   0.0001310142  -0.0002447566   0.0001647300
       -0.0079336973   0.0035587145  -0.0029662101   0.0001526754   0.0003473844
        0.0007615822   0.0006493630  -0.0009967567  -0.0007479748   0.0003049974
       -0.0003603180  -0.0004383639  -0.1189999653  -0.1011762307   0.0200995024
        0.0011488951  -0.0016667632   0.0032600315   0.0039935978  -0.0066748217
        0.0151848893  -0.0111134158   0.0124011517  -0.0275824643   0.0033957052
       -0.0104370460  -0.0100733737  -0.0104425156   0.0215593787   0.0211589660
        0.0014955302  -0.0043095964  -0.0047357093
        0.0004537110   0.0005813300  -0.0001401218  -0.0144317073   0.0080868548
       -0.0021497191  -0.0028667940  -0.0022358314  -0.0010367033   0.0257052059
       -0.0755016330   0.0071426859   0.0168816345  -0.0115327287  -0.0017763782
        0.0207485625   0.5084841433  -0.0072606097   0.0089639618  -0.0837816004
        0.0440438228   0.0175491643  -0.1264325821  -0.0608536434  -0.0000711586
       -0.0004170831   0.0003114745   0.0000063190  -0.0000484161   0.0000562161
        0.0000892240  -0.0001134284  -0.0000280692  -0.0000373395   0.0002018407
       -0.0003950884   0.0000597922  -0.0000333509   0.0000096441  -0.0010774253
        0.0002785339  -0.0003927768   0.0000925270  -0.0000254986  -0.0000428553
        0.0171680836  -0.0083075956   0.0056844781   0.0017209260  -0.0023696360
       -0.0032875566   0.0013089453  -0.0000977245  -0.0000894764  -0.0002439409
        0.0004308524   0.0004171375  -0.1016274095  -0.1736613667   0.0253358356
       -0.0047201317   0.0066453421  -0.0182964906   0.0041318567  -0.0127284718
        0.0233373597   0.0042735043  -0.0037036266   0.0082959813   0.0034400268
       -0.0235143146  -0.0186113305   0.0043728055  -0.0063814145  -0.0056208608
       -0.0018903436   0.0061774056   0.0053470446
       -0.0003165452  -0.0002519998  -0.0002497766  -0.0014347842   0.0007802205
       -0.0003452122  -0.0006856977  -0.0006050967   0.0000590717  -0.0087745483
        0.0048105588  -0.0641047520   0.0178094250  -0.0102300790   0.0009418036
        0.0032919387  -0.0072606097   0.4724057094  -0.0259730886   0.0440356157
       -0.1680934897   0.0207636266  -0.0609085809  -0.1256241930   0.0000705060
        0.0002966376   0.0002513704   0.0002263923  -0.0000931938  -0.0001142207
       -0.0000986205  -0.0000036066  -0.0000708514  -0.0003512836  -0.0002532524
       -0.0002536578  -0.0000307352  -0.0001062879  -0.0000793266  -0.0002907985
       -0.0000635947   0.0000871514   0.0000256257  -0.0001054497   0.0001198821
       -0.0232390584   0.0130868529  -0.0067415313   0.0017532798  -0.0030946978
       -0.0029025836   0.0004256982   0.0001026537   0.0006625931   0.0004278385
        0.0002608154   0.0000749143   0.0193669055   0.0253403667  -0.0462694741
       -0.0045666356   0.0054828020  -0.0237025819   0.0002485017   0.0065814389
       -0.0084137675  -0.0034063539   0.0024343951  -0.0042452399  -0.0022262901
        0.0000508417   0.0024749474   0.0018247111  -0.0024377903  -0.0016574481
        0.0051599905  -0.0178489595  -0.0242093370
        0.0004403893  -0.0008365379   0.0003376120   0.0004857257  -0.0000054706
        0.0003027560  -0.0001378111  -0.0002114066   0.0000755430  -0.0069004874
        0.0110418948  -0.0223817354  -0.0000714776  -0.0005412809   0.0002503765
       -0.0717587242   0.0089639618  -0.0259730886   0.5098033545   0.0132000295
       -0.0239736022   0.0007327895  -0.0013875683   0.0033876853  -0.0020343306
       -0.0000934376  -0.0006484206   0.0000454883  -0.0001006028  -0.0002517772
       -0.0003473748   0.0002497901  -0.0001784450  -0.0001396171   0.0000645749
       -0.0002194281   0.0000401514  -0.0000068253  -0.0000477901  -0.0001194579
       -0.0000268996  -0.0000271573  -0.0000370899   0.0000504380  -0.0000158428
       -0.0042850377   0.0027734790  -0.0019023699   0.0000703794   0.0001147081
       -0.0005204848  -0.0001028484   0.0001293097   0.0000283855  -0.0004392244
        0.0006473720  -0.0007263340   0.0025506945  -0.0076219099   0.0147074411
       -0.0483437795   0.0240493895   0.0259492127  -0.1153174361  -0.1079551342
        0.0285359499  -0.2652958717   0.0564118973   0.0016531029   0.0003065516
        0.0002903585  -0.0003972105   0.0005934268  -0.0000678165   0.0009526543
        0.0002616174   0.0008676870   0.0010829673
        0.0012969069  -0.0003445740   0.0005462764  -0.0003021565  -0.0001340416
        0.0000374238   0.0001913992   0.0000154893   0.0000229028   0.0048319538
       -0.0047762659   0.0077316421  -0.0003798468   0.0000195743  -0.0002733724
        0.0065828415  -0.0837816004   0.0440356157   0.0132000295   0.5221316058
        0.0235920005  -0.0022672212   0.0047225282  -0.0170496812  -0.0013909954
       -0.0003335911  -0.0006990573  -0.0001520116   0.0001778233   0.0000479794
        0.0001693407   0.0001385777   0.0000362095   0.0001010644   0.0000961131
       -0.0000429940  -0.0000225445   0.0000450004   0.0000319269   0.0000505101
        0.0000310073  -0.0000141207  -0.0000625812   0.0000697132  -0.0000760895
        0.0024277255  -0.0001995441   0.0004726301   0.0000138038   0.0001258476
        0.0001736195   0.0003640149  -0.0001208706   0.0002895549   0.0006727499
       -0.0001798309   0.0002606506   0.0021960465  -0.0124681069   0.0257703757
        0.0242763747  -0.1614758072  -0.1192239273  -0.1085200413  -0.2046570701
        0.0411946497   0.0564743600  -0.0589147646  -0.0008592101   0.0000872700
        0.0013265673  -0.0010277878  -0.0005078580   0.0002955478  -0.0005577501
        0.0006688649  -0.0018093280  -0.0044194670
       -0.0003940261  -0.0004130717  -0.0002335178   0.0002596721  -0.0002703717
       -0.0000491925  -0.0000409371   0.0000695380  -0.0001198477  -0.0056024549
        0.0036365569  -0.0038690312  -0.0001085910  -0.0000554207  -0.0005569697
       -0.0218857229   0.0440438228  -0.1680934897  -0.0239736022   0.0235920005
        0.4716620077  -0.0033400729   0.0034107938  -0.0292629823  -0.0000725178
        0.0000928687   0.0000953209  -0.0000869580   0.0000746978   0.0001426670
       -0.0002892574   0.0001280505   0.0000073620  -0.0000468220   0.0000691872
        0.0000963541  -0.0000406308   0.0000103749   0.0000060259   0.0000266044
        0.0000064933   0.0000281027  -0.0000078201  -0.0000678702   0.0000624473
       -0.0004492473  -0.0002062392   0.0006107341   0.0000801691  -0.0002266907
       -0.0001044882   0.0000668417  -0.0001707082   0.0002542411   0.0003043188
        0.0001193969   0.0003272631  -0.0009357313   0.0071416772  -0.0112064865
        0.0262343329  -0.1196688986  -0.1620806415   0.0286924876   0.0406884755
       -0.0534707093   0.0015449086  -0.0009238488  -0.0416994111  -0.0001858748
        0.0011919787   0.0011085260  -0.0005969798   0.0006391826   0.0003226436
        0.0008479112  -0.0029119755  -0.0039769280
        0.0002358559   0.0000685268  -0.0002300057   0.0002896548  -0.0003452953
       -0.0003695359   0.0002618601   0.0001355728   0.0003039620  -0.0101515700
        0.0192214942   0.0172686918  -0.0044888601   0.0023708674  -0.0006007117
       -0.0704667379   0.0175491643   0.0207636266   0.0007327895  -0.0022672212
       -0.0033400729   0.5147595988   0.0125612652   0.0144834780  -0.0001831166
        0.0000406136   0.0000705332  -0.0000966097  -0.0000435126   0.0001697960
       -0.0000094060   0.0000317812   0.0000808196  -0.0019352959   0.0011180022
        0.0009742838  -0.0002592656   0.0002251460  -0.0000195865   0.0000188941
        0.0000081834   0.0000270596  -0.0000322372   0.0000334331   0.0000655492
        0.0001397283  -0.0001214162   0.0006994196  -0.0005550398   0.0011009362
        0.0011755898   0.0000019883   0.0000532933  -0.0000248622  -0.0000375306
        0.0000832147   0.0000274589   0.0028135877  -0.0122118991  -0.0105057479
        0.0002657605   0.0004167263  -0.0014912635   0.0001050058   0.0003596170
        0.0001855076   0.0007454645  -0.0004688919  -0.0010010882  -0.0980787662
       -0.0987462297   0.0205191136  -0.2744832064   0.0383724308  -0.0035417937
       -0.0595925463   0.0204541973  -0.0556902211
        0.0003204744  -0.0003382297  -0.0001459267   0.0000710353  -0.0002985130
       -0.0001241372  -0.0000491759  -0.0002158329   0.0000289971   0.0068912975
       -0.0082236947  -0.0067813333   0.0017391014  -0.0004310005   0.0001955971
        0.0155504306  -0.1264325821  -0.0609085809  -0.0013875683   0.0047225282
        0.0034107938   0.0125612652   0.4929625287  -0.0346721215  -0.0002815190
        0.0001463455   0.0004045173  -0.0000327328  -0.0000379260   0.0000530446
        0.0000283965   0.0000632859  -0.0000149561  -0.0001456636   0.0006012586
       -0.0002244785  -0.0000598256   0.0000350397   0.0000336552   0.0000051160
        0.0000371308  -0.0000037587   0.0000134997   0.0000350346  -0.0000608797
       -0.0000966894   0.0002368075  -0.0006049154   0.0002795146  -0.0002231053
       -0.0004781325   0.0001119026   0.0003227349   0.0002132832   0.0001543569
       -0.0001496318  -0.0000018404   0.0034287659  -0.0232700020  -0.0202111024
        0.0004571052   0.0003281208   0.0025388978   0.0001062062   0.0010953842
        0.0009894091  -0.0003063678   0.0004383013   0.0005396051  -0.0985125309
       -0.2195511107   0.0382887359   0.0384927865  -0.0494963505   0.0020036655
        0.0206608186  -0.0723565214   0.0755319617
       -0.0002477825   0.0001078481  -0.0003065079  -0.0002252908   0.0000237476
       -0.0003730882  -0.0000282760  -0.0000624235  -0.0000092232   0.0041684810
       -0.0021071596  -0.0011105762  -0.0002235545   0.0001837398   0.0004413764
        0.0180176166  -0.0608536434  -0.1256241930   0.0033876853  -0.0170496812
       -0.0292629823   0.0144834780  -0.0346721215   0.4882509308   0.0001123101
       -0.0000441119  -0.0000177068   0.0000494632  -0.0000613092   0.0000869002
        0.0000524219  -0.0000613398   0.0000234523  -0.0002612593  -0.0001122045
        0.0006073748  -0.0000849793   0.0000497182   0.0000129075  -0.0000182362
       -0.0000109701   0.0000185418   0.0000155735  -0.0000011293   0.0000737382
       -0.0007037798   0.0006859267   0.0008287702  -0.0000763992   0.0000286090
       -0.0000080015   0.0000479311   0.0001252991   0.0000010261  -0.0000933121
        0.0000030337   0.0001285130   0.0002358518  -0.0015323674   0.0004966126
       -0.0010861163   0.0013298914  -0.0060545357   0.0001049462  -0.0010544317
        0.0009903046   0.0009066880  -0.0007868591   0.0005259622   0.0206830219
        0.0384397213  -0.0514086593  -0.0035813359   0.0022962330  -0.0429329584
       -0.0556351469   0.0751359843  -0.2353779785
       -0.1844827147   0.1169111582  -0.0284899134   0.0035372305  -0.0017881114
       -0.0004294196   0.0008403766   0.0000875268  -0.0000538358   0.0002501695
       -0.0000284905  -0.0000204022   0.0000073352  -0.0000386406  -0.0000137022
        0.0002460273  -0.0000711586   0.0000705060  -0.0020343306  -0.0013909954
       -0.0000725178  -0.0001831166  -0.0002815190   0.0001123101   0.2176863848
       -0.1344331582   0.0347612233  -0.0068570373   0.0059854130   0.0004569362
       -0.0273440209   0.0158265299  -0.0051860253   0.0003424245  -0.0002554769
       -0.0001807023   0.0001316482  -0.0003074827  -0.0001065791   0.0001430926
        0.0000455857   0.0002417888   0.0001564380   0.0000735797  -0.0000340158
       -0.0001128733  -0.0000251592   0.0000080266  -0.0000258401  -0.0000649386
        0.0000443071   0.0000184247  -0.0000158073   0.0000150499  -0.0000441984
        0.0001556493  -0.0000015967  -0.0000826485   0.0000404637  -0.0000438225
        0.0001949242   0.0001963780  -0.0000777002  -0.0021227267  -0.0008989985
       -0.0012812728  -0.0002862930   0.0000353606   0.0000003704   0.0000579681
        0.0000835699   0.0003591831  -0.0000690880   0.0000426612   0.0000083732
        0.0000324438   0.0001160612  -0.0000865687
        0.1166557873  -0.1375979148   0.0221199026   0.0148813730  -0.0136680762
        0.0054864170  -0.0009344050  -0.0023850999   0.0036518245   0.0004933863
        0.0000307032   0.0000537294  -0.0002783864  -0.0001293065   0.0000059519
       -0.0003714022  -0.0004170831   0.0002966376  -0.0000934376  -0.0003335911
        0.0000928687   0.0000406136   0.0001463455  -0.0000441119  -0.1344331582
        0.1565676787  -0.0279616082   0.0170741605  -0.0136356207  -0.0001628148
       -0.0125024616   0.0097458665  -0.0025477823   0.0000574314   0.0007684326
       -0.0006144405  -0.0002988959   0.0001640419   0.0000287642  -0.0000832385
        0.0000049210   0.0000064899   0.0010376987  -0.0006671903   0.0007435299
        0.0000662513   0.0000923345  -0.0000366301  -0.0000307665   0.0002066617
       -0.0000710454  -0.0000253185  -0.0000279902   0.0000128050   0.0002489998
       -0.0001834010  -0.0000599352   0.0001106778   0.0000600102  -0.0000831533
        0.0000366979  -0.0000548732  -0.0000953968  -0.0018174629   0.0007617800
       -0.0009375691   0.0002461103   0.0002024710  -0.0000876902  -0.0001636290
        0.0003568429   0.0002533363   0.0000542813   0.0000153652  -0.0000070649
        0.0000290933  -0.0000233077  -0.0000430141
       -0.0282324882   0.0219771532  -0.0481811455  -0.0173345900   0.0155998766
       -0.0059021569   0.0007350080   0.0037304312  -0.0036467731  -0.0001826509
       -0.0001616936   0.0002984989  -0.0000820279  -0.0002037385   0.0000309261
        0.0002487316   0.0003114745   0.0002513704  -0.0006484206  -0.0006990573
        0.0000953209   0.0000705332   0.0004045173  -0.0000177068   0.0347612233
       -0.0279616082   0.0562211030   0.0215749140  -0.0177720555   0.0023424966
       -0.0083552089   0.0043666065  -0.0006639413  -0.0007184566   0.0003051309
        0.0003586518   0.0001121284  -0.0000359009  -0.0001085254   0.0001755732
       -0.0000077421   0.0000372123  -0.0011548261   0.0010173093  -0.0006488682
       -0.0000957691  -0.0000751285  -0.0001009212  -0.0000238518   0.0000504797
       -0.0001285095  -0.0000400918  -0.0000538002   0.0000141875   0.0001522898
       -0.0000531661   0.0000468336  -0.0000851992  -0.0000376284  -0.0001589016
        0.0000331070  -0.0000912074  -0.0001357638  -0.0012434671  -0.0001919721
        0.0004854572   0.0000728487   0.0001352205  -0.0000394381   0.0004591026
       -0.0003068251  -0.0004137893  -0.0001258990  -0.0001633386   0.0000258126
       -0.0000725125  -0.0000833371  -0.0000614305
       -0.0517019653   0.0241549090   0.0358943987  -0.0016702407   0.0027273817
        0.0071530214   0.0004780701  -0.0001036246  -0.0009177310   0.0002482735
        0.0003503972   0.0003536992  -0.0001088570  -0.0004507072   0.0005880033
       -0.0001340440   0.0000063190   0.0002263923   0.0000454883  -0.0001520116
       -0.0000869580  -0.0000966097  -0.0000327328   0.0000494632  -0.0068570373
        0.0170741605   0.0215749140   0.0571039066  -0.0259241548  -0.0427025812
        0.0030118276  -0.0162093774  -0.0227307704   0.0001545589  -0.0009827346
        0.0018951215  -0.0000051850   0.0002719939  -0.0001274929  -0.0000635561
       -0.0001117345   0.0000167021  -0.0000934985   0.0000577393   0.0001048426
        0.0000447792   0.0000931743  -0.0001556402   0.0000291200   0.0001664580
       -0.0001463338  -0.0000076410   0.0001352831  -0.0001733232  -0.0002030430
       -0.0013930015  -0.0006006965   0.0000045659   0.0000383312  -0.0000483783
       -0.0001923168  -0.0002273641  -0.0001385158  -0.0003463169   0.0004867963
        0.0002608250   0.0002078183   0.0000701928  -0.0000781375   0.0001339700
        0.0000025101  -0.0000945345   0.0000084611  -0.0000299913  -0.0000273071
        0.0000094719  -0.0000182121  -0.0000889830
        0.0241322331  -0.1095427434  -0.1055811649  -0.0025867174   0.0098328271
        0.0138264191  -0.0006410673   0.0005405465   0.0004736766   0.0000866348
        0.0006112534  -0.0003775633  -0.0005553889  -0.0011108241   0.0008417523
       -0.0000671991  -0.0000484161  -0.0000931938  -0.0001006028   0.0001778233
        0.0000746978  -0.0000435126  -0.0000379260  -0.0000613092   0.0059854130
       -0.0136356207  -0.0177720555  -0.0259241548   0.1281213574   0.1229763169
        0.0011395006  -0.0119799128  -0.0171099844  -0.0007889424  -0.0012299661
        0.0036586073   0.0001098007   0.0000721047  -0.0000337666   0.0000443884
       -0.0002098996  -0.0000694109   0.0000320873  -0.0000581070  -0.0000324902
        0.0001724401   0.0000164582  -0.0001547617   0.0001498785  -0.0001923392
        0.0001465750   0.0000513711   0.0002179347  -0.0001331787  -0.0012774922
       -0.0013487436  -0.0005735618   0.0000002069   0.0000080300   0.0000724368
       -0.0000333229   0.0000968382   0.0000084742   0.0002549779  -0.0001746340
       -0.0001935711  -0.0000792838  -0.0001242327   0.0000246384  -0.0001159378
       -0.0000381855   0.0000871603   0.0000196656   0.0000060798  -0.0000195261
        0.0000350240   0.0000302972   0.0000147835
        0.0363420753  -0.1059751659  -0.2090467241   0.0064296639  -0.0100417200
       -0.0256384812   0.0004351558  -0.0004927292   0.0006625593  -0.0003791550
       -0.0008669220   0.0006409954  -0.0004369710  -0.0006386073   0.0005070133
        0.0000731185   0.0000562161  -0.0001142207  -0.0002517772   0.0000479794
        0.0001426670   0.0001697960   0.0000530446   0.0000869002   0.0004569362
       -0.0001628148   0.0023424966  -0.0427025812   0.1229763169   0.2437976228
       -0.0003645838  -0.0084746850  -0.0094678557   0.0009805382   0.0033656126
       -0.0050903447  -0.0004956209   0.0005521913   0.0000972226   0.0000427771
       -0.0000818730  -0.0000958019  -0.0000491048  -0.0000797266   0.0002869681
       -0.0001419756  -0.0002847848   0.0000360248  -0.0000381667   0.0002288713
       -0.0000744722  -0.0001712949  -0.0000159438   0.0000178244   0.0001256571
       -0.0000085225   0.0008974615  -0.0000344884   0.0000145332  -0.0000444589
        0.0000359103   0.0000408329   0.0000644398   0.0002262808  -0.0001397565
        0.0000333628  -0.0001214969  -0.0000597875  -0.0000002026  -0.0000497799
        0.0000683839  -0.0001297917   0.0000266963  -0.0000069891   0.0000464697
       -0.0001076092  -0.0000739540   0.0000423254
       -0.1990193535  -0.1030127393  -0.0438957479  -0.0079015539  -0.0075262732
        0.0004506082   0.0010210534   0.0015333826  -0.0009157594   0.0005322704
       -0.0003797032   0.0017488627   0.0001006848   0.0001726928   0.0000397333
        0.0001535959   0.0000892240  -0.0000986205  -0.0003473748   0.0001693407
       -0.0002892574  -0.0000094060   0.0000283965   0.0000524219  -0.0273440209
       -0.0125024616  -0.0083552089   0.0030118276   0.0011395006  -0.0003645838
        0.2306352545   0.1209526225   0.0514462055  -0.0002662471   0.0001146803
        0.0000556113   0.0000345966  -0.0000885058   0.0000143009   0.0003440622
        0.0001357842  -0.0001429512  -0.0001267838   0.0002410513  -0.0001621704
       -0.0003703239  -0.0005544760   0.0001204111   0.0000062222  -0.0000273463
        0.0000498128   0.0000166757   0.0000413968  -0.0000394634  -0.0001231615
        0.0000180194   0.0000791017  -0.0000401059   0.0000208745   0.0000187884
       -0.0000035312   0.0000015696   0.0001194483  -0.0001427983  -0.0003075780
        0.0001413284  -0.0000874083  -0.0001270496   0.0000448741  -0.0001242335
       -0.0001032592  -0.0001049817   0.0000362279   0.0000211653  -0.0000211510
        0.0000138312  -0.0000503090   0.0000083871
       -0.1025035260  -0.1118579752  -0.0305090550  -0.0167928263  -0.0138474731
       -0.0011131982  -0.0007539414   0.0003280628  -0.0005071225  -0.0004994779
       -0.0019695108   0.0035941380  -0.0001332341  -0.0000190194   0.0002463391
        0.0000492069  -0.0001134284  -0.0000036066   0.0002497901   0.0001385777
        0.0001280505   0.0000317812   0.0000632859  -0.0000613398   0.0158265299
        0.0097458665   0.0043666065  -0.0162093774  -0.0119799128  -0.0084746850
        0.1209526225   0.1302347095   0.0319956061   0.0001142246   0.0003861677
       -0.0002784840   0.0000269199  -0.0005113581  -0.0002013689   0.0004488070
       -0.0000730386   0.0008917558   0.0000533577   0.0002047914  -0.0002536376
       -0.0008179845  -0.0010284657   0.0001491545  -0.0000348775  -0.0000338831
        0.0000337009   0.0000437921   0.0000522155   0.0000265763   0.0001110897
        0.0002218130   0.0000586483  -0.0000546065   0.0000058925  -0.0000353732
        0.0000967371   0.0000508581   0.0000055779  -0.0002286815  -0.0001111798
       -0.0001158495   0.0000418698   0.0000983530  -0.0000002034  -0.0000568475
        0.0000145265   0.0000643638   0.0000028934   0.0000197567  -0.0000083832
        0.0000357583  -0.0000196319   0.0000017894
       -0.0435565585  -0.0305945233  -0.0549423444   0.0181700533   0.0146184193
        0.0031498743   0.0009960422   0.0004075111   0.0006591460   0.0004093520
        0.0024883906  -0.0033099259  -0.0002142324  -0.0003205663   0.0000546371
       -0.0000322119  -0.0000280692  -0.0000708514  -0.0001784450   0.0000362095
        0.0000073620   0.0000808196  -0.0000149561   0.0000234523  -0.0051860253
       -0.0025477823  -0.0006639413  -0.0227307704  -0.0171099844  -0.0094678557
        0.0514462055   0.0319956061   0.0645825813   0.0002302654   0.0000774060
        0.0003299421  -0.0001016672  -0.0002208353  -0.0000913540  -0.0003655827
        0.0003607366  -0.0004662004   0.0001353852  -0.0001370251   0.0000146626
        0.0008450661   0.0010317815  -0.0001648324  -0.0000069734  -0.0000087204
        0.0000223257   0.0000049450  -0.0000010787   0.0001111354   0.0000938419
        0.0001616376   0.0001279503   0.0000217581  -0.0000250513   0.0000183079
        0.0000609069   0.0000678876   0.0000226638  -0.0000040032  -0.0002000801
        0.0000129015  -0.0000683055  -0.0000420637   0.0000255181  -0.0000086823
       -0.0000106982  -0.0000191581  -0.0000170061   0.0000037657   0.0000003294
       -0.0000241772   0.0000120827   0.0000336739
       -0.0008654436   0.0023026299   0.0063770426  -0.0580977961   0.0347386874
        0.0499603526  -0.0140807100   0.0182709890   0.0181712403   0.0032190361
       -0.0137822898  -0.0156079152  -0.0025506605  -0.0028592114  -0.0006226654
        0.0006925508  -0.0000373395  -0.0003512836  -0.0001396171   0.0001010644
       -0.0000468220  -0.0019352959  -0.0001456636  -0.0002612593   0.0003424245
        0.0000574314  -0.0007184566   0.0001545589  -0.0007889424   0.0009805382
       -0.0002662471   0.0001142246   0.0002302654   0.0801911935  -0.0419668479
       -0.0578166123  -0.0050342210   0.0036438479  -0.0009478773   0.0002276961
        0.0002284563   0.0008720839   0.0004114807  -0.0002271985   0.0002012396
        0.0005219531   0.0002004744  -0.0001726508  -0.0001759718   0.0000159372
        0.0000627438   0.0000607726  -0.0008610407  -0.0008463326  -0.0000741994
        0.0001000691   0.0000790920   0.0001918591   0.0000624656   0.0001056575
        0.0000354242   0.0000117125   0.0001437332   0.0000546368   0.0000090301
       -0.0000173987  -0.0000106347  -0.0000195945   0.0000001938  -0.0018667686
        0.0013628093  -0.0006361170  -0.0000484491   0.0000068276   0.0000427619
       -0.0009575714  -0.0005385286   0.0008184459
       -0.0048643084   0.0072919539   0.0149852545   0.0350875100  -0.1124323605
       -0.0978576207   0.0093281814  -0.0101763111  -0.0117573349   0.0014251767
       -0.0159733944  -0.0183645965  -0.0036568726  -0.0028542227  -0.0005814098
        0.0005961562   0.0002018407  -0.0002532524   0.0000645749   0.0000961131
        0.0000691872   0.0011180022   0.0006012586  -0.0001122045  -0.0002554769
        0.0007684326   0.0003051309  -0.0009827346  -0.0012299661   0.0033656126
        0.0001146803   0.0003861677   0.0000774060  -0.0419668479   0.1357705320
        0.1093562184   0.0034371777  -0.0015459188   0.0009145126  -0.0007543038
        0.0008765091   0.0000597314  -0.0001273810  -0.0003205154  -0.0001705398
        0.0003393649  -0.0003076603  -0.0002621676   0.0000084588   0.0001624608
        0.0001297058   0.0001486812  -0.0010213589  -0.0010267095  -0.0000405513
        0.0000125751   0.0002627470   0.0001855768  -0.0001629075  -0.0000548537
        0.0000339780  -0.0000520875   0.0000614334  -0.0000296665  -0.0000139726
        0.0000239891   0.0000003033  -0.0000180556   0.0000373398   0.0010144726
        0.0000681674   0.0001397894   0.0001969195  -0.0001064380   0.0002024999
       -0.0004210714  -0.0000208418   0.0004501316
        0.0087628013  -0.0100738209  -0.0259167349   0.0493801761  -0.0975983252
       -0.1762829064  -0.0019458228   0.0025760214   0.0044044147   0.0003027859
       -0.0072932802  -0.0069497432  -0.0015455242  -0.0016141655   0.0007868726
        0.0003775559  -0.0003950884  -0.0002536578  -0.0002194281  -0.0000429940
        0.0000963541   0.0009742838  -0.0002244785   0.0006073748  -0.0001807023
       -0.0006144405   0.0003586518   0.0018951215   0.0036586073  -0.0050903447
        0.0000556113  -0.0002784840   0.0003299421  -0.0578166123   0.1093562184
        0.2064349150  -0.0008626600   0.0006263994   0.0006462960   0.0000937571
        0.0004318580   0.0005328602  -0.0000849094   0.0000062113   0.0003160546
        0.0002323050   0.0004804855   0.0004977460  -0.0000603480   0.0000911991
       -0.0000556076   0.0000802308  -0.0004850588  -0.0005158459   0.0000961204
        0.0002148175   0.0001430846   0.0000976103   0.0000419348  -0.0000636618
        0.0000967833   0.0000921372   0.0000183876   0.0000656616   0.0000025867
       -0.0002323878  -0.0000228177   0.0000316417  -0.0000195167  -0.0004807848
        0.0006631101   0.0001682478   0.0003295653   0.0002491432  -0.0000313161
        0.0003792400   0.0000977645   0.0000705211
        0.0009904828  -0.0010158974   0.0006987054  -0.0138088594   0.0150069094
        0.0201053966  -0.0821630999   0.0445727356   0.0775812897   0.0006433898
        0.0003266794   0.0004403645  -0.0003843081   0.0000878500  -0.0003429231
       -0.0000512722   0.0000597922  -0.0000307352   0.0000401514  -0.0000225445
       -0.0000406308  -0.0002592656  -0.0000598256  -0.0000849793   0.0001316482
       -0.0002988959   0.0001121284  -0.0000051850   0.0001098007  -0.0004956209
        0.0000345966   0.0000269199  -0.0001016672  -0.0050342210   0.0034371777
       -0.0008626600   0.0960531034  -0.0529426796  -0.0885828391   0.0074933898
       -0.0101349606  -0.0160414980  -0.0028914252   0.0025694341   0.0083656770
       -0.0001105942   0.0000455039   0.0001432338  -0.0009402886  -0.0017571168
       -0.0005864109   0.0002608260   0.0000157513   0.0000380681  -0.0001446567
        0.0001054351  -0.0003322266   0.0000216837  -0.0000107937   0.0000355475
       -0.0000354043  -0.0000310540  -0.0000372285  -0.0000061506   0.0000226450
        0.0000436413   0.0000483896  -0.0000104591   0.0000128809   0.0000549024
       -0.0000997687   0.0000617807  -0.0000216224  -0.0000553534  -0.0000391264
        0.0000837896   0.0000527150  -0.0000601679
       -0.0000515498   0.0005522264  -0.0006296088   0.0092533953  -0.0089542161
       -0.0108084338   0.0441682093  -0.0944678368  -0.0869790253  -0.0004329751
        0.0001893341  -0.0000734332  -0.0010774420  -0.0000433305  -0.0003590524
       -0.0001311024  -0.0000333509  -0.0001062879  -0.0000068253   0.0000450004
        0.0000103749   0.0002251460   0.0000350397   0.0000497182  -0.0003074827
        0.0001640419  -0.0000359009   0.0002719939   0.0000721047   0.0005521913
       -0.0000885058  -0.0005113581  -0.0002208353   0.0036438479  -0.0015459188
        0.0006263994  -0.0529426796   0.1100561413   0.1028994991   0.0070422962
       -0.0138128972  -0.0221603181  -0.0085428247   0.0090664942   0.0175703475
        0.0000860365  -0.0001004659   0.0000705759  -0.0012222950  -0.0005790331
       -0.0005937104   0.0000216084  -0.0001160130   0.0000851326   0.0001415361
        0.0000255705   0.0001346798  -0.0000210745   0.0000051988  -0.0000026635
        0.0000054387   0.0000258667   0.0000022311   0.0000118181  -0.0000452621
       -0.0000181734  -0.0000091532  -0.0000175409   0.0000018992  -0.0000473019
        0.0000409434  -0.0000609588   0.0000486352   0.0000089976  -0.0000024975
       -0.0000387498  -0.0000597362   0.0000478503
       -0.0007332838   0.0007537140   0.0012050950  -0.0001156638   0.0016574489
        0.0051842888   0.0774167649  -0.0870441614  -0.1929407487   0.0002905799
       -0.0001322116   0.0000592715  -0.0007079435  -0.0004712599  -0.0001414747
       -0.0001649528   0.0000096441  -0.0000793266  -0.0000477901   0.0000319269
        0.0000060259  -0.0000195865   0.0000336552   0.0000129075  -0.0001065791
        0.0000287642  -0.0001085254  -0.0001274929  -0.0000337666   0.0000972226
        0.0000143009  -0.0002013689  -0.0000913540  -0.0009478773   0.0009145126
        0.0006462960  -0.0885828391   0.1028994991   0.2227738386   0.0037051340
       -0.0086519503  -0.0123313128   0.0110481530  -0.0097354658  -0.0242519444
        0.0000180463  -0.0001159542  -0.0002368632  -0.0006030755  -0.0001901921
        0.0003440025  -0.0001319069   0.0000974399  -0.0000210710  -0.0002037508
        0.0001235673  -0.0001252909   0.0000257323   0.0000439105  -0.0000221409
       -0.0000008909   0.0000158719   0.0000362334  -0.0000033259  -0.0000189604
        0.0000031571   0.0000136485  -0.0000074139  -0.0000125088  -0.0000196413
        0.0000150242  -0.0000160570   0.0000340444  -0.0000112935   0.0000047165
       -0.0000498040  -0.0000109801   0.0000055631
        0.0004571843  -0.0005318732   0.0005972557  -0.0225406509  -0.0159898927
       -0.0104139988  -0.1400491588  -0.1051426862  -0.0521100142  -0.0050158766
        0.0031032104  -0.0019979969   0.0001132114   0.0002158858   0.0001828863
       -0.0007661584  -0.0010774253  -0.0002907985  -0.0001194579   0.0000505101
        0.0000266044   0.0000188941   0.0000051160  -0.0000182362   0.0001430926
       -0.0000832385   0.0001755732  -0.0000635561   0.0000443884   0.0000427771
        0.0003440622   0.0004488070  -0.0003655827   0.0002276961  -0.0007543038
        0.0000937571   0.0074933898   0.0070422962   0.0037051340   0.1656074110
        0.1208885535   0.0618343929  -0.0054521640  -0.0084401082  -0.0014503472
        0.0000885527   0.0002553479  -0.0000791594  -0.0000865034  -0.0000350664
        0.0000791051   0.0000944053  -0.0000358647   0.0000473648  -0.0000400293
        0.0000308752  -0.0000113043  -0.0004444303   0.0000219313   0.0000101987
        0.0000276140  -0.0000064852   0.0000307731   0.0000052921  -0.0000198739
        0.0000005034  -0.0000462162   0.0000387401  -0.0000339159  -0.0000096110
        0.0000014817  -0.0000393881   0.0000079770   0.0000214623   0.0000062215
        0.0000050302  -0.0000517878  -0.0000218050
        0.0011560255   0.0004446508   0.0001613674   0.0077024100   0.0073015300
        0.0044011112  -0.1052639546  -0.1542175707  -0.0563229108   0.0015247613
       -0.0003602105   0.0007673874  -0.0002015520  -0.0000811921  -0.0000442263
        0.0003993007   0.0002785339  -0.0000635947  -0.0000268996   0.0000310073
        0.0000064933   0.0000081834   0.0000371308  -0.0000109701   0.0000455857
        0.0000049210  -0.0000077421  -0.0001117345  -0.0002098996  -0.0000818730
        0.0001357842  -0.0000730386   0.0003607366   0.0002284563   0.0008765091
        0.0004318580  -0.0101349606  -0.0138128972  -0.0086519503   0.1208885535
        0.1791436640   0.0649118552  -0.0164143356  -0.0196653681  -0.0058017869
        0.0001543876  -0.0000519916  -0.0001919813  -0.0001255692   0.0002238063
        0.0000614319  -0.0000430186   0.0000815745   0.0000253800   0.0000010393
        0.0000076453   0.0000378893   0.0001402914  -0.0000158956   0.0000040386
        0.0000201650  -0.0000186388   0.0000031463  -0.0000021018   0.0000226190
       -0.0000223295  -0.0000430163   0.0000164779  -0.0000068111  -0.0000084452
        0.0000557669  -0.0000058158  -0.0000212626   0.0000129167   0.0000162581
       -0.0000080933  -0.0000320506   0.0000230388
       -0.0006961616  -0.0003799287   0.0000867804  -0.0069866982  -0.0052415501
       -0.0032077243  -0.0523958587  -0.0562226847  -0.0726435622  -0.0010862924
        0.0010833062  -0.0001306473  -0.0003070251  -0.0001942917   0.0000704535
       -0.0001267814  -0.0003927768   0.0000871514  -0.0000271573  -0.0000141207
        0.0000281027   0.0000270596  -0.0000037587   0.0000185418   0.0002417888
        0.0000064899   0.0000372123   0.0000167021  -0.0000694109  -0.0000958019
       -0.0001429512   0.0008917558  -0.0004662004   0.0008720839   0.0000597314
        0.0005328602  -0.0160414980  -0.0221603181  -0.0123313128   0.0618343929
        0.0649118552   0.0812378055   0.0149685095   0.0174306748   0.0068941493
       -0.0000033788   0.0000296035  -0.0000075462   0.0000014957   0.0001810315
       -0.0001482989  -0.0000516021   0.0000822359   0.0000135495   0.0000417954
       -0.0000594459   0.0000551393  -0.0001496467   0.0000167542  -0.0000184902
        0.0000237608   0.0000009222   0.0000047241   0.0000004091  -0.0000054495
       -0.0000099757  -0.0000038076   0.0000148846   0.0000018375  -0.0000006722
        0.0000161361  -0.0000019656  -0.0000065747   0.0000124300  -0.0000013210
       -0.0000018918   0.0000059245  -0.0000054613
       -0.0037080036   0.0025939914  -0.0017081528   0.0027234029   0.0160505117
       -0.0181184389  -0.0507058354  -0.0295920818   0.0324648477   0.0004542271
        0.0012643149  -0.0012854667  -0.0000391660  -0.0001051831   0.0000468417
        0.0001310142   0.0000925270   0.0000256257  -0.0000370899  -0.0000625812
       -0.0000078201  -0.0000322372   0.0000134997   0.0000155735   0.0001564380
        0.0010376987  -0.0011548261  -0.0000934985   0.0000320873  -0.0000491048
       -0.0001267838   0.0000533577   0.0001353852   0.0004114807  -0.0001273810
       -0.0000849094  -0.0028914252  -0.0085428247   0.0110481530  -0.0054521640
       -0.0164143356   0.0149685095   0.0602633687   0.0340543309  -0.0366016887
       -0.0012747464  -0.0003107801   0.0000518508   0.0001214145  -0.0000504697
        0.0000098060  -0.0000204726   0.0000402867   0.0000008792  -0.0000562279
        0.0000482212   0.0001172989   0.0000688482  -0.0000236780   0.0000089413
        0.0000045673   0.0000138054   0.0000177969   0.0000342052  -0.0000210505
        0.0000353894   0.0000357081  -0.0000175257   0.0000353374   0.0000289807
       -0.0000338434  -0.0000123768   0.0000430132  -0.0000307874   0.0000084259
       -0.0000390184   0.0000378895   0.0000321220
        0.0034027595  -0.0018340873   0.0010589195  -0.0005868361  -0.0113818720
        0.0123707394  -0.0298414545  -0.1487948243   0.1133179212  -0.0011068176
        0.0005564014  -0.0005764675  -0.0001554558   0.0001291410  -0.0001430743
       -0.0002447566  -0.0000254986  -0.0001054497   0.0000504380   0.0000697132
       -0.0000678702   0.0000334331   0.0000350346  -0.0000011293   0.0000735797
       -0.0006671903   0.0010173093   0.0000577393  -0.0000581070  -0.0000797266
        0.0002410513   0.0002047914  -0.0001370251  -0.0002271985  -0.0003205154
        0.0000062113   0.0025694341   0.0090664942  -0.0097354658  -0.0084401082
       -0.0196653681   0.0174306748   0.0340543309   0.1722352850  -0.1341607079
        0.0001684362   0.0005357987  -0.0000502864   0.0000181732   0.0000780050
       -0.0000876223  -0.0000225942  -0.0000177597  -0.0000030325   0.0000378616
       -0.0000853098   0.0000194547  -0.0000185233   0.0000256667  -0.0000042528
       -0.0000219629   0.0000019399  -0.0000011629  -0.0000753555  -0.0000223964
       -0.0000039811   0.0000265786  -0.0000019010  -0.0000121010  -0.0000499014
       -0.0000505289   0.0000410121  -0.0000237872  -0.0000104666  -0.0000291553
        0.0000809363  -0.0000024458  -0.0000637317
       -0.0027275108   0.0018826680  -0.0000279400  -0.0004235437   0.0076687750
       -0.0079007686   0.0326184729   0.1131377181  -0.1677099553   0.0005482613
        0.0003634446   0.0001409043  -0.0002393947   0.0000063161   0.0000754485
        0.0001647300  -0.0000428553   0.0001198821  -0.0000158428  -0.0000760895
        0.0000624473   0.0000655492  -0.0000608797   0.0000737382  -0.0000340158
        0.0007435299  -0.0006488682   0.0001048426  -0.0000324902   0.0002869681
       -0.0001621704  -0.0002536376   0.0000146626   0.0002012396  -0.0001705398
        0.0003160546   0.0083656770   0.0175703475  -0.0242519444  -0.0014503472
       -0.0058017869   0.0068941493  -0.0366016887  -0.1341607079   0.1927878831
       -0.0007777578  -0.0002358053   0.0003656981   0.0000054736  -0.0003181449
       -0.0007188810   0.0000794794  -0.0000948188   0.0000235208   0.0001931217
       -0.0000685341   0.0001326029  -0.0000174409  -0.0000557195   0.0000088284
        0.0000195392  -0.0000000983  -0.0000463140   0.0000659006  -0.0000094242
        0.0000058080  -0.0000042284  -0.0000095632   0.0000258001   0.0000299208
        0.0000157748  -0.0000465936   0.0000207085  -0.0000062007  -0.0000202916
       -0.0000289753   0.0000087221   0.0000371604
       -0.0026718680  -0.0028649533  -0.0008378114  -0.0050046197  -0.0151741538
        0.0159476096  -0.0000746284  -0.0016091924   0.0013552931  -0.0404145663
       -0.0039054542   0.0047568581   0.0003652021  -0.0021823490   0.0075838604
       -0.0079336973   0.0171680836  -0.0232390584  -0.0042850377   0.0024277255
       -0.0004492473   0.0001397283  -0.0000966894  -0.0007037798  -0.0001128733
        0.0000662513  -0.0000957691   0.0000447792   0.0001724401  -0.0001419756
       -0.0003703239  -0.0008179845   0.0008450661   0.0005219531   0.0003393649
        0.0002323050  -0.0001105942   0.0000860365   0.0000180463   0.0000885527
        0.0001543876  -0.0000033788  -0.0012747464   0.0001684362  -0.0007777578
        0.0617827175   0.0044669217  -0.0044041836   0.0000519417  -0.0002622903
        0.0007730683  -0.0000641936  -0.0000827170  -0.0004740680   0.0001650166
        0.0009440661   0.0017222530  -0.0001962398   0.0008698518  -0.0016497518
        0.0000240102  -0.0000593234   0.0002771168  -0.0001217165  -0.0000783529
        0.0000096022  -0.0005895685   0.0004621383  -0.0011847230  -0.0000588889
       -0.0002225986   0.0000538317   0.0000145762  -0.0001594444  -0.0000505952
        0.0000850850   0.0001897995   0.0004371893
       -0.0036979321  -0.0027896503  -0.0011381949  -0.0069678516  -0.0175934468
        0.0194404533   0.0012308917   0.0008459210   0.0001364231  -0.0031725706
       -0.1050215937   0.0979080908   0.0018479259   0.0069649832  -0.0170717994
        0.0035587145  -0.0083075956   0.0130868529   0.0027734790  -0.0001995441
       -0.0002062392  -0.0001214162   0.0002368075   0.0006859267  -0.0000251592
        0.0000923345  -0.0000751285   0.0000931743   0.0000164582  -0.0002847848
       -0.0005544760  -0.0010284657   0.0010317815   0.0002004744  -0.0003076603
        0.0004804855   0.0000455039  -0.0001004659  -0.0001159542   0.0002553479
       -0.0000519916   0.0000296035  -0.0003107801   0.0005357987  -0.0002358053
        0.0044669217   0.1264355290  -0.1089621533  -0.0001695540   0.0008388026
       -0.0003550257   0.0000806101   0.0004866944  -0.0000588379   0.0007483862
       -0.0014028462  -0.0034328618  -0.0009206891   0.0009887268  -0.0004616021
        0.0000162551  -0.0000596152  -0.0001822338  -0.0000356801   0.0001066265
       -0.0001795931   0.0004129358  -0.0003136635   0.0008091520   0.0000036445
       -0.0000735929   0.0000034321  -0.0001419677   0.0000562219  -0.0001586574
        0.0003838119  -0.0003547728  -0.0006933301
        0.0000323694   0.0003778885   0.0011490926   0.0005416277   0.0019090746
       -0.0002860793  -0.0010047164  -0.0010679148   0.0007059856   0.0053680044
        0.0970886919  -0.1913047725   0.0031988227   0.0090491276  -0.0276765257
       -0.0029662101   0.0056844781  -0.0067415313  -0.0019023699   0.0004726301
        0.0006107341   0.0006994196  -0.0006049154   0.0008287702   0.0000080266
       -0.0000366301  -0.0001009212  -0.0001556402  -0.0001547617   0.0000360248
        0.0001204111   0.0001491545  -0.0001648324  -0.0001726508  -0.0002621676
        0.0004977460   0.0001432338   0.0000705759  -0.0002368632  -0.0000791594
       -0.0001919813  -0.0000075462   0.0000518508  -0.0000502864   0.0003656981
       -0.0044041836  -0.1089621533   0.2269207899   0.0000148523   0.0005404128
        0.0006668643  -0.0003038299   0.0002822518   0.0001192714   0.0012005904
       -0.0040335688  -0.0050626843  -0.0002605595  -0.0002461786   0.0002073301
        0.0001749897  -0.0000270706   0.0000133547   0.0000175083  -0.0001842628
        0.0000586488  -0.0003054367   0.0002207458  -0.0005246221  -0.0000508977
       -0.0000147323  -0.0001432801   0.0000064911  -0.0000122485  -0.0000438263
        0.0000274564   0.0000038406   0.0001131743
       -0.0000195139  -0.0001285342   0.0000023847  -0.0000696528   0.0000989859
       -0.0000101811  -0.0004537385  -0.0012598667  -0.0011109219  -0.0076903010
        0.0063134015   0.0006823456  -0.2048926530   0.1036086024  -0.0462618903
        0.0001526754   0.0017209260   0.0017532798   0.0000703794   0.0000138038
        0.0000801691  -0.0005550398   0.0002795146  -0.0000763992  -0.0000258401
       -0.0000307665  -0.0000238518   0.0000291200   0.0001498785  -0.0000381667
        0.0000062222  -0.0000348775  -0.0000069734  -0.0001759718   0.0000084588
       -0.0000603480  -0.0009402886  -0.0012222950  -0.0006030755  -0.0000865034
       -0.0001255692   0.0000014957   0.0001214145   0.0000181732   0.0000054736
        0.0000519417  -0.0001695540   0.0000148523   0.2395594943  -0.1202583376
        0.0543186632  -0.0275258611   0.0117135308  -0.0084211357   0.0023713755
       -0.0007806470  -0.0006186558   0.0001707848   0.0000145548  -0.0001415681
       -0.0000734620   0.0000028114   0.0002498300  -0.0000208912   0.0000123164
        0.0000873435   0.0000591207  -0.0000583619   0.0000281405  -0.0000007765
        0.0000181409   0.0000018855  -0.0000686966   0.0001192499   0.0001199461
        0.0000066616  -0.0000235391   0.0000273579
       -0.0002295115  -0.0001172924  -0.0001063409   0.0006415595  -0.0000638545
        0.0001549013   0.0000350970  -0.0000966736  -0.0004798026   0.0177648711
       -0.0123580712   0.0019349974   0.1035354524  -0.1094562859   0.0313868671
        0.0003473844  -0.0023696360  -0.0030946978   0.0001147081   0.0001258476
       -0.0002266907   0.0011009362  -0.0002231053   0.0000286090  -0.0000649386
        0.0002066617   0.0000504797   0.0001664580  -0.0001923392   0.0002288713
       -0.0000273463  -0.0000338831  -0.0000087204   0.0000159372   0.0001624608
        0.0000911991  -0.0017571168  -0.0005790331  -0.0001901921  -0.0000350664
        0.0002238063   0.0001810315  -0.0000504697   0.0000780050  -0.0003181449
       -0.0002622903   0.0008388026   0.0005404128  -0.1202583376   0.1251788328
       -0.0333386652  -0.0166355613   0.0096222847  -0.0047246260   0.0155897908
       -0.0106745916   0.0081914924   0.0000103548  -0.0000023056  -0.0000708908
       -0.0000980607  -0.0001743519  -0.0000200642   0.0000021370   0.0000881916
        0.0000313253  -0.0000202413   0.0000155925  -0.0000507240  -0.0000055563
        0.0000078163   0.0000446818   0.0001301095  -0.0002515825  -0.0002328301
       -0.0000102993   0.0000447042  -0.0000024791
        0.0000453094   0.0001258305   0.0000876408   0.0000750387   0.0002988789
        0.0004687979  -0.0004598725  -0.0004165034   0.0000047953   0.0183867487
       -0.0125612617   0.0030152173  -0.0465441176   0.0316899660  -0.0557269546
        0.0007615822  -0.0032875566  -0.0029025836  -0.0005204848   0.0001736195
       -0.0001044882   0.0011755898  -0.0004781325  -0.0000080015   0.0000443071
       -0.0000710454  -0.0001285095  -0.0001463338   0.0001465750  -0.0000744722
        0.0000498128   0.0000337009   0.0000223257   0.0000627438   0.0001297058
       -0.0000556076  -0.0005864109  -0.0005937104   0.0003440025   0.0000791051
        0.0000614319  -0.0001482989   0.0000098060  -0.0000876223  -0.0007188810
        0.0007730683  -0.0003550257   0.0006668643   0.0543186632  -0.0333386652
        0.0655487637  -0.0041109688   0.0019016241  -0.0004170092  -0.0235885166
        0.0165321795  -0.0098799374  -0.0000684408   0.0000571425  -0.0001164309
        0.0001106942   0.0002313694   0.0001647554   0.0000003429  -0.0001086021
       -0.0000258943  -0.0000117446   0.0000838799   0.0001333221  -0.0000004209
        0.0000350654   0.0000012972   0.0001521489  -0.0002424799  -0.0002272599
       -0.0000076498   0.0000396360   0.0000765465
       -0.0000008703  -0.0000039160  -0.0000307311   0.0002079912   0.0006759654
        0.0003010647  -0.0002287544  -0.0003999229  -0.0001328380   0.0031687686
        0.0016334485  -0.0004935153  -0.1822130692  -0.1154740036  -0.0209958797
        0.0006493630   0.0013089453   0.0004256982  -0.0001028484   0.0003640149
        0.0000668417   0.0000019883   0.0001119026   0.0000479311   0.0000184247
       -0.0000253185  -0.0000400918  -0.0000076410   0.0000513711  -0.0001712949
        0.0000166757   0.0000437921   0.0000049450   0.0000607726   0.0001486812
        0.0000802308   0.0002608260   0.0000216084  -0.0001319069   0.0000944053
       -0.0000430186  -0.0000516021  -0.0000204726  -0.0000225942   0.0000794794
       -0.0000641936   0.0000806101  -0.0003038299  -0.0275258611  -0.0166355613
       -0.0041109688   0.2118503973   0.1336996706   0.0240885849  -0.0061421788
       -0.0057063941   0.0010283056  -0.0000364509   0.0000539153   0.0003602249
        0.0001090657   0.0001643057  -0.0000359793  -0.0000549812  -0.0000521787
        0.0000393898  -0.0000312892   0.0000539934   0.0000619236  -0.0000323787
       -0.0000235806  -0.0000170461   0.0000488911  -0.0000051761   0.0000026080
       -0.0000265799  -0.0000205600  -0.0000715440
       -0.0000065218  -0.0000349963  -0.0002951025   0.0013747735  -0.0024029109
       -0.0036213138   0.0002398828   0.0001963567   0.0001446218  -0.0149078701
       -0.0162648600  -0.0056403572  -0.1153481169  -0.1378353203  -0.0156075749
       -0.0009967567  -0.0000977245   0.0001026537   0.0001293097  -0.0001208706
       -0.0001707082   0.0000532933   0.0003227349   0.0001252991  -0.0000158073
       -0.0000279902  -0.0000538002   0.0001352831   0.0002179347  -0.0000159438
        0.0000413968   0.0000522155  -0.0000010787  -0.0008610407  -0.0010213589
       -0.0004850588   0.0000157513  -0.0001160130   0.0000974399  -0.0000358647
        0.0000815745   0.0000822359   0.0000402867  -0.0000177597  -0.0000948188
       -0.0000827170   0.0004866944   0.0002822518   0.0117135308   0.0096222847
        0.0019016241   0.1336996706   0.1606067470   0.0214259118  -0.0162012589
       -0.0132908378   0.0013035920   0.0007438771  -0.0000319641  -0.0005626166
        0.0004063088  -0.0007480786   0.0008057411  -0.0000477036   0.0001747941
        0.0000560701  -0.0000102354   0.0001008430   0.0001204528  -0.0000661458
        0.0000975817   0.0000223363   0.0000561482   0.0000392933   0.0000378148
       -0.0000694739   0.0000116302   0.0000403285
        0.0001906226   0.0003696835   0.0001158505   0.0013900117  -0.0027791103
       -0.0033328069   0.0000904538  -0.0001286891   0.0000363055  -0.0163834726
       -0.0170544804  -0.0047392436  -0.0214313668  -0.0158217027  -0.0461558704
       -0.0007479748  -0.0000894764   0.0006625931   0.0000283855   0.0002895549
        0.0002542411  -0.0000248622   0.0002132832   0.0000010261   0.0000150499
        0.0000128050   0.0000141875  -0.0001733232  -0.0001331787   0.0000178244
       -0.0000394634   0.0000265763   0.0001111354  -0.0008463326  -0.0010267095
       -0.0005158459   0.0000380681   0.0000851326  -0.0000210710   0.0000473648
        0.0000253800   0.0000135495   0.0000008792  -0.0000030325   0.0000235208
       -0.0004740680  -0.0000588379   0.0001192714  -0.0084211357  -0.0047246260
       -0.0004170092   0.0240885849   0.0214259118   0.0534060193   0.0223528401
        0.0190462354   0.0010540494   0.0006128440  -0.0001501276  -0.0002147349
       -0.0002322763   0.0005233152  -0.0001541523   0.0000232215  -0.0000635734
       -0.0001579935  -0.0000042902  -0.0000846919  -0.0000972445  -0.0000317466
        0.0000813612  -0.0000117478  -0.0000058315   0.0000535389   0.0000465321
       -0.0000621821  -0.0000345415  -0.0000583861
        0.0000039461  -0.0007115335  -0.0007938198   0.0003335211  -0.0001463569
       -0.0005400143  -0.0000419943  -0.0001502982  -0.0001796559  -0.0009181582
       -0.0028245570   0.0063850305  -0.0488812807  -0.0181833236   0.0314767477
        0.0003049974  -0.0002439409   0.0004278385  -0.0004392244   0.0006727499
        0.0003043188  -0.0000375306   0.0001543569  -0.0000933121  -0.0000441984
        0.0002489998   0.0001522898  -0.0002030430  -0.0012774922   0.0001256571
       -0.0001231615   0.0001110897   0.0000938419  -0.0000741994  -0.0000405513
        0.0000961204  -0.0001446567   0.0001415361  -0.0002037508  -0.0000400293
        0.0000010393   0.0000417954  -0.0000562279   0.0000378616   0.0001931217
        0.0001650166   0.0007483862   0.0012005904   0.0023713755   0.0155897908
       -0.0235885166  -0.0061421788  -0.0162012589   0.0223528401   0.0559957992
        0.0214994532  -0.0366741165   0.0000126275  -0.0001277323   0.0000332797
       -0.0022310970   0.0007487977  -0.0005115602   0.0000716390   0.0001984413
       -0.0000247919   0.0001150782  -0.0001806003  -0.0001429266   0.0000159564
       -0.0000144832  -0.0000066052  -0.0000232827  -0.0000088278  -0.0000028164
        0.0000103060  -0.0000415463  -0.0001215855
       -0.0001305579  -0.0010972550  -0.0008893202  -0.0001417924   0.0007208454
        0.0003874464  -0.0001506532  -0.0000224160   0.0000682349   0.0026226414
        0.0100123490  -0.0150315424  -0.0184408564  -0.1014606709   0.1030519292
       -0.0003603180   0.0004308524   0.0002608154   0.0006473720  -0.0001798309
        0.0001193969   0.0000832147  -0.0001496318   0.0000030337   0.0001556493
       -0.0001834010  -0.0000531661  -0.0013930015  -0.0013487436  -0.0000085225
        0.0000180194   0.0002218130   0.0001616376   0.0001000691   0.0000125751
        0.0002148175   0.0001054351   0.0000255705   0.0001235673   0.0000308752
        0.0000076453  -0.0000594459   0.0000482212  -0.0000853098  -0.0000685341
        0.0009440661  -0.0014028462  -0.0040335688  -0.0007806470  -0.0106745916
        0.0165321795  -0.0057063941  -0.0132908378   0.0190462354   0.0214994532
        0.1189362477  -0.1195626596   0.0000554810  -0.0001274983   0.0000146647
        0.0007498920   0.0001545880  -0.0000495930   0.0001233160  -0.0003891661
       -0.0001115091  -0.0000496189  -0.0001229242  -0.0001282685   0.0000128382
        0.0000157608  -0.0000247461  -0.0000162951  -0.0000091138   0.0000135243
       -0.0000264093   0.0000059898   0.0000233935
        0.0002374763   0.0003789716   0.0003296212   0.0004040494   0.0008172501
        0.0004216683  -0.0000449990  -0.0001461706   0.0000482352   0.0044688115
        0.0085355876  -0.0253613519   0.0315756626   0.1031869334  -0.2202357098
       -0.0004383639   0.0004171375   0.0000749143  -0.0007263340   0.0002606506
        0.0003272631   0.0000274589  -0.0000018404   0.0001285130  -0.0000015967
       -0.0000599352   0.0000468336  -0.0006006965  -0.0005735618   0.0008974615
        0.0000791017   0.0000586483   0.0001279503   0.0000790920   0.0002627470
        0.0001430846  -0.0003322266   0.0001346798  -0.0001252909  -0.0000113043
        0.0000378893   0.0000551393   0.0001172989   0.0000194547   0.0001326029
        0.0017222530  -0.0034328618  -0.0050626843  -0.0006186558   0.0081914924
       -0.0098799374   0.0010283056   0.0013035920   0.0010540494  -0.0366741165
       -0.1195626596   0.2561506544  -0.0001081425   0.0000470001  -0.0001626017
       -0.0000099798   0.0002569331   0.0006132171   0.0000490153  -0.0002328923
        0.0000820918  -0.0001768467   0.0000668447   0.0001062335  -0.0000261801
       -0.0000335148  -0.0000003661   0.0000295294   0.0000162235   0.0000409428
       -0.0000486120   0.0000514006   0.0000474658
        0.0000805591  -0.0000934629  -0.0000216765  -0.0046004082   0.0030154104
        0.0000109419  -0.0011293953  -0.0010098432  -0.0004224720  -0.0277289587
       -0.0202861457   0.0025057467   0.0002382259  -0.0007475524  -0.0004884967
       -0.1189999653  -0.1016274095   0.0193669055   0.0025506945   0.0021960465
       -0.0009357313   0.0028135877   0.0034287659   0.0002358518  -0.0000826485
        0.0001106778  -0.0000851992   0.0000045659   0.0000002069  -0.0000344884
       -0.0000401059  -0.0000546065   0.0000217581   0.0001918591   0.0001855768
        0.0000976103   0.0000216837  -0.0000210745   0.0000257323  -0.0004444303
        0.0001402914  -0.0001496467   0.0000688482  -0.0000185233  -0.0000174409
       -0.0001962398  -0.0009206891  -0.0002605595   0.0001707848   0.0000103548
       -0.0000684408  -0.0000364509   0.0007438771   0.0006128440   0.0000126275
        0.0000554810  -0.0001081425   0.1441426965   0.1119853907  -0.0198808930
        0.0000333850   0.0000292727   0.0002853667   0.0009755508   0.0004948070
       -0.0004839908   0.0005906089   0.0006473310  -0.0003637481   0.0007313216
        0.0009173403   0.0003586487   0.0007857050   0.0009093496   0.0001283369
       -0.0001541013  -0.0000908727  -0.0003288166
       -0.0000024379   0.0001223273  -0.0000551510   0.0009492381   0.0004489927
       -0.0003289279   0.0001382132   0.0000628586   0.0000316084   0.0042399852
        0.0037236407  -0.0004932615   0.0012563163   0.0005895035   0.0001358272
       -0.1011762307  -0.1736613667   0.0253403667  -0.0076219099  -0.0124681069
        0.0071416772  -0.0122118991  -0.0232700020  -0.0015323674   0.0000404637
        0.0000600102  -0.0000376284   0.0000383312   0.0000080300   0.0000145332
        0.0000208745   0.0000058925  -0.0000250513   0.0000624656  -0.0001629075
        0.0000419348  -0.0000107937   0.0000051988   0.0000439105   0.0000219313
       -0.0000158956   0.0000167542  -0.0000236780   0.0000256667  -0.0000557195
        0.0008698518   0.0009887268  -0.0002461786   0.0000145548  -0.0000023056
        0.0000571425   0.0000539153  -0.0000319641  -0.0001501276  -0.0001277323
       -0.0001274983   0.0000470001   0.1119853907   0.2081798107  -0.0293641423
        0.0000036281   0.0005411296  -0.0003784801   0.0008428162  -0.0011246328
        0.0034601894   0.0000912613  -0.0002328028  -0.0001916741   0.0008384391
       -0.0041224590  -0.0042403443  -0.0001184214   0.0000808400   0.0005417426
       -0.0001745735   0.0003773134   0.0002263670
        0.0000106865  -0.0000307021   0.0001283763  -0.0007264063  -0.0002376795
        0.0006604290  -0.0000576567  -0.0000074029   0.0000622234  -0.0022594386
       -0.0003882512   0.0007590595   0.0005585136   0.0003509340   0.0002321665
        0.0200995024   0.0253358356  -0.0462694741   0.0147074411   0.0257703757
       -0.0112064865  -0.0105057479  -0.0202111024   0.0004966126  -0.0000438225
       -0.0000831533  -0.0001589016  -0.0000483783   0.0000724368  -0.0000444589
        0.0000187884  -0.0000353732   0.0000183079   0.0001056575  -0.0000548537
       -0.0000636618   0.0000355475  -0.0000026635  -0.0000221409   0.0000101987
        0.0000040386  -0.0000184902   0.0000089413  -0.0000042528   0.0000088284
       -0.0016497518  -0.0004616021   0.0002073301  -0.0001415681  -0.0000708908
       -0.0001164309   0.0003602249  -0.0005626166  -0.0002147349   0.0000332797
        0.0000146647  -0.0001626017  -0.0198808930  -0.0293641423   0.0622249056
        0.0005123544   0.0002933860   0.0004143240  -0.0012589436   0.0034072336
       -0.0058227796   0.0003710058  -0.0000480293   0.0007133509   0.0005474499
       -0.0037931705  -0.0027871406  -0.0004540289   0.0002726053   0.0006611234
       -0.0003529562  -0.0001656242   0.0003002641
       -0.0001224792  -0.0000842780  -0.0000787996  -0.0001096715  -0.0000110228
       -0.0001037609  -0.0000459078   0.0000318961  -0.0000260521   0.0003016125
       -0.0003250080  -0.0000985986  -0.0006823405   0.0008927578  -0.0008521950
        0.0011488951  -0.0047201317  -0.0045666356  -0.0483437795   0.0242763747
        0.0262343329   0.0002657605   0.0004571052  -0.0010861163   0.0001949242
        0.0000366979   0.0000331070  -0.0001923168  -0.0000333229   0.0000359103
       -0.0000035312   0.0000967371   0.0000609069   0.0000354242   0.0000339780
        0.0000967833  -0.0000354043   0.0000054387  -0.0000008909   0.0000276140
        0.0000201650   0.0000237608   0.0000045673  -0.0000219629   0.0000195392
        0.0000240102   0.0000162551   0.0001749897  -0.0000734620  -0.0000980607
        0.0001106942   0.0001090657   0.0004063088  -0.0002322763  -0.0022310970
        0.0007498920  -0.0000099798   0.0000333850   0.0000036281   0.0005123544
        0.0558590176  -0.0315399707  -0.0305492583   0.0024987600  -0.0148485786
       -0.0122476434  -0.0089281692   0.0247957819   0.0229793975  -0.0000895070
        0.0000157713   0.0000428886   0.0000889277  -0.0000072481  -0.0001242619
        0.0002657020  -0.0001492032  -0.0003481962
       -0.0000991148  -0.0000745352  -0.0000198122   0.0000030447   0.0000266441
       -0.0001807450   0.0000116146   0.0000016459   0.0000254576  -0.0001104049
        0.0000851654  -0.0004355787   0.0012608907  -0.0003018757   0.0004419904
       -0.0016667632   0.0066453421   0.0054828020   0.0240493895  -0.1614758072
       -0.1196688986   0.0004167263   0.0003281208   0.0013298914   0.0001963780
       -0.0000548732  -0.0000912074  -0.0002273641   0.0000968382   0.0000408329
        0.0000015696   0.0000508581   0.0000678876   0.0000117125  -0.0000520875
        0.0000921372  -0.0000310540   0.0000258667   0.0000158719  -0.0000064852
       -0.0000186388   0.0000009222   0.0000138054   0.0000019399  -0.0000000983
       -0.0000593234  -0.0000596152  -0.0000270706   0.0000028114  -0.0001743519
        0.0002313694   0.0001643057  -0.0007480786   0.0005233152   0.0007487977
        0.0001545880   0.0002569331   0.0000292727   0.0005411296   0.0002933860
       -0.0315399707   0.1865116244   0.1378846020   0.0028178791  -0.0241368578
       -0.0193534021   0.0040307863  -0.0078351319  -0.0075171748   0.0001404929
        0.0001743885   0.0001697238  -0.0001240742  -0.0000729981   0.0001046250
       -0.0000349226   0.0003606991   0.0003322401
        0.0001206124   0.0000961619   0.0001937973  -0.0000847421  -0.0000035502
       -0.0001028327   0.0000254590   0.0000490166   0.0000755389   0.0004099250
       -0.0006904996   0.0003120939   0.0002480375  -0.0003144562   0.0004960046
        0.0032600315  -0.0182964906  -0.0237025819   0.0259492127  -0.1192239273
       -0.1620806415  -0.0014912635   0.0025388978  -0.0060545357  -0.0000777002
       -0.0000953968  -0.0001357638  -0.0001385158   0.0000084742   0.0000644398
        0.0001194483   0.0000055779   0.0000226638   0.0001437332   0.0000614334
        0.0000183876  -0.0000372285   0.0000022311   0.0000362334   0.0000307731
        0.0000031463   0.0000047241   0.0000177969  -0.0000011629  -0.0000463140
        0.0002771168  -0.0001822338   0.0000133547   0.0002498300  -0.0000200642
        0.0001647554  -0.0000359793   0.0008057411  -0.0001541523  -0.0005115602
       -0.0000495930   0.0006132171   0.0002853667  -0.0003784801   0.0004143240
       -0.0305492583   0.1378846020   0.1892774574  -0.0008902231   0.0017029221
        0.0036403296   0.0024862524  -0.0033066313  -0.0015106359   0.0000330890
        0.0003554390   0.0001184142  -0.0001587223   0.0001438110   0.0001182231
        0.0003185090  -0.0010949685  -0.0017965012
       -0.0024224682   0.0003982609  -0.0006740831   0.0003199759   0.0000765081
       -0.0001804452  -0.0001109246  -0.0000306966   0.0000321587   0.0005862451
        0.0002219860   0.0000600073  -0.0001139846   0.0000775155  -0.0000566857
        0.0039935978   0.0041318567   0.0002485017  -0.1153174361  -0.1085200413
        0.0286924876   0.0001050058   0.0001062062   0.0001049462  -0.0021227267
       -0.0018174629  -0.0012434671  -0.0003463169   0.0002549779   0.0002262808
       -0.0001427983  -0.0002286815  -0.0000040032   0.0000546368  -0.0000296665
        0.0000656616  -0.0000061506   0.0000118181  -0.0000033259   0.0000052921
       -0.0000021018   0.0000004091   0.0000342052  -0.0000753555   0.0000659006
       -0.0001217165  -0.0000356801   0.0000175083  -0.0000208912   0.0000021370
        0.0000003429  -0.0000549812  -0.0000477036   0.0000232215   0.0000716390
        0.0001233160   0.0000490153   0.0009755508   0.0008428162  -0.0012589436
        0.0024987600   0.0028178791  -0.0008902231   0.1359450281   0.1285082109
       -0.0317081706  -0.0237924909  -0.0269276790   0.0063516132   0.0002999264
        0.0001712065   0.0002297565  -0.0002810200  -0.0001456569  -0.0000260030
       -0.0000359571   0.0001160306  -0.0001224607
       -0.0014348296   0.0001945547  -0.0004811109   0.0003414680  -0.0000640361
        0.0002794717  -0.0001040951   0.0000570521  -0.0000151121  -0.0002283429
        0.0001652019  -0.0000449302   0.0000868697  -0.0000615377   0.0001702913
       -0.0066748217  -0.0127284718   0.0065814389  -0.1079551342  -0.2046570701
        0.0406884755   0.0003596170   0.0010953842  -0.0010544317  -0.0008989985
        0.0007617800  -0.0001919721   0.0004867963  -0.0001746340  -0.0001397565
       -0.0003075780  -0.0001111798  -0.0002000801   0.0000090301  -0.0000139726
        0.0000025867   0.0000226450  -0.0000452621  -0.0000189604  -0.0000198739
        0.0000226190  -0.0000054495  -0.0000210505  -0.0000223964  -0.0000094242
       -0.0000783529   0.0001066265  -0.0001842628   0.0000123164   0.0000881916
       -0.0001086021  -0.0000521787   0.0001747941  -0.0000635734   0.0001984413
       -0.0003891661  -0.0002328923   0.0004948070  -0.0011246328   0.0034072336
       -0.0148485786  -0.0241368578   0.0017029221   0.1285082109   0.2356751491
       -0.0487115682   0.0020725691   0.0049754196  -0.0012596596   0.0000579228
        0.0003726966   0.0000629655  -0.0000238579  -0.0001201115   0.0000411160
       -0.0000030010  -0.0000401408  -0.0002147149
       -0.0005006727   0.0004502487   0.0000095824  -0.0001232624   0.0000424683
       -0.0000569998   0.0000516268  -0.0000636312   0.0000143980   0.0001156552
       -0.0001600029   0.0007729637  -0.0000654147  -0.0001568236   0.0001805390
        0.0151848893   0.0233373597  -0.0084137675   0.0285359499   0.0411946497
       -0.0534707093   0.0001855076   0.0009894091   0.0009903046  -0.0012812728
       -0.0009375691   0.0004854572   0.0002608250  -0.0001935711   0.0000333628
        0.0001413284  -0.0001158495   0.0000129015  -0.0000173987   0.0000239891
       -0.0002323878   0.0000436413  -0.0000181734   0.0000031571   0.0000005034
       -0.0000223295  -0.0000099757   0.0000353894  -0.0000039811   0.0000058080
        0.0000096022  -0.0001795931   0.0000586488   0.0000873435   0.0000313253
       -0.0000258943   0.0000393898   0.0000560701  -0.0001579935  -0.0000247919
       -0.0001115091   0.0000820918  -0.0004839908   0.0034601894  -0.0058227796
       -0.0122476434  -0.0193534021   0.0036403296  -0.0317081706  -0.0487115682
        0.0614794823   0.0019586088   0.0010930801   0.0006248823  -0.0001977831
       -0.0004974202  -0.0004127268   0.0000445697  -0.0000102921  -0.0000634324
       -0.0000444291  -0.0001430733   0.0002727574
       -0.0002918535  -0.0002537190  -0.0001210353   0.0000966075   0.0001915167
        0.0001367205  -0.0000014764  -0.0001166119  -0.0000069093   0.0007802396
        0.0008990832  -0.0019477681  -0.0000744315  -0.0000556204  -0.0001255370
       -0.0111134158   0.0042735043  -0.0034063539  -0.2652958717   0.0564743600
        0.0015449086   0.0007454645  -0.0003063678   0.0009066880  -0.0002862930
        0.0002461103   0.0000728487   0.0002078183  -0.0000792838  -0.0001214969
       -0.0000874083   0.0000418698  -0.0000683055  -0.0000106347   0.0000003033
       -0.0000228177   0.0000483896  -0.0000091532   0.0000136485  -0.0000462162
       -0.0000430163  -0.0000038076   0.0000357081   0.0000265786  -0.0000042284
       -0.0005895685   0.0004129358  -0.0003054367   0.0000591207  -0.0000202413
       -0.0000117446  -0.0000312892  -0.0000102354  -0.0000042902   0.0001150782
       -0.0000496189  -0.0001768467   0.0005906089   0.0000912613   0.0003710058
       -0.0089281692   0.0040307863   0.0024862524  -0.0237924909   0.0020725691
        0.0019586088   0.3077388247  -0.0675381832  -0.0010113459  -0.0003727862
       -0.0001424250  -0.0000882446   0.0004328991  -0.0000685087  -0.0003152981
        0.0000711461  -0.0000678938   0.0002507851
       -0.0003823171  -0.0002097021  -0.0001354828   0.0001025990  -0.0001656689
        0.0000023917   0.0000478790   0.0001246543  -0.0000152456   0.0005271956
       -0.0005230817   0.0022064838   0.0003120378  -0.0000071117   0.0002484107
        0.0124011517  -0.0037036266   0.0024343951   0.0564118973  -0.0589147646
       -0.0009238488  -0.0004688919   0.0004383013  -0.0007868591   0.0000353606
        0.0002024710   0.0001352205   0.0000701928  -0.0001242327  -0.0000597875
       -0.0001270496   0.0000983530  -0.0000420637  -0.0000195945  -0.0000180556
        0.0000316417  -0.0000104591  -0.0000175409  -0.0000074139   0.0000387401
        0.0000164779   0.0000148846  -0.0000175257  -0.0000019010  -0.0000095632
        0.0004621383  -0.0003136635   0.0002207458  -0.0000583619   0.0000155925
        0.0000838799   0.0000539934   0.0001008430  -0.0000846919  -0.0001806003
       -0.0001229242   0.0000668447   0.0006473310  -0.0002328028  -0.0000480293
        0.0247957819  -0.0078351319  -0.0033066313  -0.0269276790   0.0049754196
        0.0010930801  -0.0675381832   0.0662193208  -0.0009122806  -0.0001830378
       -0.0001177022   0.0000208567  -0.0000012666   0.0002774019  -0.0001269567
        0.0000086680  -0.0001609248  -0.0000999811
        0.0001028152   0.0000448483   0.0000834857  -0.0001056541   0.0001626408
       -0.0000352775  -0.0001511542  -0.0001194810   0.0000140092  -0.0006222643
        0.0016420099  -0.0047594012   0.0005516024  -0.0003310605   0.0000895405
       -0.0275824643   0.0082959813  -0.0042452399   0.0016531029  -0.0008592101
       -0.0416994111  -0.0010010882   0.0005396051   0.0005259622   0.0000003704
       -0.0000876902  -0.0000394381  -0.0000781375   0.0000246384  -0.0000002026
        0.0000448741  -0.0000002034   0.0000255181   0.0000001938   0.0000373398
       -0.0000195167   0.0000128809   0.0000018992  -0.0000125088  -0.0000339159
       -0.0000068111   0.0000018375   0.0000353374  -0.0000121010   0.0000258001
       -0.0011847230   0.0008091520  -0.0005246221   0.0000281405  -0.0000507240
        0.0001333221   0.0000619236   0.0001204528  -0.0000972445  -0.0001429266
       -0.0001282685   0.0001062335  -0.0003637481  -0.0001916741   0.0007133509
        0.0229793975  -0.0075171748  -0.0015106359   0.0063516132  -0.0012596596
        0.0006248823  -0.0010113459  -0.0009122806   0.0512741756   0.0000268139
       -0.0000735521  -0.0000528066   0.0003332314  -0.0001433424  -0.0008433512
        0.0000951247   0.0000146656   0.0002215384
       -0.0003993517   0.0002194331   0.0000946246  -0.0010310615   0.0008330271
        0.0003383855  -0.0000140470   0.0000331162  -0.0000640754   0.0003916963
        0.0000484839  -0.0000637201  -0.0001399151  -0.0000151188   0.0001227772
        0.0033957052   0.0034400268  -0.0022262901   0.0003065516   0.0000872700
       -0.0001858748  -0.0980787662  -0.0985125309   0.0206830219   0.0000579681
       -0.0001636290   0.0004591026   0.0001339700  -0.0001159378  -0.0000497799
       -0.0001242335  -0.0000568475  -0.0000086823  -0.0018667686   0.0010144726
       -0.0004807848   0.0000549024  -0.0000473019  -0.0000196413  -0.0000096110
       -0.0000084452  -0.0000006722   0.0000289807  -0.0000499014   0.0000299208
       -0.0000588889   0.0000036445  -0.0000508977  -0.0000007765  -0.0000055563
       -0.0000004209  -0.0000323787  -0.0000661458  -0.0000317466   0.0000159564
        0.0000128382  -0.0000261801   0.0007313216   0.0008384391   0.0005474499
       -0.0000895070   0.0001404929   0.0000330890   0.0002999264   0.0000579228
       -0.0001977831  -0.0003727862  -0.0001830378   0.0000268139   0.1147232914
        0.1152073170  -0.0244202102  -0.0217916212  -0.0291163638   0.0070868295
        0.0038694430   0.0064043319  -0.0015952554
       -0.0001294229   0.0002200487   0.0000465054   0.0000566118  -0.0001002669
       -0.0003356236  -0.0001416246   0.0002084275   0.0001541287  -0.0005730266
        0.0001666579   0.0001775990   0.0001309161   0.0001116047  -0.0000058259
       -0.0104370460  -0.0235143146   0.0000508417   0.0002903585   0.0013265673
        0.0011919787  -0.0987462297  -0.2195511107   0.0384397213   0.0000835699
        0.0003568429  -0.0003068251   0.0000025101  -0.0000381855   0.0000683839
       -0.0001032592   0.0000145265  -0.0000106982   0.0013628093   0.0000681674
        0.0006631101  -0.0000997687   0.0000409434   0.0000150242   0.0000014817
        0.0000557669   0.0000161361  -0.0000338434  -0.0000505289   0.0000157748
       -0.0002225986  -0.0000735929  -0.0000147323   0.0000181409   0.0000078163
        0.0000350654  -0.0000235806   0.0000975817   0.0000813612  -0.0000144832
        0.0000157608  -0.0000335148   0.0009173403  -0.0041224590  -0.0037931705
        0.0000157713   0.0001743885   0.0003554390   0.0001712065   0.0003726966
       -0.0004974202  -0.0001424250  -0.0001177022  -0.0000735521   0.1152073170
        0.2553645835  -0.0424747671  -0.0006997124   0.0023894049   0.0000478736
       -0.0068910127  -0.0134236248   0.0061871869
        0.0003238702  -0.0003545056   0.0000789500   0.0001230003   0.0001067492
        0.0004712124   0.0000323448  -0.0000194627  -0.0001227892  -0.0002828979
        0.0004140567   0.0003209808   0.0000990136  -0.0000488707  -0.0000338665
       -0.0100733737  -0.0186113305   0.0024749474  -0.0003972105  -0.0010277878
        0.0011085260   0.0205191136   0.0382887359  -0.0514086593   0.0003591831
        0.0002533363  -0.0004137893  -0.0000945345   0.0000871603  -0.0001297917
       -0.0001049817   0.0000643638  -0.0000191581  -0.0006361170   0.0001397894
        0.0001682478   0.0000617807  -0.0000609588  -0.0000160570  -0.0000393881
       -0.0000058158  -0.0000019656  -0.0000123768   0.0000410121  -0.0000465936
        0.0000538317   0.0000034321  -0.0001432801   0.0000018855   0.0000446818
        0.0000012972  -0.0000170461   0.0000223363  -0.0000117478  -0.0000066052
       -0.0000247461  -0.0000003661   0.0003586487  -0.0042403443  -0.0027871406
        0.0000428886   0.0001697238   0.0001184142   0.0002297565   0.0000629655
       -0.0004127268  -0.0000882446   0.0000208567  -0.0000528066  -0.0244202102
       -0.0424747671   0.0586046053  -0.0002512779  -0.0001654482   0.0008054903
        0.0142189468   0.0273148381  -0.0085519335
       -0.0000232028   0.0000749366   0.0000339201   0.0000449365   0.0002025797
       -0.0001133666   0.0000556839  -0.0000261761   0.0000597129   0.0002635650
        0.0013250993   0.0019034317  -0.0005439699   0.0001935693  -0.0001375383
       -0.0104425156   0.0043728055   0.0018247111   0.0005934268  -0.0005078580
       -0.0005969798  -0.2744832064   0.0384927865  -0.0035813359  -0.0000690880
        0.0000542813  -0.0001258990   0.0000084611   0.0000196656   0.0000266963
        0.0000362279   0.0000028934  -0.0000170061  -0.0000484491   0.0001969195
        0.0003295653  -0.0000216224   0.0000486352   0.0000340444   0.0000079770
       -0.0000212626  -0.0000065747   0.0000430132  -0.0000237872   0.0000207085
        0.0000145762  -0.0001419677   0.0000064911  -0.0000686966   0.0001301095
        0.0001521489   0.0000488911   0.0000561482  -0.0000058315  -0.0000232827
       -0.0000162951   0.0000295294   0.0007857050  -0.0001184214  -0.0004540289
        0.0000889277  -0.0001240742  -0.0001587223  -0.0002810200  -0.0000238579
        0.0000445697   0.0004328991  -0.0000012666   0.0003332314  -0.0217916212
       -0.0006997124  -0.0002512779   0.3183421980  -0.0462540509   0.0040661721
       -0.0129698137   0.0027883003  -0.0034163720
       -0.0000363218   0.0000780534   0.0000459874  -0.0003722945  -0.0000906992
       -0.0002056252  -0.0000737484   0.0001654057   0.0001032959   0.0010503660
       -0.0023637367  -0.0036288697   0.0011468207  -0.0005351851   0.0000287552
        0.0215593787  -0.0063814145  -0.0024377903  -0.0000678165   0.0002955478
        0.0006391826   0.0383724308  -0.0494963505   0.0022962330   0.0000426612
        0.0000153652  -0.0001633386  -0.0000299913   0.0000060798  -0.0000069891
        0.0000211653   0.0000197567   0.0000037657   0.0000068276  -0.0001064380
        0.0002491432  -0.0000553534   0.0000089976  -0.0000112935   0.0000214623
        0.0000129167   0.0000124300  -0.0000307874  -0.0000104666  -0.0000062007
       -0.0001594444   0.0000562219  -0.0000122485   0.0001192499  -0.0002515825
       -0.0002424799  -0.0000051761   0.0000392933   0.0000535389  -0.0000088278
       -0.0000091138   0.0000162235   0.0009093496   0.0000808400   0.0002726053
       -0.0000072481  -0.0000729981   0.0001438110  -0.0001456569  -0.0001201115
       -0.0000102921  -0.0000685087   0.0002774019  -0.0001433424  -0.0291163638
        0.0023894049  -0.0001654482  -0.0462540509   0.0579204993   0.0007901655
        0.0131818779  -0.0019276875   0.0023787812
        0.0000229467   0.0000502953   0.0000839628  -0.0001980848  -0.0001946915
       -0.0000968582  -0.0000107009   0.0000682325   0.0000642416   0.0006104235
       -0.0023190544  -0.0026893220   0.0009288795  -0.0005655565   0.0001877430
        0.0211589660  -0.0056208608  -0.0016574481   0.0009526543  -0.0005577501
        0.0003226436  -0.0035417937   0.0020036655  -0.0429329584   0.0000083732
       -0.0000070649   0.0000258126  -0.0000273071  -0.0000195261   0.0000464697
       -0.0000211510  -0.0000083832   0.0000003294   0.0000427619   0.0002024999
       -0.0000313161  -0.0000391264  -0.0000024975   0.0000047165   0.0000062215
        0.0000162581  -0.0000013210   0.0000084259  -0.0000291553  -0.0000202916
       -0.0000505952  -0.0001586574  -0.0000438263   0.0001199461  -0.0002328301
       -0.0002272599   0.0000026080   0.0000378148   0.0000465321  -0.0000028164
        0.0000135243   0.0000409428   0.0001283369   0.0005417426   0.0006611234
       -0.0001242619   0.0001046250   0.0001182231  -0.0000260030   0.0000411160
       -0.0000634324  -0.0003152981  -0.0001269567  -0.0008433512   0.0070868295
        0.0000478736   0.0008054903   0.0040661721   0.0007901655   0.0495268033
       -0.0307864068   0.0059251717  -0.0033276491
       -0.0000276709  -0.0000836329   0.0000108776  -0.0002418730   0.0001719296
        0.0005087429  -0.0000736565  -0.0000276471  -0.0000430966   0.0002840722
       -0.0001730658   0.0009946087  -0.0000164125  -0.0000073066  -0.0000504693
        0.0014955302  -0.0018903436   0.0051599905   0.0002616174   0.0006688649
        0.0008479112  -0.0595925463   0.0206608186  -0.0556351469   0.0000324438
        0.0000290933  -0.0000725125   0.0000094719   0.0000350240  -0.0001076092
        0.0000138312   0.0000357583  -0.0000241772  -0.0009575714  -0.0004210714
        0.0003792400   0.0000837896  -0.0000387498  -0.0000498040   0.0000050302
       -0.0000080933  -0.0000018918  -0.0000390184   0.0000809363  -0.0000289753
        0.0000850850   0.0003838119   0.0000274564   0.0000066616  -0.0000102993
       -0.0000076498  -0.0000265799  -0.0000694739  -0.0000621821   0.0000103060
       -0.0000264093  -0.0000486120  -0.0001541013  -0.0001745735  -0.0003529562
        0.0002657020  -0.0000349226   0.0003185090  -0.0000359571  -0.0000030010
       -0.0000444291   0.0000711461   0.0000086680   0.0000951247   0.0038694430
       -0.0068910127   0.0142189468  -0.0129698137   0.0131818779  -0.0307864068
        0.0676410708  -0.0253971802   0.0647545108
       -0.0000513837  -0.0000782180   0.0000441409   0.0000835654   0.0001612244
        0.0002061453   0.0000611862  -0.0000485770  -0.0001182660  -0.0002700861
        0.0007670268  -0.0005798823  -0.0000910647  -0.0000359525   0.0000865589
       -0.0043095964   0.0061774056  -0.0178489595   0.0008676870  -0.0018093280
       -0.0029119755   0.0204541973  -0.0723565214   0.0751359843   0.0001160612
       -0.0000233077  -0.0000833371  -0.0000182121   0.0000302972  -0.0000739540
       -0.0000503090  -0.0000196319   0.0000120827  -0.0005385286  -0.0000208418
        0.0000977645   0.0000527150  -0.0000597362  -0.0000109801  -0.0000517878
       -0.0000320506   0.0000059245   0.0000378895  -0.0000024458   0.0000087221
        0.0001897995  -0.0003547728   0.0000038406  -0.0000235391   0.0000447042
        0.0000396360  -0.0000205600   0.0000116302  -0.0000345415  -0.0000415463
        0.0000059898   0.0000514006  -0.0000908727   0.0003773134  -0.0001656242
       -0.0001492032   0.0003606991  -0.0010949685   0.0001160306  -0.0000401408
       -0.0001430733  -0.0000678938  -0.0001609248   0.0000146656   0.0064043319
       -0.0134236248   0.0273148381   0.0027883003  -0.0019276875   0.0059251717
       -0.0253971802   0.0824574709  -0.0858813135
        0.0000509952   0.0000695794   0.0001846886   0.0000357944  -0.0001444353
       -0.0001646411  -0.0001206485   0.0000781257   0.0001764721  -0.0005846194
        0.0007702849   0.0003617662  -0.0001056018   0.0000395798   0.0003726092
       -0.0047357093   0.0053470446  -0.0242093370   0.0010829673  -0.0044194670
       -0.0039769280  -0.0556902211   0.0755319617  -0.2353779785  -0.0000865687
       -0.0000430141  -0.0000614305  -0.0000889830   0.0000147835   0.0000423254
        0.0000083871   0.0000017894   0.0000336739   0.0008184459   0.0004501316
        0.0000705211  -0.0000601679   0.0000478503   0.0000055631  -0.0000218050
        0.0000230388  -0.0000054613   0.0000321220  -0.0000637317   0.0000371604
        0.0004371893  -0.0006933301   0.0001131743   0.0000273579  -0.0000024791
        0.0000765465  -0.0000715440   0.0000403285  -0.0000583861  -0.0001215855
        0.0000233935   0.0000474658  -0.0003288166   0.0002263670   0.0003002641
       -0.0003481962   0.0003322401  -0.0017965012  -0.0001224607  -0.0002147149
        0.0002727574   0.0002507851  -0.0000999811   0.0002215384  -0.0015952554
        0.0061871869  -0.0085519335  -0.0034163720   0.0023787812  -0.0033276491
        0.0647545108  -0.0858813135   0.2752137197
