           1           2   1.02041731044116     
           2           3   1.00883101039975     
           3           4   1.00240257770179     
           4           5   1.02120574449325     
           1           6  0.987436519063901     
           1           7  0.985167883704522     
           1           8  0.987664540766960     
           2           9  0.978559851401911     
           2          10  0.978352483223139     
           3          11  0.981458180147617     
           3          12  0.976777021684174     
           4          13  0.982147336897214     
           4          14  0.976237704294781     
           5          15  0.987202622591422     
           5          16  0.988249769968020     
           5          17  0.987493119183778     
