           1           2   1.00932401479154     
           2           3   1.00718930923325     
           2           4  0.991887433284556     
           4           5  0.924775239131644     
           5           6   1.16560233928135     
           5           7  0.168913742165456     
           6           7   1.68609975069520     
           6           8  0.999633707281219     
           1           9  0.985342566521044     
           1          10  0.985908689490110     
           1          11  0.985272859484380     
           2          12  0.966131687982251     
           3          13  0.984274515785459     
           3          14  0.985973247588623     
           3          15  0.985950589361943     
           4          16  0.967477072409534     
           4          17  0.967354891211366     
           8          18  0.975194896154156     
           8          19  0.944042564167916     
           8          20  0.968438106235083     
