           1           2   1.02041055740220     
           2           3   1.00445249980181     
           3           4   1.00927426261461     
           4           5   1.92861026068873     
           4           6   1.02439197562899     
           1           7  0.987495185621311     
           1           8  0.986290462671704     
           1           9  0.987792114260228     
           2          10  0.978125948670887     
           2          11  0.975433823440743     
           3          12  0.970757882268236     
           3          13  0.957616535714595     
           5          14  0.975521372720439     
           5          15  0.973072609407257     
           6          16  0.970158156070672     
           6          17  0.973001803136395     
           6          18  0.984840818922908     
