           1           2   1.01987821343155     
           2           3  0.981209978784138     
           3           4   1.69877609025479     
           3           5   1.15822543791118     
           4           5  0.167614892962788     
           5           6  0.918939168630831     
           6           7   1.01967121239439     
           1           8  0.986798747948479     
           1           9  0.984754682639285     
           1          10  0.986399284210971     
           2          11  0.950303093526229     
           2          12  0.945270806181254     
           6          13  0.969267212254154     
           6          14  0.969234510461897     
           7          15  0.980088940368278     
           7          16  0.983585119207011     
           7          17  0.983631645601272     
