           1           2   1.01995151002421     
           2           3   1.00720357309944     
           3           4  0.996880977229932     
           4           5   1.00985039085953     
           4           6   1.00775150303151     
           1           7  0.987558643989364     
           1           8  0.986040821136844     
           1           9  0.987360336596948     
           2          10  0.978179969692038     
           2          11  0.976160527113809     
           3          12  0.976411654265919     
           3          13  0.976365506922133     
           4          14  0.967458798733864     
           5          15  0.986158914004831     
           5          16  0.984388636240436     
           5          17  0.986743961927656     
           6          18  0.986854206262107     
           6          19  0.986523160299475     
           6          20  0.986745204743090     
