           1           2   1.82804672779040     
           2           3   1.03466328257678     
           3           4   1.79541646871429     
           3           5   1.03465617066367     
           5           6   1.82804794818277     
           1           7   1.03465697705354     
           6           7   1.03466170773580     
           7           8   1.79541746850555     
           1           9  0.961077209086752     
           2          10  0.961076604809467     
           5          11  0.961076980386744     
           6          12  0.961076727605238     
