$hessian                                                                        
        0.4837250271   0.0352175336  -0.0081219764  -0.1463304627   0.0635687817
       -0.0143026660  -0.0011713866   0.0035712253   0.0015595095  -0.0280521810
        0.0124860253  -0.0018701626  -0.0061774774  -0.0023340802   0.0017971343
       -0.0005357946   0.0014308768  -0.0006619174   0.0000128514  -0.0004158714
        0.0002098919  -0.0005109930  -0.0000978080   0.0000310050  -0.2096958237
       -0.1014976748   0.0533693882  -0.0441267474   0.0035426703  -0.0147930394
       -0.0448073135  -0.0201957078  -0.0134244463  -0.0051082866   0.0049658344
       -0.0025503480   0.0008687404  -0.0007690286  -0.0003634812   0.0006304237
       -0.0005575811  -0.0002219093   0.0003448174  -0.0005687098  -0.0001860668
        0.0005698474   0.0003199746  -0.0004672695   0.0004800753   0.0013409664
       -0.0000112661   0.0000352705  -0.0000872396   0.0000658233  -0.0001248909
        0.0000828317  -0.0000265019  -0.0000256959  -0.0000030187  -0.0000317012
        0.0352175336   0.5020080801   0.0064925682   0.0625178742  -0.1105932956
        0.0120856835   0.0202249495  -0.0216341961  -0.0012742174  -0.0041354513
        0.0047780660  -0.0014454471  -0.0048135081  -0.0000338815   0.0004163974
        0.0001103583   0.0005555731  -0.0003149826  -0.0000856318   0.0000088654
        0.0000366367  -0.0005307455   0.0000524127   0.0000230286  -0.1010571234
       -0.1027038453   0.0316422835   0.0037088644  -0.0626366917   0.0636119662
       -0.0200729661  -0.2015979704  -0.1127650022   0.0093930249  -0.0064714380
        0.0033139336   0.0010065458   0.0007034041   0.0002516408   0.0002876110
       -0.0047466157  -0.0029763676   0.0001111348   0.0009629598   0.0008983139
       -0.0005787292   0.0002861013  -0.0002702930  -0.0012179902   0.0010322284
        0.0003293295  -0.0000124522  -0.0000177981  -0.0000269540  -0.0000462912
        0.0000384952  -0.0000342344  -0.0000270076   0.0000095462   0.0000057161
       -0.0081219764   0.0064925682   0.5220610945  -0.0141505858   0.0117248406
       -0.0690663375   0.0114536997  -0.0109932316   0.0005636071   0.0050678387
       -0.0034316963   0.0006991451   0.0020686959   0.0002589521   0.0001279714
        0.0002001318  -0.0001610026   0.0001254123  -0.0000905992  -0.0001638102
        0.0000890376   0.0001844744   0.0000190375  -0.0000305145   0.0532649983
        0.0317753867  -0.0607707683  -0.0151667852   0.0637095260  -0.2642563282
       -0.0136722105  -0.1125076634  -0.1246043163  -0.0229617311   0.0176836683
       -0.0060029511   0.0002356301   0.0003460620   0.0002193508   0.0005142730
       -0.0035911427  -0.0011897803   0.0009019464  -0.0007851823   0.0011078147
        0.0005586099  -0.0003378263   0.0005806949  -0.0003253766   0.0000035995
        0.0003196982   0.0000234083  -0.0000175216   0.0000028686   0.0000257903
       -0.0000144832   0.0000213607  -0.0000102317  -0.0000100807   0.0000029404
       -0.1463304627   0.0625178742  -0.0141505858   0.4688658999  -0.0092839283
        0.0106813901  -0.0643226393  -0.0093166481  -0.0070187733  -0.1345359225
       -0.0525456981   0.0278816699  -0.0351078896  -0.0069053599   0.0048744381
       -0.0038159113   0.0028543146  -0.0013591885   0.0008774500   0.0000364413
       -0.0000679607  -0.0009779334  -0.0003507595   0.0000705241  -0.0258761703
        0.0144067393  -0.0023954945  -0.0045070067   0.0041484567  -0.0043131983
        0.0001321904   0.0013829992   0.0009345215  -0.0429857646   0.0035639388
       -0.0174396040  -0.0045200644  -0.0214251772  -0.0125722979   0.0010069358
        0.0209041110   0.0130973191  -0.0004318891  -0.0027026771  -0.0026435233
       -0.0029144684  -0.0026243126   0.0038556978  -0.0042513112  -0.0048185970
        0.0005598288   0.0000136096  -0.0000798512   0.0000928887  -0.0002478975
        0.0002079695  -0.0000281751  -0.0000707547   0.0000301643  -0.0000594765
        0.0635687817  -0.1105932956   0.0117248406  -0.0092839283   0.4768869939
       -0.0155909013  -0.0102505761  -0.1534267869  -0.0600655867  -0.0565184535
       -0.0938545982   0.0183283489   0.0167327852   0.0085113310  -0.0043056201
        0.0009981783  -0.0037171706   0.0019240848  -0.0003961813   0.0013467024
       -0.0005562863   0.0011893819   0.0000489607  -0.0000523090  -0.0097384655
        0.0073138686  -0.0016358746   0.0089500661  -0.0071945383   0.0046514802
        0.0199632764  -0.0188537534   0.0011635109   0.0038931848  -0.0561410802
        0.0557964733  -0.0045249807  -0.0165811483  -0.0091171114   0.0011309847
       -0.0192264086  -0.0108612522   0.0000510417   0.0040936256  -0.0002907914
       -0.0055610181  -0.0028529793   0.0037157659  -0.0204453121  -0.0156754416
        0.0050935856  -0.0000158278   0.0000668938   0.0000185989   0.0002143492
       -0.0001307435   0.0000766469   0.0000427133  -0.0000204315  -0.0000176029
       -0.0143026660   0.0120856835  -0.0690663375   0.0106813901  -0.0155909013
        0.5364893268  -0.0071605384  -0.0598982690  -0.1100527014   0.0305423104
        0.0187424866  -0.0781402943  -0.0080902969  -0.0038776947   0.0032739853
        0.0005454793   0.0024091522  -0.0006899851   0.0001022395  -0.0008922979
        0.0005286583  -0.0006516538   0.0000632157   0.0000739820   0.0063866349
       -0.0044072710   0.0010365816  -0.0240678411   0.0187376078  -0.0071912571
        0.0132914785  -0.0111855014   0.0015681852  -0.0180852033   0.0555785117
       -0.2519635225   0.0003850512   0.0059225115   0.0041902748   0.0009777742
        0.0006733868   0.0013191095  -0.0035789644  -0.0251841858  -0.0232501834
        0.0242427092   0.0150930051  -0.0117315852  -0.0111105418  -0.0083570460
        0.0036450571  -0.0000149865  -0.0000045153   0.0000302225  -0.0000818979
        0.0000472453  -0.0000397544  -0.0000104772   0.0000448761  -0.0000297620
       -0.0011713866   0.0202249495   0.0114536997  -0.0643226393  -0.0102505761
       -0.0071605384   0.5298770619  -0.0044342501  -0.0042796447  -0.0076230576
       -0.0228373354  -0.0116621793   0.0001618798  -0.0012165407  -0.0001805144
        0.0013189722   0.0001813665  -0.0002947684  -0.0003813552  -0.0004500572
        0.0001648606   0.0000632959   0.0001675153   0.0000687657   0.0009751436
        0.0009515685   0.0002500451   0.0005355995  -0.0000689487   0.0006990453
       -0.0034489112   0.0042029215   0.0000242141   0.0006317786  -0.0024252316
       -0.0021156131  -0.2014043239  -0.0988350082   0.0597483363  -0.2047762585
        0.1119275119  -0.0230279699  -0.0471451767   0.0059531047  -0.0233987812
        0.0008831518   0.0002638618  -0.0009689646  -0.0041184761  -0.0033126665
        0.0007062099  -0.0000379313  -0.0000533066  -0.0000184305   0.0000031944
        0.0000297703  -0.0000073845  -0.0000205613  -0.0000186489  -0.0000003877
        0.0035712253  -0.0216341961  -0.0109932316  -0.0093166481  -0.1534267869
       -0.0598982690  -0.0044342501   0.4776106933  -0.0332660789  -0.0094055923
       -0.0199109568  -0.0080574816   0.0003763987  -0.0002603230  -0.0004649940
        0.0007799733   0.0000052182   0.0001063757  -0.0002151204   0.0000061668
        0.0001046586  -0.0000651118   0.0000019944  -0.0000429400  -0.0008425942
        0.0007528358   0.0000052358  -0.0007583056   0.0005790185  -0.0006416061
        0.0030173972  -0.0026647145   0.0000276699  -0.0001311043   0.0022403042
        0.0001874352  -0.0993714365  -0.1043584628   0.0388195562   0.1128786867
       -0.1202597347   0.0177315571   0.0060346923  -0.0577137747   0.0570550224
        0.0008803312   0.0005396969  -0.0009640101  -0.0029879912  -0.0015041948
        0.0003088200  -0.0000057350  -0.0000092708   0.0000375645  -0.0000170363
        0.0000115446  -0.0000258710   0.0000122210  -0.0000050576  -0.0000294130
        0.0015595095  -0.0012742174   0.0005636071  -0.0070187733  -0.0600655867
       -0.1100527014  -0.0042796447  -0.0332660789   0.5015622430  -0.0015365104
        0.0029356195   0.0029250202   0.0000281382  -0.0002657033   0.0003398599
       -0.0001109761  -0.0000981394  -0.0000615355   0.0000384794   0.0000448666
        0.0001157677   0.0001250092   0.0000194308  -0.0000374697  -0.0001391591
        0.0000235117   0.0001096685  -0.0002592701   0.0009580530   0.0011481852
       -0.0002822686   0.0007195443   0.0008407015  -0.0034576463  -0.0249665255
       -0.0209256871   0.0597107902   0.0382336202  -0.0662123021  -0.0226602859
        0.0173666486  -0.0473074188  -0.0238524439   0.0572040525  -0.2650176492
        0.0005924044   0.0010178485   0.0013461898   0.0015649111   0.0014306765
        0.0006450928   0.0000208723  -0.0000160318  -0.0000041833   0.0000086626
       -0.0000018574   0.0000216072  -0.0000517988   0.0000002680   0.0000010043
       -0.0280521810  -0.0041354513   0.0050678387  -0.1345359225  -0.0565184535
        0.0305423104  -0.0076230576  -0.0094055923  -0.0015365104   0.4135889167
        0.0372693698  -0.0148839915  -0.1060841275   0.0463347062  -0.0211048422
       -0.0501912396   0.0090245436  -0.0028533966   0.0017014462   0.0041088906
       -0.0023093648  -0.0018516547  -0.0026248531   0.0010785084  -0.0034547104
        0.0019463666  -0.0005182289   0.0005233163  -0.0007399107   0.0004642819
        0.0002194589  -0.0007591068  -0.0000613477  -0.0028874807  -0.0022986942
        0.0029192940   0.0001163746  -0.0009066794  -0.0004622734   0.0002653726
        0.0008754041   0.0000939690   0.0003244783   0.0003368918   0.0003557913
       -0.0398398752  -0.0047199344   0.0110214117  -0.0401339399  -0.0190544941
       -0.0078314179  -0.0001098380  -0.0002818338   0.0002927653  -0.0010858183
        0.0012665531   0.0001073001  -0.0008895181   0.0002822779  -0.0003820972
        0.0124860253   0.0047780660  -0.0034316963  -0.0525456981  -0.0938545982
        0.0187424866  -0.0228373354  -0.0199109568   0.0029356195   0.0372693698
        0.4750080396   0.0188908639   0.0549637553  -0.1220854893   0.0307146645
        0.0064501870   0.0121938794  -0.0060990572  -0.0051086778   0.0009339040
       -0.0021491265  -0.0033541606   0.0018214981   0.0023311246   0.0034242470
       -0.0013481401   0.0001880340   0.0006442684   0.0005258401  -0.0004576589
        0.0014782020   0.0007527248  -0.0000077088  -0.0088538227  -0.0049456237
        0.0053854256  -0.0013509166  -0.0049777874  -0.0030504662  -0.0002748134
        0.0001577441   0.0005270944   0.0002008469   0.0008612942   0.0006545381
       -0.0029540562  -0.0466360482   0.0303480179  -0.0194396895  -0.2037175386
       -0.0951881573   0.0002650849   0.0001172731  -0.0001854132  -0.0001445911
       -0.0001177064  -0.0001565519  -0.0003182251   0.0004436253   0.0000079672
       -0.0018701626  -0.0014454471   0.0006991451   0.0278816699   0.0183283489
       -0.0781402943  -0.0116621793  -0.0080574816   0.0029250202  -0.0148839915
        0.0188908639   0.5068923518  -0.0269816777   0.0310254334  -0.0717045840
       -0.0009313059  -0.0064295789   0.0033880909   0.0023513487  -0.0023503055
       -0.0025973961   0.0021887823   0.0027716929   0.0045729134  -0.0009843174
        0.0001038021   0.0006171292  -0.0011935542  -0.0001654880   0.0006671932
        0.0003277407  -0.0000447076   0.0000416551   0.0254282488   0.0169509131
       -0.0124926158  -0.0010717618  -0.0033524561  -0.0010007892  -0.0002460034
        0.0002328708   0.0006144227  -0.0012130193  -0.0009557692   0.0008212280
        0.0134492096   0.0294299887  -0.2567598210  -0.0100644903  -0.0947586606
       -0.0990458800  -0.0001827807  -0.0001887335   0.0002990383   0.0007678163
       -0.0004891170   0.0005233453  -0.0011095720   0.0005038313  -0.0003201528
       -0.0061774774  -0.0048135081   0.0020686959  -0.0351078896   0.0167327852
       -0.0080902969   0.0001618798   0.0003763987   0.0000281382  -0.1060841275
        0.0549637553  -0.0269816777   0.4723063336   0.0106298097  -0.0195244629
       -0.2081461186  -0.0574801927   0.0340754539  -0.0356983421  -0.0597537209
        0.0322976807  -0.0544216396   0.0064729983   0.0016806224  -0.0023095206
        0.0007559291   0.0000410544   0.0005480814  -0.0000709583  -0.0001174685
        0.0006284176   0.0000681603   0.0000853789   0.0026143068   0.0007054848
       -0.0001655626  -0.0002815048   0.0002652801   0.0005058756   0.0003571461
       -0.0002205541   0.0000612242   0.0000181745   0.0005459743  -0.0004586204
       -0.0113635421   0.0107595180  -0.0127723689  -0.0102373530   0.0169040926
        0.0006113891   0.0002163438  -0.0012596049  -0.0008066413  -0.0047505224
        0.0038171985  -0.0022424679  -0.0022726459   0.0006011540  -0.0002959462
       -0.0023340802  -0.0000338815   0.0002589521  -0.0069053599   0.0085113310
       -0.0038776947  -0.0012165407  -0.0002603230  -0.0002657033   0.0463347062
       -0.1220854893   0.0310254334   0.0106298097   0.2973922943  -0.1109286398
       -0.0482444372  -0.1009860878   0.0243384090  -0.0607413199  -0.0526432987
        0.0412899484   0.0184506788   0.0091501108   0.0003181476  -0.0004891649
        0.0003911642   0.0000235536  -0.0002430264  -0.0001258320  -0.0001667933
       -0.0002766849   0.0001768994   0.0003165489  -0.0000211601   0.0001851695
       -0.0003583896  -0.0002609126   0.0000399453   0.0002210873  -0.0005291589
        0.0004359385  -0.0000837233   0.0000643671   0.0000027331   0.0000011463
        0.0111661558  -0.0095232383   0.0098513716   0.0305348391  -0.0281478020
        0.0083603037   0.0005257797  -0.0001222169  -0.0009590293   0.0034145828
       -0.0016941867   0.0006939916   0.0001409265  -0.0006632299  -0.0000589202
        0.0017971343   0.0004163974   0.0001279714   0.0048744381  -0.0043056201
        0.0032739853  -0.0001805144  -0.0004649940   0.0003398599  -0.0211048422
        0.0307146645  -0.0717045840  -0.0195244629  -0.1109286398   0.1303173080
        0.0287541850   0.0252235111  -0.0693159702   0.0327266277   0.0410739805
        0.0044126201  -0.0056335755  -0.0007756321   0.0068373609   0.0004265784
       -0.0001341247   0.0001953083   0.0003084045  -0.0000883691   0.0002024884
       -0.0000737908   0.0002286422  -0.0000012471  -0.0004642964  -0.0007491976
        0.0006792301  -0.0001433451   0.0001630902  -0.0000201138  -0.0000733444
        0.0002683934  -0.0003398366   0.0001390855   0.0001779653   0.0002825855
       -0.0295523953   0.0235362765  -0.0116664553   0.0099942482  -0.0047195725
        0.0056068771   0.0006452957  -0.0007464160   0.0002842886  -0.0016527829
        0.0006463724   0.0003441318  -0.0012626475   0.0004632724   0.0001441918
       -0.0005357946   0.0001103583   0.0002001318  -0.0038159113   0.0009981783
        0.0005454793   0.0013189722   0.0007799733  -0.0001109761  -0.0501912396
        0.0064501870  -0.0009313059  -0.2081461186  -0.0482444372   0.0287541850
        0.4845636375   0.0198401440  -0.0219158649  -0.0787821496  -0.0428913032
        0.0215776733  -0.1244676503   0.0490786238  -0.0280052403   0.0002376650
        0.0005009795  -0.0002004380  -0.0002096330  -0.0001432585   0.0003383828
       -0.0002918110  -0.0002659518  -0.0001252762  -0.0005464655   0.0002466485
       -0.0001794634   0.0007181640   0.0003059425  -0.0003187125  -0.0004875775
       -0.0011319188  -0.0001711677  -0.0003623324  -0.0003537780   0.0001836917
        0.0012241423  -0.0007262705   0.0021426927   0.0011350880  -0.0021875156
       -0.0009832085   0.0089396721  -0.0035619551   0.0037493862  -0.0230578273
        0.0124960247  -0.0057814136  -0.0072428304   0.0086993286   0.0012314443
        0.0014308768   0.0005555731  -0.0001610026   0.0028543146  -0.0037171706
        0.0024091522   0.0001813665   0.0000052182  -0.0000981394   0.0090245436
        0.0121938794  -0.0064295789  -0.0574801927  -0.1009860878   0.0252235111
        0.0198401440   0.7357116209  -0.2667525858  -0.0581520549  -0.5122640775
        0.2229055852   0.0590507670  -0.1115734262   0.0222606138   0.0004417666
       -0.0000883724  -0.0000238322  -0.0000397888   0.0000986804   0.0002027034
       -0.0000481670  -0.0001060199  -0.0002381102  -0.0007628440   0.0000236284
        0.0000591198   0.0002556309   0.0000335904  -0.0002461529  -0.0005501185
       -0.0006770831  -0.0001250599  -0.0001512367  -0.0001668060   0.0000626639
        0.0026900606   0.0014682487   0.0020774986   0.0038979323  -0.0008194622
       -0.0018882599   0.0089164841  -0.0148437779   0.0067444629  -0.0082521648
        0.0097913706  -0.0065107361   0.0168526803  -0.0146395265   0.0005281472
       -0.0006619174  -0.0003149826   0.0001254123  -0.0013591885   0.0019240848
       -0.0006899851  -0.0002947684   0.0001063757  -0.0000615355  -0.0028533966
       -0.0060990572   0.0033880909   0.0340754539   0.0243384090  -0.0693159702
       -0.0219158649  -0.2667525858   0.3259057810   0.0290085654   0.2220325544
       -0.1764331489  -0.0261398814   0.0174268361  -0.0810878287  -0.0002328091
        0.0000281950   0.0000347131  -0.0000382132   0.0000200558  -0.0001898810
        0.0001570448  -0.0000719598   0.0000709000   0.0007001742   0.0001689851
       -0.0002790368   0.0000185691  -0.0000696037   0.0000418697   0.0001547863
       -0.0000519517   0.0003237404  -0.0001625428   0.0000805272  -0.0003392711
       -0.0030329170   0.0000777825  -0.0003774897  -0.0003490286   0.0005681511
        0.0019126161  -0.0145285444   0.0162102426  -0.0077466604  -0.0092173043
        0.0061143349  -0.0019467708   0.0166717830  -0.0157363935   0.0066644545
        0.0000128514  -0.0000856318  -0.0000905992   0.0008774500  -0.0003961813
        0.0001022395  -0.0003813552  -0.0002151204   0.0000384794   0.0017014462
       -0.0051086778   0.0023513487  -0.0356983421  -0.0607413199   0.0327266277
       -0.0787821496  -0.0581520549   0.0290085654   0.1065153028   0.0935948184
       -0.0491670410   0.0064264713   0.0254206843  -0.0135702623  -0.0001076720
       -0.0001006476   0.0000408336   0.0000947905   0.0000521410  -0.0000152505
        0.0001156163   0.0000049552  -0.0000415655   0.0000116595  -0.0000456956
       -0.0001389789  -0.0002211197  -0.0000654188   0.0000308495   0.0000537433
        0.0004046655   0.0000858465   0.0000844208   0.0000935394   0.0000386105
        0.0007956785   0.0004264183   0.0002303029   0.0008246265   0.0000985892
       -0.0005595658  -0.0033139506   0.0042986279  -0.0017454619   0.0016979830
       -0.0001104549   0.0010694264  -0.0007074510   0.0006267639  -0.0003944050
       -0.0004158714   0.0000088654  -0.0001638102   0.0000364413   0.0013467024
       -0.0008922979  -0.0004500572   0.0000061668   0.0000448666   0.0041088906
        0.0009339040  -0.0023503055  -0.0597537209  -0.0526432987   0.0410739805
       -0.0428913032  -0.5122640775   0.2220325544   0.0935948184   0.6084082613
       -0.2907716273   0.0035517201  -0.0424244055   0.0265609148  -0.0001129520
       -0.0000426236   0.0000305343   0.0000016687  -0.0000479387  -0.0001373898
        0.0000520546   0.0000083925   0.0001270208   0.0005422986  -0.0000736597
       -0.0002750180  -0.0001521728  -0.0000598013   0.0001410095   0.0002678605
        0.0004962629   0.0002188371   0.0000786754   0.0001166883  -0.0000608300
       -0.0010994763  -0.0004415695  -0.0016029355  -0.0012894657   0.0006163035
        0.0011960094   0.0069569597  -0.0049957382   0.0029041329  -0.0019365367
        0.0007980582   0.0007920583  -0.0010898316   0.0002535075   0.0011322957
        0.0002098919   0.0000366367   0.0000890376  -0.0000679607  -0.0005562863
        0.0005286583   0.0001648606   0.0001046586   0.0001157677  -0.0023093648
       -0.0021491265  -0.0025973961   0.0322976807   0.0412899484   0.0044126201
        0.0215776733   0.2229055852  -0.1764331489  -0.0491670410  -0.2907716273
        0.1717093302  -0.0027412762   0.0262489293   0.0042852287   0.0000736378
        0.0000267309  -0.0000221243   0.0000235321   0.0000010465   0.0000751165
       -0.0000776739   0.0000123523  -0.0000451756  -0.0003241672  -0.0000450151
        0.0001809109   0.0000645223   0.0000123782  -0.0000417104  -0.0000631124
       -0.0002467003  -0.0001897331   0.0000800415  -0.0000669068   0.0000473816
        0.0008449560   0.0002649500   0.0001664663   0.0002795437  -0.0009062479
       -0.0008235658  -0.0021943037   0.0023841218   0.0001266433   0.0022667778
       -0.0014524810  -0.0000703252  -0.0009382179   0.0029070531  -0.0015139816
       -0.0005109930  -0.0005307455   0.0001844744  -0.0009779334   0.0011893819
       -0.0006516538   0.0000632959  -0.0000651118   0.0001250092  -0.0018516547
       -0.0033541606   0.0021887823  -0.0544216396   0.0184506788  -0.0056335755
       -0.1244676503   0.0590507670  -0.0261398814   0.0064264713   0.0035517201
       -0.0027412762   0.5008420157   0.0468847135  -0.0149925690  -0.0003161767
        0.0000568107   0.0000068233   0.0000510950   0.0000331746  -0.0000274030
        0.0000686641   0.0000217549  -0.0000125891   0.0000839704   0.0000646638
       -0.0001182236  -0.0001524028  -0.0000526542   0.0000234066  -0.0000683565
        0.0002809028   0.0000382153   0.0000268636   0.0000645353  -0.0000007409
       -0.0002473619   0.0002042365  -0.0000595699  -0.0003349545   0.0002722572
       -0.0000974422  -0.0723367440  -0.0525146033   0.0600671663  -0.2001011775
       -0.1067285163  -0.0601536940  -0.0517753314   0.0331201947   0.0479947412
       -0.0000978080   0.0000524127   0.0000190375  -0.0003507595   0.0000489607
        0.0000632157   0.0001675153   0.0000019944   0.0000194308  -0.0026248531
        0.0018214981   0.0027716929   0.0064729983   0.0091501108  -0.0007756321
        0.0490786238  -0.1115734262   0.0174268361   0.0254206843  -0.0424244055
        0.0262489293   0.0468847135   0.4954607615  -0.0146987616   0.0000346371
        0.0000432237  -0.0000281492  -0.0000320221  -0.0000266810   0.0000047102
       -0.0000487752   0.0000134538   0.0000275170  -0.0000508737   0.0000135746
       -0.0000252377   0.0000299590   0.0000597174  -0.0000065846  -0.0000441322
        0.0000157979  -0.0000522170  -0.0000073892  -0.0000209306   0.0000107049
        0.0005181763  -0.0004355622   0.0001726382  -0.0004853172   0.0001237718
        0.0000146224  -0.0529564272  -0.1287291106   0.1100646783  -0.1065578636
       -0.1103266373  -0.0347032110   0.0346489134  -0.1132685240  -0.1065542200
        0.0000310050   0.0000230286  -0.0000305145   0.0000705241  -0.0000523090
        0.0000739820   0.0000687657  -0.0000429400  -0.0000374697   0.0010785084
        0.0023311246   0.0045729134   0.0016806224   0.0003181476   0.0068373609
       -0.0280052403   0.0222606138  -0.0810878287  -0.0135702623   0.0265609148
        0.0042852287  -0.0149925690  -0.0146987616   0.4982062622   0.0000010124
       -0.0000168379  -0.0000104071   0.0000181948  -0.0000118138   0.0000223191
       -0.0000221559   0.0000205510  -0.0000000606  -0.0000745799  -0.0000535397
        0.0000723860  -0.0000377306   0.0000083014   0.0000185454   0.0000069974
        0.0000366123   0.0000077229   0.0000232816   0.0000163996   0.0000544104
        0.0008950014  -0.0002989865   0.0002165631  -0.0008511965   0.0003956367
       -0.0002183608   0.0614704444   0.1098281583  -0.1750344180  -0.0602053104
       -0.0357723150  -0.0636241597   0.0524146874  -0.1108519853  -0.1943244752
       -0.2096958237  -0.1010571234   0.0532649983  -0.0258761703  -0.0097384655
        0.0063866349   0.0009751436  -0.0008425942  -0.0001391591  -0.0034547104
        0.0034242470  -0.0009843174  -0.0023095206  -0.0004891649   0.0004265784
        0.0002376650   0.0004417666  -0.0002328091  -0.0001076720  -0.0001129520
        0.0000736378  -0.0003161767   0.0000346371   0.0000010124   0.2444486871
        0.1152121250  -0.0612907364   0.0000267954  -0.0014637467   0.0019232335
       -0.0048599311  -0.0056419525   0.0006358755   0.0003345131  -0.0005197605
       -0.0000127249   0.0001795905   0.0007051595   0.0000507151   0.0002512746
       -0.0002361785  -0.0000981419  -0.0001433356   0.0000194356   0.0001281648
        0.0001245859  -0.0000215902  -0.0001758580   0.0001775980   0.0003064134
        0.0000486724   0.0000161720  -0.0000283124   0.0000076233  -0.0000174931
        0.0000135500  -0.0000132947   0.0000088082  -0.0000054933  -0.0000001048
       -0.1014976748  -0.1027038453   0.0317753867   0.0144067393   0.0073138686
       -0.0044072710   0.0009515685   0.0007528358   0.0000235117   0.0019463666
       -0.0013481401   0.0001038021   0.0007559291   0.0003911642  -0.0001341247
        0.0005009795  -0.0000883724   0.0000281950  -0.0001006476  -0.0000426236
        0.0000267309   0.0000568107   0.0000432237  -0.0000168379   0.1152121250
        0.1184039305  -0.0370608986  -0.0086615840  -0.0053945944   0.0045270980
       -0.0238312086  -0.0171574716   0.0053793713  -0.0000785466   0.0004189697
       -0.0003020958   0.0001694134  -0.0004590893  -0.0000580801  -0.0000754162
       -0.0000045666   0.0000370525  -0.0001025321  -0.0000961100   0.0000443206
        0.0001437167  -0.0000187928  -0.0001034840   0.0001973428  -0.0000216314
        0.0001487033  -0.0000050547   0.0000157067  -0.0000163112   0.0000104178
       -0.0000105308  -0.0000034311   0.0000012552   0.0000060691   0.0000083622
        0.0533693882   0.0316422835  -0.0607707683  -0.0023954945  -0.0016358746
        0.0010365816   0.0002500451   0.0000052358   0.0001096685  -0.0005182289
        0.0001880340   0.0006171292   0.0000410544   0.0000235536   0.0001953083
       -0.0002004380  -0.0000238322   0.0000347131   0.0000408336   0.0000305343
       -0.0000221243   0.0000068233  -0.0000281492  -0.0000104071  -0.0612907364
       -0.0370608986   0.0666881541   0.0267252342   0.0181657073  -0.0123685258
       -0.0153151315  -0.0108814054   0.0043933111  -0.0005579067  -0.0001981290
        0.0002016869   0.0000692309  -0.0003713224   0.0002430504  -0.0001506041
       -0.0000019592  -0.0000955768   0.0001672555   0.0001248708  -0.0002756758
       -0.0002401335   0.0000183361   0.0001120096  -0.0000021755   0.0000060600
       -0.0000933833  -0.0000012844  -0.0000030551   0.0000099506  -0.0000025038
        0.0000032722   0.0000006658   0.0000047723  -0.0000032618  -0.0000057679
       -0.0441267474   0.0037088644  -0.0151667852  -0.0045070067   0.0089500661
       -0.0240678411   0.0005355995  -0.0007583056  -0.0002592701   0.0005233163
        0.0006442684  -0.0011935542   0.0005480814  -0.0002430264   0.0003084045
       -0.0002096330  -0.0000397888  -0.0000382132   0.0000947905   0.0000016687
        0.0000235321   0.0000510950  -0.0000320221   0.0000181948   0.0000267954
       -0.0086615840   0.0267252342   0.0509779181  -0.0072808153   0.0188707905
        0.0004653151   0.0002588266  -0.0044617899  -0.0039404661   0.0035013358
       -0.0014227143  -0.0001214888  -0.0000391470   0.0001511044   0.0000418173
       -0.0001966431  -0.0000106715   0.0001420250   0.0001463540   0.0002199160
       -0.0004619664   0.0001650824   0.0003671774  -0.0000796259  -0.0001012710
       -0.0000856369   0.0000198630  -0.0000125486   0.0000130621   0.0000166981
       -0.0000087921   0.0000109397   0.0000036197  -0.0000025226  -0.0000018792
        0.0035426703  -0.0626366917   0.0637095260   0.0041484567  -0.0071945383
        0.0187376078  -0.0000689487   0.0005790185   0.0009580530  -0.0007399107
        0.0005258401  -0.0001654880  -0.0000709583  -0.0001258320  -0.0000883691
       -0.0001432585   0.0000986804   0.0000200558   0.0000521410  -0.0000479387
        0.0000010465   0.0000331746  -0.0000266810  -0.0000118138  -0.0014637467
       -0.0053945944   0.0181657073  -0.0072808153   0.0708226721  -0.0753561909
       -0.0017731136   0.0057500728  -0.0261801319   0.0035651271  -0.0021422190
        0.0010385220  -0.0000796543  -0.0001424280   0.0001018854  -0.0001968933
        0.0001775645  -0.0001401779   0.0003093169  -0.0003200030  -0.0005587325
        0.0001917595   0.0001483272  -0.0000699500  -0.0000097787  -0.0000722583
       -0.0001694232  -0.0000099366   0.0000006556   0.0000071723  -0.0000098085
        0.0000022627   0.0000012591   0.0000041772  -0.0000019096  -0.0000005581
       -0.0147930394   0.0636119662  -0.2642563282  -0.0043131983   0.0046514802
       -0.0071912571   0.0006990453  -0.0006416061   0.0011481852   0.0004642819
       -0.0004576589   0.0006671932  -0.0001174685  -0.0001667933   0.0002024884
        0.0003383828   0.0002027034  -0.0001898810  -0.0000152505  -0.0001373898
        0.0000751165  -0.0000274030   0.0000047102   0.0000223191   0.0019232335
        0.0045270980  -0.0123685258   0.0188707905  -0.0753561909   0.3054684418
       -0.0012772295   0.0027104147  -0.0240207173  -0.0014738346   0.0010884085
        0.0003341522   0.0000125402   0.0000844164  -0.0002181742   0.0001553000
       -0.0001652649  -0.0000225486  -0.0000329402   0.0001386930   0.0003504982
       -0.0003441834   0.0000238094   0.0003593652  -0.0001034330  -0.0001141021
       -0.0003489353   0.0000189665  -0.0000014113  -0.0000134885   0.0000080382
       -0.0000107240  -0.0000094725   0.0000074014   0.0000074411   0.0000115687
       -0.0448073135  -0.0200729661  -0.0136722105   0.0001321904   0.0199632764
        0.0132914785  -0.0034489112   0.0030173972  -0.0002822686   0.0002194589
        0.0014782020   0.0003277407   0.0006284176  -0.0002766849  -0.0000737908
       -0.0002918110  -0.0000481670   0.0001570448   0.0001156163   0.0000520546
       -0.0000776739   0.0000686641  -0.0000487752  -0.0000221559  -0.0048599311
       -0.0238312086  -0.0153151315   0.0004653151  -0.0017731136  -0.0012772295
        0.0522103640   0.0207757015   0.0162013578   0.0005804534  -0.0001903586
        0.0003311166  -0.0001046245   0.0000160048  -0.0001063410   0.0000577381
        0.0013038707   0.0006523720  -0.0001173686  -0.0000719967  -0.0000408114
       -0.0000255799  -0.0001044415  -0.0000532663  -0.0008574908  -0.0001744787
       -0.0000592956   0.0000064306   0.0000080313   0.0000155621   0.0000055873
       -0.0000085008   0.0000106333   0.0000227948  -0.0000138470  -0.0000071310
       -0.0201957078  -0.2015979704  -0.1125076634   0.0013829992  -0.0188537534
       -0.0111855014   0.0042029215  -0.0026647145   0.0007195443  -0.0007591068
        0.0007527248  -0.0000447076   0.0000681603   0.0001768994   0.0002286422
       -0.0002659518  -0.0001060199  -0.0000719598   0.0000049552   0.0000083925
        0.0000123523   0.0000217549   0.0000134538   0.0000205510  -0.0056419525
       -0.0171574716  -0.0108814054   0.0002588266   0.0057500728   0.0027104147
        0.0207757015   0.2343066961   0.1314534576  -0.0003932683  -0.0000338640
       -0.0000490949   0.0001101165   0.0002855272   0.0000258135   0.0001356818
       -0.0012790746  -0.0007738572   0.0000055103   0.0001068733   0.0003096804
       -0.0000451243  -0.0000708575  -0.0000153608   0.0003692964   0.0003835076
        0.0000423623  -0.0000067995  -0.0000294244  -0.0000015813  -0.0000024790
        0.0000156801   0.0000057430  -0.0000255343  -0.0000066772   0.0000025704
       -0.0134244463  -0.1127650022  -0.1246043163   0.0009345215   0.0011635109
        0.0015681852   0.0000242141   0.0000276699   0.0008407015  -0.0000613477
       -0.0000077088   0.0000416551   0.0000853789   0.0003165489  -0.0000012471
       -0.0001252762  -0.0002381102   0.0000709000  -0.0000415655   0.0001270208
       -0.0000451756  -0.0000125891   0.0000275170  -0.0000000606   0.0006358755
        0.0053793713   0.0043933111  -0.0044617899  -0.0261801319  -0.0240207173
        0.0162013578   0.1314534576   0.1409122643  -0.0000894856   0.0005136037
        0.0004878404   0.0000261427   0.0000773792  -0.0000829885  -0.0000197547
       -0.0000652046   0.0001799805  -0.0000826025   0.0001575290   0.0002232124
       -0.0000402219  -0.0000946975  -0.0002574680   0.0004743780   0.0001071247
        0.0002964318  -0.0000119511  -0.0000056369   0.0000041762   0.0000006116
        0.0000075779   0.0000022974  -0.0000114496  -0.0000018187  -0.0000089824
       -0.0051082866   0.0093930249  -0.0229617311  -0.0429857646   0.0038931848
       -0.0180852033   0.0006317786  -0.0001311043  -0.0034576463  -0.0028874807
       -0.0088538227   0.0254282488   0.0026143068  -0.0000211601  -0.0004642964
       -0.0005464655  -0.0007628440   0.0007001742   0.0000116595   0.0005422986
       -0.0003241672   0.0000839704  -0.0000508737  -0.0000745799   0.0003345131
       -0.0000785466  -0.0005579067  -0.0039404661   0.0035651271  -0.0014738346
        0.0005804534  -0.0003932683  -0.0000894856   0.0543941260  -0.0044399834
        0.0198129689  -0.0000588666  -0.0000867050  -0.0005415892   0.0000628028
        0.0001360209   0.0005250287   0.0005085712  -0.0006327141  -0.0005746071
       -0.0042595373  -0.0025170218   0.0019426654   0.0005643254   0.0003987883
        0.0002134316  -0.0000721467   0.0000656527  -0.0000131097   0.0000258817
       -0.0000017688   0.0000042341   0.0000466250  -0.0000242843  -0.0000085947
        0.0049658344  -0.0064714380   0.0176836683   0.0035639388  -0.0561410802
        0.0555785117  -0.0024252316   0.0022403042  -0.0249665255  -0.0022986942
       -0.0049456237   0.0169509131   0.0007054848   0.0001851695  -0.0007491976
        0.0002466485   0.0000236284   0.0001689851  -0.0000456956  -0.0000736597
       -0.0000450151   0.0000646638   0.0000135746  -0.0000535397  -0.0005197605
        0.0004189697  -0.0001981290   0.0035013358  -0.0021422190   0.0010884085
       -0.0001903586  -0.0000338640   0.0005136037  -0.0044399834   0.0709154112
       -0.0630597647   0.0000735563   0.0006062947  -0.0002804999  -0.0000689230
        0.0005739489  -0.0002469871  -0.0005658198  -0.0038516796  -0.0039905511
       -0.0028109433  -0.0013100777   0.0011329346   0.0001844981   0.0000035123
        0.0004603867   0.0000287470   0.0000347575   0.0000000550  -0.0000000018
       -0.0000219923   0.0000178662   0.0000307042  -0.0000239369  -0.0000051230
       -0.0025503480   0.0033139336  -0.0060029511  -0.0174396040   0.0557964733
       -0.2519635225  -0.0021156131   0.0001874352  -0.0209256871   0.0029192940
        0.0053854256  -0.0124926158  -0.0001655626  -0.0003583896   0.0006792301
       -0.0001794634   0.0000591198  -0.0002790368  -0.0001389789  -0.0002750180
        0.0001809109  -0.0001182236  -0.0000252377   0.0000723860  -0.0000127249
       -0.0003020958   0.0002016869  -0.0014227143   0.0010385220   0.0003341522
        0.0003311166  -0.0000490949   0.0004878404   0.0198129689  -0.0630597647
        0.2917398484  -0.0001581208   0.0003924333   0.0004398853   0.0002204133
        0.0003036001   0.0001988546  -0.0004636405  -0.0038809741  -0.0026051706
        0.0018744480   0.0016094644  -0.0003021638  -0.0003606692  -0.0000997183
        0.0002079417   0.0000437788  -0.0000510397   0.0000577987  -0.0000437752
        0.0000063913  -0.0000073193  -0.0000325813   0.0000085343  -0.0000220681
        0.0008687404   0.0010065458   0.0002356301  -0.0045200644  -0.0045249807
        0.0003850512  -0.2014043239  -0.0993714365   0.0597107902   0.0001163746
       -0.0013509166  -0.0010717618  -0.0002815048  -0.0002609126  -0.0001433451
        0.0007181640   0.0002556309   0.0000185691  -0.0002211197  -0.0001521728
        0.0000645223  -0.0001524028   0.0000299590  -0.0000377306   0.0001795905
        0.0001694134   0.0000692309  -0.0001214888  -0.0000796543   0.0000125402
       -0.0001046245   0.0001101165   0.0000261427  -0.0000588666   0.0000735563
       -0.0001581208   0.2317855671   0.1161600152  -0.0693052401  -0.0277065146
       -0.0121879276   0.0093325884   0.0010370353   0.0002670726   0.0010390112
        0.0001164345   0.0001658856  -0.0002261365  -0.0003278023  -0.0002565750
        0.0000360907   0.0000126528  -0.0000267423   0.0000431205   0.0000038491
       -0.0000042347  -0.0000139971   0.0000603040  -0.0000226422  -0.0000169554
       -0.0007690286   0.0007034041   0.0003460620  -0.0214251772  -0.0165811483
        0.0059225115  -0.0988350082  -0.1043584628   0.0382336202  -0.0009066794
       -0.0049777874  -0.0033524561   0.0002652801   0.0000399453   0.0001630902
        0.0003059425   0.0000335904  -0.0000696037  -0.0000654188  -0.0000598013
        0.0000123782  -0.0000526542   0.0000597174   0.0000083014   0.0007051595
       -0.0004590893  -0.0003713224  -0.0000391470  -0.0001424280   0.0000844164
        0.0000160048   0.0002855272   0.0000773792  -0.0000867050   0.0006062947
        0.0003924333   0.1161600152   0.1219579426  -0.0421286576   0.0142193756
        0.0086793454  -0.0049667893  -0.0083877813  -0.0048910886   0.0057790391
        0.0002724359   0.0000816581  -0.0002848043  -0.0013954099  -0.0009808400
        0.0001540127   0.0000014673   0.0000006269  -0.0000230356   0.0000222316
       -0.0000030995   0.0000052670  -0.0000049028   0.0000056932   0.0000181579
       -0.0003634812   0.0002516408   0.0002193508  -0.0125722979  -0.0091171114
        0.0041902748   0.0597483363   0.0388195562  -0.0662123021  -0.0004622734
       -0.0030504662  -0.0010007892   0.0005058756   0.0002210873  -0.0000201138
       -0.0003187125  -0.0002461529   0.0000418697   0.0000308495   0.0001410095
       -0.0000417104   0.0000234066  -0.0000065846   0.0000185454   0.0000507151
       -0.0000580801   0.0002430504   0.0001511044   0.0001018854  -0.0002181742
       -0.0001063410   0.0000258135  -0.0000829885  -0.0005415892  -0.0002804999
        0.0004398853  -0.0693052401  -0.0421286576   0.0745084067  -0.0025164278
       -0.0013531090   0.0015537950   0.0264638601   0.0173559687  -0.0138963197
       -0.0000444888  -0.0001252279  -0.0000268474  -0.0007425814  -0.0005435686
        0.0002694696  -0.0000005595  -0.0000064289   0.0000067857   0.0000114918
       -0.0000010301   0.0000107887  -0.0000116469  -0.0000000439  -0.0000029769
        0.0006304237   0.0002876110   0.0005142730   0.0010069358   0.0011309847
        0.0009777742  -0.2047762585   0.1128786867  -0.0226602859   0.0002653726
       -0.0002748134  -0.0002460034   0.0003571461  -0.0005291589  -0.0000733444
       -0.0004875775  -0.0005501185   0.0001547863   0.0000537433   0.0002678605
       -0.0000631124  -0.0000683565  -0.0000441322   0.0000069974   0.0002512746
       -0.0000754162  -0.0001506041   0.0000418173  -0.0001968933   0.0001553000
        0.0000577381   0.0001356818  -0.0000197547   0.0000628028  -0.0000689230
        0.0002204133  -0.0277065146   0.0142193756  -0.0025164278   0.2353513951
       -0.1309864278   0.0265827357  -0.0046427813   0.0035850603  -0.0026682496
       -0.0000467174   0.0001139962  -0.0000323801  -0.0001863575   0.0000967053
       -0.0001091611  -0.0000772078  -0.0000210220  -0.0001046384   0.0000162393
        0.0000313009  -0.0000035090  -0.0001031176  -0.0000003578   0.0000351913
       -0.0005575811  -0.0047466157  -0.0035911427   0.0209041110  -0.0192264086
        0.0006733868   0.1119275119  -0.1202597347   0.0173666486   0.0008754041
        0.0001577441   0.0002328708  -0.0002205541   0.0004359385   0.0002683934
       -0.0011319188  -0.0006770831  -0.0000519517   0.0004046655   0.0004962629
       -0.0002467003   0.0002809028   0.0000157979   0.0000366123  -0.0002361785
       -0.0000045666  -0.0000019592  -0.0001966431   0.0001775645  -0.0001652649
        0.0013038707  -0.0012790746  -0.0000652046   0.0001360209   0.0005739489
        0.0003036001  -0.0121879276   0.0086793454  -0.0013531090  -0.1309864278
        0.1411574568  -0.0175762777   0.0093286641  -0.0057300935   0.0039416387
        0.0000706966  -0.0002203129   0.0000643988   0.0003064352   0.0003321040
        0.0001732354  -0.0000412371   0.0000848673  -0.0000705060   0.0000641702
       -0.0000107491   0.0000342512  -0.0000439850   0.0000436085   0.0000270800
       -0.0002219093  -0.0029763676  -0.0011897803   0.0130973191  -0.0108612522
        0.0013191095  -0.0230279699   0.0177315571  -0.0473074188   0.0000939690
        0.0005270944   0.0006144227   0.0000612242  -0.0000837233  -0.0003398366
       -0.0001711677  -0.0001250599   0.0003237404   0.0000858465   0.0002188371
       -0.0001897331   0.0000382153  -0.0000522170   0.0000077229  -0.0000981419
        0.0000370525  -0.0000955768  -0.0000106715  -0.0001401779  -0.0000225486
        0.0006523720  -0.0007738572   0.0001799805   0.0005250287  -0.0002469871
        0.0001988546   0.0093325884  -0.0049667893   0.0015537950   0.0265827357
       -0.0175762777   0.0524361517  -0.0268842706   0.0190149243  -0.0071164082
       -0.0000955965   0.0001651394  -0.0001787737   0.0000929450   0.0001044464
       -0.0001369158  -0.0001249171  -0.0000126552  -0.0000447291   0.0000040245
        0.0000166235  -0.0000320493   0.0000683762  -0.0000003103   0.0000199931
        0.0003448174   0.0001111348   0.0009019464  -0.0004318891   0.0000510417
       -0.0035789644  -0.0471451767   0.0060346923  -0.0238524439   0.0003244783
        0.0002008469  -0.0012130193   0.0000181745   0.0000643671   0.0001390855
       -0.0003623324  -0.0001512367  -0.0001625428   0.0000844208   0.0000786754
        0.0000800415   0.0000268636  -0.0000073892   0.0000232816  -0.0001433356
       -0.0001025321   0.0001672555   0.0001420250   0.0003093169  -0.0000329402
       -0.0001173686   0.0000055103  -0.0000826025   0.0005085712  -0.0005658198
       -0.0004636405   0.0010370353  -0.0083877813   0.0264638601  -0.0046427813
        0.0093286641  -0.0268842706   0.0504640166  -0.0065469079   0.0281419821
       -0.0001465809  -0.0004719162   0.0001375599   0.0000004488   0.0000557198
        0.0001835288   0.0000359586  -0.0000058277   0.0000287572   0.0000244878
       -0.0000114176   0.0000226797  -0.0000218331   0.0000108593  -0.0000195542
       -0.0005687098   0.0009629598  -0.0007851823  -0.0027026771   0.0040936256
       -0.0251841858   0.0059531047  -0.0577137747   0.0572040525   0.0003368918
        0.0008612942  -0.0009557692   0.0005459743   0.0000027331   0.0001779653
       -0.0003537780  -0.0001668060   0.0000805272   0.0000935394   0.0001166883
       -0.0000669068   0.0000645353  -0.0000209306   0.0000163996   0.0000194356
       -0.0000961100   0.0001248708   0.0001463540  -0.0003200030   0.0001386930
       -0.0000719967   0.0001068733   0.0001575290  -0.0006327141  -0.0038516796
       -0.0038809741   0.0002670726  -0.0048910886   0.0173559687   0.0035850603
       -0.0057300935   0.0190149243  -0.0065469079   0.0666523994  -0.0637255528
       -0.0002522529  -0.0001014298   0.0002089712   0.0001164929   0.0001107242
        0.0001112403  -0.0000165758  -0.0000119808  -0.0000074332   0.0000107178
       -0.0000029591  -0.0000002772   0.0000064338  -0.0000004423   0.0000151396
       -0.0001860668   0.0008983139   0.0011078147  -0.0026435233  -0.0002907914
       -0.0232501834  -0.0233987812   0.0570550224  -0.2650176492   0.0003557913
        0.0006545381   0.0008212280  -0.0004586204   0.0000011463   0.0002825855
        0.0001836917   0.0000626639  -0.0003392711   0.0000386105  -0.0000608300
        0.0000473816  -0.0000007409   0.0000107049   0.0000544104   0.0001281648
        0.0000443206  -0.0002756758   0.0002199160  -0.0005587325   0.0003504982
       -0.0000408114   0.0003096804   0.0002232124  -0.0005746071  -0.0039905511
       -0.0026051706   0.0010390112   0.0057790391  -0.0138963197  -0.0026682496
        0.0039416387  -0.0071164082   0.0281419821  -0.0637255528   0.3090284728
       -0.0004559860  -0.0003369023   0.0003682715   0.0002645801   0.0001911932
        0.0002182041   0.0000368645   0.0000041982  -0.0000159879   0.0000304676
       -0.0000056588   0.0000044287  -0.0000116932   0.0000165593   0.0000101579
        0.0005698474  -0.0005787292   0.0005586099  -0.0029144684  -0.0055610181
        0.0242427092   0.0008831518   0.0008803312   0.0005924044  -0.0398398752
       -0.0029540562   0.0134492096  -0.0113635421   0.0111661558  -0.0295523953
        0.0012241423   0.0026900606  -0.0030329170   0.0007956785  -0.0010994763
        0.0008449560  -0.0002473619   0.0005181763   0.0008950014   0.0001245859
        0.0001437167  -0.0002401335  -0.0004619664   0.0001917595  -0.0003441834
       -0.0000255799  -0.0000451243  -0.0000402219  -0.0042595373  -0.0028109433
        0.0018744480   0.0001164345   0.0002724359  -0.0000444888  -0.0000467174
        0.0000706966  -0.0000955965  -0.0001465809  -0.0002522529  -0.0004559860
        0.0534998161  -0.0019384827  -0.0061908365   0.0020753372  -0.0005234760
       -0.0026730823   0.0000552384  -0.0001798843   0.0001794039   0.0001470025
       -0.0001012527   0.0000708313  -0.0001856052   0.0001113633  -0.0000377325
        0.0003199746   0.0002861013  -0.0003378263  -0.0026243126  -0.0028529793
        0.0150930051   0.0002638618   0.0005396969   0.0010178485  -0.0047199344
       -0.0466360482   0.0294299887   0.0107595180  -0.0095232383   0.0235362765
       -0.0007262705   0.0014682487   0.0000777825   0.0004264183  -0.0004415695
        0.0002649500   0.0002042365  -0.0004355622  -0.0002989865  -0.0000215902
       -0.0000187928   0.0000183361   0.0001650824   0.0001483272   0.0000238094
       -0.0001044415  -0.0000708575  -0.0000946975  -0.0025170218  -0.0013100777
        0.0016094644   0.0001658856   0.0000816581  -0.0001252279   0.0001139962
       -0.0002203129   0.0001651394  -0.0004719162  -0.0001014298  -0.0003369023
       -0.0019384827   0.0575388775  -0.0422662802   0.0007145417   0.0014746978
       -0.0277033476   0.0000039384   0.0000409282  -0.0000495667  -0.0000967382
        0.0000443763  -0.0000551669   0.0000832545  -0.0000120441   0.0000314013
       -0.0004672695  -0.0002702930   0.0005806949   0.0038556978   0.0037157659
       -0.0117315852  -0.0009689646  -0.0009640101   0.0013461898   0.0110214117
        0.0303480179  -0.2567598210  -0.0127723689   0.0098513716  -0.0116664553
        0.0021426927   0.0020774986  -0.0003774897   0.0002303029  -0.0016029355
        0.0001664663  -0.0000595699   0.0001726382   0.0002165631  -0.0001758580
       -0.0001034840   0.0001120096   0.0003671774  -0.0000699500   0.0003593652
       -0.0000532663  -0.0000153608  -0.0002574680   0.0019426654   0.0011329346
       -0.0003021638  -0.0002261365  -0.0002848043  -0.0000268474  -0.0000323801
        0.0000643988  -0.0001787737   0.0001375599   0.0002089712   0.0003682715
       -0.0061908365  -0.0422662802   0.3001276212   0.0011221340  -0.0017964490
       -0.0220402036   0.0000520066  -0.0001205426   0.0000486637   0.0000872863
       -0.0000621667  -0.0000044004  -0.0000122842  -0.0000153205   0.0000193627
        0.0004800753  -0.0012179902  -0.0003253766  -0.0042513112  -0.0204453121
       -0.0111105418  -0.0041184761  -0.0029879912   0.0015649111  -0.0401339399
       -0.0194396895  -0.0100644903  -0.0102373530   0.0305348391   0.0099942482
        0.0011350880   0.0038979323  -0.0003490286   0.0008246265  -0.0012894657
        0.0002795437  -0.0003349545  -0.0004853172  -0.0008511965   0.0001775980
        0.0001973428  -0.0000021755  -0.0000796259  -0.0000097787  -0.0001034330
       -0.0008574908   0.0003692964   0.0004743780   0.0005643254   0.0001844981
       -0.0003606692  -0.0003278023  -0.0013954099  -0.0007425814  -0.0001863575
        0.0003064352   0.0000929450   0.0000004488   0.0001164929   0.0002645801
        0.0020753372   0.0007145417   0.0011221340   0.0551058501   0.0112100238
        0.0100838878   0.0000578243  -0.0000770454   0.0000890191  -0.0001123815
       -0.0000035127  -0.0000454473   0.0002185193  -0.0001798897  -0.0000107068
        0.0013409664   0.0010322284   0.0000035995  -0.0048185970  -0.0156754416
       -0.0083570460  -0.0033126665  -0.0015041948   0.0014306765  -0.0190544941
       -0.2037175386  -0.0947586606   0.0169040926  -0.0281478020  -0.0047195725
       -0.0021875156  -0.0008194622   0.0005681511   0.0000985892   0.0006163035
       -0.0009062479   0.0002722572   0.0001237718   0.0003956367   0.0003064134
       -0.0000216314   0.0000060600  -0.0001012710  -0.0000722583  -0.0001141021
       -0.0001744787   0.0003835076   0.0001071247   0.0003987883   0.0000035123
       -0.0000997183  -0.0002565750  -0.0009808400  -0.0005435686   0.0000967053
        0.0003321040   0.0001044464   0.0000557198   0.0001107242   0.0001911932
       -0.0005234760   0.0014746978  -0.0017964490   0.0112100238   0.2466862878
        0.1084959090  -0.0000748123   0.0000272188  -0.0000941434   0.0000124270
        0.0000568742   0.0000355167  -0.0001920968   0.0000919386   0.0000511944
       -0.0000112661   0.0003293295   0.0003196982   0.0005598288   0.0050935856
        0.0036450571   0.0007062099   0.0003088200   0.0006450928  -0.0078314179
       -0.0951881573  -0.0990458800   0.0006113891   0.0083603037   0.0056068771
       -0.0009832085  -0.0018882599   0.0019126161  -0.0005595658   0.0011960094
       -0.0008235658  -0.0000974422   0.0000146224  -0.0002183608   0.0000486724
        0.0001487033  -0.0000933833  -0.0000856369  -0.0001694232  -0.0003489353
       -0.0000592956   0.0000423623   0.0002964318   0.0002134316   0.0004603867
        0.0002079417   0.0000360907   0.0001540127   0.0002694696  -0.0001091611
        0.0001732354  -0.0001369158   0.0001835288   0.0001112403   0.0002182041
       -0.0026730823  -0.0277033476  -0.0220402036   0.0100838878   0.1084959090
        0.1096121991  -0.0000274577   0.0000434107  -0.0000134885  -0.0000061282
        0.0000237925   0.0000123024   0.0000006233  -0.0000065354  -0.0000251571
        0.0000352705  -0.0000124522   0.0000234083   0.0000136096  -0.0000158278
       -0.0000149865  -0.0000379313  -0.0000057350   0.0000208723  -0.0001098380
        0.0002650849  -0.0001827807   0.0002163438   0.0005257797   0.0006452957
        0.0089396721   0.0089164841  -0.0145285444  -0.0033139506   0.0069569597
       -0.0021943037  -0.0723367440  -0.0529564272   0.0614704444   0.0000161720
       -0.0000050547  -0.0000012844   0.0000198630  -0.0000099366   0.0000189665
        0.0000064306  -0.0000067995  -0.0000119511  -0.0000721467   0.0000287470
        0.0000437788   0.0000126528   0.0000014673  -0.0000005595  -0.0000772078
       -0.0000412371  -0.0001249171   0.0000359586  -0.0000165758   0.0000368645
        0.0000552384   0.0000039384   0.0000520066   0.0000578243  -0.0000748123
       -0.0000274577   0.0781345329   0.0569330838  -0.0706455411  -0.0095432989
       -0.0158700863   0.0177412918  -0.0020524513  -0.0046166003   0.0076793971
       -0.0000872396  -0.0000177981  -0.0000175216  -0.0000798512   0.0000668938
       -0.0000045153  -0.0000533066  -0.0000092708  -0.0000160318  -0.0002818338
        0.0001172731  -0.0001887335  -0.0012596049  -0.0001222169  -0.0007464160
       -0.0035619551  -0.0148437779   0.0162102426   0.0042986279  -0.0049957382
        0.0023841218  -0.0525146033  -0.1287291106   0.1098281583  -0.0000283124
        0.0000157067  -0.0000030551  -0.0000125486   0.0000006556  -0.0000014113
        0.0000080313  -0.0000294244  -0.0000056369   0.0000656527   0.0000347575
       -0.0000510397  -0.0000267423   0.0000006269  -0.0000064289  -0.0000210220
        0.0000848673  -0.0000126552  -0.0000058277  -0.0000119808   0.0000041982
       -0.0001798843   0.0000409282  -0.0001205426  -0.0000770454   0.0000272188
        0.0000434107   0.0569330838   0.1493478230  -0.1276667821  -0.0078566224
       -0.0108079065   0.0118661046   0.0047410040   0.0098304731  -0.0114954663
        0.0000658233  -0.0000269540   0.0000028686   0.0000928887   0.0000185989
        0.0000302225  -0.0000184305   0.0000375645  -0.0000041833   0.0002927653
       -0.0001854132   0.0002990383  -0.0008066413  -0.0009590293   0.0002842886
        0.0037493862   0.0067444629  -0.0077466604  -0.0017454619   0.0029041329
        0.0001266433   0.0600671663   0.1100646783  -0.1750344180   0.0000076233
       -0.0000163112   0.0000099506   0.0000130621   0.0000071723  -0.0000134885
        0.0000155621  -0.0000015813   0.0000041762  -0.0000131097   0.0000000550
        0.0000577987   0.0000431205  -0.0000230356   0.0000067857  -0.0001046384
       -0.0000705060  -0.0000447291   0.0000287572  -0.0000074332  -0.0000159879
        0.0001794039  -0.0000495667   0.0000486637   0.0000890191  -0.0000941434
       -0.0000134885  -0.0706455411  -0.1276667821   0.1984152292  -0.0018743993
       -0.0043398531   0.0061843342   0.0105636441   0.0136639444  -0.0225970438
       -0.0001248909  -0.0000462912   0.0000257903  -0.0002478975   0.0002143492
       -0.0000818979   0.0000031944  -0.0000170363   0.0000086626  -0.0010858183
       -0.0001445911   0.0007678163  -0.0047505224   0.0034145828  -0.0016527829
       -0.0230578273  -0.0082521648  -0.0092173043   0.0016979830  -0.0019365367
        0.0022667778  -0.2001011775  -0.1065578636  -0.0602053104  -0.0000174931
        0.0000104178  -0.0000025038   0.0000166981  -0.0000098085   0.0000080382
        0.0000055873  -0.0000024790   0.0000006116   0.0000258817  -0.0000000018
       -0.0000437752   0.0000038491   0.0000222316   0.0000114918   0.0000162393
        0.0000641702   0.0000040245   0.0000244878   0.0000107178   0.0000304676
        0.0001470025  -0.0000967382   0.0000872863  -0.0001123815   0.0000124270
       -0.0000061282  -0.0095432989  -0.0078566224  -0.0018743993   0.2318013230
        0.1198255013   0.0691530731   0.0052990611   0.0013457360   0.0007200619
        0.0000828317   0.0000384952  -0.0000144832   0.0002079695  -0.0001307435
        0.0000472453   0.0000297703   0.0000115446  -0.0000018574   0.0012665531
       -0.0001177064  -0.0004891170   0.0038171985  -0.0016941867   0.0006463724
        0.0124960247   0.0097913706   0.0061143349  -0.0001104549   0.0007980582
       -0.0014524810  -0.1067285163  -0.1103266373  -0.0357723150   0.0000135500
       -0.0000105308   0.0000032722  -0.0000087921   0.0000022627  -0.0000107240
       -0.0000085008   0.0000156801   0.0000075779  -0.0000017688  -0.0000219923
        0.0000063913  -0.0000042347  -0.0000030995  -0.0000010301   0.0000313009
       -0.0000107491   0.0000166235  -0.0000114176  -0.0000029591  -0.0000056588
       -0.0001012527   0.0000443763  -0.0000621667  -0.0000035127   0.0000568742
        0.0000237925  -0.0158700863  -0.0108079065  -0.0043398531   0.1198255013
        0.1230363809   0.0439793612  -0.0149221631  -0.0106685317  -0.0086952850
       -0.0000265019  -0.0000342344   0.0000213607  -0.0000281751   0.0000766469
       -0.0000397544  -0.0000073845  -0.0000258710   0.0000216072   0.0001073001
       -0.0001565519   0.0005233453  -0.0022424679   0.0006939916   0.0003441318
       -0.0057814136  -0.0065107361  -0.0019467708   0.0010694264   0.0007920583
       -0.0000703252  -0.0601536940  -0.0347032110  -0.0636241597  -0.0000132947
       -0.0000034311   0.0000006658   0.0000109397   0.0000012591  -0.0000094725
        0.0000106333   0.0000057430   0.0000022974   0.0000042341   0.0000178662
       -0.0000073193  -0.0000139971   0.0000052670   0.0000107887  -0.0000035090
        0.0000342512  -0.0000320493   0.0000226797  -0.0000002772   0.0000044287
        0.0000708313  -0.0000551669  -0.0000044004  -0.0000454473   0.0000355167
        0.0000123024   0.0177412918   0.0118661046   0.0061843342   0.0691530731
        0.0439793612   0.0685186474  -0.0198745242  -0.0160185861  -0.0099096579
       -0.0000256959  -0.0000270076  -0.0000102317  -0.0000707547   0.0000427133
       -0.0000104772  -0.0000205613   0.0000122210  -0.0000517988  -0.0008895181
       -0.0003182251  -0.0011095720  -0.0022726459   0.0001409265  -0.0012626475
       -0.0072428304   0.0168526803   0.0166717830  -0.0007074510  -0.0010898316
       -0.0009382179  -0.0517753314   0.0346489134   0.0524146874   0.0000088082
        0.0000012552   0.0000047723   0.0000036197   0.0000041772   0.0000074014
        0.0000227948  -0.0000255343  -0.0000114496   0.0000466250   0.0000307042
       -0.0000325813   0.0000603040  -0.0000049028  -0.0000116469  -0.0001031176
       -0.0000439850   0.0000683762  -0.0000218331   0.0000064338  -0.0000116932
       -0.0001856052   0.0000832545  -0.0000122842   0.0002185193  -0.0001920968
        0.0000006233  -0.0020524513   0.0047410040   0.0105636441   0.0052990611
       -0.0149221631  -0.0198745242   0.0597080638  -0.0399405372  -0.0563941634
       -0.0000030187   0.0000095462  -0.0000100807   0.0000301643  -0.0000204315
        0.0000448761  -0.0000186489  -0.0000050576   0.0000002680   0.0002822779
        0.0004436253   0.0005038313   0.0006011540  -0.0006632299   0.0004632724
        0.0086993286  -0.0146395265  -0.0157363935   0.0006267639   0.0002535075
        0.0029070531   0.0331201947  -0.1132685240  -0.1108519853  -0.0000054933
        0.0000060691  -0.0000032618  -0.0000025226  -0.0000019096   0.0000074411
       -0.0000138470  -0.0000066772  -0.0000018187  -0.0000242843  -0.0000239369
        0.0000085343  -0.0000226422   0.0000056932  -0.0000000439  -0.0000003578
        0.0000436085  -0.0000003103   0.0000108593  -0.0000004423   0.0000165593
        0.0001113633  -0.0000120441  -0.0000153205  -0.0001798897   0.0000919386
       -0.0000065354  -0.0046166003   0.0098304731   0.0136639444   0.0013457360
       -0.0106685317  -0.0160185861  -0.0399405372   0.1286258497   0.1250285565
       -0.0000317012   0.0000057161   0.0000029404  -0.0000594765  -0.0000176029
       -0.0000297620  -0.0000003877  -0.0000294130   0.0000010043  -0.0003820972
        0.0000079672  -0.0003201528  -0.0002959462  -0.0000589202   0.0001441918
        0.0012314443   0.0005281472   0.0066644545  -0.0003944050   0.0011322957
       -0.0015139816   0.0479947412  -0.1065542200  -0.1943244752  -0.0000001048
        0.0000083622  -0.0000057679  -0.0000018792  -0.0000005581   0.0000115687
       -0.0000071310   0.0000025704  -0.0000089824  -0.0000085947  -0.0000051230
       -0.0000220681  -0.0000169554   0.0000181579  -0.0000029769   0.0000351913
        0.0000270800   0.0000199931  -0.0000195542   0.0000151396   0.0000101579
       -0.0000377325   0.0000314013   0.0000193627  -0.0000107068   0.0000511944
       -0.0000251571   0.0076793971  -0.0114954663  -0.0225970438   0.0007200619
       -0.0086952850  -0.0099096579  -0.0563941634   0.1250285565   0.2218863520
