$hessian                                                                        
        0.5985905342  -0.0000948845  -0.1932216212  -0.1561471826   0.1411940433
        0.0427500160  -0.0384592473   0.0177819822   0.0158692025   0.0028656532
        0.0057269780  -0.0036239047  -0.0224568207  -0.0275932588   0.0096634891
       -0.1257098886  -0.1214081791   0.0316395583  -0.0009628908  -0.0002375353
        0.0000714934   0.0001190054   0.0000563748   0.0002804774   0.0000382681
        0.0000298915  -0.0001324520  -0.2616439277  -0.0194633541   0.0910438939
        0.0056855542  -0.0093694830  -0.0019333344  -0.0038543252  -0.0003394782
        0.0048244697  -0.0038963883  -0.0007972401   0.0048650711   0.0054972807
        0.0145199582  -0.0019646441   0.0001990736  -0.0001509136  -0.0001408792
        0.0001516204   0.0001460301  -0.0001343429   0.0000918838   0.0000116782
       -0.0000287109  -0.0000047784  -0.0000269047   0.0000328459  -0.0001034241
        0.0000142949   0.0001393720
       -0.0000948845   0.6504730515  -0.0023428386   0.0671708425  -0.2558545394
       -0.0264488311   0.0733807311   0.0363342578  -0.0293819885   0.0061409006
       -0.0674020407  -0.0020613838  -0.0829234077   0.0184077226   0.0334373269
       -0.0472602449  -0.2875962158   0.0204114442  -0.0003016877  -0.0003226098
       -0.0001104119  -0.0002089295  -0.0000864882   0.0002657850   0.0000838496
        0.0005081910  -0.0002411803  -0.0194632614  -0.0456012581   0.0078323269
        0.0133724720  -0.0262420638  -0.0052340581  -0.0009250233   0.0014108710
        0.0003366788  -0.0001802715   0.0014495631   0.0001708341  -0.0082434796
       -0.0260169720   0.0033776004   0.0000637783   0.0002506301   0.0001357592
       -0.0002566623   0.0002919565  -0.0002053627  -0.0001232061   0.0000657437
       -0.0000219976   0.0001322003   0.0001412966   0.0002850900  -0.0003637160
       -0.0002110960  -0.0002047929
       -0.1932216212  -0.0023428386   0.1933045348   0.0429720354  -0.0558681893
       -0.0649600501   0.0157065140  -0.0071721407  -0.0049567428  -0.0038414711
       -0.0020264592  -0.0046478078   0.0100206987   0.0109114323  -0.0028031827
        0.0311514615   0.0499119320  -0.0608235379   0.0003898641   0.0001177445
       -0.0002953054  -0.0000817730  -0.0000226238  -0.0001035088   0.0000174925
        0.0000117764   0.0000850545   0.0910848715   0.0078330957  -0.0703655233
       -0.0019843174   0.0038425190   0.0015803564   0.0048154739   0.0001421420
        0.0061723757   0.0048377000   0.0003705473   0.0062691061  -0.0018104608
       -0.0056331429   0.0015677820  -0.0000391762   0.0000866508   0.0000529591
       -0.0000015325  -0.0000984375   0.0000314903  -0.0000479556  -0.0000069512
       -0.0000020011   0.0000014227   0.0000128998  -0.0000302236   0.0000307736
       -0.0000699568  -0.0000757753
       -0.1561471826   0.0671708425   0.0429720354   0.5806055835   0.0054526330
       -0.1859292345  -0.2910720325   0.0183066875   0.0979676762  -0.0220136180
       -0.0828209003   0.0094730100  -0.0472060461   0.0247419044   0.0169231144
        0.0513329690   0.0378266129  -0.0201831620   0.0022992857  -0.0016483262
        0.0029491017  -0.0004258968   0.0000755535  -0.0005459208   0.0003604476
        0.0002781606   0.0000226385  -0.0179466726   0.0227809432   0.0073900820
       -0.0817867087  -0.0906472134   0.0192878045  -0.0172337958   0.0008649692
        0.0070352864  -0.0002449924   0.0005566774   0.0000378961   0.0011709035
       -0.0029020753   0.0027084144   0.0001868990   0.0001874853  -0.0001390206
       -0.0012232510  -0.0001955346  -0.0000062469   0.0000708214   0.0000689904
        0.0000478283   0.0001105012   0.0001103034   0.0002793172  -0.0008372147
       -0.0002077133  -0.0002906204
        0.1411940433  -0.2558545394  -0.0558681893   0.0054526330   0.6708535234
       -0.0038148461  -0.0548734068  -0.0965053259   0.0220771834  -0.0276970770
        0.0189489602   0.0106439762   0.0255605226  -0.0093864185  -0.0103566852
       -0.0180292667  -0.0670660388   0.0075965145  -0.0019329467  -0.0041551702
        0.0011056763  -0.0001453298  -0.0002718071  -0.0000263309   0.0002564011
       -0.0000245655   0.0002482552  -0.0000392696   0.0011012573  -0.0000756584
       -0.0906422566  -0.2535136831   0.0369508575   0.0234974081   0.0001379733
       -0.0094147546   0.0004827838   0.0006974518  -0.0002400968  -0.0023166086
       -0.0047056589   0.0010214509   0.0001865992  -0.0002441027  -0.0000757282
       -0.0008676583  -0.0001554852   0.0004334344   0.0000849655   0.0000223591
       -0.0000942930  -0.0000810691   0.0000401423   0.0000377674  -0.0000904673
        0.0000811278  -0.0001485334
        0.0427500160  -0.0264488311  -0.0649600501  -0.1859292345  -0.0038148461
        0.1916912546   0.0980242085  -0.0069703121  -0.0868094969   0.0085249598
        0.0328874771  -0.0037920547   0.0166358741  -0.0099009061  -0.0121457348
       -0.0198560486  -0.0148633984   0.0093925473   0.0021603015   0.0002067216
        0.0063865001   0.0018437245   0.0004806386  -0.0004367377  -0.0001944222
       -0.0001233844  -0.0000061049   0.0073756188  -0.0090839096  -0.0024087024
        0.0192704265   0.0369735181  -0.0422783923   0.0070604469  -0.0003105563
       -0.0021885491   0.0000116475  -0.0002286935  -0.0002284917   0.0027299816
        0.0012311201   0.0068565953  -0.0003348526   0.0001218105   0.0001804111
       -0.0006508132  -0.0002769540   0.0005100577   0.0003794566   0.0000606647
        0.0003060116  -0.0000194232  -0.0000494861  -0.0001459508   0.0002181319
        0.0001093268   0.0000768878
       -0.0384592473   0.0733807311   0.0157065140  -0.2910720325  -0.0548734068
        0.0980242085   0.5874087150  -0.0092040744  -0.1903676847  -0.1217663128
       -0.0443704836   0.0289552980   0.0487113391  -0.0165559104  -0.0194470266
       -0.0386603175  -0.0310434970   0.0134871639  -0.0173168022  -0.0253385023
        0.0082833343  -0.0005293790  -0.0000652746   0.0012472983  -0.0006621307
       -0.0005366195   0.0000697081   0.0001334104   0.0028837060   0.0030515510
       -0.0128844452  -0.0033498836   0.0054789080  -0.1115653097   0.1094336381
        0.0316652516  -0.0000167286   0.0033416743   0.0030152272  -0.0000693440
       -0.0006926506   0.0000134045   0.0003252727  -0.0019321688  -0.0004864404
       -0.0039164636  -0.0011971936   0.0019412554  -0.0003648165  -0.0000557889
       -0.0005218227  -0.0001716476  -0.0001668952  -0.0002363929   0.0008762402
        0.0003425999   0.0001202445
        0.0177819822   0.0363342578  -0.0071721407   0.0183066875  -0.0965053259
       -0.0069703121  -0.0092040744   0.6542185350   0.0027669419  -0.1157243253
       -0.2775194509   0.0472976643   0.0350150585  -0.0645251415  -0.0137434098
       -0.0297630426  -0.0192880323   0.0120400651  -0.0086564000  -0.0057867120
        0.0025981365   0.0016314015  -0.0000803213   0.0013353828   0.0004028313
        0.0001148770  -0.0007769691   0.0034059076  -0.0035645845  -0.0013769646
       -0.0258817556  -0.0049073268   0.0103808742   0.1093040511  -0.2167019788
       -0.0445329784   0.0028718832  -0.0037689063  -0.0012199223  -0.0007351164
        0.0005536371   0.0002745944   0.0018344077   0.0010488869  -0.0007890218
        0.0001703620   0.0001836230   0.0000833737   0.0002251570  -0.0000799625
       -0.0000517811  -0.0000936112  -0.0001987852  -0.0002218391  -0.0008914041
        0.0004727112   0.0000783061
        0.0158692025  -0.0293819885  -0.0049567428   0.0979676762   0.0220771834
       -0.0868094969  -0.1903676847   0.0027669419   0.1927606331   0.0286342514
        0.0185310695  -0.0611733836  -0.0194462112   0.0067657655   0.0090409931
        0.0133925528   0.0125335287  -0.0109443597   0.0087876286   0.0093301651
       -0.0012832592  -0.0005807794   0.0014888346  -0.0016500447  -0.0008016844
       -0.0013060656   0.0003967902   0.0031258896  -0.0011225203   0.0067361199
        0.0055414330   0.0013620361  -0.0014464044   0.0316111901  -0.0445000919
       -0.0471382090   0.0031251462  -0.0012718044   0.0065611066  -0.0000410659
        0.0002785228  -0.0001743494  -0.0003347738   0.0009612663   0.0002398772
        0.0024568946   0.0009077633  -0.0008865220   0.0001774009   0.0001169157
        0.0003697542   0.0001283212  -0.0000261553   0.0001473275   0.0007546122
        0.0004886330   0.0002101698
        0.0028656532   0.0061409006  -0.0038414711  -0.0220136180  -0.0276970770
        0.0085249598  -0.1217663128  -0.1157243253   0.0286342514   0.5604069076
       -0.0002786531  -0.1549197547  -0.1478308096   0.1319711215   0.0380992580
       -0.0387770496   0.0173923212   0.0149799688  -0.1842138208  -0.0086269550
        0.0587537658  -0.0332203401  -0.0032361610  -0.0077321649   0.0001662153
       -0.0031695622   0.0037366515   0.0009309397   0.0001425344  -0.0001684542
       -0.0038004759  -0.0007377453   0.0049491468   0.0050876119   0.0142482795
       -0.0011744421   0.0058031625  -0.0091979695  -0.0011250566  -0.0037674561
       -0.0003506288   0.0049407979  -0.0128536915   0.0032568435   0.0049016215
       -0.0069353839  -0.0049898422   0.0032701163  -0.0022753811  -0.0003393439
       -0.0024661367   0.0009890136   0.0004900663   0.0013434845   0.0012048357
        0.0007061963  -0.0007065418
        0.0057269780  -0.0674020407  -0.0020264592  -0.0828209003   0.0189489602
        0.0328874771  -0.0443704836  -0.2775194509   0.0185310695  -0.0002786531
        0.6556558219  -0.0005843806   0.0618739339  -0.2432262427  -0.0236985063
        0.0727620182   0.0372115964  -0.0293028428  -0.0109229422  -0.0678816801
        0.0054279715  -0.0064163893   0.0008894223  -0.0001658956   0.0007280710
       -0.0004702054   0.0007312882   0.0001512651  -0.0007101304  -0.0000291193
       -0.0001062928   0.0014403702   0.0000450294  -0.0069731626  -0.0268142135
        0.0030492324   0.0121845707  -0.0270963077  -0.0048759880  -0.0009850916
        0.0013873838   0.0004375252   0.0231019662  -0.0003456975  -0.0101031005
       -0.0222074328  -0.0044105186   0.0099258570  -0.0010744933   0.0004411913
       -0.0008718904  -0.0009052784  -0.0003106919   0.0001642639   0.0005323170
        0.0002124332   0.0004584685
       -0.0036239047  -0.0020613838  -0.0046478078   0.0094730100   0.0106439762
       -0.0037920547   0.0289552980   0.0472976643  -0.0611733836  -0.1549197547
       -0.0005843806   0.2100890035   0.0384373911  -0.0518097435  -0.0657359901
        0.0152172771  -0.0068145406  -0.0058884877   0.0478968768   0.0036848006
       -0.0809743259  -0.0149825705  -0.0018884772   0.0110494043  -0.0012465602
        0.0006518997  -0.0006385640  -0.0003766427  -0.0000554861   0.0001386725
        0.0047506542   0.0002568171   0.0062848080  -0.0015964544  -0.0058391013
        0.0015015331  -0.0019897882   0.0040239722   0.0016569852   0.0047502373
        0.0002279872   0.0064035617   0.0149992034  -0.0008834158  -0.0052242009
        0.0190994017   0.0042274957  -0.0070403029  -0.0041276395  -0.0010443888
       -0.0030110816  -0.0009774984   0.0000479236   0.0007869724   0.0002614637
       -0.0000816191   0.0002152588
       -0.0224568207  -0.0829234077   0.0100206987  -0.0472060461   0.0255605226
        0.0166358741   0.0487113391   0.0350150585  -0.0194462112  -0.1478308096
        0.0618739339   0.0384373911   0.5887157763   0.0101367981  -0.1898796562
       -0.2947221161   0.0183564081   0.0994039139  -0.0237408561   0.0214902336
        0.0090640354   0.0000237000   0.0008763125   0.0022476322  -0.0000929444
        0.0005993357  -0.0005698663   0.0010046044  -0.0023117396   0.0026777853
       -0.0002874823   0.0005635235   0.0000370513   0.0009038126  -0.0027225032
        0.0027381583  -0.0806401860  -0.0894126675   0.0196997128  -0.0172450999
        0.0010365178   0.0072531364  -0.0048183417   0.0003073584   0.0023362256
        0.0000979826   0.0017166512  -0.0003895005  -0.0004211712  -0.0001348202
       -0.0003434993   0.0001994369   0.0001216559   0.0001799129  -0.0001947780
       -0.0001491717  -0.0001027944
       -0.0275932588   0.0184077226   0.0109114323   0.0247419044  -0.0093864185
       -0.0099009061  -0.0165559104  -0.0645251415   0.0067657655   0.1319711215
       -0.2432262427  -0.0518097435   0.0101367981   0.6554957615  -0.0077475276
       -0.0549333000  -0.0966328134   0.0221232805   0.0060611881   0.0006696267
       -0.0011800109  -0.0012783061  -0.0002815424  -0.0007791273  -0.0002776304
       -0.0005732169   0.0002707695  -0.0028173205  -0.0045818796   0.0012393866
        0.0006019121   0.0007841423  -0.0002296465  -0.0022603491  -0.0047795001
        0.0010348732  -0.0890166449  -0.2523086450   0.0379374413   0.0235916320
       -0.0000573421  -0.0094279745  -0.0008122314   0.0001779755   0.0002867298
       -0.0015671879   0.0006481215   0.0006607730  -0.0002945000   0.0000482106
       -0.0000464628  -0.0002896888   0.0003711625  -0.0003958344   0.0005917722
       -0.0002499811   0.0002867818
        0.0096634891   0.0334373269  -0.0028031827   0.0169231144  -0.0103566852
       -0.0121457348  -0.0194470266  -0.0137434098   0.0090409931   0.0380992580
       -0.0236985063  -0.0657359901  -0.1898796562  -0.0077475276   0.1925316517
        0.0994959263  -0.0071725222  -0.0867263387   0.0102128100  -0.0079391800
       -0.0027436386  -0.0004133768  -0.0008695448  -0.0011295053   0.0000615355
       -0.0001276151   0.0005513434   0.0027431463   0.0009953968   0.0067447608
        0.0000338041  -0.0002321739  -0.0002072939   0.0028225263   0.0011481963
        0.0066862204   0.0197045167   0.0377668386  -0.0425562499   0.0070556410
       -0.0004116978  -0.0020123457   0.0028689955  -0.0004247592  -0.0004515224
       -0.0000310749  -0.0009866092   0.0005484414   0.0000514861   0.0002382574
        0.0002114031  -0.0000007454   0.0002357889   0.0001727395   0.0000356304
       -0.0001115736   0.0000242485
       -0.1257098886  -0.0472602449   0.0311514615   0.0513329690  -0.0180292667
       -0.0198560486  -0.0386603175  -0.0297630426   0.0133925528  -0.0387770496
        0.0727620182   0.0152172771  -0.2947221161  -0.0549333000   0.0994959263
        0.5854945910  -0.0100667772  -0.1876865398   0.0019451665   0.0029683052
        0.0032238238   0.0001462938  -0.0002365799  -0.0008338060   0.0000512839
       -0.0004119586   0.0002702178  -0.0138848506  -0.0254315637   0.0059663563
        0.0002801265   0.0035255816   0.0031180723  -0.0000519382  -0.0006691667
       -0.0000451699  -0.0129986534  -0.0032850696   0.0054425483  -0.1139245563
        0.1111107906   0.0310631748  -0.0010587564  -0.0001093695   0.0001061553
        0.0002216312  -0.0002975353  -0.0001044092   0.0003451799   0.0000392851
        0.0000794006  -0.0001463522  -0.0001000094  -0.0001591137   0.0001172369
        0.0001879035   0.0001581202
       -0.1214081791  -0.2875962158   0.0499119320   0.0378266129  -0.0670660388
       -0.0148633984  -0.0310434970  -0.0192880323   0.0125335287   0.0173923212
        0.0372115964  -0.0068145406   0.0183564081  -0.0966328134  -0.0071725222
       -0.0100667772   0.6658468270   0.0005158183   0.0030647418  -0.0034242316
       -0.0011071650   0.0000632093  -0.0003081740  -0.0001902073  -0.0002070061
        0.0001289830  -0.0000438329  -0.0026215992  -0.0034444811   0.0011521623
        0.0029346959  -0.0036362961  -0.0011349544  -0.0005812723   0.0004766490
        0.0002689151  -0.0260112787  -0.0048167706   0.0104222441   0.1111144092
       -0.2169402077  -0.0431662515   0.0010038536  -0.0000416383  -0.0005645510
       -0.0000752080  -0.0003452647   0.0001021481   0.0000014487   0.0000077598
        0.0000529744  -0.0000335206  -0.0000637294  -0.0000078663   0.0002906373
       -0.0000679213   0.0001055666
        0.0316395583   0.0204114442  -0.0608235379  -0.0201831620   0.0075965145
        0.0093925473   0.0134871639   0.0120400651  -0.0109443597   0.0149799688
       -0.0293028428  -0.0058884877   0.0994039139   0.0221232805  -0.0867263387
       -0.1876865398   0.0005158183   0.1922008498   0.0021344357  -0.0006988471
        0.0057208864   0.0013777469   0.0002925852  -0.0001400815  -0.0000044298
        0.0000866943   0.0000008177   0.0057771663   0.0101627006  -0.0018290469
        0.0031117825  -0.0013515157   0.0068052117  -0.0000639048   0.0002696499
       -0.0002060048   0.0055798317   0.0013154431  -0.0015575881   0.0310547446
       -0.0432308141  -0.0466796488  -0.0002810261   0.0000690921   0.0003108798
       -0.0005743791  -0.0002559855   0.0002626641   0.0001740898   0.0001108695
        0.0002390654   0.0001485360  -0.0000522645  -0.0000544783  -0.0000754968
       -0.0001018876  -0.0000833499
       -0.0009628908  -0.0003016877   0.0003898641   0.0022992857  -0.0019329467
        0.0021603015  -0.0173168022  -0.0086564000   0.0087876286  -0.1842138208
       -0.0109229422   0.0478968768  -0.0237408561   0.0060611881   0.0102128100
        0.0019451665   0.0030647418   0.0021344357   0.4438594292  -0.0173904988
       -0.0411072988  -0.1026881483  -0.0150758801  -0.0418972831  -0.0019241797
        0.0077497639  -0.0130734093  -0.0002388253  -0.0000193610  -0.0007076379
       -0.0006342258  -0.0000597277   0.0001035688   0.0004765715   0.0012854262
       -0.0014565450   0.0001298829  -0.0012302556  -0.0014175806  -0.0008214009
       -0.0000218840   0.0002942074  -0.0578269848   0.0528993434   0.0323525649
       -0.0391854133  -0.0085973715   0.0116093747  -0.0229276744  -0.0072446440
       -0.0207773526   0.0031812826   0.0002521769   0.0026620638   0.0005896039
        0.0001409590   0.0018334110
       -0.0002375353  -0.0003226098   0.0001177445  -0.0016483262  -0.0041551702
        0.0002067216  -0.0253385023  -0.0057867120   0.0093301651  -0.0086269550
       -0.0678816801   0.0036848006   0.0214902336   0.0006696267  -0.0079391800
        0.0029683052  -0.0034242316  -0.0006988471  -0.0173904988   0.5498329318
       -0.0112081478  -0.0155160460  -0.0660263657  -0.0215273213   0.0186653966
       -0.0037617169   0.0283936777  -0.0000513555   0.0001570128   0.0000094183
       -0.0013466032  -0.0003588331   0.0006107724  -0.0016067130   0.0010280865
        0.0009027938   0.0011537204   0.0010496306  -0.0008187504   0.0012356104
       -0.0000975147  -0.0005607268   0.0531103452  -0.2085569441  -0.0904826718
       -0.0099369276  -0.1864097008   0.1130197196  -0.0030948408  -0.0002208261
       -0.0033587782  -0.0140840294  -0.0063106994  -0.0195495077   0.0002547216
        0.0005757158  -0.0001318825
        0.0000714934  -0.0001104119  -0.0002953054   0.0029491017   0.0011056763
        0.0063865001   0.0082833343   0.0025981365  -0.0012832592   0.0587537658
        0.0054279715  -0.0809743259   0.0090640354  -0.0011800109  -0.0027436386
        0.0032238238  -0.0011071650   0.0057208864  -0.0411072988  -0.0112081478
        0.4618387609  -0.0536734380  -0.0227555744  -0.1177801464  -0.0173371439
        0.0128411821  -0.0263183622  -0.0007450517  -0.0000301758  -0.0013640297
        0.0001396158  -0.0001032293  -0.0001377418  -0.0013753547  -0.0007716159
       -0.0017442945  -0.0013092901   0.0005294652  -0.0017090084   0.0002130784
        0.0001097372  -0.0001110217   0.0313519403  -0.0914077148  -0.0953524186
        0.0111380804   0.1135687011  -0.1322322323   0.0028757456   0.0013167497
        0.0042748006  -0.0121894692  -0.0085951155  -0.0169891152  -0.0003269683
       -0.0002284583   0.0008139520
        0.0001190054  -0.0002089295  -0.0000817730  -0.0004258968  -0.0001453298
        0.0018437245  -0.0005293790   0.0016314015  -0.0005807794  -0.0332203401
       -0.0064163893  -0.0149825705   0.0000237000  -0.0012783061  -0.0004133768
        0.0001462938   0.0000632093   0.0013777469  -0.1026881483  -0.0155160460
       -0.0536734380   0.5069979480  -0.0034628953  -0.0497858151  -0.0788713641
        0.0350142854  -0.0161933147  -0.0000398336  -0.0000284998  -0.0003040023
       -0.0000385678   0.0000088437   0.0000454010  -0.0002010810  -0.0001172907
       -0.0004298471  -0.0002508211  -0.0001011608  -0.0004414539   0.0000051818
       -0.0000828074  -0.0000344102   0.0038101788   0.0001772156   0.0021334605
        0.0000392642   0.0001301330  -0.0014160827  -0.2360139404  -0.0279360796
        0.0763056897  -0.0642703407   0.0444794238   0.0383542052   0.0054081408
       -0.0262107778   0.0182766359
        0.0000563748  -0.0000864882  -0.0000226238   0.0000755535  -0.0002718071
        0.0004806386  -0.0000652746  -0.0000803213   0.0014888346  -0.0032361610
        0.0008894223  -0.0018884772   0.0008763125  -0.0002815424  -0.0008695448
       -0.0002365799  -0.0003081740   0.0002925852  -0.0150758801  -0.0660263657
       -0.0227555744  -0.0034628953   0.4478887715   0.0242243910   0.0129061858
       -0.1586584814   0.0783517017   0.0000087846   0.0000591937  -0.0001253111
       -0.0000135314   0.0000684819  -0.0000560058  -0.0003084184  -0.0002589988
       -0.0003737112   0.0004861706  -0.0001520988  -0.0000459716   0.0000861657
        0.0000297680  -0.0000411014  -0.0153969466  -0.0065923596  -0.0218481662
        0.0126329494   0.0014314722   0.0178814154  -0.0320465753  -0.0470740444
        0.0091342864   0.0472126103  -0.1583452875  -0.0920669529  -0.0044988447
       -0.0122311404   0.0082395876
        0.0002804774   0.0002657850  -0.0001035088  -0.0005459208  -0.0000263309
       -0.0004367377   0.0012472983   0.0013353828  -0.0016500447  -0.0077321649
       -0.0001658956   0.0110494043   0.0022476322  -0.0007791273  -0.0011295053
       -0.0008338060  -0.0001902073  -0.0001400815  -0.0418972831  -0.0215273213
       -0.1177801464  -0.0497858151   0.0242243910   0.4345171771   0.0007084113
        0.0768527925  -0.1011862369   0.0002016459  -0.0000226187   0.0000884326
        0.0001755516   0.0001226104   0.0000131965   0.0000214179  -0.0000328155
        0.0003071041   0.0000272250  -0.0001517838   0.0003905271   0.0001505408
       -0.0001569285  -0.0000273179  -0.0109960089  -0.0064319004  -0.0159916007
       -0.0117826975  -0.0004683995  -0.0162991292   0.0789421999   0.0073938249
       -0.0697586070   0.0386642770  -0.0934530508  -0.1077829161   0.0009070190
        0.0132115929  -0.0140800095
        0.0000382681   0.0000838496   0.0000174925   0.0003604476   0.0002564011
       -0.0001944222  -0.0006621307   0.0004028313  -0.0008016844   0.0001662153
        0.0007280710  -0.0012465602  -0.0000929444  -0.0002776304   0.0000615355
        0.0000512839  -0.0002070061  -0.0000044298  -0.0019241797   0.0186653966
       -0.0173371439  -0.0788713641   0.0129061858   0.0007084113   0.4396929133
        0.0286900960  -0.1189209549  -0.0000680199  -0.0000043729   0.0000535473
       -0.0000038811  -0.0000740397   0.0000097517   0.0000746720   0.0000420543
        0.0000955262   0.0001156167   0.0000217798   0.0000237725  -0.0000243156
        0.0000571989   0.0000182666   0.0006935951   0.0001874964   0.0016090294
       -0.0029011883   0.0002198105  -0.0045702166   0.0007996126  -0.0259350216
        0.0189078773   0.0011661485   0.0130371665  -0.0071551523  -0.3586107494
       -0.0488002671   0.1287253541
        0.0000298915   0.0005081910   0.0000117764   0.0002781606  -0.0000245655
       -0.0001233844  -0.0005366195   0.0001148770  -0.0013060656  -0.0031695622
       -0.0004702054   0.0006518997   0.0005993357  -0.0005732169  -0.0001276151
       -0.0004119586   0.0001289830   0.0000866943   0.0077497639  -0.0037617169
        0.0128411821   0.0350142854  -0.1586584814   0.0768527925   0.0286900960
        0.2567047706  -0.1697016258   0.0000143255  -0.0000034934   0.0000342940
        0.0000203039   0.0000131530   0.0000136525   0.0003148674   0.0003371335
        0.0003553370  -0.0003849222   0.0001651528   0.0000111994  -0.0000624209
       -0.0000427829   0.0000409198  -0.0004009924   0.0011615189  -0.0000338133
        0.0011242123   0.0010032500   0.0013868245  -0.0050071389  -0.0123629370
        0.0120838133   0.0078272724  -0.0448654163   0.0206726017  -0.0716888998
       -0.0393742142   0.0462495170
       -0.0001324520  -0.0002411803   0.0000850545   0.0000226385   0.0002482552
       -0.0000061049   0.0000697081  -0.0007769691   0.0003967902   0.0037366515
        0.0007312882  -0.0006385640  -0.0005698663   0.0002707695   0.0005513434
        0.0002702178  -0.0000438329   0.0000008177  -0.0130734093   0.0283936777
       -0.0263183622  -0.0161933147   0.0783517017  -0.1011862369  -0.1189209549
       -0.1697016258   0.2086760420  -0.0001308955   0.0000670068  -0.0000103034
       -0.0000398368  -0.0000234325  -0.0000135520   0.0001360305   0.0002703456
       -0.0000316869   0.0001736395   0.0001555328  -0.0001451391  -0.0000549696
        0.0001358492  -0.0000375377   0.0019322950   0.0006341106   0.0027012791
       -0.0052051133   0.0002015039  -0.0063792505   0.0038721185   0.0179969506
       -0.0137697241  -0.0021778122   0.0033193409   0.0081282439   0.1462853251
        0.0400107078  -0.0720031091
       -0.2616439277  -0.0194632614   0.0910848715  -0.0179466726  -0.0000392696
        0.0073756188   0.0001334104   0.0034059076   0.0031258896   0.0009309397
        0.0001512651  -0.0003766427   0.0010046044  -0.0028173205   0.0027431463
       -0.0138848506  -0.0026215992   0.0057771663  -0.0002388253  -0.0000513555
       -0.0007450517  -0.0000398336   0.0000087846   0.0002016459  -0.0000680199
        0.0000143255  -0.0001308955   0.2926607088   0.0215372757  -0.1074953813
        0.0003777699  -0.0004508950  -0.0012055590  -0.0010400661   0.0000185866
        0.0004448003  -0.0008363706  -0.0001656516   0.0003495778   0.0004295778
        0.0004687533  -0.0012107124   0.0000576228   0.0000383191  -0.0000203668
        0.0000801540  -0.0000131880  -0.0000098877  -0.0000682462  -0.0000109088
       -0.0000284591   0.0000353795  -0.0000050745   0.0000087251   0.0000566453
       -0.0000046935   0.0001115146
       -0.0194633541  -0.0456012581   0.0078330957   0.0227809432   0.0011012573
       -0.0090839096   0.0028837060  -0.0035645845  -0.0011225203   0.0001425344
       -0.0007101304  -0.0000554861  -0.0023117396  -0.0045818796   0.0009953968
       -0.0254315637  -0.0034444811   0.0101627006  -0.0000193610   0.0001570128
       -0.0000301758  -0.0000284998   0.0000591937  -0.0000226187  -0.0000043729
       -0.0000034934   0.0000670068   0.0215372757   0.0556835603  -0.0087493580
        0.0007631354   0.0007394401  -0.0003184057   0.0012092244  -0.0001102005
       -0.0004924119  -0.0013536246  -0.0003720905   0.0005502508  -0.0007502152
        0.0006807759   0.0002823953  -0.0000478951   0.0000079521   0.0000136690
        0.0000364544   0.0000045847  -0.0000252018  -0.0000000632  -0.0000087283
        0.0000011074   0.0000362891  -0.0000215531   0.0000338535   0.0000211267
       -0.0000153774  -0.0000393880
        0.0910438939   0.0078323269  -0.0703655233   0.0073900820  -0.0000756584
       -0.0024087024   0.0030515510  -0.0013769646   0.0067361199  -0.0001684542
       -0.0000291193   0.0001386725   0.0026777853   0.0012393866   0.0067447608
        0.0059663563   0.0011521623  -0.0018290469  -0.0007076379   0.0000094183
       -0.0013640297  -0.0003040023  -0.0001253111   0.0000884326   0.0000535473
        0.0000342940  -0.0000103034  -0.1074953813  -0.0087493580   0.0669532852
       -0.0012069910   0.0001625584  -0.0021283529   0.0004556447  -0.0000141423
       -0.0001432109   0.0003814748   0.0000798927  -0.0001374773  -0.0011988896
       -0.0002042006  -0.0020890949   0.0000723662  -0.0000810026  -0.0000375546
        0.0001244743   0.0001471081  -0.0000694010  -0.0000518367  -0.0000182852
       -0.0000615682  -0.0000266971   0.0000114866   0.0000020234  -0.0000572856
        0.0000054081  -0.0000190288
        0.0056855542   0.0133724720  -0.0019843174  -0.0817867087  -0.0906422566
        0.0192704265  -0.0128844452  -0.0258817556   0.0055414330  -0.0038004759
       -0.0001062928   0.0047506542  -0.0002874823   0.0006019121   0.0000338041
        0.0002801265   0.0029346959   0.0031117825  -0.0006342258  -0.0013466032
        0.0001396158  -0.0000385678  -0.0000135314   0.0001755516  -0.0000038811
        0.0000203039  -0.0000398368   0.0003777699   0.0007631354  -0.0012069910
        0.0932945343   0.1004343929  -0.0280598013   0.0001580328  -0.0006979714
       -0.0011562240  -0.0002832080  -0.0000294097  -0.0006335160   0.0001653675
        0.0007269888  -0.0000963739   0.0000961797  -0.0000236992  -0.0000391847
       -0.0003428902  -0.0000932770   0.0001350039  -0.0000527320   0.0000118597
       -0.0000516178   0.0000265541   0.0000313460   0.0000207995   0.0000304978
       -0.0000623096   0.0000887918
       -0.0093694830  -0.0262420638   0.0038425190  -0.0906472134  -0.2535136831
        0.0369735181  -0.0033498836  -0.0049073268   0.0013620361  -0.0007377453
        0.0014403702   0.0002568171   0.0005635235   0.0007841423  -0.0002321739
        0.0035255816  -0.0036362961  -0.0013515157  -0.0000597277  -0.0003588331
       -0.0001032293   0.0000088437   0.0000684819   0.0001226104  -0.0000740397
        0.0000131530  -0.0000234325  -0.0004508950   0.0007394401   0.0001625584
        0.1004343929   0.2862835047  -0.0410603767   0.0006261039   0.0010187126
       -0.0002531577  -0.0000189642  -0.0000017177   0.0000048736  -0.0004454065
       -0.0015911935   0.0001886381  -0.0000095180   0.0000368384   0.0000195880
       -0.0000718528  -0.0000521237   0.0000535279  -0.0000484211  -0.0000089060
       -0.0000147862   0.0000375766  -0.0000259895   0.0000050101   0.0000871280
       -0.0000465097   0.0000469751
       -0.0019333344  -0.0052340581   0.0015803564   0.0192878045   0.0369508575
       -0.0422783923   0.0054789080   0.0103808742  -0.0014464044   0.0049491468
        0.0000450294   0.0062848080   0.0000370513  -0.0002296465  -0.0002072939
        0.0031180723  -0.0011349544   0.0068052117   0.0001035688   0.0006107724
       -0.0001377418   0.0000454010  -0.0000560058   0.0000131965   0.0000097517
        0.0000136525  -0.0000135520  -0.0012055590  -0.0003184057  -0.0021283529
       -0.0280598013  -0.0410603767   0.0354686784  -0.0011645743   0.0002637629
       -0.0022446467  -0.0006281641  -0.0000031026  -0.0016089521  -0.0000879166
       -0.0002922021  -0.0000026093  -0.0000536932  -0.0000006610   0.0000058426
        0.0000804096   0.0000420896  -0.0000785980   0.0000338029  -0.0000073709
        0.0000087081  -0.0000012201  -0.0000177958  -0.0000120547  -0.0000096540
        0.0000475413  -0.0000082036
       -0.0038543252  -0.0009250233   0.0048154739  -0.0172337958   0.0234974081
        0.0070604469  -0.1115653097   0.1093040511   0.0316111901   0.0050876119
       -0.0069731626  -0.0015964544   0.0009038126  -0.0022603491   0.0028225263
       -0.0000519382  -0.0005812723  -0.0000639048   0.0004765715  -0.0016067130
       -0.0013753547  -0.0002010810  -0.0003084184   0.0000214179   0.0000746720
        0.0003148674   0.0001360305  -0.0010400661   0.0012092244   0.0004556447
        0.0001580328   0.0006261039  -0.0011645743   0.1276488771  -0.1215278072
       -0.0420161472   0.0001484674  -0.0005115422  -0.0001492519  -0.0002886410
        0.0000037568  -0.0006288260  -0.0001345272  -0.0002596853   0.0003518838
       -0.0000111247   0.0001380059   0.0000109942  -0.0000564959   0.0000194419
       -0.0000327947   0.0000035693   0.0001178275   0.0000873220  -0.0000643098
       -0.0002767136  -0.0003456221
       -0.0003394782   0.0014108710   0.0001421420   0.0008649692   0.0001379733
       -0.0003105563   0.1094336381  -0.2167019788  -0.0445000919   0.0142482795
       -0.0268142135  -0.0058391013  -0.0027225032  -0.0047795001   0.0011481963
       -0.0006691667   0.0004766490   0.0002696499   0.0012854262   0.0010280865
       -0.0007716159  -0.0001172907  -0.0002589988  -0.0000328155   0.0000420543
        0.0003371335   0.0002703456   0.0000185866  -0.0001102005  -0.0000141423
       -0.0006979714   0.0010187126   0.0002637629  -0.1215278072   0.2456155514
        0.0493774289   0.0007964235  -0.0015911637  -0.0002917570   0.0000158833
        0.0000086841  -0.0000084740  -0.0009927531   0.0000062414   0.0007404052
        0.0002054259   0.0003222088  -0.0000931628   0.0000310659  -0.0000109236
        0.0000386283   0.0000883483   0.0000359321   0.0001590215   0.0000368697
       -0.0001310649  -0.0005478637
        0.0048244697   0.0003366788   0.0061723757   0.0070352864  -0.0094147546
       -0.0021885491   0.0316652516  -0.0445329784  -0.0471382090  -0.0011744421
        0.0030492324   0.0015015331   0.0027381583   0.0010348732   0.0066862204
       -0.0000451699   0.0002689151  -0.0002060048  -0.0014565450   0.0009027938
       -0.0017442945  -0.0004298471  -0.0003737112   0.0003071041   0.0000955262
        0.0003553370  -0.0000316869   0.0004448003  -0.0004924119  -0.0001432109
       -0.0011562240  -0.0002531577  -0.0022446467  -0.0420161472   0.0493774289
        0.0413772097  -0.0001437012   0.0001855738  -0.0000133452  -0.0006184267
       -0.0000187257  -0.0015971662   0.0003421955  -0.0000117383  -0.0001987304
        0.0002353642   0.0000367613  -0.0001100634  -0.0001153880  -0.0000192683
       -0.0001308692  -0.0000255203   0.0000217799  -0.0000552831  -0.0001996405
       -0.0004526281  -0.0002423837
       -0.0038963883  -0.0001802715   0.0048377000  -0.0002449924   0.0004827838
        0.0000116475  -0.0000167286   0.0028718832   0.0031251462   0.0058031625
        0.0121845707  -0.0019897882  -0.0806401860  -0.0890166449   0.0197045167
       -0.0129986534  -0.0260112787   0.0055798317   0.0001298829   0.0011537204
       -0.0013092901  -0.0002508211   0.0004861706   0.0000272250   0.0001156167
       -0.0003849222   0.0001736395  -0.0008363706  -0.0013536246   0.0003814748
       -0.0002832080  -0.0000189642  -0.0006281641   0.0001484674   0.0007964235
       -0.0001437012   0.0930213359   0.0996152547  -0.0286729367   0.0001686860
       -0.0006966092  -0.0011735247   0.0000481572  -0.0001649057  -0.0000049389
       -0.0000354133   0.0002164035   0.0003926508  -0.0000386197  -0.0000520599
       -0.0000156157  -0.0001438310   0.0000404156  -0.0002987396  -0.0000500965
        0.0000316550   0.0000028666
       -0.0007972401   0.0014495631   0.0003705473   0.0005566774   0.0006974518
       -0.0002286935   0.0033416743  -0.0037689063  -0.0012718044  -0.0091979695
       -0.0270963077   0.0040239722  -0.0894126675  -0.2523086450   0.0377668386
       -0.0032850696  -0.0048167706   0.0013154431  -0.0012302556   0.0010496306
        0.0005294652  -0.0001011608  -0.0001520988  -0.0001517838   0.0000217798
        0.0001651528   0.0001555328  -0.0001656516  -0.0003720905   0.0000798927
       -0.0000294097  -0.0000017177  -0.0000031026  -0.0005115422  -0.0015911637
        0.0001855738   0.0996152547   0.2852362719  -0.0421673512   0.0006103236
        0.0010321551  -0.0002696144  -0.0003406341   0.0002533460   0.0000179657
        0.0006318584   0.0001183473  -0.0006859728  -0.0000152981   0.0000883821
        0.0000086718   0.0003498778   0.0000831511   0.0004415957  -0.0000405470
       -0.0000657513  -0.0001171761
        0.0048650711   0.0001708341   0.0062691061   0.0000378961  -0.0002400968
       -0.0002284917   0.0030152272  -0.0012199223   0.0065611066  -0.0011250566
       -0.0048759880   0.0016569852   0.0196997128   0.0379374413  -0.0425562499
        0.0054425483   0.0104222441  -0.0015575881  -0.0014175806  -0.0008187504
       -0.0017090084  -0.0004414539  -0.0000459716   0.0003905271   0.0000237725
        0.0000111994  -0.0001451391   0.0003495778   0.0005502508  -0.0001374773
       -0.0006335160   0.0000048736  -0.0016089521  -0.0001492519  -0.0002917570
       -0.0000133452  -0.0286729367  -0.0421673512   0.0360019835  -0.0011702560
        0.0002456192  -0.0022973803   0.0001337245   0.0000748255  -0.0000997033
        0.0003703103   0.0001402831  -0.0003277944  -0.0000662652  -0.0000672437
       -0.0001540469  -0.0002439713   0.0001183294  -0.0000735834  -0.0000175524
        0.0000511805   0.0000290517
        0.0054972807  -0.0082434796  -0.0018104608   0.0011709035  -0.0023166086
        0.0027299816  -0.0000693440  -0.0007351164  -0.0000410659  -0.0037674561
       -0.0009850916   0.0047502373  -0.0172450999   0.0235916320   0.0070556410
       -0.1139245563   0.1111144092   0.0310547446  -0.0008214009   0.0012356104
        0.0002130784   0.0000051818   0.0000861657   0.0001505408  -0.0000243156
       -0.0000624209  -0.0000549696   0.0004295778  -0.0007502152  -0.0011988896
        0.0001653675  -0.0004454065  -0.0000879166  -0.0002886410   0.0000158833
       -0.0006184267   0.0001686860   0.0006103236  -0.0011702560   0.1290117401
       -0.1232001147  -0.0411655190  -0.0004294850   0.0000395418   0.0001446775
        0.0000844900   0.0000203066  -0.0000285910  -0.0000369973  -0.0000167362
       -0.0000282338   0.0000312388   0.0000454816   0.0000256881   0.0000428298
       -0.0000041646   0.0000797396
        0.0145199582  -0.0260169720  -0.0056331429  -0.0029020753  -0.0047056589
        0.0012311201  -0.0006926506   0.0005536371   0.0002785228  -0.0003506288
        0.0013873838   0.0002279872   0.0010365178  -0.0000573421  -0.0004116978
        0.1111107906  -0.2169402077  -0.0432308141  -0.0000218840  -0.0000975147
        0.0001097372  -0.0000828074   0.0000297680  -0.0001569285   0.0000571989
       -0.0000427829   0.0001358492   0.0004687533   0.0006807759  -0.0002042006
        0.0007269888  -0.0015911935  -0.0002922021   0.0000037568   0.0000086841
       -0.0000187257  -0.0006966092   0.0010321551   0.0002456192  -0.1232001147
        0.2457368389   0.0478370356   0.0000165126  -0.0000256479  -0.0000249325
        0.0000085445   0.0000408888  -0.0000452190   0.0000300243   0.0000157297
        0.0000079416   0.0000176405  -0.0000092985   0.0000264313  -0.0000499163
        0.0000007566  -0.0000823811
       -0.0019646441   0.0033776004   0.0015677820   0.0027084144   0.0010214509
        0.0068565953   0.0000134045   0.0002745944  -0.0001743494   0.0049407979
        0.0004375252   0.0064035617   0.0072531364  -0.0094279745  -0.0020123457
        0.0310631748  -0.0431662515  -0.0466796488   0.0002942074  -0.0005607268
       -0.0001110217  -0.0000344102  -0.0000411014  -0.0000273179   0.0000182666
        0.0000409198  -0.0000375377  -0.0012107124   0.0002823953  -0.0020890949
       -0.0000963739   0.0001886381  -0.0000026093  -0.0006288260  -0.0000084740
       -0.0015971662  -0.0011735247  -0.0002696144  -0.0022973803  -0.0411655190
        0.0478370356   0.0403183571   0.0000976587  -0.0000155488  -0.0001229610
       -0.0000572066   0.0000029454   0.0000053867   0.0000044344   0.0000111241
        0.0000122191  -0.0000170026  -0.0000154547  -0.0000098693  -0.0000452753
        0.0000309169  -0.0000025997
        0.0001990736   0.0000637783  -0.0000391762   0.0001868990   0.0001865992
       -0.0003348526   0.0003252727   0.0018344077  -0.0003347738  -0.0128536915
        0.0231019662   0.0149992034  -0.0048183417  -0.0008122314   0.0028689955
       -0.0010587564   0.0010038536  -0.0002810261  -0.0578269848   0.0531103452
        0.0313519403   0.0038101788  -0.0153969466  -0.0109960089   0.0006935951
       -0.0004009924   0.0019322950   0.0000576228  -0.0000478951   0.0000723662
        0.0000961797  -0.0000095180  -0.0000536932  -0.0001345272  -0.0009927531
        0.0003421955   0.0000481572  -0.0003406341   0.0001337245  -0.0004294850
        0.0000165126   0.0000976587   0.0719651935  -0.0598243029  -0.0355417158
        0.0012153973  -0.0001185672  -0.0004664978   0.0005525825  -0.0004895731
       -0.0001665583  -0.0019775560  -0.0009519614  -0.0036956551  -0.0000508096
        0.0000679126   0.0001115787
       -0.0001509136   0.0002506301   0.0000866508   0.0001874853  -0.0002441027
        0.0001218105  -0.0019321688   0.0010488869   0.0009612663   0.0032568435
       -0.0003456975  -0.0008834158   0.0003073584   0.0001779755  -0.0004247592
       -0.0001093695  -0.0000416383   0.0000690921   0.0528993434  -0.2085569441
       -0.0914077148   0.0001772156  -0.0065923596  -0.0064319004   0.0001874964
        0.0011615189   0.0006341106   0.0000383191   0.0000079521  -0.0000810026
       -0.0000236992   0.0000368384  -0.0000006610  -0.0002596853   0.0000062414
       -0.0000117383  -0.0001649057   0.0002533460   0.0000748255   0.0000395418
       -0.0000256479  -0.0000155488  -0.0598243029   0.2391779419   0.1085427259
        0.0068825524  -0.0262133151  -0.0101380895  -0.0000538435  -0.0001535658
        0.0001164814  -0.0013873004   0.0001979467  -0.0012250510  -0.0000699671
       -0.0001460067   0.0000129183
       -0.0001408792   0.0001357592   0.0000529591  -0.0001390206  -0.0000757282
        0.0001804111  -0.0004864404  -0.0007890218   0.0002398772   0.0049016215
       -0.0101031005  -0.0052242009   0.0023362256   0.0002867298  -0.0004515224
        0.0001061553  -0.0005645510   0.0003108798   0.0323525649  -0.0904826718
       -0.0953524186   0.0021334605  -0.0218481662  -0.0159916007   0.0016090294
       -0.0000338133   0.0027012791  -0.0000203668   0.0000136690  -0.0000375546
       -0.0000391847   0.0000195880   0.0000058426   0.0003518838   0.0007404052
       -0.0001987304  -0.0000049389   0.0000179657  -0.0000997033   0.0001446775
       -0.0000249325  -0.0001229610  -0.0355417158   0.1085427259   0.1097049009
       -0.0044218864   0.0160661325   0.0084977349   0.0005578107   0.0000754540
        0.0004431856  -0.0036076898  -0.0017538144  -0.0041463379  -0.0000913067
       -0.0002226297  -0.0005120405
        0.0001516204  -0.0002566623  -0.0000015325  -0.0012232510  -0.0008676583
       -0.0006508132  -0.0039164636   0.0001703620   0.0024568946  -0.0069353839
       -0.0222074328   0.0190994017   0.0000979826  -0.0015671879  -0.0000310749
        0.0002216312  -0.0000752080  -0.0005743791  -0.0391854133  -0.0099369276
        0.0111380804   0.0000392642   0.0126329494  -0.0117826975  -0.0029011883
        0.0011242123  -0.0052051133   0.0000801540   0.0000364544   0.0001244743
       -0.0003428902  -0.0000718528   0.0000804096  -0.0000111247   0.0002054259
        0.0002353642  -0.0000354133   0.0006318584   0.0003703103   0.0000844900
        0.0000085445  -0.0000572066   0.0012153973   0.0068825524  -0.0044218864
        0.0522993330   0.0125492717  -0.0106196758   0.0001896174   0.0007787440
       -0.0004521188   0.0001981111   0.0000698339   0.0002936130  -0.0000264731
       -0.0001072792  -0.0000020500
        0.0001460301   0.0002919565  -0.0000984375  -0.0001955346  -0.0001554852
       -0.0002769540  -0.0011971936   0.0001836230   0.0009077633  -0.0049898422
       -0.0044105186   0.0042274957   0.0017166512   0.0006481215  -0.0009866092
       -0.0002975353  -0.0003452647  -0.0002559855  -0.0085973715  -0.1864097008
        0.1135687011   0.0001301330   0.0014314722  -0.0004683995   0.0002198105
        0.0010032500   0.0002015039  -0.0000131880   0.0000045847   0.0001471081
       -0.0000932770  -0.0000521237   0.0000420896   0.0001380059   0.0003222088
        0.0000367613   0.0002164035   0.0001183473   0.0001402831   0.0000203066
        0.0000408888   0.0000029454  -0.0001185672  -0.0262133151   0.0160661325
        0.0125492717   0.2129242740  -0.1326080181   0.0002998169   0.0002214637
       -0.0001282355  -0.0000743990   0.0002694713  -0.0001560776   0.0001404792
        0.0001267462  -0.0003620673
       -0.0001343429  -0.0002053627   0.0000314903  -0.0000062469   0.0004334344
        0.0005100577   0.0019412554   0.0000833737  -0.0008865220   0.0032701163
        0.0099258570  -0.0070403029  -0.0003895005   0.0006607730   0.0005484414
       -0.0001044092   0.0001021481   0.0002626641   0.0116093747   0.1130197196
       -0.1322322323  -0.0014160827   0.0178814154  -0.0162991292  -0.0045702166
        0.0013868245  -0.0063792505  -0.0000098877  -0.0000252018  -0.0000694010
        0.0001350039   0.0000535279  -0.0000785980   0.0000109942  -0.0000931628
       -0.0001100634   0.0003926508  -0.0006859728  -0.0003277944  -0.0000285910
       -0.0000452190   0.0000053867  -0.0004664978  -0.0101380895   0.0084977349
       -0.0106196758  -0.1326080181   0.1529830103   0.0002543278   0.0004410170
        0.0004314334   0.0003357636   0.0000507173  -0.0000505480  -0.0002040356
       -0.0002377813   0.0002036230
        0.0000918838  -0.0001232061  -0.0000479556   0.0000708214   0.0000849655
        0.0003794566  -0.0003648165   0.0002251570   0.0001774009  -0.0022753811
       -0.0010744933  -0.0041276395  -0.0004211712  -0.0002945000   0.0000514861
        0.0003451799   0.0000014487   0.0001740898  -0.0229276744  -0.0030948408
        0.0028757456  -0.2360139404  -0.0320465753   0.0789421999   0.0007996126
       -0.0050071389   0.0038721185  -0.0000682462  -0.0000000632  -0.0000518367
       -0.0000527320  -0.0000484211   0.0000338029  -0.0000564959   0.0000310659
       -0.0001153880  -0.0000386197  -0.0000152981  -0.0000662652  -0.0000369973
        0.0000300243   0.0000044344   0.0005525825  -0.0000538435   0.0005578107
        0.0001896174   0.0002998169   0.0002543278   0.2713301864   0.0401428617
       -0.0897215789  -0.0125746500   0.0010026646   0.0067756706   0.0014508406
       -0.0000596243   0.0000321203
        0.0000116782   0.0000657437  -0.0000069512   0.0000689904   0.0000223591
        0.0000606647  -0.0000557889  -0.0000799625   0.0001169157  -0.0003393439
        0.0004411913  -0.0010443888  -0.0001348202   0.0000482106   0.0002382574
        0.0000392851   0.0000077598   0.0001108695  -0.0072446440  -0.0002208261
        0.0013167497  -0.0279360796  -0.0470740444   0.0073938249  -0.0259350216
       -0.0123629370   0.0179969506  -0.0000109088  -0.0000087283  -0.0000182852
        0.0000118597  -0.0000089060  -0.0000073709   0.0000194419  -0.0000109236
       -0.0000192683  -0.0000520599   0.0000883821  -0.0000672437  -0.0000167362
        0.0000157297   0.0000111241  -0.0004895731  -0.0001535658   0.0000754540
        0.0007787440   0.0002214637   0.0004410170   0.0401428617   0.0607024821
       -0.0203595595   0.0217469021   0.0022249469  -0.0103509178  -0.0006047870
       -0.0039183752   0.0041121578
       -0.0000287109  -0.0000219976  -0.0000020011   0.0000478283  -0.0000942930
        0.0003060116  -0.0005218227  -0.0000517811   0.0003697542  -0.0024661367
       -0.0008718904  -0.0030110816  -0.0003434993  -0.0000464628   0.0002114031
        0.0000794006   0.0000529744   0.0002390654  -0.0207773526  -0.0033587782
        0.0042748006   0.0763056897   0.0091342864  -0.0697586070   0.0189078773
        0.0120838133  -0.0137697241  -0.0000284591   0.0000011074  -0.0000615682
       -0.0000516178  -0.0000147862   0.0000087081  -0.0000327947   0.0000386283
       -0.0001308692  -0.0000156157   0.0000086718  -0.0001540469  -0.0000282338
        0.0000079416   0.0000122191  -0.0001665583   0.0001164814   0.0004431856
       -0.0004521188  -0.0001282355   0.0004314334  -0.0897215789  -0.0203595595
        0.0898001961   0.0192768683  -0.0002793311  -0.0076601884   0.0000168352
        0.0037832108  -0.0015486909
       -0.0000047784   0.0001322003   0.0000014227   0.0001105012  -0.0000810691
       -0.0000194232  -0.0001716476  -0.0000936112   0.0001283212   0.0009890136
       -0.0009052784  -0.0009774984   0.0001994369  -0.0002896888  -0.0000007454
       -0.0001463522  -0.0000335206   0.0001485360   0.0031812826  -0.0140840294
       -0.0121894692  -0.0642703407   0.0472126103   0.0386642770   0.0011661485
        0.0078272724  -0.0021778122   0.0000353795   0.0000362891  -0.0000266971
        0.0000265541   0.0000375766  -0.0000012201   0.0000035693   0.0000883483
       -0.0000255203  -0.0001438310   0.0003498778  -0.0002439713   0.0000312388
        0.0000176405  -0.0000170026  -0.0019775560  -0.0013873004  -0.0036076898
        0.0001981111  -0.0000743990   0.0003357636  -0.0125746500   0.0217469021
        0.0192768683   0.0724066323  -0.0588214533  -0.0385539019   0.0009412880
       -0.0016783671  -0.0007142372
       -0.0000269047   0.0001412966   0.0000128998   0.0001103034   0.0000401423
       -0.0000494861  -0.0001668952  -0.0001987852  -0.0000261553   0.0004900663
       -0.0003106919   0.0000479236   0.0001216559   0.0003711625   0.0002357889
       -0.0001000094  -0.0000637294  -0.0000522645   0.0002521769  -0.0063106994
       -0.0085951155   0.0444794238  -0.1583452875  -0.0934530508   0.0130371665
       -0.0448654163   0.0033193409  -0.0000050745  -0.0000215531   0.0000114866
        0.0000313460  -0.0000259895  -0.0000177958   0.0001178275   0.0000359321
        0.0000217799   0.0000404156   0.0000831511   0.0001183294   0.0000454816
       -0.0000092985  -0.0000154547  -0.0009519614   0.0001979467  -0.0017538144
        0.0000698339   0.0002694713   0.0000507173   0.0010026646   0.0022249469
       -0.0002793311  -0.0588214533   0.2061215061   0.1007828071   0.0002739367
        0.0006658951  -0.0003586054
        0.0000328459   0.0002850900  -0.0000302236   0.0002793172   0.0000377674
       -0.0001459508  -0.0002363929  -0.0002218391   0.0001473275   0.0013434845
        0.0001642639   0.0007869724   0.0001799129  -0.0003958344   0.0001727395
       -0.0001591137  -0.0000078663  -0.0000544783   0.0026620638  -0.0195495077
       -0.0169891152   0.0383542052  -0.0920669529  -0.1077829161  -0.0071551523
        0.0206726017   0.0081282439   0.0000087251   0.0000338535   0.0000020234
        0.0000207995   0.0000050101  -0.0000120547   0.0000873220   0.0001590215
       -0.0000552831  -0.0002987396   0.0004415957  -0.0000735834   0.0000256881
        0.0000264313  -0.0000098693  -0.0036956551  -0.0012250510  -0.0041463379
        0.0002936130  -0.0001560776  -0.0000505480   0.0067756706  -0.0103509178
       -0.0076601884  -0.0385539019   0.1007828071   0.1265678698   0.0000353077
        0.0013656047   0.0012053725
       -0.0001034241  -0.0003637160   0.0000307736  -0.0008372147  -0.0000904673
        0.0002181319   0.0008762402  -0.0008914041   0.0007546122   0.0012048357
        0.0005323170   0.0002614637  -0.0001947780   0.0005917722   0.0000356304
        0.0001172369   0.0002906373  -0.0000754968   0.0005896039   0.0002547216
       -0.0003269683   0.0054081408  -0.0044988447   0.0009070190  -0.3586107494
       -0.0716888998   0.1462853251   0.0000566453   0.0000211267  -0.0000572856
        0.0000304978   0.0000871280  -0.0000096540  -0.0000643098   0.0000368697
       -0.0001996405  -0.0000500965  -0.0000405470  -0.0000175524   0.0000428298
       -0.0000499163  -0.0000452753  -0.0000508096  -0.0000699671  -0.0000913067
       -0.0000264731   0.0001404792  -0.0002040356   0.0014508406  -0.0006047870
        0.0000168352   0.0009412880   0.0002739367   0.0000353077   0.3492196961
        0.0760695607  -0.1475178835
        0.0000142949  -0.0002110960  -0.0000699568  -0.0002077133   0.0000811278
        0.0001093268   0.0003425999   0.0004727112   0.0004886330   0.0007061963
        0.0002124332  -0.0000816191  -0.0001491717  -0.0002499811  -0.0001115736
        0.0001879035  -0.0000679213  -0.0001018876   0.0001409590   0.0005757158
       -0.0002284583  -0.0262107778  -0.0122311404   0.0132115929  -0.0488002671
       -0.0393742142   0.0400107078  -0.0000046935  -0.0000153774   0.0000054081
       -0.0000623096  -0.0000465097   0.0000475413  -0.0002767136  -0.0001310649
       -0.0004526281   0.0000316550  -0.0000657513   0.0000511805  -0.0000041646
        0.0000007566   0.0000309169   0.0000679126  -0.0001460067  -0.0002226297
       -0.0001072792   0.0001267462  -0.0002377813  -0.0000596243  -0.0039183752
        0.0037832108  -0.0016783671   0.0006658951   0.0013656047   0.0760695607
        0.0543220522  -0.0575975883
        0.0001393720  -0.0002047929  -0.0000757753  -0.0002906204  -0.0001485334
        0.0000768878   0.0001202445   0.0000783061   0.0002101698  -0.0007065418
        0.0004584685   0.0002152588  -0.0001027944   0.0002867818   0.0000242485
        0.0001581202   0.0001055666  -0.0000833499   0.0018334110  -0.0001318825
        0.0008139520   0.0182766359   0.0082395876  -0.0140800095   0.1287253541
        0.0462495170  -0.0720031091   0.0001115146  -0.0000393880  -0.0000190288
        0.0000887918   0.0000469751  -0.0000082036  -0.0003456221  -0.0005478637
       -0.0002423837   0.0000028666  -0.0001171761   0.0000290517   0.0000797396
       -0.0000823811  -0.0000025997   0.0001115787   0.0000129183  -0.0005120405
       -0.0000020500  -0.0003620673   0.0002036230   0.0000321203   0.0041121578
       -0.0015486909  -0.0007142372  -0.0003586054   0.0012053725  -0.1475178835
       -0.0575975883   0.0857966270
