           1           2   1.02007033591466     
           2           3  0.994638041722955     
           3           4  0.967785175520270     
           3           5   1.00851135176512     
           3           6  0.985137656420571     
           6           7  0.993847748114453     
           1           8  0.986913905358198     
           1           9  0.987927274171720     
           1          10  0.984080428174267     
           2          11  0.976456852129208     
           2          12  0.976858597988411     
           5          13  0.985887714033225     
           5          14  0.986621764873651     
           5          15  0.985261793852933     
           6          16  0.970602887964435     
           6          17  0.973300461168177     
           7          18  0.866993421537265     
