           1           2   1.01916719453621     
           2           3   1.00753099971896     
           3           4   1.00679355088286     
           4           5   1.00500772909800     
           5           6  0.998763868643958     
           6           7   1.01764421415388     
           7           8  0.959068870431250     
           1           9  0.987348338109508     
           1          10  0.987935423739526     
           1          11  0.987938590139350     
           2          12  0.978571539035638     
           2          13  0.978559367935367     
           3          14  0.977402963949472     
           3          15  0.977430932773522     
           4          16  0.977288965493779     
           4          17  0.977285981113099     
           5          18  0.977291267176090     
           5          19  0.977223166387115     
           6          20  0.976181077263085     
           6          21  0.976109195917279     
           7          22  0.978930242989198     
           7          23  0.979006785305798     
