$hessian                                                                        
        0.5000837550  -0.0290400708   0.0155808617  -0.1041317279  -0.0446928579
        0.0412423050  -0.0124740103  -0.0140151117   0.0071502597  -0.0002649746
        0.0000692382   0.0000859013  -0.0021348901  -0.0022797282  -0.0018009915
        0.0006247382   0.0003230350  -0.0000591883   0.0003525776   0.0001504715
        0.0001577999  -0.1337088111  -0.0686775104  -0.0924394902  -0.1289153511
        0.0970346425  -0.0636460152  -0.1147949148   0.0644363576   0.0890342092
        0.0082291384   0.0100716069  -0.0093622244  -0.0112708783  -0.0111555545
        0.0131673310   0.0001692688  -0.0000740213   0.0003059166  -0.0000589220
       -0.0000129675   0.0002180763   0.0000813479  -0.0001175330  -0.0000622695
        0.0001669196   0.0000420678  -0.0002554862  -0.0004944321  -0.0008945895
        0.0005679739  -0.0000769564  -0.0000482949  -0.0000063426  -0.0008408395
       -0.0008034495  -0.0001248966   0.0000440805  -0.0001814153   0.0002484581
       -0.0000498631  -0.0000618901  -0.0000019900  -0.0000500984   0.0000061477
       -0.0000212842  -0.0004851562  -0.0000785726   0.0000210860
       -0.0290400708   0.4933390454   0.0189471366  -0.0440929913  -0.1225823002
        0.0492871719  -0.0115071673  -0.0125511114   0.0055704908   0.0003669309
        0.0004979858  -0.0000981699  -0.0020500751  -0.0013957058  -0.0016217963
        0.0000410462  -0.0002635078  -0.0001257481  -0.0001510294  -0.0004676573
        0.0000744833  -0.0687367004  -0.0975729869  -0.0724228002   0.0973275169
       -0.1504387414   0.0704464026   0.0642346341  -0.0985840870  -0.0794990551
       -0.0103271930  -0.0171708365   0.0151691596   0.0052623779   0.0077874828
       -0.0065661745  -0.0007081402  -0.0007776670  -0.0001446077  -0.0001365516
       -0.0000017582   0.0002801074  -0.0001611403  -0.0000479029   0.0000331998
        0.0000299167  -0.0000453105  -0.0000901953  -0.0006502328  -0.0004762153
        0.0005339783  -0.0000161040   0.0002593464  -0.0001759973  -0.0001262879
        0.0002458260   0.0003023861   0.0000115018  -0.0000595715   0.0002233043
        0.0000473141   0.0000687106   0.0000579477  -0.0000033996  -0.0000199148
        0.0000183642   0.0003858452   0.0002568778  -0.0001995880
        0.0155808617   0.0189471366   0.5080283490   0.0381957217   0.0462532307
       -0.1072884842  -0.0049873196  -0.0068391431   0.0090359776   0.0004418888
        0.0006790226  -0.0003734719  -0.0019647503  -0.0017716627  -0.0009203579
        0.0004940791   0.0002056987  -0.0003407664   0.0001577191  -0.0000745782
       -0.0005768200  -0.0923307281  -0.0722475072  -0.1357440344  -0.0639648437
        0.0704545280  -0.0914320422   0.0891355346  -0.0797686577  -0.1572847963
        0.0074055848   0.0131526559  -0.0099995733   0.0148622650   0.0138873210
       -0.0152171439  -0.0008355459  -0.0007973085   0.0000518661  -0.0001497970
       -0.0002855933   0.0001574691  -0.0000526617  -0.0002225226   0.0000565846
       -0.0002514046   0.0000298434   0.0001912575  -0.0006346471  -0.0006396712
        0.0005032118   0.0000584919  -0.0002523319   0.0001147323  -0.0007841639
       -0.0006496009   0.0002720591  -0.0002304120  -0.0001942129   0.0002552915
       -0.0000314997   0.0000158747   0.0000888144  -0.0001070832   0.0001146029
        0.0001582383  -0.0000072899   0.0000028755   0.0002636392
       -0.1041317279  -0.0440929913   0.0381957217   0.4896076597  -0.0396399131
       -0.0171124618  -0.1070330123  -0.0375165966  -0.0371757468   0.0063067202
        0.0057454987   0.0042009125  -0.0151439347  -0.0144070459  -0.0048296724
       -0.0164820628  -0.0076515817  -0.0131816549   0.0006244786  -0.0000416994
        0.0004939393  -0.0132937915  -0.0157384831   0.0097787241   0.0098246143
        0.0102518180  -0.0083816257  -0.0114722220  -0.0103094339   0.0122650984
       -0.1323568306   0.0903667221  -0.0647004082  -0.1023221923   0.0610460483
        0.0799863835   0.0002325683  -0.0000867347   0.0001487358  -0.0006006029
        0.0022493608   0.0024916637   0.0006746795   0.0007354882   0.0008179864
        0.0001335078  -0.0004522016  -0.0010700319  -0.0018473716  -0.0024978931
        0.0015383781   0.0004733326   0.0006406383  -0.0005516518   0.0004541107
       -0.0003930133   0.0005582585  -0.0026177077   0.0016817125  -0.0025727287
       -0.0000185060  -0.0002288967  -0.0001067936  -0.0001311639  -0.0000149985
       -0.0001139060  -0.0008805454   0.0003541961  -0.0006791201
       -0.0446928579  -0.1225823002   0.0462532307  -0.0396399131   0.4964857251
       -0.0020638544  -0.0355492756  -0.0955946618  -0.0309192643  -0.0085518336
       -0.0143268753  -0.0131561161  -0.0162347573  -0.0151854794  -0.0058579774
        0.0076703480   0.0078516753   0.0058996292  -0.0003236198  -0.0002632790
       -0.0002060305  -0.0117771413  -0.0129467170   0.0081013500  -0.0097476219
       -0.0170387719   0.0138555895   0.0060414061   0.0092643912  -0.0056343675
        0.0906068946  -0.1302034111   0.0635256946   0.0611303658  -0.1010124476
       -0.0801452325  -0.0003395538   0.0003992488   0.0004266993   0.0012104937
       -0.0023544331  -0.0030626960  -0.0010427543   0.0001574945  -0.0004824684
        0.0005921442   0.0006419294  -0.0008237514  -0.0024875457  -0.0025918997
        0.0017574907  -0.0006530972   0.0001171126  -0.0007332897  -0.0000613433
        0.0002367970   0.0001475695   0.0026889493  -0.0010061280   0.0025891258
        0.0001770123   0.0000871897   0.0000674906   0.0001112265   0.0000200850
        0.0000065673   0.0008724742  -0.0001552442   0.0004546112
        0.0412423050   0.0492871719  -0.1072884842  -0.0171124618  -0.0020638544
        0.4845354233  -0.0400325153  -0.0353030173  -0.0958110716  -0.0102477195
       -0.0158783153  -0.0142341448   0.0094098377   0.0082079679   0.0052811132
       -0.0131840728  -0.0058873263  -0.0099936976  -0.0000592029   0.0001257912
       -0.0003408204  -0.0092149212  -0.0108174030   0.0082797513   0.0065719032
        0.0120660938  -0.0092359477   0.0144057682   0.0132567325  -0.0143088744
       -0.0647868149   0.0631933886  -0.0910542052   0.0799411960  -0.0801038156
       -0.1526801661  -0.0003828774   0.0003307059   0.0002535035   0.0014352177
       -0.0025640785  -0.0028757611  -0.0005290740   0.0007665848   0.0008151790
        0.0007850684   0.0011569130   0.0007134479   0.0028036279   0.0030444627
       -0.0014146273   0.0008834614   0.0004048291   0.0004225196   0.0001544934
       -0.0002339169   0.0002494715  -0.0021199668   0.0013767902  -0.0015777224
        0.0000427676  -0.0002197797  -0.0002065427   0.0001178894   0.0001558613
       -0.0000012918  -0.0001239092  -0.0003017860   0.0004729481
       -0.0124740103  -0.0115071673  -0.0049873196  -0.1070330123  -0.0355492756
       -0.0400325153   0.4733123376  -0.0000004818   0.0036894833  -0.0932833661
        0.0354837534   0.0383058817  -0.0933297316  -0.0354989815   0.0383284950
       -0.1069846503   0.0355648273  -0.0400020310  -0.0124569065   0.0115081130
       -0.0049804801  -0.0011935029  -0.0018993315   0.0015690751   0.0005528022
        0.0008272706  -0.0002773678   0.0001504787   0.0002606008  -0.0002457623
       -0.0169638875  -0.0085470403  -0.0152978305   0.0077307576   0.0060194293
        0.0073986377  -0.0084944610   0.0069739692   0.0113175774   0.0077836838
       -0.0109172685  -0.0113522479  -0.0134348469   0.0148716620   0.0117223987
       -0.0084943203  -0.0069647158   0.0113096595  -0.0134521307  -0.0148734655
        0.0117255036   0.0077860309   0.0109048006  -0.0113402385   0.0077329561
       -0.0060333818   0.0074060848  -0.0169652310   0.0085661050  -0.0153023143
       -0.0011909156   0.0018983107   0.0015682017   0.0001497847  -0.0002602207
       -0.0002455030   0.0005521413  -0.0008275118  -0.0002773881
       -0.0140151117  -0.0125511114  -0.0068391431  -0.0375165966  -0.0955946618
       -0.0353030173  -0.0000004818   0.4728636745  -0.0000031742   0.0345609060
       -0.1047614796  -0.0448595998  -0.0345761174  -0.1047332287   0.0448356252
        0.0375315442  -0.0956562256   0.0353295646   0.0140135685  -0.0125683973
        0.0068382159  -0.0019904068  -0.0021071767   0.0018525571   0.0002137918
        0.0001646114  -0.0002945013   0.0006898778   0.0006251275  -0.0004072165
        0.0104334779   0.0071923329   0.0093253748  -0.0094050760  -0.0111389354
       -0.0130800372  -0.0069983237   0.0087722386   0.0097208976   0.0073310656
       -0.0144449766  -0.0147754203   0.0110762709  -0.0125640470  -0.0090445498
        0.0070072727   0.0087721240  -0.0097232624  -0.0110743753  -0.0125470746
        0.0090326609  -0.0073468435  -0.0144526819   0.0147824248   0.0093948313
       -0.0111464206   0.0130759780  -0.0104149562   0.0071941405  -0.0093116173
        0.0019893541  -0.0021088200  -0.0018538401  -0.0006896247   0.0006256005
        0.0004073921  -0.0002140471   0.0001653871   0.0002946883
        0.0071502597   0.0055704908   0.0090359776  -0.0371757468  -0.0309192643
       -0.0958110716   0.0036894833  -0.0000031742   0.4924858652   0.0382395909
       -0.0460084506  -0.1118090926   0.0382631452   0.0459845187  -0.1117909722
       -0.0371477417   0.0309439148  -0.0957978849   0.0071493688  -0.0055795005
        0.0090362292   0.0027002927   0.0029613685  -0.0010719720  -0.0001427078
        0.0003410171   0.0003154751   0.0005089722  -0.0001718942   0.0002496141
       -0.0127763461  -0.0063842006  -0.0109675582  -0.0114574986  -0.0136681217
       -0.0154788447   0.0123638136  -0.0100891573  -0.0168386740   0.0049735276
       -0.0112846286  -0.0116090952  -0.0062632516   0.0073099609   0.0077217530
        0.0123719229   0.0100861954  -0.0168387160  -0.0062703049  -0.0073098266
        0.0077220843   0.0049794578   0.0112807007  -0.0116037519  -0.0114466494
        0.0136765779  -0.0154736015  -0.0127741681   0.0063962283  -0.0109680639
        0.0026986624  -0.0029634006  -0.0010729124   0.0005089356   0.0001715900
        0.0002497149  -0.0001430178  -0.0003409438   0.0003154977
       -0.0002649746   0.0003669309   0.0004418888   0.0063067202  -0.0085518336
       -0.0102477195  -0.0932833661   0.0345609060   0.0382395909   0.5058006138
        0.0217609679   0.0229380547  -0.0114436630   0.0066902349   0.0150300458
       -0.0151236364   0.0162328101   0.0094076355  -0.0021320130   0.0020509271
       -0.0019631554   0.0001387716  -0.0002229007  -0.0001888258   0.0000482116
       -0.0002327085  -0.0000760047   0.0000260429  -0.0006489206  -0.0007336531
        0.0008447675  -0.0011689289  -0.0004859711  -0.0014705444  -0.0026684110
       -0.0029534898  -0.0903472220  -0.0588330994   0.0745408669  -0.1417821989
       -0.0965552746  -0.0675818180  -0.1567659805   0.0860270227  -0.0810847480
       -0.0016928050  -0.0014897277   0.0026849044   0.0002869276   0.0008988687
        0.0004770761   0.0007886075   0.0004992283  -0.0007682932   0.0006136237
       -0.0005289604   0.0007317377   0.0002666878   0.0009002067   0.0010922991
       -0.0006822427   0.0008262524   0.0004987750   0.0000465104  -0.0000179146
       -0.0000137762  -0.0001788377   0.0001043243   0.0000145800
        0.0000692382   0.0004979858   0.0006790226   0.0057454987  -0.0143268753
       -0.0158783153   0.0354837534  -0.1047614796  -0.0460084506   0.0217609679
        0.4935721120  -0.0324453919  -0.0066818812   0.0056929473   0.0084455525
        0.0144079914  -0.0152053116  -0.0082182822   0.0022805828  -0.0013992397
        0.0017728675   0.0001947295  -0.0000432894  -0.0001927331   0.0000253988
       -0.0000894921  -0.0001973581  -0.0002702370  -0.0007859681  -0.0008906714
        0.0006262690   0.0006727524   0.0008995908  -0.0019776712  -0.0021754877
       -0.0024649170  -0.0589799217  -0.1157626215   0.0941943400  -0.0960789520
       -0.1369019521  -0.0641908924   0.0860726741  -0.1093757361   0.0624912183
       -0.0022600504  -0.0008960328   0.0029709077  -0.0002606677   0.0005862007
        0.0009259328  -0.0008964207   0.0008317520   0.0005067463   0.0006042425
        0.0001430929  -0.0014305325  -0.0005828037   0.0005289989  -0.0005245059
        0.0006419639  -0.0007016189  -0.0004667641   0.0000893835  -0.0002023428
        0.0000150450  -0.0000140881   0.0001016057   0.0000075908
        0.0000859013  -0.0000981699  -0.0003734719   0.0042009125  -0.0131561161
       -0.0142341448   0.0383058817  -0.0448595998  -0.1118090926   0.0229380547
       -0.0324453919   0.4949236427   0.0150230743  -0.0084503542  -0.0198422208
       -0.0048229323   0.0058570729   0.0052806440  -0.0017994390   0.0016228910
       -0.0009196840   0.0000962783   0.0000193227  -0.0001015346  -0.0001162523
       -0.0001100453   0.0000276589   0.0003686712   0.0000445961   0.0003042969
        0.0010248123  -0.0006153814   0.0004155146  -0.0016877220  -0.0024441249
       -0.0018675089   0.0744661383   0.0939340546  -0.1622435634  -0.0673332872
       -0.0643799230  -0.0880140310  -0.0813621834   0.0627728764  -0.1011068654
        0.0028653464   0.0017592622  -0.0033272445  -0.0005689223  -0.0005422525
        0.0005678259   0.0005045648  -0.0012810713   0.0004478358  -0.0012326066
        0.0008065118   0.0009029861  -0.0003895130   0.0009122061   0.0005889958
       -0.0004596964   0.0005159468   0.0002747549  -0.0001074987   0.0000348106
        0.0000696565   0.0000004173   0.0001028790   0.0000355500
       -0.0021348901  -0.0020500751  -0.0019647503  -0.0151439347  -0.0162347573
        0.0094098377  -0.0933297316  -0.0345761174   0.0382631452  -0.0114436630
       -0.0066818812   0.0150230743   0.5057721141  -0.0217737698   0.0229552124
        0.0063085366   0.0085401982  -0.0102355238  -0.0002652516  -0.0003664930
        0.0004412998  -0.0006832088  -0.0008263845   0.0004989111  -0.0001788675
       -0.0001041611   0.0000145557   0.0000464647   0.0000177422  -0.0000137971
        0.0002664901  -0.0009002578   0.0010924604   0.0006135726   0.0005284540
        0.0007328255  -0.0016903275   0.0014896888   0.0026832506   0.0007888373
       -0.0004990329  -0.0007687106   0.0002864773  -0.0008988002   0.0004763050
       -0.0902679974   0.0588004586   0.0744896799  -0.1568816850  -0.0859790565
       -0.0811438070  -0.1416542164   0.0965728004  -0.0675189636  -0.0014674470
        0.0026685094  -0.0029513274   0.0008451347   0.0011689576  -0.0004863508
        0.0001388054   0.0002228417  -0.0001886418   0.0000264263   0.0006484816
       -0.0007328630   0.0000483615   0.0002326545  -0.0000758224
       -0.0022797282  -0.0013957058  -0.0017716627  -0.0144070459  -0.0151854794
        0.0082079679  -0.0354989815  -0.1047332287   0.0459845187   0.0066902349
        0.0056929473  -0.0084503542  -0.0217737698   0.4935880443   0.0324299126
       -0.0057600371  -0.0143345150   0.0158851373  -0.0000687664   0.0004983999
       -0.0006791176  -0.0006418789  -0.0007006553   0.0004662394   0.0000142620
        0.0001016732  -0.0000075746  -0.0000895025  -0.0002022906  -0.0000151108
        0.0005830411   0.0005292778   0.0005237729  -0.0006043476   0.0001428994
        0.0014300121   0.0022599944  -0.0008975759  -0.0029721984   0.0008963048
        0.0008313180  -0.0005061396   0.0002609932   0.0005866944  -0.0009262690
        0.0589472628  -0.1158029792  -0.0942349777  -0.0860246508  -0.1092354612
       -0.0624382356   0.0960963826  -0.1370566598   0.0642253875   0.0019775451
       -0.0021795435   0.0024668142  -0.0006265842   0.0006724694  -0.0008992274
       -0.0001948534  -0.0000433131   0.0001928545   0.0002695672  -0.0007866430
        0.0008908783  -0.0000254420  -0.0000896733   0.0001973724
       -0.0018009915  -0.0016217963  -0.0009203579  -0.0048296724  -0.0058579774
        0.0052811132   0.0383284950   0.0448356252  -0.1117909722   0.0150300458
        0.0084455525  -0.0198422208   0.0229552124   0.0324299126   0.4949365223
        0.0042084949   0.0131532687  -0.0142283668   0.0000859311   0.0000982300
       -0.0003735328  -0.0004601757  -0.0005158248   0.0002747656   0.0000003439
       -0.0001028575   0.0000355472  -0.0001075137  -0.0000347678   0.0000696441
       -0.0003900046  -0.0009119613   0.0005889152  -0.0012332237  -0.0008057463
        0.0009029959   0.0028646430  -0.0017606682  -0.0033281950   0.0005055901
        0.0012808061   0.0004479885  -0.0005685377   0.0005426419   0.0005677504
        0.0744151257  -0.0939746668  -0.1622827407  -0.0814214492  -0.0627197105
       -0.1011315679  -0.0672704324   0.0644142804  -0.0879868985  -0.0016857081
        0.0024451870  -0.0018665276   0.0010251308   0.0006147734   0.0004154445
        0.0000962191  -0.0000193818  -0.0001014890   0.0003686768  -0.0000450062
        0.0003044424  -0.0001161997   0.0001100870   0.0000277401
        0.0006247382   0.0000410462   0.0004940791  -0.0164820628   0.0076703480
       -0.0131840728  -0.1069846503   0.0375315442  -0.0371477417  -0.0151236364
        0.0144079914  -0.0048229323   0.0063085366  -0.0057600371   0.0042084949
        0.4896604970   0.0396478560  -0.0171033521  -0.1040726702   0.0440729841
        0.0381735665  -0.0000184565   0.0002289668  -0.0001067704  -0.0008812494
       -0.0003535409  -0.0006794331  -0.0001312277   0.0000151077  -0.0001138858
       -0.0026206251  -0.0016801324  -0.0025747641   0.0004544150   0.0003927774
        0.0005582493   0.0001333444   0.0004527412  -0.0010694287   0.0004733432
       -0.0006407719  -0.0005513091  -0.0018440595   0.0024970902   0.0015377236
        0.0002328398   0.0000867832   0.0001484576   0.0006748882  -0.0007360093
        0.0008181782  -0.0006028990  -0.0022510434   0.0024932242  -0.1024030402
       -0.0610605886   0.0800274992  -0.1324774329  -0.0903528065  -0.0647601099
       -0.0132750987   0.0157363599   0.0097760944  -0.0114698451   0.0103213706
        0.0122712017   0.0098243515  -0.0102680370  -0.0083929686
        0.0003230350  -0.0002635078   0.0002056987  -0.0076515817   0.0078516753
       -0.0058873263   0.0355648273  -0.0956562256   0.0309439148   0.0162328101
       -0.0152053116   0.0058570729   0.0085401982  -0.0143345150   0.0131532687
        0.0396478560   0.4964320984   0.0020773348   0.0446723428  -0.1226222503
       -0.0462816181  -0.0001769252   0.0000871194  -0.0000673457  -0.0008718929
       -0.0001543665  -0.0004542590  -0.0001111440   0.0000201766  -0.0000064898
       -0.0026874286  -0.0010024501  -0.0025873157   0.0000611919   0.0002364732
       -0.0001479458  -0.0005919442   0.0006420783   0.0008244326   0.0006526953
        0.0001170291   0.0007336088   0.0024864994  -0.0025942373  -0.0017587411
        0.0003397316   0.0003991190  -0.0004267511   0.0010425296   0.0001573571
        0.0004818186  -0.0012119365  -0.0023532469   0.0030611543  -0.0611449151
       -0.1009626341   0.0801022708  -0.0905929452  -0.1300584586  -0.0634900120
        0.0117795271  -0.0129661055  -0.0081123793  -0.0060305822   0.0092630305
        0.0056308941   0.0097280513  -0.0170328474  -0.0138512851
       -0.0000591883  -0.0001257481  -0.0003407664  -0.0131816549   0.0058996292
       -0.0099936976  -0.0400020310   0.0353295646  -0.0957978849   0.0094076355
       -0.0082182822   0.0052806440  -0.0102355238   0.0158851373  -0.0142283668
       -0.0171033521   0.0020773348   0.4845361118   0.0412182938  -0.0493175305
       -0.1073073646   0.0000428681   0.0002198029  -0.0002064927  -0.0001239182
        0.0003016959   0.0004729095   0.0001177824  -0.0001559574  -0.0000013086
       -0.0021214149  -0.0013752792  -0.0015785062   0.0001546726   0.0002338118
        0.0002495060   0.0007841315  -0.0011574231   0.0007133303   0.0008833372
       -0.0004054806   0.0004225903   0.0028021120  -0.0030465570  -0.0014155858
       -0.0003830352  -0.0003304030   0.0002533356  -0.0005293903  -0.0007663636
        0.0008151235   0.0014366678   0.0025632204  -0.0028746448   0.0799821360
        0.0800608838  -0.1526493651  -0.0648463603  -0.0631577941  -0.0910783875
       -0.0092053872   0.0108195092   0.0082803114   0.0143954258  -0.0132612626
       -0.0143099638   0.0065661933  -0.0120725086  -0.0092415275
        0.0003525776  -0.0001510294   0.0001577191   0.0006244786  -0.0003236198
       -0.0000592029  -0.0124569065   0.0140135685   0.0071493688  -0.0021320130
        0.0022805828  -0.0017994390  -0.0002652516  -0.0000687664   0.0000859311
       -0.1040726702   0.0446723428   0.0412182938   0.5001227641   0.0290335892
        0.0155749009  -0.0000498645   0.0000620032  -0.0000019988  -0.0004853948
        0.0000790952   0.0000212071  -0.0000500893  -0.0000061064  -0.0000212848
        0.0000441696   0.0001813254   0.0002483897  -0.0008403170   0.0008042871
       -0.0001249293   0.0001669099  -0.0000421597  -0.0002554112  -0.0000768723
        0.0000484957  -0.0000061991  -0.0004933823   0.0008945004   0.0005678297
        0.0001697800   0.0000733550   0.0003060119   0.0000815441   0.0001174289
       -0.0000622864  -0.0000588233   0.0000129784   0.0002178994  -0.0112670260
        0.0111656661   0.0131738994   0.0082288541  -0.0100867810  -0.0093742945
       -0.1336092384   0.0687206667  -0.0923746316  -0.1148885383  -0.0644475309
        0.0890753186  -0.1290446905  -0.0970338920  -0.0637170921
        0.0001504715  -0.0004676573  -0.0000745782  -0.0000416994  -0.0002632790
        0.0001257912   0.0115081130  -0.0125683973  -0.0055795005   0.0020509271
       -0.0013992397   0.0016228910  -0.0003664930   0.0004983999   0.0000982300
        0.0440729841  -0.1226222503  -0.0493175305   0.0290335892   0.4933073087
       -0.0189595829  -0.0000472108   0.0000687246  -0.0000579523  -0.0003853273
        0.0002570221   0.0001995693   0.0000034593  -0.0000198821  -0.0000184028
       -0.0000115318  -0.0000596847  -0.0002235363   0.0001271844   0.0002450955
       -0.0003023739  -0.0000300079  -0.0000452675   0.0000903085   0.0000163128
        0.0002592091   0.0001760335   0.0006503831  -0.0004772404  -0.0005345611
        0.0007076207  -0.0007782801   0.0001442317   0.0001610547  -0.0000481421
       -0.0000331806   0.0001366177  -0.0000018617  -0.0002802699  -0.0052525421
        0.0077849939   0.0065620425   0.0103088333  -0.0171653365  -0.0151643786
        0.0687797100  -0.0976993617   0.0724967243  -0.0642458032  -0.0985308985
        0.0794490178  -0.0973266455  -0.1502739748  -0.0704189922
        0.0001577999   0.0000744833  -0.0005768200   0.0004939393  -0.0002060305
       -0.0003408204  -0.0049804801   0.0068382159   0.0090362292  -0.0019631554
        0.0017728675  -0.0009196840   0.0004412998  -0.0006791176  -0.0003735328
        0.0381735665  -0.0462816181  -0.1073073646   0.0155749009  -0.0189595829
        0.5080207082  -0.0000315283  -0.0000158468   0.0000888044  -0.0000074054
       -0.0000028933   0.0002636801  -0.0001071564  -0.0001145705   0.0001582026
       -0.0002302908   0.0001943179   0.0002552878  -0.0007837395   0.0006501580
        0.0002720541  -0.0002514268  -0.0000297292   0.0001912841   0.0000586767
        0.0002523117   0.0001148326  -0.0006340887   0.0006398943   0.0005032495
       -0.0008347834   0.0007976007   0.0000521134  -0.0000524769   0.0002225340
        0.0000566374  -0.0001495645   0.0002856338   0.0001574733   0.0148518487
       -0.0138925835  -0.0152184669   0.0073989028  -0.0131591460  -0.0100053366
       -0.0922659108   0.0723213833  -0.1357172352   0.0891769850   0.0797185505
       -0.1572444189  -0.0640359127  -0.0704268323  -0.0914668772
       -0.1337088111  -0.0687367004  -0.0923307281  -0.0132937915  -0.0117771413
       -0.0092149212  -0.0011935029  -0.0019904068   0.0027002927   0.0001387716
        0.0001947295   0.0000962783  -0.0006832088  -0.0006418789  -0.0004601757
       -0.0000184565  -0.0001769252   0.0000428681  -0.0000498645  -0.0000472108
       -0.0000315283   0.1545589765   0.0831614613   0.1061315842  -0.0157527567
       -0.0081274732  -0.0170500304   0.0097965132   0.0079137538   0.0103646331
        0.0006787743   0.0003461976  -0.0001861968  -0.0002219301   0.0001013472
       -0.0003354944  -0.0001479462   0.0000066093  -0.0000327479   0.0000444585
        0.0000406936  -0.0000693300  -0.0000051493  -0.0000482931   0.0000563681
       -0.0000150976   0.0000367726  -0.0000165533  -0.0001990395  -0.0002278115
        0.0001607443   0.0000378352  -0.0000128524  -0.0000095376   0.0000076441
        0.0000450722   0.0001980511   0.0000272303   0.0000022005   0.0000692448
        0.0000610661   0.0000110251   0.0000250126   0.0000406720  -0.0000133569
        0.0000182633  -0.0001023872  -0.0000598122  -0.0001260969
       -0.0686775104  -0.0975729869  -0.0722475072  -0.0157384831  -0.0129467170
       -0.0108174030  -0.0018993315  -0.0021071767   0.0029613685  -0.0002229007
       -0.0000432894   0.0000193227  -0.0008263845  -0.0007006553  -0.0005158248
        0.0002289668   0.0000871194   0.0002198029   0.0000620032   0.0000687246
       -0.0000158468   0.0831614613   0.1133015592   0.0820996215   0.0134057181
        0.0092518441   0.0134835769  -0.0096029620  -0.0095745354  -0.0146334256
       -0.0000547538  -0.0001468879  -0.0005448960   0.0002981922   0.0005984104
       -0.0002295462   0.0000590260   0.0000541143   0.0001325899   0.0000051811
        0.0000283378   0.0000546005  -0.0000216565   0.0000058179  -0.0000001660
        0.0000059136   0.0000400102  -0.0000211894  -0.0002271618  -0.0002600407
        0.0001800994   0.0000311443  -0.0000094264  -0.0000297042   0.0000256269
       -0.0001375771  -0.0000769222   0.0000639695   0.0000294223  -0.0000960332
       -0.0000110522   0.0000178938  -0.0000104299   0.0000202788  -0.0000055845
        0.0000189402  -0.0000852853   0.0000216232   0.0000689721
       -0.0924394902  -0.0724228002  -0.1357440344   0.0097787241   0.0081013500
        0.0082797513   0.0015690751   0.0018525571  -0.0010719720  -0.0001888258
       -0.0001927331  -0.0001015346   0.0004989111   0.0004662394   0.0002747656
       -0.0001067704  -0.0000673457  -0.0002064927  -0.0000019988  -0.0000579523
        0.0000888044   0.1061315842   0.0820996215   0.1573778105  -0.0121530801
       -0.0062122420  -0.0119045475  -0.0135308412  -0.0137844147  -0.0186858589
        0.0003276856  -0.0001370698   0.0005466505   0.0000806474   0.0002986723
        0.0006143378  -0.0000046100   0.0000696375   0.0002284880  -0.0000349940
        0.0000138806   0.0000959805  -0.0000191843   0.0000103638  -0.0000182713
       -0.0000459708  -0.0000005137   0.0000503065   0.0001405646   0.0001524498
       -0.0000800841   0.0000084899  -0.0000545203   0.0000299271   0.0000365222
       -0.0000949586   0.0002056811   0.0000105735  -0.0000246655   0.0000700284
        0.0000250265   0.0000104237   0.0000033588  -0.0000270044   0.0000030206
        0.0000331346  -0.0000550341  -0.0000290003  -0.0000862295
       -0.1289153511   0.0973275169  -0.0639648437   0.0098246143  -0.0097476219
        0.0065719032   0.0005528022   0.0002137918  -0.0001427078   0.0000482116
        0.0000253988  -0.0001162523  -0.0001788675   0.0000142620   0.0000003439
       -0.0008812494  -0.0008718929  -0.0001239182  -0.0004853948  -0.0003853273
       -0.0000074054  -0.0157527567   0.0134057181  -0.0121530801   0.1503642929
       -0.1108861074   0.0748428486  -0.0136060151   0.0142598044  -0.0068739982
       -0.0005777229  -0.0029111747   0.0022319510   0.0005906899  -0.0002007500
       -0.0001473886  -0.0000592351   0.0001769948   0.0000060793   0.0000149669
       -0.0000038789   0.0000477344  -0.0000737481  -0.0000688074   0.0000746145
        0.0000386865  -0.0000172338   0.0000016126   0.0000070772   0.0000198145
       -0.0000042961  -0.0000014206   0.0000705087  -0.0000238492  -0.0006359729
       -0.0009079190  -0.0008088226   0.0000656739   0.0000305518   0.0000281191
       -0.0001023170   0.0000853707  -0.0000549870   0.0001229957   0.0001510235
        0.0000556231  -0.0003599599   0.0002199572   0.0005607195
        0.0970346425  -0.1504387414   0.0704545280   0.0102518180  -0.0170387719
        0.0120660938   0.0008272706   0.0001646114   0.0003410171  -0.0002327085
       -0.0000894921  -0.0001100453  -0.0001041611   0.0001016732  -0.0001028575
       -0.0003535409  -0.0001543665   0.0003016959   0.0000790952   0.0002570221
       -0.0000028933  -0.0081274732   0.0092518441  -0.0062122420  -0.1108861074
        0.1736201248  -0.0843982742   0.0142735798  -0.0135634223   0.0060979640
       -0.0025255441  -0.0031851487   0.0035449389   0.0003086729   0.0007608554
       -0.0005403011   0.0002301280  -0.0002340545  -0.0001152511  -0.0000006403
        0.0000154437  -0.0000201596   0.0000110731   0.0002252119  -0.0000343623
        0.0000691988   0.0000143235   0.0000243324  -0.0000342900   0.0000114979
       -0.0000705531   0.0000318888   0.0001167663  -0.0000394501  -0.0010102832
       -0.0002184680  -0.0012227614   0.0002523793   0.0001081291  -0.0001334116
        0.0000599055   0.0000215129   0.0000290359   0.0000647134  -0.0000317997
       -0.0000681138  -0.0002196172   0.0002852488   0.0002110701
       -0.0636460152   0.0704464026  -0.0914320422  -0.0083816257   0.0138555895
       -0.0092359477  -0.0002773678  -0.0002945013   0.0003154751  -0.0000760047
       -0.0001973581   0.0000276589   0.0000145557  -0.0000075746   0.0000355472
       -0.0006794331  -0.0004542590   0.0004729095   0.0000212071   0.0001995693
        0.0002636801  -0.0170500304   0.0134835769  -0.0119045475   0.0748428486
       -0.0843982742   0.1056589678   0.0140543418  -0.0149352938   0.0089111001
        0.0020296695   0.0032994769  -0.0021303837  -0.0005471343   0.0001002199
        0.0000249080   0.0000970321  -0.0000527373   0.0000811554  -0.0000207435
       -0.0000348489  -0.0000190607   0.0000183697   0.0000414255  -0.0001391584
       -0.0000224060   0.0000116891  -0.0000723692   0.0000082611  -0.0000382201
        0.0000441945  -0.0000084580  -0.0000454057  -0.0000399476  -0.0008248774
       -0.0005674252  -0.0002114324   0.0000570000  -0.0000297538  -0.0001269348
       -0.0001261243  -0.0000688566  -0.0000862489  -0.0000435647  -0.0001021898
       -0.0001328143   0.0005604995  -0.0002112510  -0.0003047089
       -0.1147949148   0.0642346341   0.0891355346  -0.0114722220   0.0060414061
        0.0144057682   0.0001504787   0.0006898778   0.0005089722   0.0000260429
       -0.0002702370   0.0003686712   0.0000464647  -0.0000895025  -0.0001075137
       -0.0001312277  -0.0001111440   0.0001177824  -0.0000500893   0.0000034593
       -0.0001071564   0.0097965132  -0.0096029620  -0.0135308412  -0.0136060151
        0.0142735798   0.0140543418   0.1311905339  -0.0720812624  -0.1055537997
        0.0006285893   0.0002799641  -0.0006048809  -0.0018218367  -0.0027260679
        0.0030745865  -0.0002009428  -0.0010196613  -0.0011882176   0.0001547656
        0.0001827250  -0.0001148223   0.0000767999  -0.0000943293   0.0000013209
        0.0000998471   0.0000322923  -0.0000665349  -0.0000067251  -0.0000117349
       -0.0000625891   0.0000273586   0.0000534375   0.0000077956  -0.0003951051
        0.0002938574  -0.0001653884   0.0000272781   0.0000441617  -0.0000405779
        0.0000406859  -0.0000202796  -0.0000270119   0.0000908474  -0.0000374182
       -0.0000619242   0.0001228733  -0.0000647960  -0.0000435153
        0.0644363576  -0.0985840870  -0.0797686577  -0.0103094339   0.0092643912
        0.0132567325   0.0002606008   0.0006251275  -0.0001718942  -0.0006489206
       -0.0007859681   0.0000445961   0.0000177422  -0.0002022906  -0.0000347678
        0.0000151077   0.0000201766  -0.0001559574  -0.0000061064  -0.0000198821
       -0.0001145705   0.0079137538  -0.0095745354  -0.0137844147   0.0142598044
       -0.0135634223  -0.0149352938  -0.0720812624   0.1147243698   0.0929998099
       -0.0002268270   0.0007160757   0.0000762913  -0.0029430580  -0.0016665307
        0.0030245614  -0.0009850593  -0.0007297220  -0.0009807547   0.0000855460
        0.0000929034   0.0000363614   0.0000444711  -0.0003713483   0.0002811907
        0.0000800784   0.0000097242  -0.0000373276   0.0000299451   0.0000095338
       -0.0000188297  -0.0000182311   0.0000348292   0.0000267335   0.0001976111
       -0.0000180712   0.0000325543  -0.0000217178  -0.0000045883   0.0000686795
        0.0000133273  -0.0000055933  -0.0000030144   0.0000374379   0.0000605972
        0.0000557390  -0.0001511672  -0.0000316893   0.0001022328
        0.0890342092  -0.0794990551  -0.1572847963   0.0122650984  -0.0056343675
       -0.0143088744  -0.0002457623  -0.0004072165   0.0002496141  -0.0007336531
       -0.0008906714   0.0003042969  -0.0000137971  -0.0000151108   0.0000696441
       -0.0001138858  -0.0000064898  -0.0000013086  -0.0000212848  -0.0000184028
        0.0001582026   0.0103646331  -0.0146334256  -0.0186858589  -0.0068739982
        0.0060979640   0.0089111001  -0.1055537997   0.0929998099   0.1832283314
       -0.0000950174  -0.0004355062  -0.0000289561   0.0026039566   0.0028686215
       -0.0023899243  -0.0004676176  -0.0007872930   0.0001054381  -0.0001110838
        0.0000563408  -0.0001185666   0.0000317474   0.0003050211  -0.0000935155
       -0.0000535704  -0.0000045602  -0.0000262323  -0.0000128322   0.0000101853
        0.0000629875  -0.0000162868   0.0000016940  -0.0000707835   0.0000319369
        0.0000005191   0.0000911594  -0.0000308993  -0.0000015042  -0.0000075220
        0.0000182601  -0.0000189555   0.0000331157  -0.0000619586  -0.0000556819
       -0.0000647841   0.0000556054   0.0000680847  -0.0001327672
        0.0082291384  -0.0103271930   0.0074055848  -0.1323568306   0.0906068946
       -0.0647868149  -0.0169638875   0.0104334779  -0.0127763461   0.0008447675
        0.0006262690   0.0010248123   0.0002664901   0.0005830411  -0.0003900046
       -0.0026206251  -0.0026874286  -0.0021214149   0.0000441696  -0.0000115318
       -0.0002302908   0.0006787743  -0.0000547538   0.0003276856  -0.0005777229
       -0.0025255441   0.0020296695   0.0006285893  -0.0002268270  -0.0000950174
        0.1564937876  -0.1005850419   0.0758903089  -0.0139260796   0.0151157683
       -0.0061642941  -0.0000792969  -0.0000577792   0.0000658309  -0.0000285865
        0.0001379798   0.0001922044   0.0004560457  -0.0003061981  -0.0001213658
       -0.0002991123   0.0001829896   0.0000831767   0.0002359851   0.0000921794
        0.0002087653  -0.0001892898  -0.0010692828   0.0001726884  -0.0000323545
       -0.0001114566   0.0001583555  -0.0009238945   0.0004791095  -0.0009102279
        0.0000271716  -0.0000639855   0.0000106019   0.0000272610   0.0000216801
       -0.0000308911   0.0000655001  -0.0002523669   0.0000569835
        0.0100716069  -0.0171708365   0.0131526559   0.0903667221  -0.1302034111
        0.0631933886  -0.0085470403   0.0071923329  -0.0063842006  -0.0011689289
        0.0006727524  -0.0006153814  -0.0009002578   0.0005292778  -0.0009119613
       -0.0016801324  -0.0010024501  -0.0013752792   0.0001813254  -0.0000596847
        0.0001943179   0.0003461976  -0.0001468879  -0.0001370698  -0.0029111747
       -0.0031851487   0.0032994769   0.0002799641   0.0007160757  -0.0004355062
       -0.1005850419   0.1568792203  -0.0756355193   0.0150947018  -0.0136807698
        0.0061493598   0.0000896411  -0.0001389828   0.0001594063  -0.0000543563
       -0.0000210693   0.0000552488   0.0000599140  -0.0002041196  -0.0003393094
        0.0001992415  -0.0001664973   0.0000612919   0.0000470118  -0.0000378048
       -0.0000531670  -0.0003629272  -0.0002578743   0.0000727635   0.0000285819
       -0.0001303618  -0.0000394257  -0.0004781311   0.0002830569  -0.0004670413
       -0.0000022135   0.0000294297   0.0000246548  -0.0000441561  -0.0000045552
        0.0000015278  -0.0000305480   0.0001083082   0.0000297689
       -0.0093622244   0.0151691596  -0.0099995733  -0.0647004082   0.0635256946
       -0.0910542052  -0.0152978305   0.0093253748  -0.0109675582  -0.0004859711
        0.0008995908   0.0004155146   0.0010924604   0.0005237729   0.0005889152
       -0.0025747641  -0.0025873157  -0.0015785062   0.0002483897  -0.0002235363
        0.0002552878  -0.0001861968  -0.0005448960   0.0005466505   0.0022319510
        0.0035449389  -0.0021303837  -0.0006048809   0.0000762913  -0.0000289561
        0.0758903089  -0.0756355193   0.1064998381   0.0140148144  -0.0138209301
        0.0086136902  -0.0000000563   0.0000605018  -0.0002242078   0.0001940574
        0.0001005531   0.0001275551   0.0001338553  -0.0009419467  -0.0003580020
        0.0000041842  -0.0001450970  -0.0000456458   0.0001070834   0.0000598658
       -0.0000610435   0.0000046737  -0.0000462278   0.0002887951   0.0001437022
        0.0000310439   0.0000273843  -0.0009100252   0.0004678767  -0.0008511599
        0.0000693249   0.0000959921   0.0000700450  -0.0000406311  -0.0000686353
       -0.0000075322   0.0000281828   0.0001334478  -0.0001269019
       -0.0112708783   0.0052623779   0.0148622650  -0.1023221923   0.0611303658
        0.0799411960   0.0077307576  -0.0094050760  -0.0114574986  -0.0014705444
       -0.0019776712  -0.0016877220   0.0006135726  -0.0006043476  -0.0012332237
        0.0004544150   0.0000611919   0.0001546726  -0.0008403170   0.0001271844
       -0.0007837395  -0.0002219301   0.0002981922   0.0000806474   0.0005906899
        0.0003086729  -0.0005471343  -0.0018218367  -0.0029430580   0.0026039566
       -0.0139260796   0.0150947018   0.0140148144   0.1239256581  -0.0670900435
       -0.0950359585  -0.0000982744   0.0000491926  -0.0000301644   0.0003602029
       -0.0006505308  -0.0006478440  -0.0000659184  -0.0001243506   0.0000444027
       -0.0003187016  -0.0005000892   0.0001592888  -0.0000199340   0.0000393430
       -0.0000472771  -0.0001720284   0.0001464454   0.0001329878  -0.0000716934
        0.0000184999   0.0000885794  -0.0000322853  -0.0000286787   0.0001436674
        0.0000076012  -0.0000257184   0.0000365841  -0.0003954075  -0.0001973589
        0.0000318970  -0.0006348760   0.0010107548  -0.0008243971
       -0.0111555545   0.0077874828   0.0138873210   0.0610460483  -0.1010124476
       -0.0801038156   0.0060194293  -0.0111389354  -0.0136681217  -0.0026684110
       -0.0021754877  -0.0024441249   0.0005284540   0.0001428994  -0.0008057463
        0.0003927774   0.0002364732   0.0002338118   0.0008042871   0.0002450955
        0.0006501580   0.0001013472   0.0005984104   0.0002986723  -0.0002007500
        0.0007608554   0.0001002199  -0.0027260679  -0.0016665307   0.0028686215
        0.0151157683  -0.0136807698  -0.0138209301  -0.0670900435   0.1215212137
        0.0922473070  -0.0001261844  -0.0000811551   0.0001918086   0.0003107592
       -0.0007174236  -0.0010184787  -0.0002273032   0.0002445219   0.0000785870
       -0.0011133525  -0.0003167785   0.0003615502   0.0001359295   0.0001655150
        0.0002250055   0.0001904436  -0.0002646523  -0.0000121836  -0.0000185622
       -0.0001423733   0.0000992416   0.0001113649  -0.0001304007  -0.0000311683
       -0.0000452032  -0.0001375529   0.0000948803  -0.0002935700  -0.0000177386
       -0.0000005589   0.0009083938  -0.0002202211   0.0005679434
        0.0131673310  -0.0065661745  -0.0152171439   0.0799863835  -0.0801452325
       -0.1526801661   0.0073986377  -0.0130800372  -0.0154788447  -0.0029534898
       -0.0024649170  -0.0018675089   0.0007328255   0.0014300121   0.0009029959
        0.0005582493  -0.0001479458   0.0002495060  -0.0001249293  -0.0003023739
        0.0002720541  -0.0003354944  -0.0002295462   0.0006143378  -0.0001473886
       -0.0005403011   0.0000249080   0.0030745865   0.0030245614  -0.0023899243
       -0.0061642941   0.0061493598   0.0086136902  -0.0950359585   0.0922473070
        0.1775529950   0.0000553726   0.0000871298   0.0000830463   0.0004761303
       -0.0008876836  -0.0009644741  -0.0001194507   0.0001181737   0.0000361360
       -0.0001150020  -0.0000018268   0.0004163566   0.0001460577   0.0001710128
       -0.0000248772  -0.0000711908  -0.0000690993  -0.0000596187   0.0000885109
       -0.0000992885  -0.0001966958   0.0001583926   0.0000392872   0.0000273911
        0.0001980887   0.0000767233   0.0002057139  -0.0001654254  -0.0000324425
        0.0000911537  -0.0008079427   0.0012233016  -0.0002110308
        0.0001692688  -0.0007081402  -0.0008355459   0.0002325683  -0.0003395538
       -0.0003828774  -0.0084944610  -0.0069983237   0.0123638136  -0.0903472220
       -0.0589799217   0.0744661383  -0.0016903275   0.0022599944   0.0028646430
        0.0001333444  -0.0005919442   0.0007841315   0.0001669099  -0.0000300079
       -0.0002514268  -0.0001479462   0.0000590260  -0.0000046100  -0.0000592351
        0.0002301280   0.0000970321  -0.0002009428  -0.0009850593  -0.0004676176
       -0.0000792969   0.0000896411  -0.0000000563  -0.0000982744  -0.0001261844
        0.0000553726   0.1047830606   0.0691424603  -0.0883593743  -0.0123268405
       -0.0164978695   0.0149540933   0.0088824570   0.0129786992  -0.0158821010
       -0.0005484565  -0.0004971643   0.0010190322   0.0001783495   0.0000953183
       -0.0000647666  -0.0000592435   0.0001398745  -0.0001233472  -0.0003176176
        0.0011133713  -0.0001147950  -0.0002993938  -0.0001991589   0.0000042363
       -0.0000151123  -0.0000058611  -0.0000459786   0.0000997780  -0.0000801171
       -0.0000535701   0.0000386337  -0.0000692071  -0.0000224259
       -0.0000740213  -0.0007776670  -0.0007973085  -0.0000867347   0.0003992488
        0.0003307059   0.0069739692   0.0087722386  -0.0100891573  -0.0588330994
       -0.1157626215   0.0939340546   0.0014896888  -0.0008975759  -0.0017606682
        0.0004527412   0.0006420783  -0.0011574231  -0.0000421597  -0.0000452675
       -0.0000297292   0.0000066093   0.0000541143   0.0000696375   0.0001769948
       -0.0002340545  -0.0000527373  -0.0010196613  -0.0007297220  -0.0007872930
       -0.0000577792  -0.0001389828   0.0000605018   0.0000491926  -0.0000811551
        0.0000871298   0.0691424603   0.1358725445  -0.1085843527  -0.0124448397
       -0.0149012025   0.0146238711  -0.0066076213  -0.0121193076   0.0148505477
        0.0004976084   0.0004291610  -0.0006473778   0.0002115410  -0.0000276157
       -0.0000060154  -0.0001001762  -0.0000343788  -0.0001847206   0.0005000555
       -0.0003177777   0.0000017652  -0.0001829402  -0.0001662564   0.0001450696
       -0.0000367209   0.0000400422   0.0000005483  -0.0000323156   0.0000097916
        0.0000045993   0.0000172083   0.0000143660  -0.0000116476
        0.0003059166  -0.0001446077   0.0000518661   0.0001487358   0.0004266993
        0.0002535035   0.0113175774   0.0097208976  -0.0168386740   0.0745408669
        0.0941943400  -0.1622435634   0.0026832506  -0.0029721984  -0.0033281950
       -0.0010694287   0.0008244326   0.0007133303  -0.0002554112   0.0000903085
        0.0001912841  -0.0000327479   0.0001325899   0.0002284880   0.0000060793
       -0.0001152511   0.0000811554  -0.0011882176  -0.0009807547   0.0001054381
        0.0000658309   0.0001594063  -0.0002242078  -0.0000301644   0.0001918086
        0.0000830463  -0.0883593743  -0.1085843527   0.1875411059  -0.0053278116
       -0.0064232725   0.0087493394   0.0061545784   0.0135727568  -0.0147995673
        0.0010195729   0.0006470112  -0.0010909032  -0.0001170078  -0.0001058835
       -0.0000042654  -0.0000229861  -0.0002450093   0.0002084341   0.0001591376
       -0.0003618084   0.0004162734   0.0000830662  -0.0000613813  -0.0000456281
       -0.0000165462   0.0000211943   0.0000503211  -0.0000665172   0.0000373821
       -0.0000262026   0.0000016005  -0.0000243076  -0.0000723788
       -0.0000589220  -0.0001365516  -0.0001497970  -0.0006006029   0.0012104937
        0.0014352177   0.0077836838   0.0073310656   0.0049735276  -0.1417821989
       -0.0960789520  -0.0673332872   0.0007888373   0.0008963048   0.0005055901
        0.0004733432   0.0006526953   0.0008833372  -0.0000768723   0.0000163128
        0.0000586767   0.0000444585   0.0000051811  -0.0000349940   0.0000149669
       -0.0000006403  -0.0000207435   0.0001547656   0.0000855460  -0.0001110838
       -0.0000285865  -0.0000543563   0.0001940574   0.0003602029   0.0003107592
        0.0004761303  -0.0123268405  -0.0124448397  -0.0053278116   0.1649931998
        0.1118931186   0.0771863394  -0.0190721890  -0.0138747785  -0.0127300144
       -0.0000592568   0.0001001967  -0.0000228055  -0.0000986058   0.0000394009
        0.0003243831  -0.0002122494  -0.0000786183  -0.0002240607  -0.0001722530
       -0.0001905036  -0.0000711838  -0.0001885655   0.0003628837   0.0000046727
        0.0000378320  -0.0000311783   0.0000085336   0.0000273621   0.0000182495
       -0.0000162618  -0.0000015094  -0.0000317890  -0.0000084225
       -0.0000129675  -0.0000017582  -0.0002855933   0.0022493608  -0.0023544331
       -0.0025640785  -0.0109172685  -0.0144449766  -0.0112846286  -0.0965552746
       -0.1369019521  -0.0643799230  -0.0004990329   0.0008313180   0.0012808061
       -0.0006407719   0.0001170291  -0.0004054806   0.0000484957   0.0002592091
        0.0002523117   0.0000406936   0.0000283378   0.0000138806  -0.0000038789
        0.0000154437  -0.0000348489   0.0001827250   0.0000929034   0.0000563408
        0.0001379798  -0.0000210693   0.0001005531  -0.0006505308  -0.0007174236
       -0.0008876836  -0.0164978695  -0.0149012025  -0.0064232725   0.1118931186
        0.1583554073   0.0772824884   0.0102178766   0.0097257802   0.0069783054
       -0.0001398149  -0.0000344377   0.0002449808   0.0002567508   0.0003403411
       -0.0001046221   0.0000788147  -0.0000073610  -0.0000529819  -0.0001465469
       -0.0002644581   0.0000691101   0.0010691868  -0.0002589024   0.0000460588
        0.0000128116  -0.0000094479   0.0000545024  -0.0000534202   0.0000348516
       -0.0000016661  -0.0000704374   0.0001168013   0.0000454408
        0.0002180763   0.0002801074   0.0001574691   0.0024916637  -0.0030626960
       -0.0028757611  -0.0113522479  -0.0147754203  -0.0116090952  -0.0675818180
       -0.0641908924  -0.0880140310  -0.0007687106  -0.0005061396   0.0004479885
       -0.0005513091   0.0007336088   0.0004225903  -0.0000061991   0.0001760335
        0.0001148326  -0.0000693300   0.0000546005   0.0000959805   0.0000477344
       -0.0000201596  -0.0000190607  -0.0001148223   0.0000363614  -0.0001185666
        0.0001922044   0.0000552488   0.0001275551  -0.0006478440  -0.0010184787
       -0.0009644741   0.0149540933   0.0146238711   0.0087493394   0.0771863394
        0.0772824884   0.1025956946  -0.0148599675  -0.0099483607  -0.0088248360
       -0.0001232501   0.0001847543   0.0002085171   0.0009292707   0.0000603527
       -0.0002996199  -0.0002240118   0.0000532127  -0.0003428404   0.0001329669
        0.0000120349  -0.0000596110   0.0001727404  -0.0000730443   0.0002886711
       -0.0000095164   0.0000297072   0.0000299563   0.0000077663  -0.0000267069
       -0.0000707721  -0.0000238291   0.0000395169  -0.0000399264
        0.0000813479  -0.0001611403  -0.0000526617   0.0006746795  -0.0010427543
       -0.0005290740  -0.0134348469   0.0110762709  -0.0062632516  -0.1567659805
        0.0860726741  -0.0813621834   0.0002864773   0.0002609932  -0.0005685377
       -0.0018440595   0.0024864994   0.0028021120  -0.0004933823   0.0006503831
       -0.0006340887  -0.0000051493  -0.0000216565  -0.0000191843  -0.0000737481
        0.0000110731   0.0000183697   0.0000767999   0.0000444711   0.0000317474
        0.0004560457   0.0000599140   0.0001338553  -0.0000659184  -0.0002273032
       -0.0001194507   0.0088824570  -0.0066076213   0.0061545784  -0.0190721890
        0.0102178766  -0.0148599675   0.1814035067  -0.1024124119   0.0941730130
        0.0001781411  -0.0002116604  -0.0001169910  -0.0002028112   0.0000125584
       -0.0001063766  -0.0000988456  -0.0002566139   0.0009292021  -0.0000200400
       -0.0001358383   0.0001459203   0.0002358885  -0.0000472011   0.0001070317
       -0.0001987202   0.0002271014   0.0001405035  -0.0000067238  -0.0000299167
       -0.0000128571   0.0000070714   0.0000343026   0.0000082905
       -0.0001175330  -0.0000479029  -0.0002225226   0.0007354882   0.0001574945
        0.0007665848   0.0148716620  -0.0125640470   0.0073099609   0.0860270227
       -0.1093757361   0.0627728764  -0.0008988002   0.0005866944   0.0005426419
        0.0024970902  -0.0025942373  -0.0030465570   0.0008945004  -0.0004772404
        0.0006398943  -0.0000482931   0.0000058179   0.0000103638  -0.0000688074
        0.0002252119   0.0000414255  -0.0000943293  -0.0003713483   0.0003050211
       -0.0003061981  -0.0002041196  -0.0009419467  -0.0001243506   0.0002445219
        0.0001181737   0.0129786992  -0.0121193076   0.0135727568  -0.0138747785
        0.0097257802  -0.0099483607  -0.1024124119   0.1266645842  -0.0715251806
       -0.0000954547  -0.0000274344   0.0001059594  -0.0000124568  -0.0000580739
       -0.0000846406  -0.0000391606   0.0003405514  -0.0000608830  -0.0000392057
        0.0001657094  -0.0001710699  -0.0000924060  -0.0000376905  -0.0000599302
        0.0002277535  -0.0002602630  -0.0001525768   0.0000117867   0.0000095521
       -0.0000102018  -0.0000198170   0.0000114832   0.0000382114
       -0.0000622695   0.0000331998   0.0000565846   0.0008179864  -0.0004824684
        0.0008151790   0.0117223987  -0.0090445498   0.0077217530  -0.0810847480
        0.0624912183  -0.1011068654   0.0004763050  -0.0009262690   0.0005677504
        0.0015377236  -0.0017587411  -0.0014155858   0.0005678297  -0.0005345611
        0.0005032495   0.0000563681  -0.0000001660  -0.0000182713   0.0000746145
       -0.0000343623  -0.0001391584   0.0000013209   0.0002811907  -0.0000935155
       -0.0001213658  -0.0003393094  -0.0003580020   0.0000444027   0.0000785870
        0.0000361360  -0.0158821010   0.0148505477  -0.0147995673  -0.0127300144
        0.0069783054  -0.0088248360   0.0941730130  -0.0715251806   0.1175781439
       -0.0000647819   0.0000060548  -0.0000042519  -0.0001063124   0.0000847261
       -0.0001602170   0.0003244572   0.0001045067  -0.0002995984  -0.0000474329
       -0.0002249488  -0.0000249668   0.0002087841   0.0000530286  -0.0000610344
        0.0001606725  -0.0001802409  -0.0000801501  -0.0000625904   0.0000188664
        0.0000630058  -0.0000042602   0.0000705660   0.0000442181
        0.0001669196   0.0000299167  -0.0002514046   0.0001335078   0.0005921442
        0.0007850684  -0.0084943203   0.0070072727   0.0123719229  -0.0016928050
       -0.0022600504   0.0028653464  -0.0902679974   0.0589472628   0.0744151257
        0.0002328398   0.0003397316  -0.0003830352   0.0001697800   0.0007076207
       -0.0008347834  -0.0000150976   0.0000059136  -0.0000459708   0.0000386865
        0.0000691988  -0.0000224060   0.0000998471   0.0000800784  -0.0000535704
       -0.0002991123   0.0001992415   0.0000041842  -0.0003187016  -0.0011133525
       -0.0001150020  -0.0005484565   0.0004976084   0.0010195729  -0.0000592568
       -0.0001398149  -0.0001232501   0.0001781411  -0.0000954547  -0.0000647819
        0.1046898738  -0.0691028389  -0.0883007057   0.0088781239  -0.0129895936
       -0.0158948163  -0.0123073676   0.0164930726   0.0149478061  -0.0000982286
        0.0001261783   0.0000553423  -0.0000793149  -0.0000896813  -0.0000001150
       -0.0001479980  -0.0000589021  -0.0000046619  -0.0001995705   0.0009846977
       -0.0004668840  -0.0000594925  -0.0002302495   0.0000970185
        0.0000420678  -0.0000453105   0.0000298434  -0.0004522016   0.0006419294
        0.0011569130  -0.0069647158   0.0087721240   0.0100861954  -0.0014897277
       -0.0008960328   0.0017592622   0.0588004586  -0.1158029792  -0.0939746668
        0.0000867832   0.0003991190  -0.0003304030   0.0000733550  -0.0007782801
        0.0007976007   0.0000367726   0.0000400102  -0.0000005137  -0.0000172338
        0.0000143235   0.0000116891   0.0000322923   0.0000097242  -0.0000045602
        0.0001829896  -0.0001664973  -0.0001450970  -0.0005000892  -0.0003167785
       -0.0000018268  -0.0004971643   0.0004291610   0.0006470112   0.0001001967
       -0.0000344377   0.0001847543  -0.0002116604  -0.0000274344   0.0000060548
       -0.0691028389   0.1359205215   0.1086332555   0.0065922361  -0.0121092340
       -0.0148394138   0.0124440711  -0.0149188552  -0.0146387616  -0.0000491639
       -0.0000811605  -0.0000872008   0.0000577456  -0.0001389242  -0.0000604893
       -0.0000064780   0.0000541887  -0.0000696603   0.0010194092  -0.0007313509
        0.0007874091  -0.0001771040  -0.0002338262   0.0000526048
       -0.0002554862  -0.0000901953   0.0001912575  -0.0010700319  -0.0008237514
        0.0007134479   0.0113096595  -0.0097232624  -0.0168387160   0.0026849044
        0.0029709077  -0.0033272445   0.0744896799  -0.0942349777  -0.1622827407
        0.0001484576  -0.0004267511   0.0002533356   0.0003060119   0.0001442317
        0.0000521134  -0.0000165533  -0.0000211894   0.0000503065   0.0000016126
        0.0000243324  -0.0000723692  -0.0000665349  -0.0000373276  -0.0000262323
        0.0000831767   0.0000612919  -0.0000456458   0.0001592888   0.0003615502
        0.0004163566   0.0010190322  -0.0006473778  -0.0010909032  -0.0000228055
        0.0002449808   0.0002085171  -0.0001169910   0.0001059594  -0.0000042519
       -0.0883007057   0.1086332555   0.1875864193   0.0061467201  -0.0135762240
       -0.0148053060  -0.0053208515   0.0064219044   0.0087476101  -0.0000303128
       -0.0001918212   0.0000829950   0.0000657368  -0.0001594333  -0.0002242436
       -0.0000328508  -0.0001326109   0.0002284768  -0.0011873031   0.0009812872
        0.0001056257   0.0000061463   0.0001152211   0.0000811919
       -0.0004944321  -0.0006502328  -0.0006346471  -0.0018473716  -0.0024875457
        0.0028036279  -0.0134521307  -0.0110743753  -0.0062703049   0.0002869276
       -0.0002606677  -0.0005689223  -0.1568816850  -0.0860246508  -0.0814214492
        0.0006748882   0.0010425296  -0.0005293903   0.0000815441   0.0001610547
       -0.0000524769  -0.0001990395  -0.0002271618   0.0001405646   0.0000070772
       -0.0000342900   0.0000082611  -0.0000067251   0.0000299451  -0.0000128322
        0.0002359851   0.0000470118   0.0001070834  -0.0000199340   0.0001359295
        0.0001460577   0.0001783495   0.0002115410  -0.0001170078  -0.0000986058
        0.0002567508   0.0009292707  -0.0002028112  -0.0000124568  -0.0001063124
        0.0088781239   0.0065922361   0.0061467201   0.1815409911   0.1023571962
        0.0942414380  -0.0190697351  -0.0101958376  -0.0148553550  -0.0000656805
        0.0002275206  -0.0001194878   0.0004562230  -0.0000604439   0.0001345415
       -0.0000051011   0.0000216453  -0.0000192016   0.0000768781  -0.0000448321
        0.0000314980  -0.0000737362  -0.0000108663   0.0000183246
       -0.0008945895  -0.0004762153  -0.0006396712  -0.0024978931  -0.0025918997
        0.0030444627  -0.0148734655  -0.0125470746  -0.0073098266   0.0008988687
        0.0005862007  -0.0005422525  -0.0859790565  -0.1092354612  -0.0627197105
       -0.0007360093   0.0001573571  -0.0007663636   0.0001174289  -0.0000481421
        0.0002225340  -0.0002278115  -0.0002600407   0.0001524498   0.0000198145
        0.0000114979  -0.0000382201  -0.0000117349   0.0000095338   0.0000101853
        0.0000921794  -0.0000378048   0.0000598658   0.0000393430   0.0001655150
        0.0001710128   0.0000953183  -0.0000276157  -0.0001058835   0.0000394009
        0.0003403411   0.0000603527   0.0000125584  -0.0000580739   0.0000847261
       -0.0129895936  -0.0121092340  -0.0135762240   0.1023571962   0.1264987750
        0.0714634879   0.0138964790   0.0097229298   0.0099619950   0.0001245461
        0.0002443387  -0.0001180586   0.0003057227  -0.0002045988   0.0009419063
        0.0000482888   0.0000058017  -0.0000103504   0.0000939905  -0.0003712969
       -0.0003050706   0.0000690182   0.0002251667  -0.0000413470
        0.0005679739   0.0005339783   0.0005032118   0.0015383781   0.0017574907
       -0.0014146273   0.0117255036   0.0090326609   0.0077220843   0.0004770761
        0.0009259328   0.0005678259  -0.0811438070  -0.0624382356  -0.1011315679
        0.0008181782   0.0004818186   0.0008151235  -0.0000622864  -0.0000331806
        0.0000566374   0.0001607443   0.0001800994  -0.0000800841  -0.0000042961
       -0.0000705531   0.0000441945  -0.0000625891  -0.0000188297   0.0000629875
        0.0002087653  -0.0000531670  -0.0000610435  -0.0000472771   0.0002250055
       -0.0000248772  -0.0000647666  -0.0000060154  -0.0000042654   0.0003243831
       -0.0001046221  -0.0002996199  -0.0001063766  -0.0000846406  -0.0001602170
       -0.0158948163  -0.0148394138  -0.0148053060   0.0942414380   0.0714634879
        0.1176062951  -0.0127317863  -0.0069659522  -0.0088240760   0.0000443749
       -0.0000785894   0.0000360927  -0.0001210064   0.0003394323  -0.0003577091
        0.0000563714   0.0000001311  -0.0000182692   0.0000011605  -0.0002812391
       -0.0000936257   0.0000746606   0.0000344012  -0.0001391644
       -0.0000769564  -0.0000161040   0.0000584919   0.0004733326  -0.0006530972
        0.0008834614   0.0077860309  -0.0073468435   0.0049794578   0.0007886075
       -0.0008964207   0.0005045648  -0.1416542164   0.0960963826  -0.0672704324
       -0.0006028990  -0.0012119365   0.0014366678  -0.0000588233   0.0001366177
       -0.0001495645   0.0000378352   0.0000311443   0.0000084899  -0.0000014206
        0.0000318888  -0.0000084580   0.0000273586  -0.0000182311  -0.0000162868
       -0.0001892898  -0.0003629272   0.0000046737  -0.0001720284   0.0001904436
       -0.0000711908  -0.0000592435  -0.0001001762  -0.0000229861  -0.0002122494
        0.0000788147  -0.0002240118  -0.0000988456  -0.0000391606   0.0003244572
       -0.0123073676   0.0124440711  -0.0053208515  -0.0190697351   0.0138964790
       -0.0127317863   0.1648441469  -0.1119135998   0.0771114523   0.0003604162
       -0.0003115737   0.0004766603  -0.0000286568   0.0000543222   0.0001940173
        0.0000444255  -0.0000051929  -0.0000349866   0.0001546230  -0.0000855605
       -0.0001111263   0.0000149555   0.0000006597  -0.0000207133
       -0.0000482949   0.0002593464  -0.0002523319   0.0006406383   0.0001171126
        0.0004048291   0.0109048006  -0.0144526819   0.0112807007   0.0004992283
        0.0008317520  -0.0012810713   0.0965728004  -0.1370566598   0.0644142804
       -0.0022510434  -0.0023532469   0.0025632204   0.0000129784  -0.0000018617
        0.0002856338  -0.0000128524  -0.0000094264  -0.0000545203   0.0000705087
        0.0001167663  -0.0000454057   0.0000534375   0.0000348292   0.0000016940
       -0.0010692828  -0.0002578743  -0.0000462278   0.0001464454  -0.0002646523
       -0.0000690993   0.0001398745  -0.0000343788  -0.0002450093  -0.0000786183
       -0.0000073610   0.0000532127  -0.0002566139   0.0003405514   0.0001045067
        0.0164930726  -0.0149188552   0.0064219044  -0.0101958376   0.0097229298
       -0.0069659522  -0.1119135998   0.1585358803  -0.0773218051   0.0006499470
       -0.0007180485   0.0008874126  -0.0001380017  -0.0000210003  -0.0001007122
       -0.0000406975   0.0000283614  -0.0000138848  -0.0001827583   0.0000930751
       -0.0000562233   0.0000038688   0.0000154424   0.0000348484
       -0.0000063426  -0.0001759973   0.0001147323  -0.0005516518  -0.0007332897
        0.0004225196  -0.0113402385   0.0147824248  -0.0116037519  -0.0007682932
        0.0005067463   0.0004478358  -0.0675189636   0.0642253875  -0.0879868985
        0.0024932242   0.0030611543  -0.0028746448   0.0002178994  -0.0002802699
        0.0001574733  -0.0000095376  -0.0000297042   0.0000299271  -0.0000238492
       -0.0000394501  -0.0000399476   0.0000077956   0.0000267335  -0.0000707835
        0.0001726884   0.0000727635   0.0002887951   0.0001329878  -0.0000121836
       -0.0000596187  -0.0001233472  -0.0001847206   0.0002084341  -0.0002240607
       -0.0000529819  -0.0003428404   0.0009292021  -0.0000608830  -0.0002995984
        0.0149478061  -0.0146387616   0.0087476101  -0.0148553550   0.0099619950
       -0.0088240760   0.0771114523  -0.0773218051   0.1025630620  -0.0006470410
        0.0010189345  -0.0009641002   0.0001921494  -0.0000554162   0.0001275320
       -0.0000693889  -0.0000545756   0.0000959708  -0.0001148876  -0.0000362592
       -0.0001185702   0.0000477516   0.0000201586  -0.0000190620
       -0.0008408395  -0.0001262879  -0.0007841639   0.0004541107  -0.0000613433
        0.0001544934   0.0077329561   0.0093948313  -0.0114466494   0.0006136237
        0.0006042425  -0.0012326066  -0.0014674470   0.0019775451  -0.0016857081
       -0.1024030402  -0.0611449151   0.0799821360  -0.0112670260  -0.0052525421
        0.0148518487   0.0000076441   0.0000256269   0.0000365222  -0.0006359729
       -0.0010102832  -0.0008248774  -0.0003951051   0.0001976111   0.0000319369
       -0.0000323545   0.0000285819   0.0001437022  -0.0000716934  -0.0000185622
        0.0000885109  -0.0003176176   0.0005000555   0.0001591376  -0.0001722530
       -0.0001465469   0.0001329669  -0.0000200400  -0.0000392057  -0.0000474329
       -0.0000982286  -0.0000491639  -0.0000303128  -0.0000656805   0.0001245461
        0.0000443749   0.0003604162   0.0006499470  -0.0006470410   0.1240142519
        0.0671065702  -0.0950839406  -0.0139459924  -0.0150972729   0.0140211796
       -0.0002221809  -0.0002976479   0.0000804041  -0.0018180666   0.0029426534
        0.0026027403   0.0005905355  -0.0003084397  -0.0005472209
       -0.0008034495   0.0002458260  -0.0006496009  -0.0003930133   0.0002367970
       -0.0002339169  -0.0060333818  -0.0111464206   0.0136765779  -0.0005289604
        0.0001430929   0.0008065118   0.0026685094  -0.0021795435   0.0024451870
       -0.0610605886  -0.1009626341   0.0800608838   0.0111656661   0.0077849939
       -0.0138925835   0.0000450722  -0.0001375771  -0.0000949586  -0.0009079190
       -0.0002184680  -0.0005674252   0.0002938574  -0.0000180712   0.0000005191
       -0.0001114566  -0.0001303618   0.0000310439   0.0000184999  -0.0001423733
       -0.0000992885   0.0011133713  -0.0003177777  -0.0003618084  -0.0001905036
       -0.0002644581   0.0000120349  -0.0001358383   0.0001657094  -0.0002249488
        0.0001261783  -0.0000811605  -0.0001918212   0.0002275206   0.0002443387
       -0.0000785894  -0.0003115737  -0.0007180485   0.0010189345   0.0671065702
        0.1214679135  -0.0921953999  -0.0151143322  -0.0136621688   0.0138072838
       -0.0001006530   0.0005987737  -0.0002987953   0.0027255587  -0.0016691191
       -0.0028702086   0.0002008659   0.0007607371  -0.0000996317
       -0.0001248966   0.0003023861   0.0002720591   0.0005582585   0.0001475695
        0.0002494715   0.0074060848   0.0130759780  -0.0154736015   0.0007317377
       -0.0014305325   0.0009029861  -0.0029513274   0.0024668142  -0.0018665276
        0.0800274992   0.0801022708  -0.1526493651   0.0131738994   0.0065620425
       -0.0152184669   0.0001980511  -0.0000769222   0.0002056811  -0.0008088226
       -0.0012227614  -0.0002114324  -0.0001653884   0.0000325543   0.0000911594
        0.0001583555  -0.0000394257   0.0000273843   0.0000885794   0.0000992416
       -0.0001966958  -0.0001147950   0.0000017652   0.0004162734  -0.0000711838
        0.0000691101  -0.0000596110   0.0001459203  -0.0001710699  -0.0000249668
        0.0000553423  -0.0000872008   0.0000829950  -0.0001194878  -0.0001180586
        0.0000360927   0.0004766603   0.0008874126  -0.0009641002  -0.0950839406
       -0.0921953999   0.1775170769  -0.0061711855  -0.0061495887   0.0086152259
       -0.0003354415   0.0002297934   0.0006144542   0.0030730536  -0.0030264771
       -0.0023910669  -0.0001469728   0.0005404985   0.0000249745
        0.0000440805   0.0000115018  -0.0002304120  -0.0026177077   0.0026889493
       -0.0021199668  -0.0169652310  -0.0104149562  -0.0127741681   0.0002666878
       -0.0005828037  -0.0003895130   0.0008451347  -0.0006265842   0.0010251308
       -0.1324774329  -0.0905929452  -0.0648463603   0.0082288541   0.0103088333
        0.0073989028   0.0000272303   0.0000639695   0.0000105735   0.0000656739
        0.0002523793   0.0000570000   0.0000272781  -0.0000217178  -0.0000308993
       -0.0009238945  -0.0004781311  -0.0009100252  -0.0000322853   0.0001113649
        0.0001583926  -0.0002993938  -0.0001829402   0.0000830662  -0.0001885655
        0.0010691868   0.0001727404   0.0002358885  -0.0000924060   0.0002087841
       -0.0000793149   0.0000577456   0.0000657368   0.0004562230   0.0003057227
       -0.0001210064  -0.0000286568  -0.0001380017   0.0001921494  -0.0139459924
       -0.0151143322  -0.0061711855   0.1566284730   0.1005707194   0.0759599637
        0.0006783916   0.0000540385   0.0003277639   0.0006286800   0.0002269905
       -0.0000946333  -0.0005741206   0.0025234167   0.0020279654
       -0.0001814153  -0.0000595715  -0.0001942129   0.0016817125  -0.0010061280
        0.0013767902   0.0085661050   0.0071941405   0.0063962283   0.0009002067
        0.0005289989   0.0009122061   0.0011689576   0.0006724694   0.0006147734
       -0.0903528065  -0.1300584586  -0.0631577941  -0.0100867810  -0.0171653365
       -0.0131591460   0.0000022005   0.0000294223  -0.0000246655   0.0000305518
        0.0001081291  -0.0000297538   0.0000441617  -0.0000045883  -0.0000015042
        0.0004791095   0.0002830569   0.0004678767  -0.0000286787  -0.0001304007
        0.0000392872  -0.0001991589  -0.0001662564  -0.0000613813   0.0003628837
       -0.0002589024  -0.0000730443  -0.0000472011  -0.0000376905   0.0000530286
       -0.0000896813  -0.0001389242  -0.0001594333  -0.0000604439  -0.0002045988
        0.0003394323   0.0000543222  -0.0000210003  -0.0000554162  -0.0150972729
       -0.0136621688  -0.0061495887   0.1005707194   0.1567159861   0.0755948069
       -0.0003467173  -0.0001468770   0.0001366749  -0.0002797948   0.0007161452
        0.0004357669   0.0029090211  -0.0031874465  -0.0033009311
        0.0002484581   0.0002233043   0.0002552915  -0.0025727287   0.0025891258
       -0.0015777224  -0.0153023143  -0.0093116173  -0.0109680639   0.0010922991
       -0.0005245059   0.0005889958  -0.0004863508  -0.0008992274   0.0004154445
       -0.0647601099  -0.0634900120  -0.0910783875  -0.0093742945  -0.0151643786
       -0.0100053366   0.0000692448  -0.0000960332   0.0000700284   0.0000281191
       -0.0001334116  -0.0001269348  -0.0000405779   0.0000686795  -0.0000075220
       -0.0009102279  -0.0004670413  -0.0008511599   0.0001436674  -0.0000311683
        0.0000273911   0.0000042363   0.0001450696  -0.0000456281   0.0000046727
        0.0000460588   0.0002886711   0.0001070317  -0.0000599302  -0.0000610344
       -0.0000001150  -0.0000604893  -0.0002242436   0.0001345415   0.0009419063
       -0.0003577091   0.0001940173  -0.0001007122   0.0001275320   0.0140211796
        0.0138072838   0.0086152259   0.0759599637   0.0755948069   0.1065291397
       -0.0001858485   0.0005447477   0.0005466574  -0.0006050284  -0.0000757462
       -0.0000288649   0.0022301644  -0.0035467092  -0.0021317701
       -0.0000498631   0.0000473141  -0.0000314997  -0.0000185060   0.0001770123
        0.0000427676  -0.0011909156   0.0019893541   0.0026986624  -0.0006822427
        0.0006419639  -0.0004596964   0.0001388054  -0.0001948534   0.0000962191
       -0.0132750987   0.0117795271  -0.0092053872  -0.1336092384   0.0687797100
       -0.0922659108   0.0000610661  -0.0000110522   0.0000250265  -0.0001023170
        0.0000599055  -0.0001261243   0.0000406859   0.0000133273   0.0000182601
        0.0000271716  -0.0000022135   0.0000693249   0.0000076012  -0.0000452032
        0.0001980887  -0.0000151123  -0.0000367209  -0.0000165462   0.0000378320
        0.0000128116  -0.0000095164  -0.0001987202   0.0002277535   0.0001606725
       -0.0001479980  -0.0000064780  -0.0000328508  -0.0000051011   0.0000482888
        0.0000563714   0.0000444255  -0.0000406975  -0.0000693889  -0.0002221809
       -0.0001006530  -0.0003354415   0.0006783916  -0.0003467173  -0.0001858485
        0.1544389792  -0.0832109886   0.1060567134   0.0097978979  -0.0079296783
        0.0103737501  -0.0157555622   0.0081482876  -0.0170576461
       -0.0000618901   0.0000687106   0.0000158747  -0.0002288967   0.0000871897
       -0.0002197797   0.0018983107  -0.0021088200  -0.0029634006   0.0008262524
       -0.0007016189   0.0005159468   0.0002228417  -0.0000433131  -0.0000193818
        0.0157363599  -0.0129661055   0.0108195092   0.0687206667  -0.0976993617
        0.0723213833   0.0000110251   0.0000178938   0.0000104237   0.0000853707
        0.0000215129  -0.0000688566  -0.0000202796  -0.0000055933  -0.0000189555
       -0.0000639855   0.0000294297   0.0000959921  -0.0000257184  -0.0001375529
        0.0000767233  -0.0000058611   0.0000400422   0.0000211943  -0.0000311783
       -0.0000094479   0.0000297072   0.0002271014  -0.0002602630  -0.0001802409
       -0.0000589021   0.0000541887  -0.0001326109   0.0000216453   0.0000058017
        0.0000001311  -0.0000051929   0.0000283614  -0.0000545756  -0.0002976479
        0.0005987737   0.0002297934   0.0000540385  -0.0001468770   0.0005447477
       -0.0832109886   0.1134519678  -0.0821846973   0.0095923077  -0.0095819967
        0.0146285883  -0.0133853790   0.0092570778  -0.0134675162
       -0.0000019900   0.0000579477   0.0000888144  -0.0001067936   0.0000674906
       -0.0002065427   0.0015682017  -0.0018538401  -0.0010729124   0.0004987750
       -0.0004667641   0.0002747549  -0.0001886418   0.0001928545  -0.0001014890
        0.0097760944  -0.0081123793   0.0082803114  -0.0923746316   0.0724967243
       -0.1357172352   0.0000250126  -0.0000104299   0.0000033588  -0.0000549870
        0.0000290359  -0.0000862489  -0.0000270119  -0.0000030144   0.0000331157
        0.0000106019   0.0000246548   0.0000700450   0.0000365841   0.0000948803
        0.0002057139  -0.0000459786   0.0000005483   0.0000503211   0.0000085336
        0.0000545024   0.0000299563   0.0001405035  -0.0001525768  -0.0000801501
       -0.0000046619  -0.0000696603   0.0002284768  -0.0000192016  -0.0000103504
       -0.0000182692  -0.0000349866  -0.0000138848   0.0000959708   0.0000804041
       -0.0002987953   0.0006144542   0.0003277639   0.0001366749   0.0005466574
        0.1060567134  -0.0821846973   0.1573475806  -0.0135183833   0.0137954979
       -0.0186796523  -0.0121519203   0.0062255812  -0.0119070317
       -0.0000500984  -0.0000033996  -0.0001070832  -0.0001311639   0.0001112265
        0.0001178894   0.0001497847  -0.0006896247   0.0005089356   0.0000465104
        0.0000893835  -0.0001074987   0.0000264263   0.0002695672   0.0003686768
       -0.0114698451  -0.0060305822   0.0143954258  -0.1148885383  -0.0642458032
        0.0891769850   0.0000406720   0.0000202788  -0.0000270044   0.0001229957
        0.0000647134  -0.0000435647   0.0000908474   0.0000374379  -0.0000619586
        0.0000272610  -0.0000441561  -0.0000406311  -0.0003954075  -0.0002935700
       -0.0001654254   0.0000997780  -0.0000323156  -0.0000665172   0.0000273621
       -0.0000534202   0.0000077663  -0.0000067238   0.0000117867  -0.0000625904
       -0.0001995705   0.0010194092  -0.0011873031   0.0000768781   0.0000939905
        0.0000011605   0.0001546230  -0.0001827583  -0.0001148876  -0.0018180666
        0.0027255587   0.0030730536   0.0006286800  -0.0002797948  -0.0006050284
        0.0097978979   0.0095923077  -0.0135183833   0.1312955320   0.0720962687
       -0.1056028190  -0.0136258343  -0.0142765040   0.0140608019
        0.0000061477  -0.0000199148   0.0001146029  -0.0000149985   0.0000200850
        0.0001558613  -0.0002602207   0.0006256005   0.0001715900  -0.0000179146
       -0.0002023428   0.0000348106   0.0006484816  -0.0007866430  -0.0000450062
        0.0103213706   0.0092630305  -0.0132612626  -0.0644475309  -0.0985308985
        0.0797185505  -0.0000133569  -0.0000055845   0.0000030206   0.0001510235
       -0.0000317997  -0.0001021898  -0.0000374182   0.0000605972  -0.0000556819
        0.0000216801  -0.0000045552  -0.0000686353  -0.0001973589  -0.0000177386
       -0.0000324425  -0.0000801171   0.0000097916   0.0000373821   0.0000182495
        0.0000348516  -0.0000267069  -0.0000299167   0.0000095521   0.0000188664
        0.0009846977  -0.0007313509   0.0009812872  -0.0000448321  -0.0003712969
       -0.0002812391  -0.0000855605   0.0000930751  -0.0000362592   0.0029426534
       -0.0016691191  -0.0030264771   0.0002269905   0.0007161452  -0.0000757462
       -0.0079296783  -0.0095819967   0.0137954979   0.0720962687   0.1146662833
       -0.0929400905  -0.0142586598  -0.0135457713   0.0149202679
       -0.0000212842   0.0000183642   0.0001582383  -0.0001139060   0.0000065673
       -0.0000012918  -0.0002455030   0.0004073921   0.0002497149  -0.0000137762
        0.0000150450   0.0000696565  -0.0007328630   0.0008908783   0.0003044424
        0.0122712017   0.0056308941  -0.0143099638   0.0890753186   0.0794490178
       -0.1572444189   0.0000182633   0.0000189402   0.0000331346   0.0000556231
       -0.0000681138  -0.0001328143  -0.0000619242   0.0000557390  -0.0000647841
       -0.0000308911   0.0000015278  -0.0000075322   0.0000318970  -0.0000005589
        0.0000911537  -0.0000535701   0.0000045993  -0.0000262026  -0.0000162618
       -0.0000016661  -0.0000707721  -0.0000128571  -0.0000102018   0.0000630058
       -0.0004668840   0.0007874091   0.0001056257   0.0000314980  -0.0003050706
       -0.0000936257  -0.0001111263  -0.0000562233  -0.0001185702   0.0026027403
       -0.0028702086  -0.0023910669  -0.0000946333   0.0004357669  -0.0000288649
        0.0103737501   0.0146285883  -0.0186796523  -0.1056028190  -0.0929400905
        0.1831812914  -0.0068819926  -0.0060985959   0.0089132964
       -0.0004851562   0.0003858452  -0.0000072899  -0.0008805454   0.0008724742
       -0.0001239092   0.0005521413  -0.0002140471  -0.0001430178  -0.0001788377
       -0.0000140881   0.0000004173   0.0000483615  -0.0000254420  -0.0001161997
        0.0098243515   0.0097280513   0.0065661933  -0.1290446905  -0.0973266455
       -0.0640359127  -0.0001023872  -0.0000852853  -0.0000550341  -0.0003599599
       -0.0002196172   0.0005604995   0.0001228733  -0.0001511672   0.0000556054
        0.0000655001  -0.0000305480   0.0000281828  -0.0006348760   0.0009083938
       -0.0008079427   0.0000386337   0.0000172083   0.0000016005  -0.0000015094
       -0.0000704374  -0.0000238291   0.0000070714  -0.0000198170  -0.0000042602
       -0.0000594925  -0.0001771040   0.0000061463  -0.0000737362   0.0000690182
        0.0000746606   0.0000149555   0.0000038688   0.0000477516   0.0005905355
        0.0002008659  -0.0001469728  -0.0005741206   0.0029090211   0.0022301644
       -0.0157555622  -0.0133853790  -0.0121519203  -0.0136258343  -0.0142586598
       -0.0068819926   0.1505122843   0.1108834906   0.0749270594
       -0.0000785726   0.0002568778   0.0000028755   0.0003541961  -0.0001552442
       -0.0003017860  -0.0008275118   0.0001653871  -0.0003409438   0.0001043243
        0.0001016057   0.0001028790   0.0002326545  -0.0000896733   0.0001100870
       -0.0102680370  -0.0170328474  -0.0120725086  -0.0970338920  -0.1502739748
       -0.0704268323  -0.0000598122   0.0000216232  -0.0000290003   0.0002199572
        0.0002852488  -0.0002112510  -0.0000647960  -0.0000316893   0.0000680847
       -0.0002523669   0.0001083082   0.0001334478   0.0010107548  -0.0002202211
        0.0012233016  -0.0000692071   0.0000143660  -0.0000243076  -0.0000317890
        0.0001168013   0.0000395169   0.0000343026   0.0000114832   0.0000705660
       -0.0002302495  -0.0002338262   0.0001152211  -0.0000108663   0.0002251667
        0.0000344012   0.0000006597   0.0000154424   0.0000201586  -0.0003084397
        0.0007607371   0.0005404985   0.0025234167  -0.0031874465  -0.0035467092
        0.0081482876   0.0092570778   0.0062255812  -0.0142765040  -0.0135457713
       -0.0060985959   0.1108834906   0.1734305687   0.0843653157
        0.0000210860  -0.0001995880   0.0002636392  -0.0006791201   0.0004546112
        0.0004729481  -0.0002773881   0.0002946883   0.0003154977   0.0000145800
        0.0000075908   0.0000355500  -0.0000758224   0.0001973724   0.0000277401
       -0.0083929686  -0.0138512851  -0.0092415275  -0.0637170921  -0.0704189922
       -0.0914668772  -0.0001260969   0.0000689721  -0.0000862295   0.0005607195
        0.0002110701  -0.0003047089  -0.0000435153   0.0001022328  -0.0001327672
        0.0000569835   0.0000297689  -0.0001269019  -0.0008243971   0.0005679434
       -0.0002110308  -0.0000224259  -0.0000116476  -0.0000723788  -0.0000084225
        0.0000454408  -0.0000399264   0.0000082905   0.0000382114   0.0000442181
        0.0000970185   0.0000526048   0.0000811919   0.0000183246  -0.0000413470
       -0.0001391644  -0.0000207133   0.0000348484  -0.0000190620  -0.0005472209
       -0.0000996317   0.0000249745   0.0020279654  -0.0033009311  -0.0021317701
       -0.0170576461  -0.0134675162  -0.0119070317   0.0140608019   0.0149202679
        0.0089132964   0.0749270594   0.0843653157   0.1057003203
