           1           2   1.01928926960242     
           2           3  0.990236969656892     
           3           4  0.984966672654599     
           4           5   1.02052625329244     
           3           6  0.977901824436679     
           1           7  0.984845756001723     
           1           8  0.986021341962827     
           1           9  0.987218717278075     
           2          10  0.976836069517286     
           2          11  0.975448078090716     
           3          12  0.963793179122135     
           4          13  0.976227697645526     
           4          14  0.976890282888313     
           5          15  0.984993482551269     
           5          16  0.987593565307996     
           5          17  0.986341850196936     
           6          18  0.866767637027734     
