           1           2  0.996792182614818     
           2           3  0.930615760225448     
           3           4   1.11106802174759     
           3           5  0.157591651707123     
           4           5   1.72207113407776     
           4           6   1.00636587319677     
           2           7  0.940450339940545     
           7           8   1.11041148871141     
           7           9  0.156221138229404     
           8           9   1.71870197307538     
           8          10   1.00838835188005     
           1          11  0.976053932146359     
           1          12  0.977734177034509     
           1          13  0.979097120817345     
           2          14  0.948419970043661     
           6          15  0.938464697765833     
           6          16  0.973975801538949     
           6          17  0.963506160629504     
          10          18  0.936119875913217     
          10          19  0.972589657938390     
          10          20  0.962603453000591     
