$hessian                                                                        
        0.5248089842   0.0033524888   0.0033267920  -0.0639579354   0.0054672971
        0.0060317208  -0.0034470129  -0.0217866496  -0.0153776376  -0.0033871300
        0.0173751961   0.0093157926  -0.0002417276   0.0008462807   0.0006035352
        0.0000245030   0.0001140810  -0.0001462618  -0.0000611972  -0.0000568122
       -0.0000854426  -0.0000537026  -0.0000197039   0.0000919203   0.0002365888
        0.0002004683  -0.0000302707  -0.0003452780   0.0003876485  -0.0001171127
       -0.0655494053  -0.0195165326   0.0642481444  -0.2369140649  -0.0930457129
       -0.0126339091  -0.1463327525   0.1020485857  -0.0589412527   0.0002519876
        0.0068018048   0.0064936442   0.0007655578  -0.0001088254  -0.0008789177
       -0.0046447529  -0.0039262216  -0.0013716528   0.0008844444  -0.0011138871
       -0.0002377138   0.0005249715  -0.0004787331   0.0005192097  -0.0024339450
        0.0034613949  -0.0009963112   0.0000320011   0.0000314946   0.0000190169
       -0.0000374953  -0.0000016815   0.0000483614  -0.0000738930  -0.0000226388
        0.0000330487  -0.0000523868   0.0000138420  -0.0000235494   0.0000036409
       -0.0000231839   0.0001088456
        0.0033524888   0.4792161137  -0.0328359590   0.0042800743  -0.1468654757
       -0.0627308783  -0.0047149031  -0.0165183525  -0.0107842434   0.0070864437
       -0.0227502515  -0.0097448587  -0.0007462788  -0.0004344414  -0.0003649279
       -0.0000434401   0.0000973367   0.0000667024  -0.0000102359  -0.0000420954
       -0.0000205880   0.0000278217   0.0000073584  -0.0000559746  -0.0001694663
       -0.0001930457   0.0000162120  -0.0000370117  -0.0001624441   0.0000636541
       -0.0196629082  -0.0615928514   0.0607849772  -0.0935607515  -0.0872141001
       -0.0047257098   0.1021589703  -0.1441436744   0.0603886960   0.0000438599
        0.0031590654   0.0013427695   0.0008150747   0.0003986238  -0.0004681582
       -0.0026733648  -0.0014388841  -0.0006121644   0.0008337199   0.0007697593
        0.0002367864  -0.0004169953   0.0007394059  -0.0012259965   0.0030454041
       -0.0031079191   0.0008018439   0.0000501363   0.0000051949  -0.0000306774
        0.0000517428   0.0000315153  -0.0000171025   0.0000356268   0.0000354302
       -0.0000154387   0.0000641416   0.0000513641   0.0000158158   0.0001898508
       -0.0000476324  -0.0000847799
        0.0033267920  -0.0328359590   0.4968535469   0.0054904262  -0.0618526624
       -0.1160203468  -0.0028590163  -0.0060301016  -0.0033702600   0.0004355507
        0.0043676213   0.0042274043   0.0001803891   0.0001422109   0.0003628531
       -0.0000760653  -0.0001013091  -0.0003157035  -0.0000799360  -0.0000597744
       -0.0000113782   0.0000014369   0.0000049018   0.0000228319   0.0002608788
        0.0001718209  -0.0000188411  -0.0000927645   0.0001197343  -0.0004097187
        0.0643698648   0.0605101933  -0.2408675465  -0.0124633815  -0.0047702614
       -0.0448790293  -0.0591489959   0.0602023986  -0.0779591493   0.0029811055
       -0.0235627486  -0.0219840278   0.0004215995   0.0008423100   0.0010945309
       -0.0007362156  -0.0001819591   0.0007309078   0.0003618749  -0.0001896087
        0.0001300168  -0.0005884977   0.0010520281   0.0012949900  -0.0014290952
        0.0021163731   0.0003730215  -0.0000401023   0.0000866857   0.0002071939
       -0.0000259760  -0.0000000368   0.0000883909  -0.0000418533  -0.0000094805
        0.0000825908   0.0000005686   0.0000074686   0.0000460468  -0.0002485873
       -0.0000298450   0.0003216758
       -0.0639579354   0.0042800743   0.0054904262   0.4672056579   0.0139143544
       -0.0235275053  -0.1687041528  -0.0520315144  -0.0059149352  -0.1019809354
        0.0543788436  -0.0258545241  -0.0314360892   0.0109565063  -0.0089094224
        0.0001201823   0.0001284638  -0.0013615548   0.0003294432  -0.0010819642
        0.0002185191   0.0001499872   0.0000274974  -0.0003213841  -0.0004469772
       -0.0017032415   0.0002990881  -0.0004115240   0.0008829306   0.0013991374
       -0.0008886269   0.0071486770   0.0068459511  -0.0005237436  -0.0225913096
       -0.0162651761  -0.0026367974   0.0170612462   0.0107636832  -0.0601104041
       -0.0186634381   0.0585009360  -0.0126698975  -0.0068120792   0.0036684629
       -0.0013730542  -0.0022721762  -0.0013071262  -0.0234894475  -0.0068700864
       -0.0029700847   0.0029729811  -0.0017571284   0.0000189094  -0.0015486858
        0.0040665007  -0.0005024713  -0.0002638311   0.0003815454  -0.0001069785
        0.0000015854   0.0000275755  -0.0000414497  -0.0000734710   0.0002494717
       -0.0000614820  -0.0000546379  -0.0000607829   0.0000245631  -0.0002096260
        0.0003400336  -0.0000855822
        0.0054672971  -0.1468654757  -0.0618526624   0.0139143544   0.4706283152
       -0.0127628344  -0.0528914357  -0.0877534995  -0.0025127482   0.0432486173
       -0.1106796646   0.0284475402   0.0017719589   0.0098591165  -0.0033758517
       -0.0016700680  -0.0005507869   0.0007678251   0.0006363287  -0.0001338596
        0.0001938157  -0.0001165695  -0.0000646991  -0.0002074005   0.0003558540
       -0.0006714281   0.0000415150  -0.0013371723  -0.0017706834  -0.0004024441
        0.0004693171   0.0050914846   0.0012133635  -0.0024098899  -0.0140585809
       -0.0099707463   0.0039523877  -0.0205374056  -0.0121521840  -0.0185054869
       -0.0610517983   0.0589583702  -0.0108822377  -0.0055584545   0.0018777852
       -0.0215594601  -0.0136509479  -0.0036576917   0.0166753677   0.0069633648
        0.0014388083   0.0060519700  -0.0073189984   0.0070676595   0.0173635270
       -0.0225021875   0.0069697582  -0.0000361404   0.0003361771   0.0000574603
       -0.0001064108  -0.0000113491   0.0001153516  -0.0001520504   0.0000932733
       -0.0000136701  -0.0001629401  -0.0000247970  -0.0001066653  -0.0000771182
        0.0002328847  -0.0001343540
        0.0060317208  -0.0627308783  -0.1160203468  -0.0235275053  -0.0127628344
        0.5227943304  -0.0051161420  -0.0020325218  -0.0675228715  -0.0226349791
        0.0303360485  -0.0807611112  -0.0056484965  -0.0023905082   0.0009520953
        0.0016739485   0.0011243995  -0.0007907288  -0.0005511960  -0.0002012170
       -0.0002075386   0.0001509022   0.0000509844   0.0000138206  -0.0002642582
       -0.0003518246  -0.0000986329   0.0003937981  -0.0003132200   0.0004140289
        0.0033572155  -0.0226453689  -0.0235241587  -0.0014540585  -0.0035401426
       -0.0021012731  -0.0003830590   0.0073153459   0.0057983234   0.0585118306
        0.0592827917  -0.2245491304   0.0255677936   0.0128130141  -0.0007636220
       -0.0170135140  -0.0099523889  -0.0023433711  -0.0109069361  -0.0040694705
       -0.0009248191  -0.0181472249   0.0212992054  -0.0153574831   0.0092793727
       -0.0113119590   0.0052978257   0.0005100071  -0.0001658038  -0.0001871562
        0.0001247783   0.0000334700  -0.0000732192   0.0000910494   0.0000711848
        0.0000077123   0.0000858022   0.0000720215   0.0000862607  -0.0001308493
        0.0000696722  -0.0001389343
       -0.0034470129  -0.0047149031  -0.0028590163  -0.1687041528  -0.0528914357
       -0.0051161420   0.4660705866  -0.0278945874  -0.0034237972  -0.0273583522
       -0.0035726262  -0.0043585565  -0.0024583094   0.0029573477  -0.0020393621
       -0.0003098644  -0.0001258897   0.0000277409   0.0002844114  -0.0001067253
        0.0000973504   0.0000031545  -0.0000032296  -0.0000847270   0.0000402651
       -0.0003013093  -0.0000200120  -0.0005579832  -0.0002684501   0.0001296093
        0.0005608908   0.0007358408   0.0003061999   0.0006788343   0.0002221903
       -0.0000143606   0.0007824223   0.0006966576   0.0005606543  -0.0132572143
       -0.0073666848   0.0014737631  -0.0635152494  -0.0211213420   0.0630074495
       -0.0429106116   0.0104136807   0.0078537661  -0.1465746085   0.1051497243
       -0.0559090261   0.0007324960  -0.0005723436   0.0004631563   0.0003929334
       -0.0013152654   0.0000256218  -0.0000968782   0.0000377856  -0.0000930696
       -0.0000820645  -0.0000204639   0.0000192892  -0.0000795260   0.0000326345
       -0.0000195887  -0.0001063815  -0.0000479626  -0.0000350253  -0.0000877853
        0.0000773572   0.0000080827
       -0.0217866496  -0.0165183525  -0.0060301016  -0.0520315144  -0.0877534995
       -0.0020325218  -0.0278945874   0.5114364851  -0.0007009480   0.0156803880
        0.0041371216   0.0014655085   0.0017422921  -0.0022713670   0.0013908065
        0.0004474507   0.0001986880   0.0000102087  -0.0002091967   0.0001392564
       -0.0000786182   0.0000184077   0.0000133575   0.0000465011  -0.0000695563
        0.0002785269  -0.0000092051   0.0006187507   0.0004503654  -0.0001247295
       -0.0001336042   0.0008112068   0.0007744924  -0.0006751212  -0.0042969473
       -0.0033562765  -0.0011810305   0.0006574073  -0.0000373277  -0.0112736043
       -0.0046825444   0.0009639957  -0.0211140286  -0.0673172177   0.0666590666
        0.0103973696  -0.1888857848  -0.1155134478   0.1052918098  -0.1477523852
        0.0562205961   0.0005851645   0.0004079613  -0.0003130010   0.0013214509
        0.0011198720   0.0006239472   0.0000411179  -0.0000905393  -0.0000141665
        0.0000659954   0.0000134561  -0.0000483432   0.0000673084  -0.0000269254
        0.0000077727   0.0000939915   0.0000391220   0.0000548428  -0.0000026040
       -0.0001072633   0.0000409484
       -0.0153776376  -0.0107842434  -0.0033702600  -0.0059149352  -0.0025127482
       -0.0675228715  -0.0034237972  -0.0007009480   0.5214749182  -0.0115323038
       -0.0025291470  -0.0013607228  -0.0008682138   0.0014624624  -0.0004267172
       -0.0002434919  -0.0002715584  -0.0000356559  -0.0000095574  -0.0001746618
        0.0000405055   0.0000218995   0.0000253532   0.0000257487   0.0001481494
       -0.0000956348  -0.0000269579  -0.0002450913  -0.0002685938  -0.0001314484
       -0.0011353748  -0.0004972790   0.0009628402  -0.0008978537  -0.0037222371
       -0.0018073716  -0.0001872737   0.0005094094   0.0003509290   0.0244761298
        0.0123894342  -0.0004560135   0.0633925608   0.0668514050  -0.2378543623
        0.0080897528  -0.1154972485  -0.1366284025  -0.0559365511   0.0563527388
       -0.0746297116  -0.0008285817  -0.0004816515   0.0005912942   0.0006501326
       -0.0002642892   0.0005122591  -0.0000213459   0.0001664354   0.0001208225
       -0.0000355795  -0.0000113414   0.0000532920  -0.0000298452   0.0000310324
        0.0000256716  -0.0000328344  -0.0000026074   0.0000065587  -0.0000583568
        0.0000259185   0.0000856555
       -0.0033871300   0.0070864437   0.0004355507  -0.1019809354   0.0432486173
       -0.0226349791  -0.0273583522   0.0156803880  -0.0115323038   0.4480162966
        0.0320887520  -0.0243278066  -0.1837793269  -0.0507849201   0.0056403385
       -0.0219122042  -0.0082874219   0.0093486963   0.0024297526  -0.0014941332
        0.0030677935  -0.0010396247  -0.0004702864  -0.0002023694   0.0021371100
       -0.0026431696  -0.0015815693  -0.0185343650  -0.0109253729  -0.0054025791
        0.0001414732  -0.0002392903  -0.0004431536   0.0001089174  -0.0004767949
       -0.0001844010   0.0001676932   0.0005942403   0.0003292905   0.0025879778
       -0.0018700804   0.0003635713   0.0009819556   0.0008588937  -0.0005728294
        0.0006096572   0.0009364409   0.0002662677  -0.0062635854  -0.0015618385
       -0.0009190660  -0.0533663018  -0.0139498863   0.0515729996  -0.0383693199
       -0.0109073137  -0.0027945817  -0.0000050166   0.0011421271  -0.0013952254
       -0.0007255538  -0.0002482818   0.0000809919  -0.0002620801   0.0006913667
       -0.0001376207  -0.0006895768  -0.0001380359  -0.0000207104   0.0004925391
        0.0016695562   0.0010436957
        0.0173751961  -0.0227502515   0.0043676213   0.0543788436  -0.1106796646
        0.0303360485  -0.0035726262   0.0041371216  -0.0025291470   0.0320887520
        0.4728331867   0.0240551357  -0.0599463519  -0.0834158895   0.0008108043
       -0.0044776821  -0.0010478453   0.0021047557  -0.0022072438   0.0056681083
       -0.0007179102  -0.0002073920  -0.0003542196  -0.0000836763  -0.0035189240
        0.0056032158  -0.0028707757  -0.0131182005  -0.0039231830  -0.0022360501
       -0.0002646804   0.0009023482   0.0008506353   0.0003397377   0.0006876799
        0.0006396955   0.0008348209  -0.0044181587  -0.0028539140   0.0074814894
       -0.0079901630   0.0067792201  -0.0005040904   0.0004553404  -0.0004476852
       -0.0011834004   0.0008381893  -0.0001216837  -0.0026464482   0.0000312022
       -0.0005785660  -0.0127726173  -0.0556372217   0.0466100365  -0.0111054490
       -0.1963599969  -0.1054939172   0.0015198822  -0.0015018277  -0.0000972354
        0.0000814531   0.0000000858  -0.0001516694   0.0007478031  -0.0012564568
        0.0002905251  -0.0003793634  -0.0002565612   0.0001036202   0.0010564916
       -0.0015650388   0.0012341319
        0.0093157926  -0.0097448587   0.0042274043  -0.0258545241   0.0284475402
       -0.0807611112  -0.0043585565   0.0014655085  -0.0013607228  -0.0243278066
        0.0240551357   0.5327935037   0.0117423749   0.0027076298  -0.0664639827
        0.0237929742   0.0088624877  -0.0031137061   0.0032843199  -0.0011132318
       -0.0037725014  -0.0002316599  -0.0001231261  -0.0002490128  -0.0010556659
       -0.0021570196  -0.0032193271  -0.0215999192  -0.0092321878  -0.0015256071
        0.0007370430  -0.0011158204   0.0009662222   0.0001838171   0.0000732253
        0.0004793000   0.0009135735  -0.0036828462  -0.0012277098  -0.0177459136
        0.0204410411  -0.0138026368   0.0009441901  -0.0003163779   0.0008248354
       -0.0002720016   0.0004219427   0.0000938972  -0.0003651038  -0.0005110870
        0.0006309300   0.0505363168   0.0465871424  -0.2486416131  -0.0043469275
       -0.1060994685  -0.1173933080   0.0007941927   0.0012719393   0.0009403578
        0.0012851587   0.0005597338  -0.0002698205  -0.0002045352   0.0002493560
        0.0001062236  -0.0012721812  -0.0006294605  -0.0001950110  -0.0018949584
       -0.0004171980   0.0009333962
       -0.0002417276  -0.0007462788   0.0001803891  -0.0314360892   0.0017719589
       -0.0056484965  -0.0024583094   0.0017422921  -0.0008682138  -0.1837793269
       -0.0599463519   0.0117423749   0.5569967667   0.1604139234  -0.0285278037
       -0.1372119877  -0.0101426191   0.1312494598  -0.0329207019  -0.0088207210
        0.0236804869   0.0033753540   0.0044448382   0.0011942242  -0.0276845527
       -0.0158501617  -0.0219938353  -0.1307935773  -0.0569466690  -0.1147872837
       -0.0001428937   0.0000527975   0.0001665459   0.0003675374   0.0005671489
        0.0002190936   0.0001965569  -0.0004877083  -0.0001884103   0.0007782042
       -0.0007034671   0.0004878123   0.0000689439   0.0002095476  -0.0001953035
        0.0000533328   0.0002560800   0.0000247948  -0.0006030546  -0.0003089848
       -0.0001037047  -0.0116506947  -0.0037684401   0.0046842124  -0.0076850076
       -0.0048418004  -0.0037977977   0.0059186566  -0.0008404809  -0.0111482393
       -0.0036791520  -0.0049905861   0.0010396339   0.0009451667   0.0002428881
       -0.0000055842  -0.0037081984  -0.0050552673   0.0006475771   0.0052947548
        0.0037480619   0.0119480677
        0.0008462807  -0.0004344414   0.0001422109   0.0109565063   0.0098591165
       -0.0023905082   0.0029573477  -0.0022713670   0.0014624624  -0.0507849201
       -0.0834158895   0.0027076298   0.1604139234   0.2347522993   0.0854977825
       -0.0235858703  -0.0583107173   0.0125142738   0.0012818597   0.0035969928
        0.0142430391   0.0040755428  -0.0066109399  -0.0114100516  -0.0270566249
       -0.0120229067  -0.0024618266  -0.0434393697  -0.0845728818  -0.0873627757
       -0.0000221223  -0.0000554273  -0.0000499262   0.0010949195  -0.0007954357
       -0.0000214315   0.0002989222  -0.0001509923  -0.0000587326   0.0004969788
        0.0005598322  -0.0001158692  -0.0000094448  -0.0000305145  -0.0000734471
       -0.0000398732   0.0000135524   0.0000792184   0.0012619728   0.0003683825
        0.0002576083  -0.0081020417  -0.0020879994   0.0017875410  -0.0253810387
       -0.0117104441  -0.0020207761   0.0040374488   0.0005657734  -0.0104519497
       -0.0049898881   0.0059810051  -0.0009437241   0.0004003518   0.0001155352
       -0.0001500165  -0.0047688936   0.0059469765  -0.0009892181   0.0000580329
        0.0007104911  -0.0001915128
        0.0006035352  -0.0003649279   0.0003628531  -0.0089094224  -0.0033758517
        0.0009520953  -0.0020393621   0.0013908065  -0.0004267172   0.0056403385
        0.0008108043  -0.0664639827  -0.0285278037   0.0854977825   0.6386821294
        0.0626663278  -0.0164984264  -0.2619350450   0.0778185700   0.0375042009
        0.0220764850   0.0008982551  -0.0116306281  -0.0658739020  -0.0756644769
       -0.0255240184   0.0329947729  -0.0448675955  -0.0574066292  -0.2451200280
        0.0000871476   0.0000910037  -0.0002025306   0.0004690756  -0.0004769608
        0.0002531855  -0.0000906238  -0.0000333567  -0.0000946448  -0.0010486214
       -0.0002354515  -0.0002752556  -0.0000247916   0.0000272104  -0.0000533393
        0.0000670384   0.0000758861   0.0000125212  -0.0007153753  -0.0000997264
        0.0000573946   0.0269391608   0.0112838301  -0.0049260597  -0.0156754122
       -0.0085506691  -0.0001406567   0.0096459500  -0.0010790252  -0.0260973300
        0.0003336690  -0.0011564874   0.0017074429  -0.0000312287  -0.0001477358
       -0.0006923784   0.0012677089  -0.0007650379   0.0016565094  -0.0088420635
       -0.0093365920  -0.0264535195
        0.0000245030  -0.0000434401  -0.0000760653   0.0001201823  -0.0016700680
        0.0016739485  -0.0003098644   0.0004474507  -0.0002434919  -0.0219122042
       -0.0044776821   0.0237929742  -0.1372119877  -0.0235858703   0.0626663278
        0.5855270890   0.1946376133  -0.0300446420  -0.2934207595  -0.0952565341
        0.0510738706  -0.0282597655  -0.0279113569  -0.0755237855  -0.0436888296
       -0.0102048815   0.0303586210   0.0487479723   0.0254146431   0.0234548808
       -0.0000621478   0.0000374250   0.0000567185   0.0000861165   0.0001587952
       -0.0000556104  -0.0000085656   0.0001385999   0.0000842900  -0.0001156916
       -0.0001139433   0.0003212626  -0.0000459974  -0.0000337005  -0.0000549292
        0.0000716851   0.0000519284   0.0001119885  -0.0002028964  -0.0000203122
       -0.0000461828  -0.0048906190  -0.0024060941   0.0011396157  -0.0000694478
        0.0006411839   0.0016659661  -0.0900883507  -0.0428267305  -0.0901000731
       -0.0156204058  -0.0062877991   0.0033614125   0.0008297335  -0.0033191790
       -0.0018924598  -0.0002012366   0.0000834675   0.0006128879   0.0007014879
       -0.0034535152  -0.0023375246
        0.0001140810   0.0000973367  -0.0001013091   0.0001284638  -0.0005507869
        0.0011243995  -0.0001258897   0.0001986880  -0.0002715584  -0.0082874219
       -0.0010478453   0.0088624877  -0.0101426191  -0.0583107173  -0.0164984264
        0.1946376133   0.2183618745   0.0928472854  -0.1093144515  -0.0907386607
        0.0123443182  -0.0170089394  -0.0113241436  -0.0262915714  -0.0107376254
       -0.0078087591   0.0107506193   0.0154247749   0.0072359060  -0.0027390074
        0.0000026273  -0.0000553956  -0.0000759776   0.0001210761   0.0000193238
       -0.0000419294  -0.0000453019   0.0001312293   0.0000162412  -0.0000342980
        0.0001993646  -0.0002445683   0.0000948616   0.0000178735  -0.0000467162
        0.0000127601  -0.0000089346   0.0000564573  -0.0001319569   0.0000288553
       -0.0000420136  -0.0029728211  -0.0003357387   0.0007133564  -0.0004142294
        0.0007327954   0.0010289274  -0.0427411709  -0.0682799365  -0.0759562749
       -0.0018240960   0.0001070059   0.0004663407  -0.0034756944   0.0057024719
       -0.0030637236   0.0001280395  -0.0000716081   0.0004216977  -0.0034077818
        0.0056998012  -0.0032590546
       -0.0001462618   0.0000667024  -0.0003157035  -0.0013615548   0.0007678251
       -0.0007907288   0.0000277409   0.0000102087  -0.0000356559   0.0093486963
        0.0021047557  -0.0031137061   0.1312494598   0.0125142738  -0.2619350450
       -0.0300446420   0.0928472854   0.6331264584  -0.0205623956  -0.0181662183
       -0.0939372977  -0.0215260603  -0.0028631483   0.0324668039   0.0291964502
        0.0100831825  -0.0171755271  -0.0264373049  -0.0241830116  -0.0626143917
       -0.0000001086  -0.0000709802  -0.0000276582   0.0000841453  -0.0004168516
       -0.0001411115  -0.0001350365  -0.0000241730  -0.0000691317  -0.0004809929
        0.0004895059   0.0003714775  -0.0000116582  -0.0000245325   0.0000169563
       -0.0000944990  -0.0000987492   0.0000044402  -0.0000790331   0.0000523742
       -0.0000128909   0.0001914425  -0.0000440917   0.0001096320  -0.0013417124
       -0.0007739306   0.0004840804  -0.0896786482  -0.0761160029  -0.2160778527
        0.0254189392   0.0098709989  -0.0039453361  -0.0024307001  -0.0033356535
       -0.0033684087   0.0006475877   0.0004438037   0.0005998345  -0.0018338535
       -0.0031335729  -0.0036192372
       -0.0000611972  -0.0000102359  -0.0000799360   0.0003294432   0.0006363287
       -0.0005511960   0.0002844114  -0.0002091967  -0.0000095574   0.0024297526
       -0.0022072438   0.0032843199  -0.0329207019   0.0012818597   0.0778185700
       -0.2934207595  -0.1093144515  -0.0205623956   0.5787620297   0.1882379335
       -0.0455414911  -0.1344870453  -0.0463825604  -0.0470956228   0.0511916881
        0.0154442179  -0.0286220961  -0.0413893377  -0.0203863645  -0.0243406223
        0.0000981996   0.0000063635  -0.0000999097  -0.0001048349  -0.0000494665
        0.0001414917   0.0000055763  -0.0000541449  -0.0000308759  -0.0002136762
        0.0000850977  -0.0001603147   0.0000531881   0.0000374700  -0.0000363767
       -0.0000274242   0.0000256082   0.0000046328   0.0000942963   0.0000096398
        0.0000092498  -0.0009082368  -0.0001358901  -0.0000461037   0.0001726905
        0.0000405866  -0.0004200481  -0.0145273546  -0.0066753992  -0.0013075556
       -0.1005943543  -0.0065758349   0.1071817582  -0.0153667663  -0.0113740506
       -0.0227768158   0.0007302927  -0.0023358060   0.0038979697  -0.0001298796
       -0.0000944606  -0.0006570745
       -0.0000568122  -0.0000420954  -0.0000597744  -0.0010819642  -0.0001338596
       -0.0002012170  -0.0001067253   0.0001392564  -0.0001746618  -0.0014941332
        0.0056681083  -0.0011132318  -0.0088207210   0.0035969928   0.0375042009
       -0.0952565341  -0.0907386607  -0.0181662183   0.1882379335   0.2148820827
        0.0885513652  -0.0610453320  -0.0862624511  -0.0617699675   0.0265157828
        0.0074619332  -0.0256649436  -0.0205974120  -0.0166624889  -0.0115050222
        0.0000252550   0.0000175078  -0.0000259458  -0.0000177626  -0.0000021996
        0.0000910703  -0.0000009589  -0.0000047369  -0.0000103651  -0.0001583427
       -0.0000590714   0.0000046971   0.0000250621   0.0000186920  -0.0000080501
       -0.0000054893   0.0000132662   0.0000005252  -0.0000860581  -0.0000301638
       -0.0000241674   0.0003893328   0.0003801994  -0.0001691066   0.0006217896
        0.0003409337   0.0000791319  -0.0112008365  -0.0043238348  -0.0008340294
       -0.0065084800  -0.0363727464   0.0040911854  -0.0068257252  -0.0044439947
       -0.0097127233  -0.0024763156   0.0068242147  -0.0007676948  -0.0000755530
       -0.0002668837  -0.0001150566
       -0.0000854426  -0.0000205880  -0.0000113782   0.0002185191   0.0001938157
       -0.0002075386   0.0000973504  -0.0000786182   0.0000405055   0.0030677935
       -0.0007179102  -0.0037725014   0.0236804869   0.0142430391   0.0220764850
        0.0510738706   0.0123443182  -0.0939372977  -0.0455414911   0.0885513652
        0.6492832156  -0.1193773454  -0.0925086856  -0.2536563433   0.0259922278
       -0.0022892443  -0.0653964235  -0.0258711513  -0.0121673701  -0.0108147999
       -0.0000477952  -0.0000011677   0.0000739817   0.0000969363  -0.0000534533
       -0.0000304062  -0.0000198212   0.0000311529  -0.0000032096   0.0000344755
       -0.0000266327  -0.0000620989  -0.0000384306  -0.0000157918   0.0000377802
        0.0000097025  -0.0000017875  -0.0000196581   0.0000116925   0.0000044640
        0.0000010282   0.0010284199   0.0004826679  -0.0001871075  -0.0002395313
       -0.0002536939  -0.0003368155  -0.0236308540  -0.0103815238  -0.0008600119
        0.1072449227   0.0040054035  -0.2391714911  -0.0004308926  -0.0002374470
        0.0004102101   0.0032795282  -0.0010119816  -0.0040998173  -0.0005531707
       -0.0000903305   0.0006436923
       -0.0000537026   0.0000278217   0.0000014369   0.0001499872  -0.0001165695
        0.0001509022   0.0000031545   0.0000184077   0.0000218995  -0.0010396247
       -0.0002073920  -0.0002316599   0.0033753540   0.0040755428   0.0008982551
       -0.0282597655  -0.0170089394  -0.0215260603  -0.1344870453  -0.0610453320
       -0.1193773454   0.5912997820   0.1956124266  -0.0394707211  -0.1434070207
       -0.0128725421   0.1403090413  -0.0327595789  -0.0097298494   0.0240012117
        0.0000852937  -0.0000047653  -0.0000608606  -0.0001110438  -0.0000078303
        0.0000683747   0.0000366052  -0.0000122042  -0.0000116348   0.0000270188
       -0.0000826281   0.0000043556   0.0000299073   0.0000179836  -0.0000063369
        0.0000305504   0.0000204968   0.0000059423  -0.0000103851  -0.0000061733
        0.0000103557   0.0001987105   0.0001026149  -0.0002025680   0.0000989963
        0.0001932789   0.0001240431  -0.0037842631  -0.0050092982   0.0005896669
        0.0056281936   0.0045806495   0.0121191621  -0.2589919030  -0.0935215487
        0.0130323065   0.0056952314  -0.0001517066  -0.0114944409  -0.0037544523
       -0.0048724433   0.0010446742
       -0.0000197039   0.0000073584   0.0000049018   0.0000274974  -0.0000646991
        0.0000509844  -0.0000032296   0.0000133575   0.0000253532  -0.0004702864
       -0.0003542196  -0.0001231261   0.0044448382  -0.0066109399  -0.0116306281
       -0.0279113569  -0.0113241436  -0.0028631483  -0.0463825604  -0.0862624511
       -0.0925086856   0.1956124266   0.2163642779   0.0870451108  -0.0273009910
       -0.0564307599   0.0143788294   0.0010862212   0.0045744179   0.0141755931
        0.0000332846   0.0000140951  -0.0000063882  -0.0000575602   0.0000164058
        0.0000371032   0.0000061137   0.0000018848   0.0000021221   0.0000410288
       -0.0000972646   0.0000555211  -0.0000061505  -0.0000008001   0.0000002920
        0.0000258296   0.0000218485   0.0000115516  -0.0000056045  -0.0000027553
        0.0000075440   0.0000518057   0.0000283794  -0.0000448196  -0.0000676988
        0.0001112511   0.0001464833  -0.0048619807   0.0058782073  -0.0010847148
        0.0000120931   0.0007256450  -0.0001726402  -0.0935612930  -0.0729441839
        0.0034081773   0.0042798761   0.0005334068  -0.0101125106  -0.0049725991
        0.0058016814  -0.0008029061
        0.0000919203  -0.0000559746   0.0000228319  -0.0003213841  -0.0002074005
        0.0000138206  -0.0000847270   0.0000465011   0.0000257487  -0.0002023694
       -0.0000836763  -0.0002490128   0.0011942242  -0.0114100516  -0.0658739020
       -0.0755237855  -0.0262915714   0.0324668039  -0.0470956228  -0.0617699675
       -0.2536563433  -0.0394707211   0.0870451108   0.6337547725   0.0680490556
       -0.0162640784  -0.2765090135   0.0782083637   0.0375159025   0.0209939822
       -0.0000873512   0.0000554021   0.0001161830   0.0001069568   0.0001377633
       -0.0000541898   0.0000041773   0.0000282146   0.0000769783   0.0001408544
       -0.0002144862   0.0002454950  -0.0000809665  -0.0000247408   0.0000121174
        0.0000565124   0.0000640087   0.0000379024  -0.0000118824  -0.0000006735
        0.0000224863   0.0000108400  -0.0000678237   0.0002736153  -0.0002962453
        0.0002246432   0.0002443259   0.0011912412  -0.0008376766   0.0017238911
       -0.0102315560  -0.0095796085  -0.0255605386   0.0130368062   0.0033850595
       -0.0443542845   0.0108681640  -0.0006209455  -0.0254833133   0.0004474952
       -0.0010739306   0.0017096433
        0.0002365888  -0.0001694663   0.0002608788  -0.0004469772   0.0003558540
       -0.0002642582   0.0000402651  -0.0000695563   0.0001481494   0.0021371100
       -0.0035189240  -0.0010556659  -0.0276845527  -0.0270566249  -0.0756644769
       -0.0436888296  -0.0107376254   0.0291964502   0.0511916881   0.0265157828
        0.0259922278  -0.1434070207  -0.0273009910   0.0680490556   0.5760615047
        0.1900251640  -0.0319489064  -0.2903409456  -0.0936813469   0.0506099993
        0.0000064120   0.0000762814   0.0000180187  -0.0002600915   0.0002939373
       -0.0001292492   0.0000590222   0.0000049620   0.0000375938   0.0000872835
       -0.0002274286   0.0001888945  -0.0000236133   0.0000114225  -0.0000444114
        0.0000391471   0.0000811896   0.0000473226   0.0000548999   0.0000155180
        0.0000208704   0.0001968921   0.0002012271   0.0000320821  -0.0013356814
       -0.0001288112  -0.0001648353  -0.0001872458   0.0001148832   0.0006130896
        0.0009570857  -0.0034563125  -0.0025534756  -0.0165236931  -0.0023746087
        0.0247512901  -0.0914662144  -0.0426809042  -0.0913487121  -0.0157030341
       -0.0062936220   0.0032080682
        0.0002004683  -0.0001930457   0.0001718209  -0.0017032415  -0.0006714281
       -0.0003518246  -0.0003013093   0.0002785269  -0.0000956348  -0.0026431696
        0.0056032158  -0.0021570196  -0.0158501617  -0.0120229067  -0.0255240184
       -0.0102048815  -0.0078087591   0.0100831825   0.0154442179   0.0074619332
       -0.0022892443  -0.0128725421  -0.0564307599  -0.0162640784   0.1900251640
        0.2162549753   0.0923991999  -0.1083172889  -0.0908562524   0.0120731100
       -0.0000292314   0.0000269328  -0.0000090817  -0.0000536954   0.0001654560
       -0.0000880428   0.0000495938   0.0000081288   0.0000202308   0.0000190901
       -0.0001170968   0.0000674886   0.0000000627   0.0000111367  -0.0000180526
        0.0000162668   0.0000516973   0.0000166012  -0.0001377657  -0.0000371275
       -0.0000094121   0.0003021990   0.0001392039  -0.0002207466   0.0005683754
        0.0005182768   0.0001476537   0.0001152010  -0.0000722608   0.0004108201
       -0.0033728963   0.0058353753  -0.0033924748  -0.0067558870  -0.0004632107
        0.0099683527  -0.0426602406  -0.0675719658  -0.0754049711  -0.0018383280
       -0.0001100453   0.0004661415
       -0.0000302707   0.0000162120  -0.0000188411   0.0002990881   0.0000415150
       -0.0000986329  -0.0000200120  -0.0000092051  -0.0000269579  -0.0015815693
       -0.0028707757  -0.0032193271  -0.0219938353  -0.0024618266   0.0329947729
        0.0303586210   0.0107506193  -0.0171755271  -0.0286220961  -0.0256649436
       -0.0653964235   0.1403090413   0.0143788294  -0.2765090135  -0.0319489064
        0.0923991999   0.6498212335  -0.0209576862  -0.0184588218  -0.0938732797
       -0.0000601911  -0.0000030221  -0.0000451537  -0.0000497545   0.0000660431
        0.0000650171   0.0000523635  -0.0000710606   0.0000240758  -0.0000687875
        0.0000154574  -0.0000109213   0.0000259784   0.0000045585  -0.0000088578
        0.0000102643   0.0000130931   0.0000170411   0.0000183586   0.0000066837
        0.0000145097   0.0001258314  -0.0000078925  -0.0002042898  -0.0008123308
       -0.0005507607  -0.0000342415   0.0005249976   0.0004091512   0.0005143099
       -0.0019289305  -0.0031514984  -0.0034337173   0.0023569118   0.0005129436
       -0.0024682980  -0.0914294713  -0.0753723984  -0.2170550373   0.0254223854
        0.0100078995  -0.0038724404
       -0.0003452780  -0.0000370117  -0.0000927645  -0.0004115240  -0.0013371723
        0.0003937981  -0.0005579832   0.0006187507  -0.0002450913  -0.0185343650
       -0.0131182005  -0.0215999192  -0.1307935773  -0.0434393697  -0.0448675955
        0.0487479723   0.0154247749  -0.0264373049  -0.0413893377  -0.0205974120
       -0.0258711513  -0.0327595789   0.0010862212   0.0782083637  -0.2903409456
       -0.1083172889  -0.0209576862   0.5826737901   0.1897368162  -0.0463459523
       -0.0001382308  -0.0000729248  -0.0001037443  -0.0004865106   0.0004168652
       -0.0000515412   0.0000246111   0.0000147688  -0.0000549580  -0.0001681408
        0.0001888132  -0.0002676134   0.0000994711  -0.0000009470  -0.0000650416
        0.0000255637  -0.0000161969   0.0000363518  -0.0003241100  -0.0000324205
       -0.0000545710   0.0004040213   0.0000748327  -0.0019630949  -0.0035256876
       -0.0021809660  -0.0005869884   0.0004218225  -0.0023232384   0.0037067907
       -0.0001325028  -0.0001900863  -0.0006247611   0.0005968564  -0.0024139392
        0.0031896152  -0.0143218913  -0.0066843049  -0.0014206503  -0.0987644452
       -0.0068003637   0.1060755100
        0.0003876485  -0.0001624441   0.0001197343   0.0008829306  -0.0017706834
       -0.0003132200  -0.0002684501   0.0004503654  -0.0002685938  -0.0109253729
       -0.0039231830  -0.0092321878  -0.0569466690  -0.0845728818  -0.0574066292
        0.0254146431   0.0072359060  -0.0241830116  -0.0203863645  -0.0166624889
       -0.0121673701  -0.0097298494   0.0045744179   0.0375159025  -0.0936813469
       -0.0908562524  -0.0184588218   0.1897368162   0.2133957844   0.0839064184
       -0.0000417504  -0.0000142822   0.0000653202   0.0003169047   0.0001628560
       -0.0000114554   0.0000275170   0.0000201828   0.0000857977  -0.0001266284
        0.0001396944  -0.0001031126   0.0000605447  -0.0000124298  -0.0000262292
        0.0000173101   0.0000401163   0.0000510445  -0.0001717422  -0.0000251556
       -0.0000172054   0.0007261690   0.0002102542  -0.0008130018  -0.0021946684
       -0.0011922211  -0.0004285041  -0.0025051561   0.0066209644  -0.0008908190
       -0.0001251739  -0.0002664871  -0.0000852931  -0.0023876737   0.0067568293
       -0.0010164382  -0.0111459605  -0.0041255370  -0.0009470120  -0.0069336776
       -0.0360233246   0.0046246875
       -0.0001171127   0.0000636541  -0.0004097187   0.0013991374  -0.0004024441
        0.0004140289   0.0001296093  -0.0001247295  -0.0001314484  -0.0054025791
       -0.0022360501  -0.0015256071  -0.1147872837  -0.0873627757  -0.2451200280
        0.0234548808  -0.0027390074  -0.0626143917  -0.0243406223  -0.0115050222
       -0.0108147999   0.0240012117   0.0141755931   0.0209939822   0.0506099993
        0.0120731100  -0.0938732797  -0.0463459523   0.0839064184   0.6395562894
        0.0003889000   0.0000581015  -0.0000159189  -0.0004930025   0.0002223513
        0.0005212928  -0.0000013147   0.0000200600  -0.0000824029  -0.0001306422
        0.0000601079  -0.0002537579   0.0000649524   0.0000505334  -0.0000139602
       -0.0000306815   0.0000238348   0.0000031276   0.0001137621  -0.0000497767
        0.0000367434   0.0018589924   0.0010097847   0.0011515137   0.0008626581
        0.0004240601   0.0002773388   0.0032361438  -0.0009620225  -0.0042458707
       -0.0006850304  -0.0001168383   0.0007511664   0.0037723456  -0.0007234853
       -0.0040285009  -0.0234895824  -0.0103730840  -0.0009241022   0.1059312111
        0.0045076266  -0.2396516960
       -0.0655494053  -0.0196629082   0.0643698648  -0.0008886269   0.0004693171
        0.0033572155   0.0005608908  -0.0001336042  -0.0011353748   0.0001414732
       -0.0002646804   0.0007370430  -0.0001428937  -0.0000221223   0.0000871476
       -0.0000621478   0.0000026273  -0.0000001086   0.0000981996   0.0000252550
       -0.0000477952   0.0000852937   0.0000332846  -0.0000873512   0.0000064120
       -0.0000292314  -0.0000601911  -0.0001382308  -0.0000417504   0.0003889000
        0.0724262897   0.0225202808  -0.0758545216  -0.0123194520  -0.0113102946
        0.0284978231   0.0055126800   0.0074607451  -0.0199401220   0.0005157227
        0.0005432845   0.0004905247   0.0000821931  -0.0002716857  -0.0000043689
       -0.0001151658  -0.0000099280   0.0000575710  -0.0000805167   0.0001076807
       -0.0000808597   0.0000261468   0.0005469463  -0.0001379093   0.0000022661
       -0.0000529603  -0.0001816279   0.0000137531  -0.0000216499  -0.0000971486
        0.0000295404   0.0000009643  -0.0000353732   0.0000401372   0.0000131126
       -0.0000348719   0.0000164042  -0.0000006943   0.0000006120  -0.0002609637
        0.0000980115  -0.0002890777
       -0.0195165326  -0.0615928514   0.0605101933   0.0071486770   0.0050914846
       -0.0226453689   0.0007358408   0.0008112068  -0.0004972790  -0.0002392903
        0.0009023482  -0.0011158204   0.0000527975  -0.0000554273   0.0000910037
        0.0000374250  -0.0000553956  -0.0000709802   0.0000063635   0.0000175078
       -0.0000011677  -0.0000047653   0.0000140951   0.0000554021   0.0000762814
        0.0000269328  -0.0000030221  -0.0000729248  -0.0000142822   0.0000581015
        0.0225202808   0.0713027533  -0.0684661151  -0.0060208541  -0.0046844883
        0.0137752966  -0.0050442612  -0.0078529359   0.0216804639   0.0004903985
       -0.0034416004  -0.0040641713  -0.0002086444  -0.0001736085   0.0000659703
        0.0000726665   0.0000538858   0.0001475527  -0.0000311409  -0.0001350380
        0.0001543542   0.0001586069  -0.0003339126   0.0002057868  -0.0000944693
        0.0000807983   0.0001237739  -0.0000482099  -0.0000022004   0.0000204386
       -0.0000275027  -0.0000105623   0.0000052616  -0.0000156848  -0.0000078844
       -0.0000028099  -0.0000416512  -0.0000170119  -0.0000186210   0.0000665935
        0.0000761866  -0.0000082436
        0.0642481444   0.0607849772  -0.2408675465   0.0068459511   0.0012133635
       -0.0235241587   0.0003061999   0.0007744924   0.0009628402  -0.0004431536
        0.0008506353   0.0009662222   0.0001665459  -0.0000499262  -0.0002025306
        0.0000567185  -0.0000759776  -0.0000276582  -0.0000999097  -0.0000259458
        0.0000739817  -0.0000608606  -0.0000063882   0.0001161830   0.0000180187
       -0.0000090817  -0.0000451537  -0.0001037443   0.0000653202  -0.0000159189
       -0.0758545216  -0.0684661151   0.2816042945   0.0020608144   0.0017506689
       -0.0009166285   0.0028068673   0.0076664931  -0.0158791731   0.0004478502
       -0.0041263060  -0.0032540155  -0.0004063074  -0.0006011992   0.0002802065
        0.0000296492   0.0002617728   0.0002654982  -0.0000762071   0.0001070530
       -0.0002885502   0.0002642630  -0.0004122837   0.0004428866  -0.0001705618
        0.0002484222   0.0001352938  -0.0000805991   0.0000244810   0.0000253047
       -0.0000206279  -0.0000084571  -0.0000188281   0.0000102697   0.0000094171
       -0.0000042521  -0.0000189946   0.0000010621   0.0000108883   0.0000741952
        0.0000235216   0.0001608146
       -0.2369140649  -0.0935607515  -0.0124633815  -0.0005237436  -0.0024098899
       -0.0014540585   0.0006788343  -0.0006751212  -0.0008978537   0.0001089174
        0.0003397377   0.0001838171   0.0003675374   0.0010949195   0.0004690756
        0.0000861165   0.0001210761   0.0000841453  -0.0001048349  -0.0000177626
        0.0000969363  -0.0001110438  -0.0000575602   0.0001069568  -0.0002600915
       -0.0000536954  -0.0000497545  -0.0004865106   0.0003169047  -0.0004930025
       -0.0123194520  -0.0060208541   0.0020608144   0.2747137379   0.1086121533
        0.0153330601  -0.0254581871  -0.0077009122  -0.0027133148   0.0001763311
        0.0001975713  -0.0001655629   0.0001457262   0.0002344850  -0.0001299605
       -0.0001082909  -0.0002445646  -0.0000784396   0.0002140443   0.0000120391
        0.0002016844  -0.0001242586  -0.0001514045   0.0000268846  -0.0001563196
        0.0000233980   0.0000900116  -0.0000009525  -0.0000667485  -0.0000714883
        0.0000084406  -0.0000267017  -0.0000346389   0.0000222454  -0.0000181347
       -0.0000201602   0.0000174056  -0.0000647916  -0.0000234292   0.0000284131
        0.0001166079  -0.0000583411
       -0.0930457129  -0.0872141001  -0.0047702614  -0.0225913096  -0.0140585809
       -0.0035401426   0.0002221903  -0.0042969473  -0.0037222371  -0.0004767949
        0.0006876799   0.0000732253   0.0005671489  -0.0007954357  -0.0004769608
        0.0001587952   0.0000193238  -0.0004168516  -0.0000494665  -0.0000021996
       -0.0000534533  -0.0000078303   0.0000164058   0.0001377633   0.0002939373
        0.0001654560   0.0000660431   0.0004168652   0.0001628560   0.0002223513
       -0.0113102946  -0.0046844883   0.0017506689   0.1086121533   0.1022041726
        0.0084307532   0.0189047965   0.0082303490   0.0017404659  -0.0000534233
        0.0006205019   0.0003946198   0.0002310731   0.0001177863  -0.0000794473
       -0.0014695234  -0.0009568540  -0.0004522064   0.0001737264  -0.0000365283
       -0.0000036058  -0.0001699917  -0.0001761822   0.0001107833  -0.0001301800
        0.0002681645   0.0000933774  -0.0000699301  -0.0000164639   0.0000631584
       -0.0000778553  -0.0000381990   0.0000452907  -0.0000805264  -0.0000448356
        0.0000299424  -0.0001057918  -0.0000489843  -0.0000344368   0.0000579444
       -0.0001228969   0.0003911600
       -0.0126339091  -0.0047257098  -0.0448790293  -0.0162651761  -0.0099707463
       -0.0021012731  -0.0000143606  -0.0033562765  -0.0018073716  -0.0001844010
        0.0006396955   0.0004793000   0.0002190936  -0.0000214315   0.0002531855
       -0.0000556104  -0.0000419294  -0.0001411115   0.0001414917   0.0000910703
       -0.0000304062   0.0000683747   0.0000371032  -0.0000541898  -0.0001292492
       -0.0000880428   0.0000650171  -0.0000515412  -0.0000114554   0.0005212928
        0.0284978231   0.0137752966  -0.0009166285   0.0153330601   0.0084307532
        0.0502625207  -0.0134841707  -0.0042752395  -0.0006756865  -0.0005568290
       -0.0000366110   0.0001464875   0.0000205571  -0.0000895491  -0.0000662640
       -0.0009437257  -0.0007624527  -0.0000568118   0.0001691439   0.0000200195
       -0.0000391091   0.0001562308   0.0000723021  -0.0001414014  -0.0001013479
        0.0001138556  -0.0001210340  -0.0000427489  -0.0000259521  -0.0001173220
       -0.0000066787  -0.0000131627  -0.0000457599   0.0000146333   0.0000001853
       -0.0000540317  -0.0000511236  -0.0000455616  -0.0000641602  -0.0000995362
        0.0002838393  -0.0004162126
       -0.1463327525   0.1021589703  -0.0591489959  -0.0026367974   0.0039523877
       -0.0003830590   0.0007824223  -0.0011810305  -0.0001872737   0.0001676932
        0.0008348209   0.0009135735   0.0001965569   0.0002989222  -0.0000906238
       -0.0000085656  -0.0000453019  -0.0001350365   0.0000055763  -0.0000009589
       -0.0000198212   0.0000366052   0.0000061137   0.0000041773   0.0000590222
        0.0000495938   0.0000523635   0.0000246111   0.0000275170  -0.0000013147
        0.0055126800  -0.0050442612   0.0028068673  -0.0254581871   0.0189047965
       -0.0134841707   0.1682673821  -0.1199533799   0.0693858368  -0.0001689018
        0.0000431975   0.0001493705  -0.0000769394   0.0000612819   0.0000221087
       -0.0001242991  -0.0000447470  -0.0000186486   0.0000552381  -0.0002327322
       -0.0001837012  -0.0000261087  -0.0001634470   0.0001658271  -0.0001814831
        0.0003020293  -0.0000759071   0.0000043898   0.0000137657   0.0000282828
       -0.0000165596  -0.0000029832   0.0000214709  -0.0000167065  -0.0000066760
        0.0000098101  -0.0000069677   0.0000020663   0.0000044731  -0.0000579090
        0.0000200551   0.0001643909
        0.1020485857  -0.1441436744   0.0602023986   0.0170612462  -0.0205374056
        0.0073153459   0.0006966576   0.0006574073   0.0005094094   0.0005942403
       -0.0044181587  -0.0036828462  -0.0004877083  -0.0001509923  -0.0000333567
        0.0001385999   0.0001312293  -0.0000241730  -0.0000541449  -0.0000047369
        0.0000311529  -0.0000122042   0.0000018848   0.0000282146   0.0000049620
        0.0000081288  -0.0000710606   0.0000147688   0.0000201828   0.0000200600
        0.0074607451  -0.0078529359   0.0076664931  -0.0077009122   0.0082303490
       -0.0042752395  -0.1199533799   0.1687864140  -0.0676647835   0.0000789224
        0.0006335739   0.0003523770   0.0000069940  -0.0001838612   0.0001176498
        0.0000312096   0.0002899100   0.0001159440  -0.0007502777  -0.0002501962
       -0.0005595998  -0.0002041921   0.0002099041  -0.0002721069   0.0011336372
       -0.0013797370   0.0002429771  -0.0000486337  -0.0000357707   0.0000016233
        0.0000014860  -0.0000085024  -0.0000252978   0.0000185976   0.0000027503
        0.0000001216  -0.0000062687   0.0000065908   0.0000212465  -0.0000729307
       -0.0000123538  -0.0000165498
       -0.0589412527   0.0603886960  -0.0779591493   0.0107636832  -0.0121521840
        0.0057983234   0.0005606543  -0.0000373277   0.0003509290   0.0003292905
       -0.0028539140  -0.0012277098  -0.0001884103  -0.0000587326  -0.0000946448
        0.0000842900   0.0000162412  -0.0000691317  -0.0000308759  -0.0000103651
       -0.0000032096  -0.0000116348   0.0000021221   0.0000769783   0.0000375938
        0.0000202308   0.0000240758  -0.0000549580   0.0000857977  -0.0000824029
       -0.0199401220   0.0216804639  -0.0158791731  -0.0027133148   0.0017404659
       -0.0006756865   0.0693858368  -0.0676647835   0.0888766780   0.0003628542
       -0.0002585946   0.0005272709  -0.0001006503   0.0001590524  -0.0002303198
        0.0001144500   0.0000331290  -0.0000565354  -0.0001549918  -0.0001378896
        0.0001304366  -0.0000403041  -0.0001502168   0.0000362188   0.0005269778
       -0.0007672721   0.0003253882  -0.0000254159  -0.0000098198   0.0000475372
       -0.0000168520  -0.0000034056   0.0000135320  -0.0000196333  -0.0000078636
        0.0000048036  -0.0000130608  -0.0000057870  -0.0000090058   0.0000858461
       -0.0000080432   0.0000747970
        0.0002519876   0.0000438599   0.0029811055  -0.0601104041  -0.0185054869
        0.0585118306  -0.0132572143  -0.0112736043   0.0244761298   0.0025879778
        0.0074814894  -0.0177459136   0.0007782042   0.0004969788  -0.0010486214
       -0.0001156916  -0.0000342980  -0.0004809929  -0.0002136762  -0.0001583427
        0.0000344755   0.0000270188   0.0000410288   0.0001408544   0.0000872835
        0.0000190901  -0.0000687875  -0.0001681408  -0.0001266284  -0.0001306422
        0.0005157227   0.0004903985   0.0004478502   0.0001763311  -0.0000534233
       -0.0005568290  -0.0001689018   0.0000789224   0.0003628542   0.0762909852
        0.0211918749  -0.0667883009  -0.0057125593  -0.0032057525   0.0005059713
        0.0006894041   0.0002697732   0.0002274855   0.0003649818   0.0001274297
        0.0005301259  -0.0022733351   0.0029279528  -0.0021875981   0.0003661606
       -0.0003682854   0.0000648717  -0.0002708543   0.0004349895   0.0004433042
        0.0000383222   0.0000242994   0.0000228066   0.0000474307   0.0000362826
        0.0000469915   0.0000406943   0.0000148419   0.0000519349   0.0000282731
        0.0000466095   0.0001590937
        0.0068018048   0.0031590654  -0.0235627486  -0.0186634381  -0.0610517983
        0.0592827917  -0.0073666848  -0.0046825444   0.0123894342  -0.0018700804
       -0.0079901630   0.0204410411  -0.0007034671   0.0005598322  -0.0002354515
       -0.0001139433   0.0001993646   0.0004895059   0.0000850977  -0.0000590714
       -0.0000266327  -0.0000826281  -0.0000972646  -0.0002144862  -0.0002274286
       -0.0001170968   0.0000154574   0.0001888132   0.0001396944   0.0000601079
        0.0005432845  -0.0034416004  -0.0041263060   0.0001975713   0.0006205019
       -0.0000366110   0.0000431975   0.0006335739  -0.0002585946   0.0211918749
        0.0762608923  -0.0667718719  -0.0032958694  -0.0010641185   0.0002273289
        0.0000165705  -0.0001641402   0.0004552570   0.0005214198   0.0003411201
       -0.0001874738   0.0028207811  -0.0029755361   0.0023218182  -0.0003735646
       -0.0000092622   0.0002721327   0.0003872359  -0.0001491976  -0.0004141026
       -0.0000264994  -0.0000083096  -0.0000080891  -0.0000198867  -0.0000132296
       -0.0000252511  -0.0000173155  -0.0000143998  -0.0000040177  -0.0000368452
       -0.0000763122  -0.0000832382
        0.0064936442   0.0013427695  -0.0219840278   0.0585009360   0.0589583702
       -0.2245491304   0.0014737631   0.0009639957  -0.0004560135   0.0003635713
        0.0067792201  -0.0138026368   0.0004878123  -0.0001158692  -0.0002752556
        0.0003212626  -0.0002445683   0.0003714775  -0.0001603147   0.0000046971
       -0.0000620989   0.0000043556   0.0000555211   0.0002454950   0.0001888945
        0.0000674886  -0.0000109213  -0.0002676134  -0.0001031126  -0.0002537579
        0.0004905247  -0.0040641713  -0.0032540155  -0.0001655629   0.0003946198
        0.0001464875   0.0001493705   0.0003523770   0.0005272709  -0.0667883009
       -0.0667718719   0.2624320839   0.0004787022   0.0001900137   0.0007405374
       -0.0003032398   0.0000529826   0.0004874799   0.0000707978  -0.0003117348
        0.0002464643  -0.0018351108   0.0026697664  -0.0011440097   0.0002514722
       -0.0001933264   0.0003435273   0.0000214300  -0.0000798906   0.0002476368
        0.0000569561   0.0000214118  -0.0000141330   0.0000000351  -0.0000060487
       -0.0000164714   0.0000366365   0.0000102201  -0.0000241489   0.0001299781
        0.0000271401   0.0000581601
        0.0007655578   0.0008150747   0.0004215995  -0.0126698975  -0.0108822377
        0.0255677936  -0.0635152494  -0.0211140286   0.0633925608   0.0009819556
       -0.0005040904   0.0009441901   0.0000689439  -0.0000094448  -0.0000247916
       -0.0000459974   0.0000948616  -0.0000116582   0.0000531881   0.0000250621
       -0.0000384306   0.0000299073  -0.0000061505  -0.0000809665  -0.0000236133
        0.0000000627   0.0000259784   0.0000994711   0.0000605447   0.0000649524
        0.0000821931  -0.0002086444  -0.0004063074   0.0001457262   0.0002310731
        0.0000205571  -0.0000769394   0.0000069940  -0.0001006503  -0.0057125593
       -0.0032958694   0.0004787022   0.0750440874   0.0271827319  -0.0744016247
       -0.0002167989  -0.0000473585   0.0040563852   0.0055105338   0.0074988969
       -0.0193138648  -0.0004810988   0.0000596681  -0.0006147225  -0.0001208731
        0.0001346639   0.0001219303   0.0000509348  -0.0000318512  -0.0000413661
        0.0000319916   0.0000100557  -0.0000137098   0.0000197104   0.0000023207
       -0.0000023628   0.0000214532   0.0000065928   0.0000056266  -0.0000426270
       -0.0000289273  -0.0000498208
       -0.0001088254   0.0003986238   0.0008423100  -0.0068120792  -0.0055584545
        0.0128130141  -0.0211213420  -0.0673172177   0.0668514050   0.0008588937
        0.0004553404  -0.0003163779   0.0002095476  -0.0000305145   0.0000272104
       -0.0000337005   0.0000178735  -0.0000245325   0.0000374700   0.0000186920
       -0.0000157918   0.0000179836  -0.0000008001  -0.0000247408   0.0000114225
        0.0000111367   0.0000045585  -0.0000009470  -0.0000124298   0.0000505334
       -0.0002716857  -0.0001736085  -0.0006011992   0.0002344850   0.0001177863
       -0.0000895491   0.0000612819  -0.0001838612   0.0001590524  -0.0032057525
       -0.0010641185   0.0001900137   0.0271827319   0.0756484650  -0.0785311693
        0.0072797267   0.0064445207  -0.0241423529  -0.0042226907  -0.0088644427
        0.0230589022  -0.0000570203   0.0002215256  -0.0000228458  -0.0000235745
       -0.0000882777  -0.0001801213   0.0000052949  -0.0000301053  -0.0000130390
       -0.0000034718   0.0000008435   0.0000068837  -0.0000054612  -0.0000050008
        0.0000002085  -0.0000094897  -0.0000054037  -0.0000109950  -0.0000227972
       -0.0000005724  -0.0000313773
       -0.0008789177  -0.0004681582   0.0010945309   0.0036684629   0.0018777852
       -0.0007636220   0.0630074495   0.0666590666  -0.2378543623  -0.0005728294
       -0.0004476852   0.0008248354  -0.0001953035  -0.0000734471  -0.0000533393
       -0.0000549292  -0.0000467162   0.0000169563  -0.0000363767  -0.0000080501
        0.0000377802  -0.0000063369   0.0000002920   0.0000121174  -0.0000444114
       -0.0000180526  -0.0000088578  -0.0000650416  -0.0000262292  -0.0000139602
       -0.0000043689   0.0000659703   0.0002802065  -0.0001299605  -0.0000794473
       -0.0000662640   0.0000221087   0.0001176498  -0.0002303198   0.0005059713
        0.0002273289   0.0007405374  -0.0744016247  -0.0785311693   0.2751576779
        0.0067533605   0.0042231435  -0.0243887560   0.0020806578   0.0066015606
       -0.0147814519   0.0002008803  -0.0000483883   0.0003278982   0.0001656000
       -0.0000654367  -0.0003562409  -0.0000463126   0.0000135186  -0.0000173737
       -0.0000019076  -0.0000048418  -0.0000169262   0.0000134361   0.0000062815
       -0.0000043173   0.0000063098   0.0000078797   0.0000137506   0.0000140837
        0.0000171454   0.0000495007
       -0.0046447529  -0.0026733648  -0.0007362156  -0.0013730542  -0.0215594601
       -0.0170135140  -0.0429106116   0.0103973696   0.0080897528   0.0006096572
       -0.0011834004  -0.0002720016   0.0000533328  -0.0000398732   0.0000670384
        0.0000716851   0.0000127601  -0.0000944990  -0.0000274242  -0.0000054893
        0.0000097025   0.0000305504   0.0000258296   0.0000565124   0.0000391471
        0.0000162668   0.0000102643   0.0000255637   0.0000173101  -0.0000306815
       -0.0001151658   0.0000726665   0.0000296492  -0.0001082909  -0.0014695234
       -0.0009437257  -0.0001242991   0.0000312096   0.0001144500   0.0006894041
        0.0000165705  -0.0003032398  -0.0002167989   0.0072797267   0.0067533605
        0.0511354179  -0.0102631648  -0.0087052920  -0.0023496321   0.0187527059
        0.0129013050  -0.0000483845   0.0001030231   0.0000736889  -0.0007511068
        0.0004624910  -0.0001165203  -0.0000782344  -0.0000240268   0.0000629150
        0.0000232053   0.0000059384  -0.0000141803   0.0000277525   0.0000118763
        0.0000051970   0.0000290945   0.0000144386   0.0000195887   0.0000129447
       -0.0000018800   0.0000364450
       -0.0039262216  -0.0014388841  -0.0001819591  -0.0022721762  -0.0136509479
       -0.0099523889   0.0104136807  -0.1888857848  -0.1154972485   0.0009364409
        0.0008381893   0.0004219427   0.0002560800   0.0000135524   0.0000758861
        0.0000519284  -0.0000089346  -0.0000987492   0.0000256082   0.0000132662
       -0.0000017875   0.0000204968   0.0000218485   0.0000640087   0.0000811896
        0.0000516973   0.0000130931  -0.0000161969   0.0000401163   0.0000238348
       -0.0000099280   0.0000538858   0.0002617728  -0.0002445646  -0.0009568540
       -0.0007624527  -0.0000447470   0.0002899100   0.0000331290   0.0002697732
       -0.0001641402   0.0000529826  -0.0000473585   0.0064445207   0.0042231435
       -0.0102631648   0.2192475573   0.1357610257   0.0049893915  -0.0221143853
       -0.0145151887  -0.0000430870  -0.0001127634  -0.0000146616  -0.0000914936
        0.0003598469   0.0000108140  -0.0000946088  -0.0000043115   0.0000782303
       -0.0000087337  -0.0000041417   0.0000151008  -0.0000042327  -0.0000068928
        0.0000033484   0.0000028348  -0.0000063464  -0.0000105577   0.0000190894
       -0.0000200038  -0.0000033184
       -0.0013716528  -0.0006121644   0.0007309078  -0.0013071262  -0.0036576917
       -0.0023433711   0.0078537661  -0.1155134478  -0.1366284025   0.0002662677
       -0.0001216837   0.0000938972   0.0000247948   0.0000792184   0.0000125212
        0.0001119885   0.0000564573   0.0000044402   0.0000046328   0.0000005252
       -0.0000196581   0.0000059423   0.0000115516   0.0000379024   0.0000473226
        0.0000166012   0.0000170411   0.0000363518   0.0000510445   0.0000031276
        0.0000575710   0.0001475527   0.0002654982  -0.0000784396  -0.0004522064
       -0.0000568118  -0.0000186486   0.0001159440  -0.0000565354   0.0002274855
        0.0004552570   0.0004874799   0.0040563852  -0.0241423529  -0.0243887560
       -0.0087052920   0.1357610257   0.1554668683  -0.0006288504   0.0076223573
        0.0064036653   0.0000497155  -0.0000927607  -0.0002621121  -0.0006635019
        0.0002991156   0.0002301433  -0.0000273577  -0.0000139009   0.0000425085
        0.0000136606   0.0000009181  -0.0000017850   0.0000014585  -0.0000027390
       -0.0000056311   0.0000128496   0.0000022521  -0.0000096575   0.0000306767
       -0.0000108732  -0.0000232804
        0.0008844444   0.0008337199   0.0003618749  -0.0234894475   0.0166753677
       -0.0109069361  -0.1465746085   0.1052918098  -0.0559365511  -0.0062635854
       -0.0026464482  -0.0003651038  -0.0006030546   0.0012619728  -0.0007153753
       -0.0002028964  -0.0001319569  -0.0000790331   0.0000942963  -0.0000860581
        0.0000116925  -0.0000103851  -0.0000056045  -0.0000118824   0.0000548999
       -0.0001377657   0.0000183586  -0.0003241100  -0.0001717422   0.0001137621
       -0.0000805167  -0.0000311409  -0.0000762071   0.0002140443   0.0001737264
        0.0001691439   0.0000552381  -0.0007502777  -0.0001549918   0.0003649818
        0.0005214198   0.0000707978   0.0055105338  -0.0042226907   0.0020806578
       -0.0023496321   0.0049893915  -0.0006288504   0.1725466386  -0.1212901228
        0.0659108267   0.0000795739  -0.0000725609   0.0001360373   0.0001492974
       -0.0003495965   0.0000332627   0.0000113661   0.0000760881  -0.0000242755
       -0.0000225735   0.0000023998   0.0000203368  -0.0000245929   0.0000230030
       -0.0000031946  -0.0000337778  -0.0000145262  -0.0000222837   0.0000138660
        0.0000615924  -0.0000020663
       -0.0011138871   0.0007697593  -0.0001896087  -0.0068700864   0.0069633648
       -0.0040694705   0.1051497243  -0.1477523852   0.0563527388  -0.0015618385
        0.0000312022  -0.0005110870  -0.0003089848   0.0003683825  -0.0000997264
       -0.0000203122   0.0000288553   0.0000523742   0.0000096398  -0.0000301638
        0.0000044640  -0.0000061733  -0.0000027553  -0.0000006735   0.0000155180
       -0.0000371275   0.0000066837  -0.0000324205  -0.0000251556  -0.0000497767
        0.0001076807  -0.0001350380   0.0001070530   0.0000120391  -0.0000365283
        0.0000200195  -0.0002327322  -0.0002501962  -0.0001378896   0.0001274297
        0.0003411201  -0.0003117348   0.0074988969  -0.0088644427   0.0066015606
        0.0187527059  -0.0221143853   0.0076223573  -0.1212901228   0.1706161213
       -0.0653594856  -0.0001115804   0.0000018013  -0.0001907861  -0.0001485889
        0.0001016027   0.0001624692  -0.0000096573  -0.0000099855  -0.0000147167
        0.0000173138   0.0000028351  -0.0000177919   0.0000121901   0.0000145021
       -0.0000037103   0.0000136740   0.0000122925   0.0000126902  -0.0000104279
        0.0000063241   0.0000140477
       -0.0002377138   0.0002367864   0.0001300168  -0.0029700847   0.0014388083
       -0.0009248191  -0.0559090261   0.0562205961  -0.0746297116  -0.0009190660
       -0.0005785660   0.0006309300  -0.0001037047   0.0002576083   0.0000573946
       -0.0000461828  -0.0000420136  -0.0000128909   0.0000092498  -0.0000241674
        0.0000010282   0.0000103557   0.0000075440   0.0000224863   0.0000208704
       -0.0000094121   0.0000145097  -0.0000545710  -0.0000172054   0.0000367434
       -0.0000808597   0.0001543542  -0.0002885502   0.0002016844  -0.0000036058
       -0.0000391091  -0.0001837012  -0.0005595998   0.0001304366   0.0005301259
       -0.0001874738   0.0002464643  -0.0193138648   0.0230589022  -0.0147814519
        0.0129013050  -0.0145151887   0.0064036653   0.0659108267  -0.0653594856
        0.0829222210   0.0002038271  -0.0000444767   0.0001665951   0.0000490239
       -0.0000503965  -0.0000713572  -0.0000151416  -0.0000009039   0.0000070061
       -0.0000095471  -0.0000031803   0.0000103147  -0.0000125200  -0.0000010322
       -0.0000044939  -0.0000077621  -0.0000048010  -0.0000156277   0.0000264767
        0.0000269091  -0.0000118006
        0.0005249715  -0.0004169953  -0.0005884977   0.0029729811   0.0060519700
       -0.0181472249   0.0007324960   0.0005851645  -0.0008285817  -0.0533663018
       -0.0127726173   0.0505363168  -0.0116506947  -0.0081020417   0.0269391608
       -0.0048906190  -0.0029728211   0.0001914425  -0.0009082368   0.0003893328
        0.0010284199   0.0001987105   0.0000518057   0.0000108400   0.0001968921
        0.0003021990   0.0001258314   0.0004040213   0.0007261690   0.0018589924
        0.0000261468   0.0001586069   0.0002642630  -0.0001242586  -0.0001699917
        0.0001562308  -0.0000261087  -0.0002041921  -0.0000403041  -0.0022733351
        0.0028207811  -0.0018351108  -0.0004810988  -0.0000570203   0.0002008803
       -0.0000483845  -0.0000430870   0.0000497155   0.0000795739  -0.0001115804
        0.0002038271   0.0678678942   0.0142742833  -0.0586192137   0.0012238317
        0.0002972203  -0.0002431090   0.0000318771  -0.0001838633  -0.0003175767
       -0.0004304243  -0.0000886108   0.0000623516   0.0000548522  -0.0000592139
       -0.0000422032   0.0001084217   0.0000552256  -0.0000213683  -0.0002232079
       -0.0005307234  -0.0009450822
       -0.0004787331   0.0007394059   0.0010520281  -0.0017571284  -0.0073189984
        0.0212992054  -0.0005723436   0.0004079613  -0.0004816515  -0.0139498863
       -0.0556372217   0.0465871424  -0.0037684401  -0.0020879994   0.0112838301
       -0.0024060941  -0.0003357387  -0.0000440917  -0.0001358901   0.0003801994
        0.0004826679   0.0001026149   0.0000283794  -0.0000678237   0.0002012271
        0.0001392039  -0.0000078925   0.0000748327   0.0002102542   0.0010097847
        0.0005469463  -0.0003339126  -0.0004122837  -0.0001514045  -0.0001761822
        0.0000723021  -0.0001634470   0.0002099041  -0.0001502168   0.0029279528
       -0.0029755361   0.0026697664   0.0000596681   0.0002215256  -0.0000483883
        0.0001030231  -0.0001127634  -0.0000927607  -0.0000725609   0.0000018013
       -0.0000444767   0.0142742833   0.0633634570  -0.0568707369   0.0056720076
        0.0038668104  -0.0257335206  -0.0000212969  -0.0001112861   0.0000765383
       -0.0001390162  -0.0001231714   0.0000653480   0.0000232999  -0.0000232903
       -0.0000059986   0.0000338295  -0.0000015623  -0.0000146614  -0.0004034443
       -0.0003312398  -0.0006241103
        0.0005192097  -0.0012259965   0.0012949900   0.0000189094   0.0070676595
       -0.0153574831   0.0004631563  -0.0003130010   0.0005912942   0.0515729996
        0.0466100365  -0.2486416131   0.0046842124   0.0017875410  -0.0049260597
        0.0011396157   0.0007133564   0.0001096320  -0.0000461037  -0.0001691066
       -0.0001871075  -0.0002025680  -0.0000448196   0.0002736153   0.0000320821
       -0.0002207466  -0.0002042898  -0.0019630949  -0.0008130018   0.0011515137
       -0.0001379093   0.0002057868   0.0004428866   0.0000268846   0.0001107833
       -0.0001414014   0.0001658271  -0.0002721069   0.0000362188  -0.0021875981
        0.0023218182  -0.0011440097  -0.0006147225  -0.0000228458   0.0003278982
        0.0000736889  -0.0000146616  -0.0002621121   0.0001360373  -0.0001907861
        0.0001665951  -0.0586192137  -0.0568707369   0.2889956763   0.0050492862
        0.0010767690  -0.0230159896  -0.0001505174   0.0000018276   0.0002641636
        0.0001156764   0.0000391445  -0.0000715236   0.0000537030   0.0000889343
       -0.0000101426  -0.0000123191   0.0000156641   0.0000548478  -0.0001172420
        0.0001184880   0.0002524007
       -0.0024339450   0.0030454041  -0.0014290952  -0.0015486858   0.0173635270
        0.0092793727   0.0003929334   0.0013214509   0.0006501326  -0.0383693199
       -0.0111054490  -0.0043469275  -0.0076850076  -0.0253810387  -0.0156754122
       -0.0000694478  -0.0004142294  -0.0013417124   0.0001726905   0.0006217896
       -0.0002395313   0.0000989963  -0.0000676988  -0.0002962453  -0.0013356814
        0.0005683754  -0.0008123308  -0.0035256876  -0.0021946684   0.0008626581
        0.0000022661  -0.0000944693  -0.0001705618  -0.0001563196  -0.0001301800
       -0.0001013479  -0.0001814831   0.0011336372   0.0005269778   0.0003661606
       -0.0003735646   0.0002514722  -0.0001208731  -0.0000235745   0.0001656000
       -0.0007511068  -0.0000914936  -0.0006635019   0.0001492974  -0.0001485889
        0.0000490239   0.0012238317   0.0056720076   0.0050492862   0.0537624345
        0.0108844888   0.0073649107   0.0001123812  -0.0002139461   0.0005896261
        0.0000938681   0.0000566459  -0.0000099745   0.0000934492  -0.0001335075
        0.0000611945  -0.0003091939  -0.0000860949  -0.0000298954   0.0000184425
       -0.0002088229   0.0002662813
        0.0034613949  -0.0031079191   0.0021163731   0.0040665007  -0.0225021875
       -0.0113119590  -0.0013152654   0.0011198720  -0.0002642892  -0.0109073137
       -0.1963599969  -0.1060994685  -0.0048418004  -0.0117104441  -0.0085506691
        0.0006411839   0.0007327954  -0.0007739306   0.0000405866   0.0003409337
       -0.0002536939   0.0001932789   0.0001112511   0.0002246432  -0.0001288112
        0.0005182768  -0.0005507607  -0.0021809660  -0.0011922211   0.0004240601
       -0.0000529603   0.0000807983   0.0002484222   0.0000233980   0.0002681645
        0.0001138556   0.0003020293  -0.0013797370  -0.0007672721  -0.0003682854
       -0.0000092622  -0.0001933264   0.0001346639  -0.0000882777  -0.0000654367
        0.0004624910   0.0003598469   0.0002991156  -0.0003495965   0.0001016027
       -0.0000503965   0.0002972203   0.0038668104   0.0010767690   0.0108844888
        0.2294048365   0.1233500185  -0.0002523693  -0.0002455974   0.0007904758
        0.0000246212   0.0000103258   0.0000627968   0.0000011425  -0.0001182308
        0.0000479916  -0.0001747916  -0.0001055645  -0.0000570567   0.0000391597
       -0.0000960761   0.0001837382
       -0.0009963112   0.0008018439   0.0003730215  -0.0005024713   0.0069697582
        0.0052978257   0.0000256218   0.0006239472   0.0005122591  -0.0027945817
       -0.1054939172  -0.1173933080  -0.0037977977  -0.0020207761  -0.0001406567
        0.0016659661   0.0010289274   0.0004840804  -0.0004200481   0.0000791319
       -0.0003368155   0.0001240431   0.0001464833   0.0002443259  -0.0001648353
        0.0001476537  -0.0000342415  -0.0005869884  -0.0004285041   0.0002773388
       -0.0001816279   0.0001237739   0.0001352938   0.0000900116   0.0000933774
       -0.0001210340  -0.0000759071   0.0002429771   0.0003253882   0.0000648717
        0.0002721327   0.0003435273   0.0001219303  -0.0001801213  -0.0003562409
       -0.0001165203   0.0000108140   0.0002301433   0.0000332627   0.0001624692
       -0.0000713572  -0.0002431090  -0.0257335206  -0.0230159896   0.0073649107
        0.1233500185   0.1331024805   0.0002697991  -0.0000684699  -0.0001270610
        0.0000059177  -0.0000004855   0.0000238815  -0.0000121450  -0.0001278804
        0.0000208199  -0.0000350964  -0.0000355953  -0.0000261458   0.0001611047
        0.0000359623   0.0002524643
        0.0000320011   0.0000501363  -0.0000401023  -0.0002638311  -0.0000361404
        0.0005100071  -0.0000968782   0.0000411179  -0.0000213459  -0.0000050166
        0.0015198822   0.0007941927   0.0059186566   0.0040374488   0.0096459500
       -0.0900883507  -0.0427411709  -0.0896786482  -0.0145273546  -0.0112008365
       -0.0236308540  -0.0037842631  -0.0048619807   0.0011912412  -0.0001872458
        0.0001152010   0.0005249976   0.0004218225  -0.0025051561   0.0032361438
        0.0000137531  -0.0000482099  -0.0000805991  -0.0000009525  -0.0000699301
       -0.0000427489   0.0000043898  -0.0000486337  -0.0000254159  -0.0002708543
        0.0003872359   0.0000214300   0.0000509348   0.0000052949  -0.0000463126
       -0.0000782344  -0.0000946088  -0.0000273577   0.0000113661  -0.0000096573
       -0.0000151416   0.0000318771  -0.0000212969  -0.0001505174   0.0001123812
       -0.0002523693   0.0002697991   0.1036589769   0.0544456037   0.0991421199
        0.0001399579   0.0010669189  -0.0008871671  -0.0009298400  -0.0006924761
       -0.0012054414  -0.0003060391   0.0006276984  -0.0001427706   0.0001427434
        0.0002859287   0.0006585415
        0.0000314946   0.0000051949   0.0000866857   0.0003815454   0.0003361771
       -0.0001658038   0.0000377856  -0.0000905393   0.0001664354   0.0011421271
       -0.0015018277   0.0012719393  -0.0008404809   0.0005657734  -0.0010790252
       -0.0428267305  -0.0682799365  -0.0761160029  -0.0066753992  -0.0043238348
       -0.0103815238  -0.0050092982   0.0058782073  -0.0008376766   0.0001148832
       -0.0000722608   0.0004091512  -0.0023232384   0.0066209644  -0.0009620225
       -0.0000216499  -0.0000022004   0.0000244810  -0.0000667485  -0.0000164639
       -0.0000259521   0.0000137657  -0.0000357707  -0.0000098198   0.0004349895
       -0.0001491976  -0.0000798906  -0.0000318512  -0.0000301053   0.0000135186
       -0.0000240268  -0.0000043115  -0.0000139009   0.0000760881  -0.0000099855
       -0.0000009039  -0.0001838633  -0.0001112861   0.0000018276  -0.0002139461
       -0.0002455974  -0.0000684699   0.0544456037   0.0654923463   0.0877079093
        0.0013092974  -0.0021371263   0.0003796315  -0.0004385558  -0.0002707949
       -0.0005638634   0.0006316037  -0.0015294835   0.0002885023   0.0000366049
       -0.0000879412  -0.0000452264
        0.0000190169  -0.0000306774   0.0002071939  -0.0001069785   0.0000574603
       -0.0001871562  -0.0000930696  -0.0000141665   0.0001208225  -0.0013952254
       -0.0000972354   0.0009403578  -0.0111482393  -0.0104519497  -0.0260973300
       -0.0901000731  -0.0759562749  -0.2160778527  -0.0013075556  -0.0008340294
       -0.0008600119   0.0005896669  -0.0010847148   0.0017238911   0.0006130896
        0.0004108201   0.0005143099   0.0037067907  -0.0008908190  -0.0042458707
       -0.0000971486   0.0000204386   0.0000253047  -0.0000714883   0.0000631584
       -0.0001173220   0.0000282828   0.0000016233   0.0000475372   0.0004433042
       -0.0004141026   0.0002476368  -0.0000413661  -0.0000130390  -0.0000173737
        0.0000629150   0.0000782303   0.0000425085  -0.0000242755  -0.0000147167
        0.0000070061  -0.0003175767   0.0000765383   0.0002641636   0.0005896261
        0.0007904758  -0.0001270610   0.0991421199   0.0877079093   0.2445182554
        0.0003694889   0.0009185917   0.0009207228  -0.0000727803  -0.0000800982
       -0.0001644789  -0.0001637191   0.0002974869  -0.0000753583  -0.0006248049
       -0.0005409093  -0.0016098948
       -0.0000374953   0.0000517428  -0.0000259760   0.0000015854  -0.0001064108
        0.0001247783  -0.0000820645   0.0000659954  -0.0000355795  -0.0007255538
        0.0000814531   0.0012851587  -0.0036791520  -0.0049898881   0.0003336690
       -0.0156204058  -0.0018240960   0.0254189392  -0.1005943543  -0.0065084800
        0.1072449227   0.0056281936   0.0000120931  -0.0102315560   0.0009570857
       -0.0033728963  -0.0019289305  -0.0001325028  -0.0001251739  -0.0006850304
        0.0000295404  -0.0000275027  -0.0000206279   0.0000084406  -0.0000778553
       -0.0000066787  -0.0000165596   0.0000014860  -0.0000168520   0.0000383222
       -0.0000264994   0.0000569561   0.0000319916  -0.0000034718  -0.0000019076
        0.0000232053  -0.0000087337   0.0000136606  -0.0000225735   0.0000173138
       -0.0000095471  -0.0004304243  -0.0001390162   0.0001156764   0.0000938681
        0.0000246212   0.0000059177   0.0001399579   0.0013092974   0.0003694889
        0.1141305519   0.0139634316  -0.1204148810   0.0003919585   0.0010766730
       -0.0009649917   0.0001781459  -0.0000232994  -0.0005377973  -0.0003117612
        0.0006292162  -0.0000888121
       -0.0000016815   0.0000315153  -0.0000000368   0.0000275755  -0.0000113491
        0.0000334700  -0.0000204639   0.0000134561  -0.0000113414  -0.0002482818
        0.0000000858   0.0005597338  -0.0049905861   0.0059810051  -0.0011564874
       -0.0062877991   0.0001070059   0.0098709989  -0.0065758349  -0.0363727464
        0.0040054035   0.0045806495   0.0007256450  -0.0095796085  -0.0034563125
        0.0058353753  -0.0031514984  -0.0001900863  -0.0002664871  -0.0001168383
        0.0000009643  -0.0000105623  -0.0000084571  -0.0000267017  -0.0000381990
       -0.0000131627  -0.0000029832  -0.0000085024  -0.0000034056   0.0000242994
       -0.0000083096   0.0000214118   0.0000100557   0.0000008435  -0.0000048418
        0.0000059384  -0.0000041417   0.0000009181   0.0000023998   0.0000028351
       -0.0000031803  -0.0000886108  -0.0001231714   0.0000391445   0.0000566459
        0.0000103258  -0.0000004855   0.0010669189  -0.0021371263   0.0009185917
        0.0139634316   0.0297873584  -0.0013787116   0.0013109355  -0.0019753182
        0.0002336525   0.0002059274  -0.0000324311  -0.0005606738   0.0006335999
       -0.0015071067   0.0003054043
        0.0000483614  -0.0000171025   0.0000883909  -0.0000414497   0.0001153516
       -0.0000732192   0.0000192892  -0.0000483432   0.0000532920   0.0000809919
       -0.0001516694  -0.0002698205   0.0010396339  -0.0009437241   0.0017074429
        0.0033614125   0.0004663407  -0.0039453361   0.1071817582   0.0040911854
       -0.2391714911   0.0121191621  -0.0001726402  -0.0255605386  -0.0025534756
       -0.0033924748  -0.0034337173  -0.0006247611  -0.0000852931   0.0007511664
       -0.0000353732   0.0000052616  -0.0000188281  -0.0000346389   0.0000452907
       -0.0000457599   0.0000214709  -0.0000252978   0.0000135320   0.0000228066
       -0.0000080891  -0.0000141330  -0.0000137098   0.0000068837  -0.0000169262
       -0.0000141803   0.0000151008  -0.0000017850   0.0000203368  -0.0000177919
        0.0000103147   0.0000623516   0.0000653480  -0.0000715236  -0.0000099745
        0.0000627968   0.0000238815  -0.0008871671   0.0003796315   0.0009207228
       -0.1204148810  -0.0013787116   0.2701145854   0.0001782746   0.0007241090
        0.0006259503   0.0005843204  -0.0000560664  -0.0016060573  -0.0001105590
        0.0003199045  -0.0000801428
       -0.0000738930   0.0000356268  -0.0000418533  -0.0000734710  -0.0001520504
        0.0000910494  -0.0000795260   0.0000673084  -0.0000298452  -0.0002620801
        0.0007478031  -0.0002045352   0.0009451667   0.0004003518  -0.0000312287
        0.0008297335  -0.0034756944  -0.0024307001  -0.0153667663  -0.0068257252
       -0.0004308926  -0.2589919030  -0.0935612930   0.0130368062  -0.0165236931
       -0.0067558870   0.0023569118   0.0005968564  -0.0023876737   0.0037723456
        0.0000401372  -0.0000156848   0.0000102697   0.0000222454  -0.0000805264
        0.0000146333  -0.0000167065   0.0000185976  -0.0000196333   0.0000474307
       -0.0000198867   0.0000000351   0.0000197104  -0.0000054612   0.0000134361
        0.0000277525  -0.0000042327   0.0000014585  -0.0000245929   0.0000121901
       -0.0000125200   0.0000548522   0.0000232999   0.0000537030   0.0000934492
        0.0000011425  -0.0000121450  -0.0009298400  -0.0004385558  -0.0000727803
        0.0003919585   0.0013109355   0.0001782746   0.2898850823   0.1103785815
       -0.0157780346   0.0003713772   0.0011488079  -0.0006630263  -0.0009832804
       -0.0004219738   0.0001982713
       -0.0000226388   0.0000354302  -0.0000094805   0.0002494717   0.0000932733
        0.0000711848   0.0000326345  -0.0000269254   0.0000310324   0.0006913667
       -0.0012564568   0.0002493560   0.0002428881   0.0001155352  -0.0001477358
       -0.0033191790   0.0057024719  -0.0033356535  -0.0113740506  -0.0044439947
       -0.0002374470  -0.0935215487  -0.0729441839   0.0033850595  -0.0023746087
       -0.0004632107   0.0005129436  -0.0024139392   0.0067568293  -0.0007234853
        0.0000131126  -0.0000078844   0.0000094171  -0.0000181347  -0.0000448356
        0.0000001853  -0.0000066760   0.0000027503  -0.0000078636   0.0000362826
       -0.0000132296  -0.0000060487   0.0000023207  -0.0000050008   0.0000062815
        0.0000118763  -0.0000068928  -0.0000027390   0.0000230030   0.0000145021
       -0.0000010322  -0.0000592139  -0.0000232903   0.0000889343  -0.0001335075
       -0.0001182308  -0.0001278804  -0.0006924761  -0.0002707949  -0.0000800982
        0.0010766730  -0.0019753182   0.0007241090   0.1103785815   0.0708640814
       -0.0007687128   0.0013814457  -0.0019582721   0.0003582130  -0.0002036833
       -0.0000263527   0.0000114605
        0.0000330487  -0.0000154387   0.0000825908  -0.0000614820  -0.0000136701
        0.0000077123  -0.0000195887   0.0000077727   0.0000256716  -0.0001376207
        0.0002905251   0.0001062236  -0.0000055842  -0.0001500165  -0.0006923784
       -0.0018924598  -0.0030637236  -0.0033684087  -0.0227768158  -0.0097127233
        0.0004102101   0.0130323065   0.0034081773  -0.0443542845   0.0247512901
        0.0099683527  -0.0024682980   0.0031896152  -0.0010164382  -0.0040285009
       -0.0000348719  -0.0000028099  -0.0000042521  -0.0000201602   0.0000299424
       -0.0000540317   0.0000098101   0.0000001216   0.0000048036   0.0000469915
       -0.0000252511  -0.0000164714  -0.0000023628   0.0000002085  -0.0000043173
        0.0000051970   0.0000033484  -0.0000056311  -0.0000031946  -0.0000037103
       -0.0000044939  -0.0000422032  -0.0000059986  -0.0000101426   0.0000611945
        0.0000479916   0.0000208199  -0.0012054414  -0.0005638634  -0.0001644789
       -0.0009649917   0.0002336525   0.0006259503  -0.0157780346  -0.0007687128
        0.0536245181   0.0004793227   0.0008450211   0.0005926147   0.0013360354
        0.0005072427  -0.0003254257
       -0.0000523868   0.0000641416   0.0000005686  -0.0000546379  -0.0001629401
        0.0000858022  -0.0001063815   0.0000939915  -0.0000328344  -0.0006895768
       -0.0003793634  -0.0012721812  -0.0037081984  -0.0047688936   0.0012677089
       -0.0002012366   0.0001280395   0.0006475877   0.0007302927  -0.0024763156
        0.0032795282   0.0056952314   0.0042798761   0.0108681640  -0.0914662144
       -0.0426602406  -0.0914294713  -0.0143218913  -0.0111459605  -0.0234895824
        0.0000164042  -0.0000416512  -0.0000189946   0.0000174056  -0.0001057918
       -0.0000511236  -0.0000069677  -0.0000062687  -0.0000130608   0.0000406943
       -0.0000173155   0.0000366365   0.0000214532  -0.0000094897   0.0000063098
        0.0000290945   0.0000028348   0.0000128496  -0.0000337778   0.0000136740
       -0.0000077621   0.0001084217   0.0000338295  -0.0000123191  -0.0003091939
       -0.0001747916  -0.0000350964  -0.0003060391   0.0006316037  -0.0001637191
        0.0001781459   0.0002059274   0.0005843204   0.0003713772   0.0013814457
        0.0004793227   0.1039219864   0.0540754195   0.1001248655   0.0001259951
        0.0010382389  -0.0008675190
        0.0000138420   0.0000513641   0.0000074686  -0.0000607829  -0.0000247970
        0.0000720215  -0.0000479626   0.0000391220  -0.0000026074  -0.0001380359
       -0.0002565612  -0.0006294605  -0.0050552673   0.0059469765  -0.0007650379
        0.0000834675  -0.0000716081   0.0004438037  -0.0023358060   0.0068242147
       -0.0010119816  -0.0001517066   0.0005334068  -0.0006209455  -0.0426809042
       -0.0675719658  -0.0753723984  -0.0066843049  -0.0041255370  -0.0103730840
       -0.0000006943  -0.0000170119   0.0000010621  -0.0000647916  -0.0000489843
       -0.0000455616   0.0000020663   0.0000065908  -0.0000057870   0.0000148419
       -0.0000143998   0.0000102201   0.0000065928  -0.0000054037   0.0000078797
        0.0000144386  -0.0000063464   0.0000022521  -0.0000145262   0.0000122925
       -0.0000048010   0.0000552256  -0.0000015623   0.0000156641  -0.0000860949
       -0.0001055645  -0.0000355953   0.0006276984  -0.0015294835   0.0002974869
       -0.0000232994  -0.0000324311  -0.0000560664   0.0011488079  -0.0019582721
        0.0008450211   0.0540754195   0.0644642325   0.0868709913   0.0013017763
       -0.0021082710   0.0003494553
       -0.0000235494   0.0000158158   0.0000460468   0.0000245631  -0.0001066653
        0.0000862607  -0.0000350253   0.0000548428   0.0000065587  -0.0000207104
        0.0001036202  -0.0001950110   0.0006475771  -0.0009892181   0.0016565094
        0.0006128879   0.0004216977   0.0005998345   0.0038979697  -0.0007676948
       -0.0040998173  -0.0114944409  -0.0101125106  -0.0254833133  -0.0913487121
       -0.0754049711  -0.2170550373  -0.0014206503  -0.0009470120  -0.0009241022
        0.0000006120  -0.0000186210   0.0000108883  -0.0000234292  -0.0000344368
       -0.0000641602   0.0000044731   0.0000212465  -0.0000090058   0.0000519349
       -0.0000040177  -0.0000241489   0.0000056266  -0.0000109950   0.0000137506
        0.0000195887  -0.0000105577  -0.0000096575  -0.0000222837   0.0000126902
       -0.0000156277  -0.0000213683  -0.0000146614   0.0000548478  -0.0000298954
       -0.0000570567  -0.0000261458  -0.0001427706   0.0002885023  -0.0000753583
       -0.0005377973  -0.0005606738  -0.0016060573  -0.0006630263   0.0003582130
        0.0005926147   0.1001248655   0.0868709913   0.2455952819   0.0003935604
        0.0008914722   0.0009248494
        0.0000036409   0.0001898508  -0.0002485873  -0.0002096260  -0.0000771182
       -0.0001308493  -0.0000877853  -0.0000026040  -0.0000583568   0.0004925391
        0.0010564916  -0.0018949584   0.0052947548   0.0000580329  -0.0088420635
        0.0007014879  -0.0034077818  -0.0018338535  -0.0001298796  -0.0000755530
       -0.0005531707  -0.0037544523  -0.0049725991   0.0004474952  -0.0157030341
       -0.0018383280   0.0254223854  -0.0987644452  -0.0069336776   0.1059312111
       -0.0002609637   0.0000665935   0.0000741952   0.0000284131   0.0000579444
       -0.0000995362  -0.0000579090  -0.0000729307   0.0000858461   0.0000282731
       -0.0000368452   0.0001299781  -0.0000426270  -0.0000227972   0.0000140837
        0.0000129447   0.0000190894   0.0000306767   0.0000138660  -0.0000104279
        0.0000264767  -0.0002232079  -0.0004034443  -0.0001172420   0.0000184425
        0.0000391597   0.0001611047   0.0001427434   0.0000366049  -0.0006248049
       -0.0003117612   0.0006335999  -0.0001105590  -0.0009832804  -0.0002036833
        0.0013360354   0.0001259951   0.0013017763   0.0003935604   0.1136658711
        0.0145986470  -0.1195390671
       -0.0000231839  -0.0000476324  -0.0000298450   0.0003400336   0.0002328847
        0.0000696722   0.0000773572  -0.0001072633   0.0000259185   0.0016695562
       -0.0015650388  -0.0004171980   0.0037480619   0.0007104911  -0.0093365920
       -0.0034535152   0.0056998012  -0.0031335729  -0.0000944606  -0.0002668837
       -0.0000903305  -0.0048724433   0.0058016814  -0.0010739306  -0.0062936220
       -0.0001100453   0.0100078995  -0.0068003637  -0.0360233246   0.0045076266
        0.0000980115   0.0000761866   0.0000235216   0.0001166079  -0.0001228969
        0.0002838393   0.0000200551  -0.0000123538  -0.0000080432   0.0000466095
       -0.0000763122   0.0000271401  -0.0000289273  -0.0000005724   0.0000171454
       -0.0000018800  -0.0000200038  -0.0000108732   0.0000615924   0.0000063241
        0.0000269091  -0.0005307234  -0.0003312398   0.0001184880  -0.0002088229
       -0.0000960761   0.0000359623   0.0002859287  -0.0000879412  -0.0005409093
        0.0006292162  -0.0015071067   0.0003199045  -0.0004219738  -0.0000263527
        0.0005072427   0.0010382389  -0.0021082710   0.0008914722   0.0145986470
        0.0299819457  -0.0022214472
        0.0001088456  -0.0000847799   0.0003216758  -0.0000855822  -0.0001343540
       -0.0001389343   0.0000080827   0.0000409484   0.0000856555   0.0010436957
        0.0012341319   0.0009333962   0.0119480677  -0.0001915128  -0.0264535195
       -0.0023375246  -0.0032590546  -0.0036192372  -0.0006570745  -0.0001150566
        0.0006436923   0.0010446742  -0.0008029061   0.0017096433   0.0032080682
        0.0004661415  -0.0038724404   0.1060755100   0.0046246875  -0.2396516960
       -0.0002890777  -0.0000082436   0.0001608146  -0.0000583411   0.0003911600
       -0.0004162126   0.0001643909  -0.0000165498   0.0000747970   0.0001590937
       -0.0000832382   0.0000581601  -0.0000498208  -0.0000313773   0.0000495007
        0.0000364450  -0.0000033184  -0.0000232804  -0.0000020663   0.0000140477
       -0.0000118006  -0.0009450822  -0.0006241103   0.0002524007   0.0002662813
        0.0001837382   0.0002524643   0.0006585415  -0.0000452264  -0.0016098948
       -0.0000888121   0.0003054043  -0.0000801428   0.0001982713   0.0000114605
       -0.0003254257  -0.0008675190   0.0003494553   0.0009248494  -0.1195390671
       -0.0022214472   0.2707355344
