$hessian                                                                        
        0.5104631211  -0.0232501841  -0.0159760919  -0.0811209636  -0.0320879105
       -0.0344792140  -0.0109841218  -0.0173204913  -0.0160338867  -0.0068977102
       -0.0055699205   0.0021371707   0.0004414383  -0.0001714871   0.0012775233
        0.0003335753  -0.0003642840  -0.0000845087  -0.0968783634   0.1007676941
       -0.0169024211  -0.0461699189  -0.0053383720   0.0229103753  -0.2733543109
       -0.0247845239   0.0507146877   0.0013547587  -0.0004153048  -0.0014424942
        0.0047238216   0.0094258973   0.0083153239  -0.0003925714  -0.0004861878
       -0.0000118960  -0.0012331953  -0.0002394582  -0.0003417384   0.0000617642
        0.0000235385   0.0000044539  -0.0001486278  -0.0000627272  -0.0000490483
       -0.0001986957  -0.0001262784  -0.0000382355
       -0.0232501841   0.4953895095  -0.0284812815  -0.0286356620  -0.1328737203
       -0.0608628739  -0.0112175149  -0.0092511769  -0.0021567000  -0.0016908910
        0.0023601020  -0.0003000129   0.0002332167  -0.0009687544   0.0004567417
       -0.0000841771  -0.0003952285  -0.0000233288   0.1013617512  -0.2282655121
        0.0334865459  -0.0053205841  -0.0628209989   0.0657056823  -0.0253977837
       -0.0453944975   0.0073976034   0.0015842523   0.0039252884   0.0012292572
       -0.0081750466  -0.0222668516  -0.0163478895   0.0005876703   0.0002348436
        0.0002027224  -0.0001455969   0.0002053335  -0.0003212821   0.0000697129
        0.0000060266  -0.0000166455   0.0000312799   0.0000742296  -0.0000375850
        0.0000495571   0.0000414071   0.0000690462
       -0.0159760919  -0.0284812815   0.4988314923  -0.0301074326  -0.0591089825
       -0.1120821226  -0.0020780280   0.0011168150   0.0026758469   0.0019428109
        0.0017413808  -0.0005848853   0.0003348706   0.0001312010  -0.0007935493
       -0.0000289563  -0.0000687141  -0.0000072879  -0.0167855640   0.0332154132
       -0.0494537738   0.0229968784   0.0661606368  -0.2634533404   0.0503303581
        0.0075287547  -0.0540969071  -0.0113402933  -0.0210862166  -0.0225336612
        0.0000446106  -0.0012053448   0.0008322328  -0.0002030655   0.0000945746
        0.0000086250   0.0007472801  -0.0001189738   0.0005321755   0.0000055586
        0.0000007183   0.0000240943  -0.0000351700   0.0000206746   0.0000202898
        0.0001522343   0.0000593442   0.0000807709
       -0.0811209636  -0.0286356620  -0.0301074326   0.4552593389  -0.0231418061
        0.0125029980  -0.1654044425  -0.0126334080   0.0185737405  -0.0240378837
       -0.0320663638   0.0029523167  -0.0216581796   0.0023264875   0.0072036290
       -0.0014284307   0.0029972510   0.0011859298   0.0054356512   0.0092750228
        0.0083672071   0.0003982259   0.0006300641  -0.0015976197  -0.0149597066
       -0.0231093201  -0.0183696232  -0.0380506470  -0.0011013651   0.0110615652
       -0.1116369553   0.1058315998  -0.0124970334  -0.0006350945  -0.0005698233
        0.0000178853  -0.0011199814   0.0004019975   0.0007452543  -0.0013936957
       -0.0001659097   0.0000869444   0.0001645810   0.0000134242  -0.0002258896
        0.0001881838  -0.0000521890   0.0001001281
       -0.0320879105  -0.1328737203  -0.0591089825  -0.0231418061   0.5180507042
       -0.0065132538  -0.0033379395  -0.0646261222   0.0013254164  -0.0512966254
       -0.0308805726   0.0045698587   0.0162176216   0.0045218388  -0.0048874727
        0.0023653614  -0.0026143110  -0.0016452011  -0.0088536917  -0.0238415274
       -0.0168163488   0.0017082371   0.0045281943   0.0007428435  -0.0046931218
       -0.0055614640  -0.0040490540  -0.0032188811  -0.0613201685   0.0708879884
        0.1051880799  -0.2056652498   0.0158944869  -0.0001236282   0.0007208905
       -0.0001089699   0.0002079870  -0.0003777106  -0.0001724539   0.0011711130
        0.0002949726  -0.0000150235   0.0000754309  -0.0001689375  -0.0000737582
       -0.0001802266  -0.0001868165  -0.0000300755
       -0.0344792140  -0.0608628739  -0.1120821226   0.0125029980  -0.0065132538
        0.4613783854   0.0147730904  -0.0006564357  -0.0699862994  -0.0000463073
        0.0026860670   0.0193582650   0.0087103748  -0.0020021982   0.0081224849
        0.0005594697  -0.0017766620   0.0011997859   0.0016695408  -0.0006319450
        0.0013734421  -0.0117828024  -0.0213783514  -0.0216544017  -0.0003003886
        0.0006182948   0.0018853649   0.0199730623   0.0734110068  -0.2449225355
       -0.0119581860   0.0168625595  -0.0445248627   0.0014083697  -0.0012330545
       -0.0002060230  -0.0013802041   0.0014021675   0.0000960539   0.0005181176
        0.0000554386   0.0000279803  -0.0003848986   0.0000153132   0.0000589471
        0.0002169778   0.0000039271  -0.0001244647
       -0.0109841218  -0.0112175149  -0.0020780280  -0.1654044425  -0.0033379395
        0.0147730904   0.4769187296   0.1223479996  -0.0325487810  -0.1337233793
       -0.1701392229  -0.0138207375  -0.1160269068   0.0477861941   0.0141232022
       -0.0279249642   0.0195755840   0.0082097993   0.0006512048   0.0006368218
       -0.0004408289   0.0007734925   0.0000837803   0.0012099360   0.0010093952
        0.0000361501  -0.0002281889  -0.0040716796  -0.0031559349   0.0046412578
       -0.0244735419   0.0006078435   0.0070708620   0.0037421006  -0.0002262618
        0.0004658583   0.0059513199  -0.0028021375  -0.0018596765  -0.0063048979
       -0.0017834263  -0.0000954438   0.0000298402   0.0006278212   0.0004616554
       -0.0001621488   0.0009602431   0.0001160232
       -0.0173204913  -0.0092511769   0.0011168150  -0.0126334080  -0.0646261222
       -0.0006564357   0.1223479996   0.8007369437   0.0747505326  -0.1734225670
       -0.5886078838  -0.0542557033   0.0545396064  -0.1077771250  -0.0114906985
        0.0044728596   0.0033478763  -0.0011512539  -0.0005644423  -0.0008052986
        0.0002887306   0.0001222949   0.0010913657   0.0007347410  -0.0008495460
       -0.0015564408  -0.0017623579  -0.0105242863  -0.0023152961   0.0060162593
        0.0264211512   0.0034121923  -0.0033726808   0.0098298855  -0.0233777985
       -0.0041173805   0.0028584485  -0.0111845821  -0.0066982620  -0.0029443938
       -0.0005892439   0.0000645210  -0.0010056273   0.0004251031   0.0017372910
       -0.0013274838   0.0010774867  -0.0012041180
       -0.0160338867  -0.0021567000   0.0026758469   0.0185737405   0.0013254164
       -0.0699862994  -0.0325487810   0.0747505326   0.2258235377  -0.0151733399
       -0.0558504865  -0.0654676475   0.0181497560  -0.0132978635  -0.0751903315
        0.0032396139  -0.0006236451   0.0000844053   0.0000395560   0.0003059692
        0.0004333233  -0.0014693620  -0.0004845300  -0.0002518548  -0.0020943265
       -0.0032572765  -0.0021965720   0.0272500699   0.0078231643  -0.0102726111
       -0.0012404062  -0.0007921488   0.0010110448  -0.0124551440   0.0159145924
        0.0030950471   0.0143191242  -0.0239059627  -0.0106155221  -0.0000719829
       -0.0000208185   0.0005290469   0.0007838523  -0.0002577938   0.0002765717
       -0.0012684837   0.0005275506   0.0000520149
       -0.0068977102  -0.0016908910   0.0019428109  -0.0240378837  -0.0512966254
       -0.0000463073  -0.1337233793  -0.1734225670  -0.0151733399   0.1539414302
        0.2058855022   0.0085824061   0.0114511575   0.0156815620   0.0036781256
        0.0005965823   0.0027923378   0.0008189236  -0.0000491450  -0.0000638436
        0.0001291238   0.0000527450   0.0003725542  -0.0000249214  -0.0012781265
       -0.0017056533  -0.0014280581  -0.0031558162  -0.0016165291   0.0010300202
        0.0037267225  -0.0005181500  -0.0010421732  -0.0009404627   0.0025322793
        0.0003794026  -0.0014225556   0.0025532812   0.0012864051   0.0008947455
        0.0007428715   0.0000926517   0.0001839543   0.0002803104  -0.0006741140
        0.0006577419  -0.0005264393   0.0004490443
       -0.0055699205   0.0023601020   0.0017413808  -0.0320663638  -0.0308805726
        0.0026860670  -0.1701392229  -0.5886078838  -0.0558504865   0.2058855022
        0.6921819452   0.0709224470  -0.0006138446  -0.0678273667  -0.0155685353
       -0.0034812075   0.0028716026   0.0014785142   0.0005132492   0.0004275523
        0.0001196262   0.0000633835  -0.0002128527  -0.0005330994  -0.0015843384
       -0.0018647605  -0.0014452263  -0.0013981287  -0.0005630409  -0.0001995804
        0.0001624359   0.0009101430  -0.0015279670   0.0044139709  -0.0049884080
       -0.0012676829   0.0035668852  -0.0042895545  -0.0006721991  -0.0005040534
        0.0003988914   0.0001806195   0.0003502134   0.0002194009  -0.0010398478
        0.0004014393  -0.0001351976   0.0009759701
        0.0021371707  -0.0003000129  -0.0005848853   0.0029523167   0.0045698587
        0.0193582650  -0.0138207375  -0.0542557033  -0.0654676475   0.0085824061
        0.0709224470   0.0306082102   0.0004437224  -0.0186194763   0.0173602065
       -0.0002471506   0.0001860483  -0.0005522965   0.0001360967  -0.0000080759
       -0.0000157634   0.0002349524   0.0002234027  -0.0000882942   0.0002319743
        0.0006093693   0.0005063340  -0.0025236406  -0.0018414918   0.0005745272
        0.0000801043   0.0003774514  -0.0010930102   0.0027525255  -0.0036694214
       -0.0007842618  -0.0007501213   0.0019942332   0.0003033557  -0.0001404361
        0.0000383602  -0.0000008731  -0.0003661340   0.0000897652  -0.0001987420
        0.0002969508  -0.0003167543   0.0000748752
        0.0004414383   0.0002332167   0.0003348706  -0.0216581796   0.0162176216
        0.0087103748  -0.1160269068   0.0545396064   0.0181497560   0.0114511575
       -0.0006138446   0.0004437224   0.4640921791   0.0283098786   0.0061929126
       -0.1901109209  -0.0396062866  -0.0017213410  -0.0012692372   0.0001620477
        0.0000331611  -0.0002876976   0.0001228221   0.0000109219  -0.0002707294
        0.0001811243  -0.0000322313  -0.0016050578   0.0002867680   0.0001400212
       -0.0049727691  -0.0004488503   0.0018364981  -0.0448569777  -0.0239883653
        0.0193429642  -0.0507932483  -0.0204345963  -0.0531913080  -0.0228200779
       -0.0039921937   0.0010297479  -0.0080293919  -0.0058745039   0.0027088868
       -0.0132835806  -0.0050944447  -0.0039889573
       -0.0001714871  -0.0009687544   0.0001312010   0.0023264875   0.0045218388
       -0.0020021982   0.0477861941  -0.1077771250  -0.0132978635   0.0156815620
       -0.0678273667  -0.0186194763   0.0283098786   0.4851979569  -0.0171298863
       -0.0412798362  -0.0784006476   0.0020358600  -0.0005055177   0.0004621553
       -0.0002947687  -0.0001139534  -0.0000201800   0.0001737293  -0.0000321945
        0.0002679143   0.0000042291   0.0009775923  -0.0003617456  -0.0000713622
       -0.0017532570   0.0002794727   0.0004116544  -0.0218405308  -0.1697277406
        0.1158700356  -0.0168802008  -0.0591441918  -0.0670755473   0.0221466645
        0.0056595638  -0.0003870761  -0.0244114491  -0.0088173738   0.0013054746
       -0.0102399525  -0.0033437763  -0.0010540053
        0.0012775233   0.0004567417  -0.0007935493   0.0072036290  -0.0048874727
        0.0081224849   0.0141232022  -0.0114906985  -0.0751903315   0.0036781256
       -0.0155685353   0.0173602065   0.0061929126  -0.0171298863   0.4891634611
       -0.0018907623   0.0019802152  -0.0666411656   0.0002383816  -0.0001282351
        0.0002002738  -0.0002128534  -0.0000481357   0.0001474001   0.0003508027
        0.0003579969   0.0003208654  -0.0019606821   0.0000719533   0.0006304871
        0.0014417881   0.0001495538   0.0009757744   0.0188055863   0.1195050518
       -0.1365976181  -0.0490041988  -0.0732050147  -0.2361563345   0.0079496413
        0.0018883369   0.0000806337   0.0196963376   0.0066602346  -0.0007156999
       -0.0278894336  -0.0086121061  -0.0009068880
        0.0003335753  -0.0000841771  -0.0000289563  -0.0014284307   0.0023653614
        0.0005594697  -0.0279249642   0.0044728596   0.0032396139   0.0005965823
       -0.0034812075  -0.0002471506  -0.1901109209  -0.0412798362  -0.0018907623
        0.4663111414  -0.0218881707  -0.0009403607  -0.0001442653   0.0001965642
       -0.0000072429  -0.0000254757  -0.0000235619   0.0001816060   0.0000926101
        0.0000633020  -0.0000016240  -0.0002838796   0.0000510381  -0.0000985221
       -0.0009153317  -0.0001925676   0.0003413450  -0.0083242401  -0.0042068942
        0.0020180197  -0.0127417716  -0.0045455319  -0.0030961672  -0.1208094304
        0.1091416094   0.0388667053  -0.0459222946  -0.0222511236   0.0188383183
       -0.0587029044  -0.0183376637  -0.0577342917
       -0.0003642840  -0.0003952285  -0.0000687141   0.0029972510  -0.0026143110
       -0.0017766620   0.0195755840   0.0033478763  -0.0006236451   0.0027923378
        0.0028716026   0.0001860483  -0.0396062866  -0.0784006476   0.0019802152
       -0.0218881707   0.5234568003   0.0030423181  -0.0000798626   0.0002609764
        0.0000121572  -0.0000012514  -0.0000216858   0.0001020661  -0.0000231041
        0.0001784375   0.0000492696   0.0003915769   0.0000171016  -0.0001874573
        0.0011064345   0.0000943863  -0.0003061307  -0.0222139626  -0.0076474862
        0.0015682213  -0.0109798326  -0.0026013750  -0.0014761714   0.1083943172
       -0.1876825630  -0.0522424700  -0.0216793112  -0.1839195061   0.1166631777
       -0.0184214356  -0.0669443778  -0.0669222229
       -0.0000845087  -0.0000233288  -0.0000072879   0.0011859298  -0.0016452011
        0.0011997859   0.0082097993  -0.0011512539   0.0000844053   0.0008189236
        0.0014785142  -0.0005522965  -0.0017213410   0.0020358600  -0.0666411656
       -0.0009403607   0.0030423181   0.5191981443  -0.0001457888   0.0000907941
       -0.0001561164   0.0001402757  -0.0001044867   0.0001158859  -0.0000418897
        0.0000815617   0.0000919634  -0.0003422435  -0.0000073830   0.0001996459
        0.0006341892  -0.0000005779  -0.0000654050   0.0177364838   0.0064005879
       -0.0003630406  -0.0253386188  -0.0080669059  -0.0015191808   0.0386540498
       -0.0522154506  -0.0625693568   0.0178784690   0.1168818452  -0.1425265826
       -0.0566433691  -0.0667968933  -0.2464893985
       -0.0968783634   0.1013617512  -0.0167855640   0.0054356512  -0.0088536917
        0.0016695408   0.0006512048  -0.0005644423   0.0000395560  -0.0000491450
        0.0005132492   0.0001360967  -0.0012692372  -0.0005055177   0.0002383816
       -0.0001442653  -0.0000798626  -0.0001457888   0.1125324506  -0.1163008205
        0.0205639013   0.0014835339  -0.0018444423   0.0001687099  -0.0202761015
        0.0286599576  -0.0047821643   0.0002940821   0.0002049759   0.0003139802
        0.0000450819  -0.0019532522  -0.0011706408  -0.0009815410  -0.0000891692
       -0.0008149749  -0.0009606527  -0.0006508797   0.0005666859  -0.0000039920
        0.0000110624   0.0000043292   0.0000874428   0.0000663263  -0.0000218370
        0.0000338506   0.0000247557   0.0000197881
        0.1007676941  -0.2282655121   0.0332154132   0.0092750228  -0.0238415274
       -0.0006319450   0.0006368218  -0.0008052986   0.0003059692  -0.0000638436
        0.0004275523  -0.0000080759   0.0001620477   0.0004621553  -0.0001282351
        0.0001965642   0.0002609764   0.0000907941  -0.1163008205   0.2642197014
       -0.0355452134   0.0063108028  -0.0110450817   0.0052523249   0.0018473153
        0.0009453575   0.0000752784   0.0002236775   0.0008399764   0.0004736946
       -0.0019487003  -0.0035739324  -0.0033724126  -0.0006024457   0.0003858626
       -0.0004465044  -0.0006308041  -0.0000380683   0.0007070113   0.0000141130
        0.0000490078   0.0000143258   0.0000476624  -0.0000191639   0.0000015668
        0.0000648928  -0.0000020053  -0.0000039920
       -0.0169024211   0.0334865459  -0.0494537738   0.0083672071  -0.0168163488
        0.0013734421  -0.0004408289   0.0002887306   0.0004333233   0.0001291238
        0.0001196262  -0.0000157634   0.0000331611  -0.0002947687   0.0002002738
       -0.0000072429   0.0000121572  -0.0001561164   0.0205639013  -0.0355452134
        0.0553728306  -0.0152903732   0.0284992341  -0.0080841421   0.0042260749
       -0.0056649373   0.0017449403   0.0005016565  -0.0007149759   0.0005710660
       -0.0013628291  -0.0037455618  -0.0017217165  -0.0005490514  -0.0000156403
        0.0000411614   0.0007387540   0.0004126172  -0.0002370857   0.0000371375
       -0.0000050761   0.0000037709   0.0000336983   0.0000314734  -0.0000323831
       -0.0000779677  -0.0000478625  -0.0000398275
       -0.0461699189  -0.0053205841   0.0229968784   0.0003982259   0.0017082371
       -0.0117828024   0.0007734925   0.0001222949  -0.0014693620   0.0000527450
        0.0000633835   0.0002349524  -0.0002876976  -0.0001139534  -0.0002128534
       -0.0000254757  -0.0000012514   0.0001402757   0.0014835339   0.0063108028
       -0.0152903732   0.0511951703   0.0085733292  -0.0252728755  -0.0066105307
       -0.0101636749   0.0320537138  -0.0003000901  -0.0017353388  -0.0020214502
        0.0000570993   0.0002432523   0.0004261874   0.0001473941   0.0000162603
        0.0000853003  -0.0008205942   0.0002797805   0.0000541047   0.0000239863
        0.0000072710   0.0000016611  -0.0000196288  -0.0000245800   0.0000019452
        0.0001022887   0.0000347708   0.0000546976
       -0.0053383720  -0.0628209989   0.0661606368   0.0006300641   0.0045281943
       -0.0213783514   0.0000837803   0.0010913657  -0.0004845300   0.0003725542
       -0.0002128527   0.0002234027   0.0001228221  -0.0000201800  -0.0000481357
       -0.0000235619  -0.0000216858  -0.0001044867  -0.0018444423  -0.0110450817
        0.0284992341   0.0085733292   0.0710151418  -0.0732227478  -0.0010461219
       -0.0006195155   0.0043468989  -0.0018744485  -0.0023585654  -0.0036340700
        0.0000487922   0.0004671815  -0.0003773128  -0.0001251233  -0.0000995672
        0.0000310150   0.0004427946   0.0001377300   0.0000125565   0.0000363686
       -0.0000173521   0.0000065494  -0.0000169149   0.0000102514  -0.0000116999
       -0.0000415207  -0.0000340654  -0.0000189588
        0.0229103753   0.0657056823  -0.2634533404  -0.0015976197   0.0007428435
       -0.0216544017   0.0012099360   0.0007347410  -0.0002518548  -0.0000249214
       -0.0005330994  -0.0000882942   0.0000109219   0.0001737293   0.0001474001
        0.0001816060   0.0001020661   0.0001158859   0.0001687099   0.0052523249
       -0.0080841421  -0.0252728755  -0.0732227478   0.3060468937   0.0043080658
        0.0041826588  -0.0105588331  -0.0017598680  -0.0036343005  -0.0027180269
        0.0002613378   0.0002926538   0.0002584424   0.0000842404   0.0000322861
       -0.0001226410  -0.0005464333   0.0001652077   0.0003559990  -0.0000021751
        0.0000315521   0.0000029017   0.0000226826  -0.0000366082   0.0000257475
        0.0000460175   0.0000110104  -0.0000217361
       -0.2733543109  -0.0253977837   0.0503303581  -0.0149597066  -0.0046931218
       -0.0003003886   0.0010093952  -0.0008495460  -0.0020943265  -0.0012781265
       -0.0015843384   0.0002319743  -0.0002707294  -0.0000321945   0.0003508027
        0.0000926101  -0.0000231041  -0.0000418897  -0.0202761015   0.0018473153
        0.0042260749  -0.0066105307  -0.0010461219   0.0043080658   0.3148984203
        0.0314233341  -0.0572924376   0.0001429928   0.0003960574   0.0000617792
        0.0006261765   0.0001469679   0.0004187750   0.0000867513  -0.0001132253
        0.0001458010  -0.0001570835  -0.0000573895  -0.0003184082   0.0000207206
        0.0000188805   0.0000099945   0.0000366369  -0.0000079015  -0.0000054242
       -0.0000071145  -0.0000278286  -0.0000307508
       -0.0247845239  -0.0453944975   0.0075287547  -0.0231093201  -0.0055614640
        0.0006182948   0.0000361501  -0.0015564408  -0.0032572765  -0.0017056533
       -0.0018647605   0.0006093693   0.0001811243   0.0002679143   0.0003579969
        0.0000633020   0.0001784375   0.0000815617   0.0286599576   0.0009453575
       -0.0056649373  -0.0101636749  -0.0006195155   0.0041826588   0.0314233341
        0.0530512665  -0.0050795881   0.0003793047   0.0004764740   0.0003228762
       -0.0008154754   0.0001750552   0.0003430481  -0.0000862372  -0.0000464670
       -0.0002586248  -0.0001408000  -0.0000605536   0.0002167124  -0.0000280793
        0.0000203305   0.0000126869   0.0000378678  -0.0000032678  -0.0000066766
        0.0000527235  -0.0000078689  -0.0000068566
        0.0507146877   0.0073976034  -0.0540969071  -0.0183696232  -0.0040490540
        0.0018853649  -0.0002281889  -0.0017623579  -0.0021965720  -0.0014280581
       -0.0014452263   0.0005063340  -0.0000322313   0.0000042291   0.0003208654
       -0.0000016240   0.0000492696   0.0000919634  -0.0047821643   0.0000752784
        0.0017449403   0.0320537138   0.0043468989  -0.0105588331  -0.0572924376
       -0.0050795881   0.0613742748  -0.0004590034   0.0000347000   0.0003905005
       -0.0000788358   0.0003310066   0.0004523039   0.0000796064  -0.0000044118
       -0.0000091218  -0.0002261820   0.0001019413   0.0000944561  -0.0000015316
        0.0000141644   0.0000007397   0.0000039549  -0.0000175409  -0.0000164422
        0.0000479173   0.0000030873   0.0000161331
        0.0013547587   0.0015842523  -0.0113402933  -0.0380506470  -0.0032188811
        0.0199730623  -0.0040716796  -0.0105242863   0.0272500699  -0.0031558162
       -0.0013981287  -0.0025236406  -0.0016050578   0.0009775923  -0.0019606821
       -0.0002838796   0.0003915769  -0.0003422435   0.0002940821   0.0002236775
        0.0005016565  -0.0003000901  -0.0018744485  -0.0017598680   0.0001429928
        0.0003793047  -0.0004590034   0.0448908616   0.0053314794  -0.0127577694
        0.0013298899   0.0081408045  -0.0166852761  -0.0008263091   0.0005550257
        0.0003942069   0.0002837548  -0.0005667780  -0.0002315727  -0.0000530404
       -0.0000005414  -0.0000233877   0.0001460272   0.0000301151  -0.0000652771
       -0.0000958469  -0.0000307644   0.0000300181
       -0.0004153048   0.0039252884  -0.0210862166  -0.0011013651  -0.0613201685
        0.0734110068  -0.0031559349  -0.0023152961   0.0078231643  -0.0016165291
       -0.0005630409  -0.0018414918   0.0002867680  -0.0003617456   0.0000719533
        0.0000510381   0.0000171016  -0.0000073830   0.0002049759   0.0008399764
       -0.0007149759  -0.0017353388  -0.0023585654  -0.0036343005   0.0003960574
        0.0004764740   0.0000347000   0.0053314794   0.0735958207  -0.0797298457
        0.0012057165  -0.0117765300   0.0261829935   0.0004732631  -0.0000473650
       -0.0002666625   0.0001167809  -0.0000641291  -0.0002073105   0.0000130571
        0.0000001043  -0.0000251148   0.0000103061  -0.0000380397  -0.0000066928
       -0.0000649698  -0.0000098851  -0.0000038239
       -0.0014424942   0.0012292572  -0.0225336612   0.0110615652   0.0708879884
       -0.2449225355   0.0046412578   0.0060162593  -0.0102726111   0.0010300202
       -0.0001995804   0.0005745272   0.0001400212  -0.0000713622   0.0006304871
       -0.0000985221  -0.0001874573   0.0001996459   0.0003139802   0.0004736946
        0.0005710660  -0.0020214502  -0.0036340700  -0.0027180269   0.0000617792
        0.0003228762   0.0003905005  -0.0127577694  -0.0797298457   0.2838994613
       -0.0010384538   0.0051137775  -0.0060110356   0.0003776918  -0.0003598687
        0.0001629317  -0.0002100100   0.0001507664   0.0000143803   0.0000043985
       -0.0000164351  -0.0000038209  -0.0000825574  -0.0000092732  -0.0000141662
        0.0000205429   0.0000132730   0.0000328574
        0.0047238216  -0.0081750466   0.0000446106  -0.1116369553   0.1051880799
       -0.0119581860  -0.0244735419   0.0264211512  -0.0012404062   0.0037267225
        0.0001624359   0.0000801043  -0.0049727691  -0.0017532570   0.0014417881
       -0.0009153317   0.0011064345   0.0006341892   0.0000450819  -0.0019487003
       -0.0013628291   0.0000570993   0.0000487922   0.0002613378   0.0006261765
       -0.0008154754  -0.0000788358   0.0013298899   0.0012057165  -0.0010384538
        0.1317459307  -0.1210481342   0.0132029013   0.0002725046  -0.0004677613
        0.0000358543  -0.0001975876   0.0000851227  -0.0000549407  -0.0004718567
       -0.0000939590   0.0000232936   0.0000233316   0.0000362631   0.0000061830
        0.0001174838   0.0000483378   0.0000033893
        0.0094258973  -0.0222668516  -0.0012053448   0.1058315998  -0.2056652498
        0.0168625595   0.0006078435   0.0034121923  -0.0007921488  -0.0005181500
        0.0009101430   0.0003774514  -0.0004488503   0.0002794727   0.0001495538
       -0.0001925676   0.0000943863  -0.0000005779  -0.0019532522  -0.0035739324
       -0.0037455618   0.0002432523   0.0004671815   0.0002926538   0.0001469679
        0.0001750552   0.0003310066   0.0081408045  -0.0117765300   0.0051137775
       -0.1210481342   0.2379214512  -0.0173864095  -0.0001826780   0.0000743191
       -0.0000858339  -0.0000284680  -0.0000910428   0.0000950566  -0.0000454686
        0.0000167834   0.0000049198   0.0000250962   0.0000333796  -0.0000522839
       -0.0000038928  -0.0000107577   0.0000411815
        0.0083153239  -0.0163478895   0.0008322328  -0.0124970334   0.0158944869
       -0.0445248627   0.0070708620  -0.0033726808   0.0010110448  -0.0010421732
       -0.0015279670  -0.0010930102   0.0018364981   0.0004116544   0.0009757744
        0.0003413450  -0.0003061307  -0.0000654050  -0.0011706408  -0.0033724126
       -0.0017217165   0.0004261874  -0.0003773128   0.0002584424   0.0004187750
        0.0003430481   0.0004523039  -0.0166852761   0.0261829935  -0.0060110356
        0.0132029013  -0.0173864095   0.0498311633  -0.0000319992  -0.0001583638
       -0.0000410238  -0.0002410165   0.0000482521   0.0001224187   0.0001130078
        0.0000205819  -0.0000148791  -0.0000332227  -0.0000408425   0.0000182987
       -0.0000235387  -0.0000110077  -0.0000297461
       -0.0003925714   0.0005876703  -0.0002030655  -0.0006350945  -0.0001236282
        0.0014083697   0.0037421006   0.0098298855  -0.0124551440  -0.0009404627
        0.0044139709   0.0027525255  -0.0448569777  -0.0218405308   0.0188055863
       -0.0083242401  -0.0222139626   0.0177364838  -0.0009815410  -0.0006024457
       -0.0005490514   0.0001473941  -0.0001251233   0.0000842404   0.0000867513
       -0.0000862372   0.0000796064  -0.0008263091   0.0004732631   0.0003776918
        0.0002725046  -0.0001826780  -0.0000319992   0.0554095666   0.0285530277
       -0.0243478588   0.0024033327   0.0041071384  -0.0048388562   0.0005091410
       -0.0002978839   0.0003248159  -0.0063285919  -0.0024248376   0.0005010545
        0.0007149977  -0.0000676285   0.0003556006
       -0.0004861878   0.0002348436   0.0000945746  -0.0005698233   0.0007208905
       -0.0012330545  -0.0002262618  -0.0233777985   0.0159145924   0.0025322793
       -0.0049884080  -0.0036694214  -0.0239883653  -0.1697277406   0.1195050518
       -0.0042068942  -0.0076474862   0.0064005879  -0.0000891692   0.0003858626
       -0.0000156403   0.0000162603  -0.0000995672   0.0000322861  -0.0001132253
       -0.0000464670  -0.0000044118   0.0005550257  -0.0000473650  -0.0003598687
       -0.0004677613   0.0000743191  -0.0001583638   0.0285530277   0.1978216519
       -0.1327550344   0.0003809098   0.0066827679  -0.0036599430   0.0004012983
        0.0004400295  -0.0002013584  -0.0024509778  -0.0003444303   0.0000596695
        0.0001598651  -0.0000811023   0.0000503337
       -0.0000118960   0.0002027224   0.0000086250   0.0000178853  -0.0001089699
       -0.0002060230   0.0004658583  -0.0041173805   0.0030950471   0.0003794026
       -0.0012676829  -0.0007842618   0.0193429642   0.1158700356  -0.1365976181
        0.0020180197   0.0015682213  -0.0003630406  -0.0008149749  -0.0004465044
        0.0000411614   0.0000853003   0.0000310150  -0.0001226410   0.0001458010
       -0.0002586248  -0.0000091218   0.0003942069  -0.0002666625   0.0001629317
        0.0000358543  -0.0000858339  -0.0000410238  -0.0243478588  -0.1327550344
        0.1584132036   0.0017259394   0.0223125364  -0.0250929987   0.0002002812
       -0.0000950216  -0.0000773381   0.0006886455  -0.0000834320   0.0010142626
       -0.0003254291  -0.0004993839   0.0005588354
       -0.0012331953  -0.0001455969   0.0007472801  -0.0011199814   0.0002079870
       -0.0013802041   0.0059513199   0.0028584485   0.0143191242  -0.0014225556
        0.0035668852  -0.0007501213  -0.0507932483  -0.0168802008  -0.0490041988
       -0.0127417716  -0.0109798326  -0.0253386188  -0.0009606527  -0.0006308041
        0.0007387540  -0.0008205942   0.0004427946  -0.0005464333  -0.0001570835
       -0.0001408000  -0.0002261820   0.0002837548   0.0001167809  -0.0002100100
       -0.0001975876  -0.0000284680  -0.0002410165   0.0024033327   0.0003809098
        0.0017259394   0.0659757573   0.0234042488   0.0616921633   0.0005871385
       -0.0000516359  -0.0005857107   0.0006264075   0.0001423228  -0.0003254586
       -0.0063810403  -0.0022630394  -0.0006153067
       -0.0002394582   0.0002053335  -0.0001189738   0.0004019975  -0.0003777106
        0.0014021675  -0.0028021375  -0.0111845821  -0.0239059627   0.0025532812
       -0.0042895545   0.0019942332  -0.0204345963  -0.0591441918  -0.0732050147
       -0.0045455319  -0.0026013750  -0.0080669059  -0.0006508797  -0.0000380683
        0.0004126172   0.0002797805   0.0001377300   0.0001652077  -0.0000573895
       -0.0000605536   0.0001019413  -0.0005667780  -0.0000641291   0.0001507664
        0.0000851227  -0.0000910428   0.0000482521   0.0041071384   0.0066827679
        0.0223125364   0.0234042488   0.0707442877   0.0791549444   0.0005620810
        0.0002622043   0.0003283817  -0.0000865647  -0.0001272280  -0.0004599888
       -0.0020103142  -0.0000538875  -0.0003142019
       -0.0003417384  -0.0003212821   0.0005321755   0.0007452543  -0.0001724539
        0.0000960539  -0.0018596765  -0.0066982620  -0.0106155221   0.0012864051
       -0.0006721991   0.0003033557  -0.0531913080  -0.0670755473  -0.2361563345
       -0.0030961672  -0.0014761714  -0.0015191808   0.0005666859   0.0007070113
       -0.0002370857   0.0000541047   0.0000125565   0.0003559990  -0.0003184082
        0.0002167124   0.0000944561  -0.0002315727  -0.0002073105   0.0000143803
       -0.0000549407   0.0000950566   0.0001224187  -0.0048388562  -0.0036599430
       -0.0250929987   0.0616921633   0.0791549444   0.2701209099   0.0000667426
        0.0002687348   0.0003721526   0.0002976691   0.0001132059   0.0005575832
       -0.0007763571  -0.0002850526   0.0010516368
        0.0000617642   0.0000697129   0.0000055586  -0.0013936957   0.0011711130
        0.0005181176  -0.0063048979  -0.0029443938  -0.0000719829   0.0008947455
       -0.0005040534  -0.0001404361  -0.0228200779   0.0221466645   0.0079496413
       -0.1208094304   0.1083943172   0.0386540498  -0.0000039920   0.0000141130
        0.0000371375   0.0000239863   0.0000363686  -0.0000021751   0.0000207206
       -0.0000280793  -0.0000015316  -0.0000530404   0.0000130571   0.0000043985
       -0.0004718567  -0.0000454686   0.0001130078   0.0005091410   0.0004012983
        0.0002002812   0.0005871385   0.0005620810   0.0000667426   0.1433172431
       -0.1246287917  -0.0450280055   0.0019544227  -0.0002276919  -0.0010644069
        0.0044878291  -0.0044302469  -0.0012403968
        0.0000235385   0.0000060266   0.0000007183  -0.0001659097   0.0002949726
        0.0000554386  -0.0017834263  -0.0005892439  -0.0000208185   0.0007428715
        0.0003988914   0.0000383602  -0.0039921937   0.0056595638   0.0018883369
        0.1091416094  -0.1876825630  -0.0522154506   0.0000110624   0.0000490078
       -0.0000050761   0.0000072710  -0.0000173521   0.0000315521   0.0000188805
        0.0000203305   0.0000141644  -0.0000005414   0.0000001043  -0.0000164351
       -0.0000939590   0.0000167834   0.0000205819  -0.0002978839   0.0004400295
       -0.0000950216  -0.0000516359   0.0002622043   0.0002687348  -0.1246287917
        0.2155902021   0.0609686430   0.0148868497  -0.0243741603  -0.0053392749
        0.0061822585  -0.0100747971  -0.0055944534
        0.0000044539  -0.0000166455   0.0000240943   0.0000869444  -0.0000150235
        0.0000279803  -0.0000954438   0.0000645210   0.0005290469   0.0000926517
        0.0001806195  -0.0000008731   0.0010297479  -0.0003870761   0.0000806337
        0.0388667053  -0.0522424700  -0.0625693568   0.0000043292   0.0000143258
        0.0000037709   0.0000016611   0.0000065494   0.0000029017   0.0000099945
        0.0000126869   0.0000007397  -0.0000233877  -0.0000251148  -0.0000038209
        0.0000232936   0.0000049198  -0.0000148791   0.0003248159  -0.0002013584
       -0.0000773381  -0.0005857107   0.0003283817   0.0003721526  -0.0450280055
        0.0609686430   0.0685776936  -0.0112910807   0.0174167638   0.0050583507
        0.0165790309  -0.0261097227  -0.0120110963
       -0.0001486278   0.0000312799  -0.0000351700   0.0001645810   0.0000754309
       -0.0003848986   0.0000298402  -0.0010056273   0.0007838523   0.0001839543
        0.0003502134  -0.0003661340  -0.0080293919  -0.0244114491   0.0196963376
       -0.0459222946  -0.0216793112   0.0178784690   0.0000874428   0.0000476624
        0.0000336983  -0.0000196288  -0.0000169149   0.0000226826   0.0000366369
        0.0000378678   0.0000039549   0.0001460272   0.0000103061  -0.0000825574
        0.0000233316   0.0000250962  -0.0000332227  -0.0063285919  -0.0024509778
        0.0006886455   0.0006264075  -0.0000865647   0.0002976691   0.0019544227
        0.0148868497  -0.0112910807   0.0555238573   0.0285085730  -0.0219796664
        0.0016720335   0.0056775655  -0.0052325795
       -0.0000627272   0.0000742296   0.0000206746   0.0000134242  -0.0001689375
        0.0000153132   0.0006278212   0.0004251031  -0.0002577938   0.0002803104
        0.0002194009   0.0000897652  -0.0058745039  -0.0088173738   0.0066602346
       -0.0222511236  -0.1839195061   0.1168818452   0.0000663263  -0.0000191639
        0.0000314734  -0.0000245800   0.0000102514  -0.0000366082  -0.0000079015
       -0.0000032678  -0.0000175409   0.0000301151  -0.0000380397  -0.0000092732
        0.0000362631   0.0000333796  -0.0000408425  -0.0024248376  -0.0003444303
       -0.0000834320   0.0001423228  -0.0001272280   0.0001132059  -0.0002276919
       -0.0243741603   0.0174167638   0.0285085730   0.2108684278  -0.1367267212
        0.0011682097   0.0061813151  -0.0040570643
       -0.0000490483  -0.0000375850   0.0000202898  -0.0002258896  -0.0000737582
        0.0000589471   0.0004616554   0.0017372910   0.0002765717  -0.0006741140
       -0.0010398478  -0.0001987420   0.0027088868   0.0013054746  -0.0007156999
        0.0188383183   0.1166631777  -0.1425265826  -0.0000218370   0.0000015668
       -0.0000323831   0.0000019452  -0.0000116999   0.0000257475  -0.0000054242
       -0.0000066766  -0.0000164422  -0.0000652771  -0.0000066928  -0.0000141662
        0.0000061830  -0.0000522839   0.0000182987   0.0005010545   0.0000596695
        0.0010142626  -0.0003254586  -0.0004599888   0.0005575832  -0.0010644069
       -0.0053392749   0.0050583507  -0.0219796664  -0.1367267212   0.1623975213
        0.0018930786   0.0239873495  -0.0259235567
       -0.0001986957   0.0000495571   0.0001522343   0.0001881838  -0.0001802266
        0.0002169778  -0.0001621488  -0.0013274838  -0.0012684837   0.0006577419
        0.0004014393   0.0002969508  -0.0132835806  -0.0102399525  -0.0278894336
       -0.0587029044  -0.0184214356  -0.0566433691   0.0000338506   0.0000648928
       -0.0000779677   0.0001022887  -0.0000415207   0.0000460175  -0.0000071145
        0.0000527235   0.0000479173  -0.0000958469  -0.0000649698   0.0000205429
        0.0001174838  -0.0000038928  -0.0000235387   0.0007149977   0.0001598651
       -0.0003254291  -0.0063810403  -0.0020103142  -0.0007763571   0.0044878291
        0.0061822585   0.0165790309   0.0016720335   0.0011682097   0.0018930786
        0.0708569220   0.0242108502   0.0677518288
       -0.0001262784   0.0000414071   0.0000593442  -0.0000521890  -0.0001868165
        0.0000039271   0.0009602431   0.0010774867   0.0005275506  -0.0005264393
       -0.0001351976  -0.0003167543  -0.0050944447  -0.0033437763  -0.0086121061
       -0.0183376637  -0.0669443778  -0.0667968933   0.0000247557  -0.0000020053
       -0.0000478625   0.0000347708  -0.0000340654   0.0000110104  -0.0000278286
       -0.0000078689   0.0000030873  -0.0000307644  -0.0000098851   0.0000132730
        0.0000483378  -0.0000107577  -0.0000110077  -0.0000676285  -0.0000811023
       -0.0004993839  -0.0022630394  -0.0000538875  -0.0002850526  -0.0044302469
       -0.0100747971  -0.0261097227   0.0056775655   0.0061813151   0.0239873495
        0.0242108502   0.0735843285   0.0780732411
       -0.0000382355   0.0000690462   0.0000807709   0.0001001281  -0.0000300755
       -0.0001244647   0.0001160232  -0.0012041180   0.0000520149   0.0004490443
        0.0009759701   0.0000748752  -0.0039889573  -0.0010540053  -0.0009068880
       -0.0577342917  -0.0669222229  -0.2464893985   0.0000197881  -0.0000039920
       -0.0000398275   0.0000546976  -0.0000189588  -0.0000217361  -0.0000307508
       -0.0000068566   0.0000161331   0.0000300181  -0.0000038239   0.0000328574
        0.0000033893   0.0000411815  -0.0000297461   0.0003556006   0.0000503337
        0.0005588354  -0.0006153067  -0.0003142019   0.0010516368  -0.0012403968
       -0.0055944534  -0.0120110963  -0.0052325795  -0.0040570643  -0.0259235567
        0.0677518288   0.0780732411   0.2836795903
