$coord
         -2.276683133361         -0.478586863691          0.030675910375     c 
          0.000008244118          1.026883783706         -0.161314342003     n 
          2.276680293480         -0.478624032711          0.030667951983     c 
         -2.396785051761         -1.584714751159          1.789967351961     h 
         -2.330628861112         -1.790426997751         -1.557721951620     h 
         -3.914315453767          0.760581355858         -0.084923930783     h 
          0.000047218582          2.365366563181          1.215999915983     h 
          3.914299281492          0.760429380696         -0.087594205012     h 
          2.329349825803         -1.792257671843         -1.556230120697     h 
          2.397952316205         -1.582548687372          1.791248511888     h 
$end
