           1           2   1.02051427568345     
           2           3   1.00783966697753     
           3           4  0.987524394605607     
           4           5  0.963721610532515     
           4           6   1.00021530295504     
           4           7  0.982388950027007     
           1           8  0.984306675311643     
           1           9  0.987522522036088     
           1          10  0.987944035011747     
           2          11  0.977846488084386     
           2          12  0.978078798586983     
           3          13  0.975133134360076     
           3          14  0.974111868172464     
           6          15  0.985161923484223     
           6          16  0.985400658219931     
           6          17  0.985418178695520     
           7          18  0.867291265389081     
