           1           2   1.02106944866195     
           2           3  0.980979146717953     
           3           4   1.64791553199567     
           3           5   1.22356286919753     
           4           5  0.152635909764492     
           5           6   1.10483876497528     
           6           7   1.35777134593532     
           7           8   1.45318838796331     
           8           9   1.39561031611877     
           9          10   1.36231998742114     
           6          11   1.35468477165018     
          10          11   1.42167407508731     
          10          12  0.967598461506673     
           9          13  0.960540803146902     
           1          14  0.981268938190567     
           1          15  0.981155172389080     
           1          16  0.982491471603882     
           2          17  0.952325427916249     
           2          18  0.947682195967794     
           5          19  0.901532727614846     
           7          20  0.954041484997627     
           8          21  0.961296693929879     
          11          22  0.956213526574436     
