           1           2   1.02075363413565     
           2           3   1.00402809156184     
           3           4   1.00066954857580     
           4           5  0.993807324944959     
           5           6   1.00566069972377     
           6           7   1.00052678983529     
           4           8  0.996386355034817     
           7           8   1.00447385728165     
           1           9  0.984379143269506     
           1          10  0.987642333193341     
           1          11  0.987263487662712     
           2          12  0.977751850262472     
           2          13  0.979991606550947     
           3          14  0.977187782492678     
           3          15  0.974971889424365     
           4          16  0.968810524553906     
           5          17  0.980821422444364     
           5          18  0.979546042451059     
           6          19  0.984134933943122     
           6          20  0.983268047431249     
           7          21  0.984223856012074     
           7          22  0.983204343162647     
           8          23  0.978091353024251     
           8          24  0.978906839548694     
