           1           2   1.01980942951464     
           2           3  0.985690655768921     
           3           4  0.985793756642158     
           4           5   1.01979828382646     
           3           6  0.991707000383123     
           1           7  0.987320930247501     
           1           8  0.985767008770751     
           1           9  0.988027630580914     
           2          10  0.976396777951358     
           2          11  0.977309302593167     
           3          12  0.961970134172683     
           4          13  0.976360178852448     
           4          14  0.977300077637014     
           5          15  0.987320483378035     
           5          16  0.988026894421249     
           5          17  0.985769562522972     
           6          18  0.901563847736113     
