   95
         17          1         17
          3         18         20
          2         21         22
          2         23         24
         16         25         40
         12         41         52
         17         53         69
         16         70         85
          9         86         94
         13         95        107
          4        108        111
          6        112        117
          1        118        118
          9        119        127
         12        128        139
         16        140        155
         13        156        168
          3        169        171
         10        172        181
         15        182        196
          8        197        204
          5        205        209
          6        210        215
         12        216        227
          8        228        235
          1        236        236
         10        237        246
          3        247        249
          7        250        256
          6        257        262
          1        263        263
          2        264        265
         15        266        280
          5        281        285
          1        286        286
          1        287        287
          7        288        294
          8        295        302
          7        303        309
          1        310        310
          1        311        311
          4        312        315
          5        316        320
         13        321        333
          1        334        334
          1        335        335
         14        336        349
          2        350        351
         10        352        361
         11        362        372
          1        373        373
          1        374        374
          7        375        381
          3        382        384
          5        385        389
          4        390        393
          1        394        394
          3        395        397
          1        398        398
          2        399        400
          5        401        405
          4        406        409
          2        410        411
          2        412        413
          1        414        414
          1        415        415
          5        416        420
          1        421        421
          3        422        424
          2        425        426
          2        427        428
          1        429        429
          3        430        432
          3        433        435
          3        436        438
          3        439        441
          1        442        442
          6        443        448
          1        449        449
          2        450        451
          3        452        454
          2        455        456
          1        457        457
          3        458        460
          2        461        462
          2        463        464
          1        465        465
          1        466        466
          1        467        467
          1        468        468
          1        469        469
          2        470        471
          2        472        473
          1        474        474
          2        475        476
