           1           2   1.02040799900536     
           2           3   1.00832831420356     
           3           4   1.01368804413360     
           4           5  0.987858450784652     
           1           6  0.985862856028647     
           1           7  0.987297398171429     
           1           8  0.987027826219876     
           2           9  0.975009662744363     
           2          10  0.977742663620911     
           3          11  0.975136409236454     
           3          12  0.966691228241704     
           4          13  0.970670400580095     
           4          14  0.975565293381504     
           5          15  0.944526149539525     
