   105
          6          1          6
          6          7         12
          6         13         18
          4         19         22
          1         23         23
          5         24         28
          6         29         34
          6         35         40
          3         41         43
          6         44         49
          3         50         52
          2         53         54
          6         55         60
          6         61         66
          3         67         69
          6         70         75
          5         76         80
          3         81         83
          2         84         85
          6         86         91
          6         92         97
          1         98         98
          6         99        104
          2        105        106
          1        107        107
          2        108        109
          4        110        113
          6        114        119
          6        120        125
          6        126        131
          6        132        137
          6        138        143
          2        144        145
          6        146        151
          5        152        156
          1        157        157
          2        158        159
          3        160        162
          3        163        165
          2        166        167
          2        168        169
          2        170        171
          5        172        176
          1        177        177
          1        178        178
          1        179        179
          1        180        180
          6        181        186
          1        187        187
          3        188        190
          1        191        191
          4        192        195
          5        196        200
          5        201        205
          1        206        206
          1        207        207
          6        208        213
          1        214        214
          7        215        221
          6        222        227
          3        228        230
          3        231        233
          1        234        234
          2        235        236
          1        237        237
          1        238        238
          4        239        242
          6        243        248
          4        249        252
          1        253        253
          1        254        254
          1        255        255
          1        256        256
          2        257        258
          1        259        259
          1        260        260
          1        261        261
          5        262        266
          6        267        272
          5        273        277
          2        278        279
          1        280        280
          1        281        281
          1        282        282
          1        283        283
          1        284        284
          1        285        285
          2        286        287
          1        288        288
          2        289        290
          1        291        291
          3        292        294
          5        295        299
          5        300        304
          2        305        306
          1        307        307
          3        308        310
          4        311        314
          1        315        315
          6        316        321
          4        322        325
          1        326        326
          1        327        327
          1        328        328
          1        329        329
