$coord
         -4.969775660239          0.918972975710         -0.517623087016     c 
         -3.914254464941         -0.928054663573         -2.042900856511     c 
         -1.625971932732         -2.012647815970         -1.398629170498     c 
         -0.351512620365         -1.265560223242          0.775926090059     c 
         -1.434336222044          0.581823827048          2.299406682744     c 
         -3.727261955852          1.667634222982          1.658451792505     c 
          2.163785148288         -2.411877650034          1.428136924478     c 
          4.293605665330         -1.455207567120         -0.295320090096     c 
          4.732488648700          1.399211370118         -0.086454841238     c 
          3.016512742441          2.848308316952         -1.506477312725     o 
         -6.758106731192          1.763715383008         -1.018817158923     h 
         -4.882024381962         -1.529005823682         -3.736384533984     h 
         -0.816123218333         -3.461187599596         -2.588500903081     h 
         -0.477322465633          1.171124457427          4.005875741713     h 
         -4.544378297548          3.097777587986          2.863877012591     h 
          2.047053743957         -4.465277690882          1.240142954745     h 
          2.640679400698         -1.977161950421          3.388958901031     h 
          3.859334568912         -1.900425345942         -2.262157821748     h 
          6.039609819213         -2.427906640395          0.214240360971     h 
          4.688512980320          1.969916987741          1.913295386880     h 
          6.592556337171          1.874120625289         -0.849606982167     h 
          1.323049127432          2.447267605377         -0.957627138589     h 
$end
