   1463
         15          1         15
          9         16         24
          7         25         31
         12         32         43
          7         44         50
          1         51         51
          1         52         52
          7         53         59
          8         60         67
          7         68         74
         15         75         89
          2         90         91
         12         92        103
         18        104        121
          6        122        127
          2        128        129
          7        130        136
          3        137        139
          1        140        140
          1        141        141
          1        142        142
          7        143        149
          4        150        153
          2        154        155
         11        156        166
          4        167        170
          1        171        171
          1        172        172
         13        173        185
          6        186        191
          3        192        194
          7        195        201
          5        202        206
          1        207        207
          6        208        213
          1        214        214
         10        215        224
         10        225        234
          1        235        235
          3        236        238
          5        239        243
          5        244        248
          4        249        252
          1        253        253
          2        254        255
          5        256        260
          1        261        261
          3        262        264
          3        265        267
          1        268        268
          4        269        272
          3        273        275
          1        276        276
          6        277        282
          1        283        283
          4        284        287
          3        288        290
          3        291        293
          4        294        297
          2        298        299
         10        300        309
          2        310        311
          1        312        312
          4        313        316
          1        317        317
          1        318        318
          3        319        321
          1        322        322
          1        323        323
          5        324        328
         11        329        339
          8        340        347
          5        348        352
          2        353        354
          7        355        361
          1        362        362
          5        363        367
         12        368        379
          2        380        381
          3        382        384
          1        385        385
          2        386        387
          5        388        392
          1        393        393
          1        394        394
          1        395        395
          1        396        396
          2        397        398
          2        399        400
          8        401        408
          1        409        409
          3        410        412
          7        413        419
          4        420        423
          6        424        429
          2        430        431
          1        432        432
          1        433        433
          3        434        436
          2        437        438
          5        439        443
         10        444        453
          6        454        459
          4        460        463
         12        464        475
          1        476        476
          1        477        477
          7        478        484
          6        485        490
          5        491        495
         10        496        505
          4        506        509
          2        510        511
          5        512        516
          1        517        517
          4        518        521
          1        522        522
          2        523        524
          4        525        528
          4        529        532
          3        533        535
          2        536        537
          1        538        538
          1        539        539
         13        540        552
          6        553        558
         11        559        569
          2        570        571
          2        572        573
          4        574        577
          1        578        578
          2        579        580
          5        581        585
          2        586        587
          1        588        588
          1        589        589
          1        590        590
          4        591        594
          2        595        596
          5        597        601
          1        602        602
          5        603        607
          1        608        608
          4        609        612
          9        613        621
          1        622        622
          3        623        625
          5        626        630
          8        631        638
          2        639        640
          2        641        642
          2        643        644
          1        645        645
          7        646        652
          3        653        655
          7        656        662
          6        663        668
          4        669        672
          7        673        679
          1        680        680
          1        681        681
          1        682        682
          1        683        683
          1        684        684
          1        685        685
          6        686        691
          1        692        692
          9        693        701
          4        702        705
          1        706        706
          1        707        707
          4        708        711
          4        712        715
          3        716        718
          1        719        719
          1        720        720
          7        721        727
          4        728        731
          2        732        733
          3        734        736
          1        737        737
          1        738        738
          1        739        739
          2        740        741
          4        742        745
          6        746        751
         14        752        765
          8        766        773
          2        774        775
          1        776        776
          2        777        778
          2        779        780
          3        781        783
          2        784        785
          1        786        786
          1        787        787
          4        788        791
          5        792        796
          6        797        802
          2        803        804
          6        805        810
          1        811        811
          2        812        813
          6        814        819
          1        820        820
          4        821        824
          5        825        829
          5        830        834
          5        835        839
          1        840        840
          2        841        842
          1        843        843
          3        844        846
          1        847        847
          1        848        848
          4        849        852
          1        853        853
          2        854        855
          1        856        856
          1        857        857
          1        858        858
          5        859        863
          1        864        864
          5        865        869
          1        870        870
          1        871        871
          2        872        873
          6        874        879
          1        880        880
          5        881        885
          5        886        890
          1        891        891
          2        892        893
          7        894        900
          1        901        901
          1        902        902
          1        903        903
          1        904        904
          1        905        905
          1        906        906
          1        907        907
          1        908        908
          1        909        909
          8        910        917
          1        918        918
          5        919        923
          3        924        926
          3        927        929
         11        930        940
          1        941        941
          3        942        944
         14        945        958
          7        959        965
          1        966        966
          3        967        969
          1        970        970
          6        971        976
          3        977        979
          2        980        981
          1        982        982
          4        983        986
          1        987        987
          4        988        991
          1        992        992
          3        993        995
          2        996        997
          2        998        999
          6       1000       1005
          2       1006       1007
          3       1008       1010
          2       1011       1012
          4       1013       1016
          2       1017       1018
          4       1019       1022
          1       1023       1023
          4       1024       1027
          3       1028       1030
          1       1031       1031
          7       1032       1038
          1       1039       1039
          5       1040       1044
          1       1045       1045
          4       1046       1049
          4       1050       1053
          2       1054       1055
          3       1056       1058
          3       1059       1061
          2       1062       1063
          1       1064       1064
          4       1065       1068
          5       1069       1073
          5       1074       1078
          6       1079       1084
          1       1085       1085
          5       1086       1090
          2       1091       1092
          1       1093       1093
          1       1094       1094
          4       1095       1098
          4       1099       1102
          3       1103       1105
          5       1106       1110
          4       1111       1114
          1       1115       1115
          1       1116       1116
          2       1117       1118
          1       1119       1119
          2       1120       1121
          4       1122       1125
          1       1126       1126
          5       1127       1131
          5       1132       1136
          1       1137       1137
          1       1138       1138
          1       1139       1139
          2       1140       1141
          2       1142       1143
          1       1144       1144
          4       1145       1148
          1       1149       1149
          1       1150       1150
          4       1151       1154
          4       1155       1158
          1       1159       1159
          5       1160       1164
          1       1165       1165
          2       1166       1167
          1       1168       1168
          2       1169       1170
          7       1171       1177
          6       1178       1183
          6       1184       1189
          1       1190       1190
          7       1191       1197
          4       1198       1201
          1       1202       1202
          2       1203       1204
          1       1205       1205
          4       1206       1209
          1       1210       1210
          3       1211       1213
          1       1214       1214
          1       1215       1215
          3       1216       1218
          1       1219       1219
          1       1220       1220
          1       1221       1221
          1       1222       1222
          5       1223       1227
          3       1228       1230
          1       1231       1231
          3       1232       1234
          1       1235       1235
          1       1236       1236
          6       1237       1242
          3       1243       1245
          1       1246       1246
          2       1247       1248
          2       1249       1250
          1       1251       1251
          1       1252       1252
          3       1253       1255
          1       1256       1256
          3       1257       1259
         12       1260       1271
          1       1272       1272
          3       1273       1275
          4       1276       1279
          1       1280       1280
          1       1281       1281
          8       1282       1289
          1       1290       1290
          2       1291       1292
          4       1293       1296
          2       1297       1298
          1       1299       1299
          2       1300       1301
          1       1302       1302
          1       1303       1303
          1       1304       1304
          1       1305       1305
          4       1306       1309
          1       1310       1310
          2       1311       1312
          6       1313       1318
          4       1319       1322
          1       1323       1323
          1       1324       1324
          1       1325       1325
          1       1326       1326
          1       1327       1327
          1       1328       1328
          1       1329       1329
          2       1330       1331
          3       1332       1334
          1       1335       1335
          2       1336       1337
          1       1338       1338
          1       1339       1339
          8       1340       1347
          1       1348       1348
          3       1349       1351
          1       1352       1352
          2       1353       1354
          5       1355       1359
          2       1360       1361
          1       1362       1362
          1       1363       1363
         11       1364       1374
          1       1375       1375
          2       1376       1377
          1       1378       1378
          3       1379       1381
          3       1382       1384
          1       1385       1385
          2       1386       1387
          1       1388       1388
          1       1389       1389
          2       1390       1391
          1       1392       1392
          2       1393       1394
          2       1395       1396
          1       1397       1397
          1       1398       1398
          2       1399       1400
          2       1401       1402
          1       1403       1403
          2       1404       1405
          1       1406       1406
          1       1407       1407
          3       1408       1410
          2       1411       1412
          2       1413       1414
          4       1415       1418
          2       1419       1420
          2       1421       1422
          3       1423       1425
          2       1426       1427
          3       1428       1430
          1       1431       1431
          3       1432       1434
          2       1435       1436
          8       1437       1444
          1       1445       1445
          7       1446       1452
          6       1453       1458
          1       1459       1459
          2       1460       1461
          1       1462       1462
          1       1463       1463
          6       1464       1469
          3       1470       1472
          2       1473       1474
          1       1475       1475
          1       1476       1476
          2       1477       1478
          2       1479       1480
          3       1481       1483
          2       1484       1485
          1       1486       1486
          2       1487       1488
          3       1489       1491
          1       1492       1492
          2       1493       1494
          1       1495       1495
          1       1496       1496
          2       1497       1498
          1       1499       1499
          2       1500       1501
          8       1502       1509
          1       1510       1510
          2       1511       1512
          1       1513       1513
          3       1514       1516
          2       1517       1518
          1       1519       1519
          1       1520       1520
          1       1521       1521
          1       1522       1522
          1       1523       1523
          2       1524       1525
          6       1526       1531
          1       1532       1532
          2       1533       1534
          6       1535       1540
          1       1541       1541
          5       1542       1546
          2       1547       1548
          7       1549       1555
          2       1556       1557
          9       1558       1566
          1       1567       1567
          2       1568       1569
          1       1570       1570
          1       1571       1571
          1       1572       1572
          1       1573       1573
          3       1574       1576
          1       1577       1577
          1       1578       1578
          1       1579       1579
          3       1580       1582
          1       1583       1583
          1       1584       1584
          1       1585       1585
          2       1586       1587
          3       1588       1590
          1       1591       1591
          1       1592       1592
          1       1593       1593
          1       1594       1594
          6       1595       1600
          3       1601       1603
          2       1604       1605
          1       1606       1606
          3       1607       1609
          2       1610       1611
          1       1612       1612
          2       1613       1614
          2       1615       1616
          1       1617       1617
          1       1618       1618
          4       1619       1622
          2       1623       1624
          1       1625       1625
          3       1626       1628
          5       1629       1633
          1       1634       1634
          1       1635       1635
          1       1636       1636
          1       1637       1637
          3       1638       1640
          1       1641       1641
          1       1642       1642
          3       1643       1645
          2       1646       1647
          2       1648       1649
          3       1650       1652
          1       1653       1653
          3       1654       1656
          2       1657       1658
          3       1659       1661
          2       1662       1663
          6       1664       1669
          1       1670       1670
          1       1671       1671
          1       1672       1672
          1       1673       1673
          2       1674       1675
          2       1676       1677
          2       1678       1679
          2       1680       1681
          1       1682       1682
          2       1683       1684
          1       1685       1685
          1       1686       1686
          3       1687       1689
          1       1690       1690
          1       1691       1691
          2       1692       1693
          2       1694       1695
          1       1696       1696
          1       1697       1697
          1       1698       1698
          2       1699       1700
          2       1701       1702
          1       1703       1703
          5       1704       1708
          2       1709       1710
          7       1711       1717
          2       1718       1719
          2       1720       1721
         11       1722       1732
          1       1733       1733
          1       1734       1734
          2       1735       1736
          2       1737       1738
          2       1739       1740
          2       1741       1742
          1       1743       1743
          1       1744       1744
          3       1745       1747
          3       1748       1750
          1       1751       1751
          1       1752       1752
          7       1753       1759
          1       1760       1760
          5       1761       1765
          1       1766       1766
          1       1767       1767
          1       1768       1768
          3       1769       1771
          1       1772       1772
          2       1773       1774
          2       1775       1776
          5       1777       1781
          1       1782       1782
          2       1783       1784
          8       1785       1792
          1       1793       1793
          2       1794       1795
          1       1796       1796
          1       1797       1797
          2       1798       1799
          3       1800       1802
          5       1803       1807
          1       1808       1808
          6       1809       1814
          6       1815       1820
          4       1821       1824
          3       1825       1827
          3       1828       1830
          1       1831       1831
          4       1832       1835
          1       1836       1836
          1       1837       1837
          1       1838       1838
          1       1839       1839
          3       1840       1842
          3       1843       1845
          1       1846       1846
          2       1847       1848
          1       1849       1849
          2       1850       1851
          6       1852       1857
          3       1858       1860
          1       1861       1861
          3       1862       1864
          1       1865       1865
          1       1866       1866
          1       1867       1867
          3       1868       1870
          1       1871       1871
          1       1872       1872
          1       1873       1873
          1       1874       1874
          2       1875       1876
          1       1877       1877
          3       1878       1880
          1       1881       1881
          2       1882       1883
          3       1884       1886
          1       1887       1887
          1       1888       1888
          3       1889       1891
          2       1892       1893
          2       1894       1895
          2       1896       1897
          1       1898       1898
          3       1899       1901
          3       1902       1904
          4       1905       1908
          2       1909       1910
          2       1911       1912
          1       1913       1913
          2       1914       1915
          1       1916       1916
          3       1917       1919
          1       1920       1920
          1       1921       1921
          1       1922       1922
          1       1923       1923
          3       1924       1926
          2       1927       1928
          2       1929       1930
          4       1931       1934
          2       1935       1936
          2       1937       1938
          1       1939       1939
          4       1940       1943
          2       1944       1945
          1       1946       1946
          7       1947       1953
          5       1954       1958
          2       1959       1960
          1       1961       1961
          1       1962       1962
          1       1963       1963
          1       1964       1964
          1       1965       1965
          1       1966       1966
          1       1967       1967
          2       1968       1969
          1       1970       1970
          1       1971       1971
          2       1972       1973
          1       1974       1974
          1       1975       1975
          9       1976       1984
          2       1985       1986
          1       1987       1987
          1       1988       1988
          1       1989       1989
          1       1990       1990
          1       1991       1991
          1       1992       1992
          1       1993       1993
          1       1994       1994
          2       1995       1996
          2       1997       1998
          1       1999       1999
          1       2000       2000
          1       2001       2001
          3       2002       2004
          1       2005       2005
          1       2006       2006
          2       2007       2008
          1       2009       2009
          2       2010       2011
          1       2012       2012
          3       2013       2015
          1       2016       2016
          1       2017       2017
          1       2018       2018
          1       2019       2019
          1       2020       2020
          4       2021       2024
          4       2025       2028
          2       2029       2030
          1       2031       2031
          5       2032       2036
          5       2037       2041
          1       2042       2042
          3       2043       2045
          1       2046       2046
          3       2047       2049
          2       2050       2051
          3       2052       2054
          3       2055       2057
          3       2058       2060
          6       2061       2066
          1       2067       2067
          1       2068       2068
          3       2069       2071
          3       2072       2074
          2       2075       2076
          1       2077       2077
          2       2078       2079
          1       2080       2080
          2       2081       2082
          1       2083       2083
          5       2084       2088
          4       2089       2092
          2       2093       2094
          5       2095       2099
          1       2100       2100
          1       2101       2101
          1       2102       2102
          1       2103       2103
          1       2104       2104
          8       2105       2112
          2       2113       2114
          2       2115       2116
          1       2117       2117
          3       2118       2120
          2       2121       2122
          1       2123       2123
          2       2124       2125
          1       2126       2126
          1       2127       2127
          3       2128       2130
          2       2131       2132
          2       2133       2134
          5       2135       2139
          2       2140       2141
          1       2142       2142
          1       2143       2143
          4       2144       2147
          1       2148       2148
          1       2149       2149
          2       2150       2151
          5       2152       2156
          2       2157       2158
          1       2159       2159
          3       2160       2162
          3       2163       2165
          1       2166       2166
          4       2167       2170
          1       2171       2171
          1       2172       2172
          1       2173       2173
          2       2174       2175
          1       2176       2176
          2       2177       2178
          1       2179       2179
          1       2180       2180
          6       2181       2186
          1       2187       2187
          3       2188       2190
          3       2191       2193
          2       2194       2195
          1       2196       2196
          2       2197       2198
          1       2199       2199
          1       2200       2200
          4       2201       2204
          1       2205       2205
          1       2206       2206
          3       2207       2209
          1       2210       2210
          1       2211       2211
          1       2212       2212
          2       2213       2214
          5       2215       2219
          2       2220       2221
          2       2222       2223
          2       2224       2225
          1       2226       2226
          3       2227       2229
          1       2230       2230
          2       2231       2232
          4       2233       2236
          1       2237       2237
          4       2238       2241
          3       2242       2244
          1       2245       2245
          1       2246       2246
          3       2247       2249
          2       2250       2251
          2       2252       2253
          2       2254       2255
          1       2256       2256
          1       2257       2257
          1       2258       2258
          1       2259       2259
          2       2260       2261
          1       2262       2262
          1       2263       2263
          3       2264       2266
          1       2267       2267
          1       2268       2268
          7       2269       2275
          3       2276       2278
          4       2279       2282
          3       2283       2285
          1       2286       2286
          1       2287       2287
          1       2288       2288
          2       2289       2290
          1       2291       2291
          3       2292       2294
          1       2295       2295
          1       2296       2296
          1       2297       2297
          4       2298       2301
          2       2302       2303
          2       2304       2305
          4       2306       2309
          1       2310       2310
          2       2311       2312
          2       2313       2314
          1       2315       2315
          2       2316       2317
          1       2318       2318
          2       2319       2320
          2       2321       2322
          1       2323       2323
          1       2324       2324
          2       2325       2326
          2       2327       2328
          1       2329       2329
          1       2330       2330
          1       2331       2331
          1       2332       2332
          2       2333       2334
          3       2335       2337
          2       2338       2339
          1       2340       2340
          2       2341       2342
          1       2343       2343
          1       2344       2344
          1       2345       2345
          1       2346       2346
          1       2347       2347
          2       2348       2349
          1       2350       2350
          1       2351       2351
          1       2352       2352
          2       2353       2354
          1       2355       2355
          1       2356       2356
          1       2357       2357
          2       2358       2359
          2       2360       2361
          1       2362       2362
          2       2363       2364
          1       2365       2365
          2       2366       2367
          1       2368       2368
          1       2369       2369
          1       2370       2370
          1       2371       2371
          3       2372       2374
          2       2375       2376
          1       2377       2377
          1       2378       2378
          1       2379       2379
          2       2380       2381
          2       2382       2383
          4       2384       2387
          5       2388       2392
          2       2393       2394
          2       2395       2396
          3       2397       2399
          1       2400       2400
          1       2401       2401
          1       2402       2402
          2       2403       2404
          2       2405       2406
          2       2407       2408
          4       2409       2412
          6       2413       2418
          1       2419       2419
          1       2420       2420
          3       2421       2423
          2       2424       2425
          3       2426       2428
          2       2429       2430
          1       2431       2431
          1       2432       2432
          1       2433       2433
          1       2434       2434
          8       2435       2442
          3       2443       2445
          3       2446       2448
          1       2449       2449
          1       2450       2450
          1       2451       2451
          2       2452       2453
          1       2454       2454
          1       2455       2455
          1       2456       2456
          2       2457       2458
          1       2459       2459
          1       2460       2460
          2       2461       2462
          2       2463       2464
          1       2465       2465
          1       2466       2466
          4       2467       2470
          1       2471       2471
          2       2472       2473
          6       2474       2479
          1       2480       2480
          1       2481       2481
          1       2482       2482
          4       2483       2486
          1       2487       2487
          1       2488       2488
          1       2489       2489
          1       2490       2490
          2       2491       2492
          2       2493       2494
          1       2495       2495
          3       2496       2498
          1       2499       2499
          1       2500       2500
          1       2501       2501
          2       2502       2503
          1       2504       2504
          1       2505       2505
          2       2506       2507
          2       2508       2509
          2       2510       2511
          2       2512       2513
          2       2514       2515
          1       2516       2516
          1       2517       2517
          2       2518       2519
          1       2520       2520
          8       2521       2528
          1       2529       2529
          2       2530       2531
          1       2532       2532
          1       2533       2533
          1       2534       2534
          1       2535       2535
          1       2536       2536
          3       2537       2539
          2       2540       2541
          1       2542       2542
          1       2543       2543
          2       2544       2545
          1       2546       2546
          1       2547       2547
          4       2548       2551
          1       2552       2552
          1       2553       2553
          1       2554       2554
          1       2555       2555
          1       2556       2556
          2       2557       2558
          1       2559       2559
          1       2560       2560
          1       2561       2561
          5       2562       2566
          5       2567       2571
          1       2572       2572
          2       2573       2574
          1       2575       2575
          1       2576       2576
          1       2577       2577
          2       2578       2579
          1       2580       2580
          1       2581       2581
          1       2582       2582
          2       2583       2584
          1       2585       2585
          1       2586       2586
          1       2587       2587
          4       2588       2591
          2       2592       2593
          2       2594       2595
          2       2596       2597
          1       2598       2598
          1       2599       2599
          1       2600       2600
          6       2601       2606
          2       2607       2608
          1       2609       2609
          1       2610       2610
          1       2611       2611
          1       2612       2612
          1       2613       2613
          5       2614       2618
          1       2619       2619
          1       2620       2620
          1       2621       2621
          1       2622       2622
          1       2623       2623
          1       2624       2624
          2       2625       2626
          2       2627       2628
          6       2629       2634
          1       2635       2635
          1       2636       2636
          1       2637       2637
          1       2638       2638
          1       2639       2639
          1       2640       2640
          2       2641       2642
          4       2643       2646
          2       2647       2648
          1       2649       2649
          2       2650       2651
          1       2652       2652
          2       2653       2654
          1       2655       2655
          2       2656       2657
          2       2658       2659
          1       2660       2660
          2       2661       2662
          1       2663       2663
          1       2664       2664
          2       2665       2666
          1       2667       2667
          1       2668       2668
          1       2669       2669
          1       2670       2670
          1       2671       2671
          1       2672       2672
          1       2673       2673
          1       2674       2674
          1       2675       2675
          2       2676       2677
          1       2678       2678
          1       2679       2679
          3       2680       2682
          4       2683       2686
          1       2687       2687
          2       2688       2689
          1       2690       2690
          4       2691       2694
          1       2695       2695
          1       2696       2696
          1       2697       2697
          1       2698       2698
          1       2699       2699
          1       2700       2700
          1       2701       2701
          1       2702       2702
          3       2703       2705
          2       2706       2707
          1       2708       2708
          1       2709       2709
          2       2710       2711
          1       2712       2712
          3       2713       2715
          2       2716       2717
          1       2718       2718
          1       2719       2719
          1       2720       2720
          2       2721       2722
          2       2723       2724
          2       2725       2726
          3       2727       2729
          1       2730       2730
          1       2731       2731
          1       2732       2732
          1       2733       2733
          1       2734       2734
          1       2735       2735
          1       2736       2736
          1       2737       2737
          1       2738       2738
          2       2739       2740
          1       2741       2741
          1       2742       2742
          4       2743       2746
          1       2747       2747
          2       2748       2749
          1       2750       2750
          1       2751       2751
          2       2752       2753
          1       2754       2754
          1       2755       2755
          1       2756       2756
          1       2757       2757
          1       2758       2758
          3       2759       2761
          2       2762       2763
          1       2764       2764
          1       2765       2765
          3       2766       2768
          2       2769       2770
          1       2771       2771
          2       2772       2773
          2       2774       2775
          3       2776       2778
          1       2779       2779
          1       2780       2780
          1       2781       2781
          2       2782       2783
          2       2784       2785
          3       2786       2788
          3       2789       2791
          1       2792       2792
          1       2793       2793
          3       2794       2796
          1       2797       2797
          1       2798       2798
          1       2799       2799
          1       2800       2800
          2       2801       2802
          3       2803       2805
          1       2806       2806
          2       2807       2808
          1       2809       2809
          1       2810       2810
          1       2811       2811
          1       2812       2812
          2       2813       2814
          1       2815       2815
          2       2816       2817
          1       2818       2818
          1       2819       2819
          1       2820       2820
          2       2821       2822
          1       2823       2823
          2       2824       2825
          1       2826       2826
          1       2827       2827
          3       2828       2830
          1       2831       2831
          1       2832       2832
          1       2833       2833
          1       2834       2834
          1       2835       2835
          1       2836       2836
          1       2837       2837
          2       2838       2839
          1       2840       2840
          1       2841       2841
          1       2842       2842
          2       2843       2844
          1       2845       2845
          2       2846       2847
          1       2848       2848
          1       2849       2849
          1       2850       2850
          2       2851       2852
          2       2853       2854
          2       2855       2856
          1       2857       2857
          1       2858       2858
          1       2859       2859
          1       2860       2860
          1       2861       2861
          1       2862       2862
          1       2863       2863
          2       2864       2865
          1       2866       2866
          1       2867       2867
          2       2868       2869
          1       2870       2870
          1       2871       2871
          2       2872       2873
          1       2874       2874
          1       2875       2875
          1       2876       2876
          1       2877       2877
          1       2878       2878
          1       2879       2879
          1       2880       2880
          2       2881       2882
          1       2883       2883
          4       2884       2887
          2       2888       2889
          1       2890       2890
          1       2891       2891
          1       2892       2892
          2       2893       2894
          3       2895       2897
          1       2898       2898
          1       2899       2899
          1       2900       2900
          2       2901       2902
          1       2903       2903
          1       2904       2904
          1       2905       2905
          2       2906       2907
          1       2908       2908
          1       2909       2909
          1       2910       2910
          1       2911       2911
          1       2912       2912
          1       2913       2913
          1       2914       2914
          1       2915       2915
          1       2916       2916
          1       2917       2917
          1       2918       2918
          2       2919       2920
          1       2921       2921
          1       2922       2922
          1       2923       2923
          1       2924       2924
          1       2925       2925
          1       2926       2926
          1       2927       2927
          3       2928       2930
          1       2931       2931
          1       2932       2932
          2       2933       2934
          1       2935       2935
          1       2936       2936
          1       2937       2937
          4       2938       2941
          1       2942       2942
          2       2943       2944
          1       2945       2945
          1       2946       2946
          1       2947       2947
          3       2948       2950
          2       2951       2952
          1       2953       2953
          1       2954       2954
          1       2955       2955
          1       2956       2956
          3       2957       2959
          1       2960       2960
          1       2961       2961
          1       2962       2962
          1       2963       2963
          1       2964       2964
          1       2965       2965
          1       2966       2966
          1       2967       2967
          2       2968       2969
          1       2970       2970
          2       2971       2972
          1       2973       2973
          1       2974       2974
          1       2975       2975
          2       2976       2977
          2       2978       2979
          1       2980       2980
          1       2981       2981
          1       2982       2982
          1       2983       2983
          1       2984       2984
          1       2985       2985
          1       2986       2986
          2       2987       2988
          1       2989       2989
          2       2990       2991
          1       2992       2992
          3       2993       2995
          1       2996       2996
          3       2997       2999
          1       3000       3000
          2       3001       3002
          2       3003       3004
          1       3005       3005
          1       3006       3006
          1       3007       3007
          1       3008       3008
          1       3009       3009
          1       3010       3010
          1       3011       3011
          2       3012       3013
          1       3014       3014
          1       3015       3015
          1       3016       3016
          1       3017       3017
          1       3018       3018
          1       3019       3019
          1       3020       3020
          1       3021       3021
          2       3022       3023
          1       3024       3024
          1       3025       3025
          1       3026       3026
          1       3027       3027
          1       3028       3028
          1       3029       3029
          1       3030       3030
          2       3031       3032
          1       3033       3033
          1       3034       3034
          1       3035       3035
          2       3036       3037
          1       3038       3038
          1       3039       3039
          1       3040       3040
          2       3041       3042
          1       3043       3043
          2       3044       3045
          1       3046       3046
          1       3047       3047
          1       3048       3048
          1       3049       3049
          3       3050       3052
          1       3053       3053
          1       3054       3054
          1       3055       3055
          1       3056       3056
          1       3057       3057
          1       3058       3058
          2       3059       3060
          1       3061       3061
          1       3062       3062
          1       3063       3063
          1       3064       3064
          3       3065       3067
          3       3068       3070
          1       3071       3071
          1       3072       3072
          1       3073       3073
          1       3074       3074
          1       3075       3075
          1       3076       3076
          1       3077       3077
          1       3078       3078
          1       3079       3079
          1       3080       3080
          1       3081       3081
          1       3082       3082
          2       3083       3084
          1       3085       3085
          1       3086       3086
          1       3087       3087
          1       3088       3088
          1       3089       3089
          1       3090       3090
          1       3091       3091
          2       3092       3093
          1       3094       3094
          1       3095       3095
          1       3096       3096
          1       3097       3097
          2       3098       3099
          3       3100       3102
          1       3103       3103
          2       3104       3105
          1       3106       3106
          1       3107       3107
          1       3108       3108
          1       3109       3109
          1       3110       3110
          1       3111       3111
          1       3112       3112
          1       3113       3113
          1       3114       3114
          1       3115       3115
          1       3116       3116
          1       3117       3117
          1       3118       3118
          1       3119       3119
          1       3120       3120
          3       3121       3123
          2       3124       3125
          1       3126       3126
          1       3127       3127
          1       3128       3128
          2       3129       3130
          1       3131       3131
          1       3132       3132
          1       3133       3133
          1       3134       3134
          1       3135       3135
          1       3136       3136
          1       3137       3137
          1       3138       3138
          1       3139       3139
          1       3140       3140
          1       3141       3141
          1       3142       3142
          1       3143       3143
          1       3144       3144
          2       3145       3146
          1       3147       3147
          2       3148       3149
          1       3150       3150
          1       3151       3151
          1       3152       3152
          1       3153       3153
          2       3154       3155
          1       3156       3156
          1       3157       3157
          1       3158       3158
          1       3159       3159
          2       3160       3161
          1       3162       3162
          1       3163       3163
          1       3164       3164
          1       3165       3165
          1       3166       3166
          1       3167       3167
          2       3168       3169
          1       3170       3170
          1       3171       3171
          1       3172       3172
          1       3173       3173
          1       3174       3174
          1       3175       3175
          1       3176       3176
          1       3177       3177
          2       3178       3179
          1       3180       3180
          2       3181       3182
          1       3183       3183
          1       3184       3184
          1       3185       3185
          2       3186       3187
          2       3188       3189
          1       3190       3190
          1       3191       3191
          1       3192       3192
          1       3193       3193
          2       3194       3195
          2       3196       3197
          2       3198       3199
          1       3200       3200
          1       3201       3201
          1       3202       3202
          1       3203       3203
          1       3204       3204
          1       3205       3205
          1       3206       3206
          1       3207       3207
          3       3208       3210
          1       3211       3211
