$coord
          2.926353600304         -2.210826159272          2.561192989472     c 
          5.509449108225         -2.504953387642          2.785251670867     c 
          7.123495846363         -1.029685095501          1.339868406477     c 
          6.144682761878          0.750457418182         -0.337353596222     c 
          3.534407507042          1.037253442259         -0.541368863998     c 
          1.903022645947         -0.442273641728          0.907312415692     c 
         -0.862941750936         -0.136437423256          0.689433044610     c 
         -1.987875197056          2.162533278924          1.274450816915     c 
         -4.578676192170          2.473777533449          1.081610388171     c 
         -6.103136857204          0.475231248221          0.288660473808     c 
         -4.991496495144         -1.838224404427         -0.307799882406     c 
         -2.382404385442         -2.139767618321         -0.103935306479     c 
         -1.046355466597         -4.986700346685         -0.913785212917     cl
         -6.842378418717         -4.305126053036         -1.296607051671     cl
         -9.309333766723          0.846706107515          0.041566973418     cl
         -5.920087472580          5.330647020055          1.821623508539     cl
          2.335918710679          3.191191830881         -2.660901766452     cl
          8.131814202485          2.571723944449         -2.141307536155     cl
         10.335429219880         -1.395906704683          1.609671366831     cl
          1.672455534276         -3.350845008911          3.692403799438     h 
          6.291323018113         -3.875950789722          4.072768860665     h 
         -0.833809568650          3.720751652291          1.898991458363     h 
$end
