           1           2  0.984874694593660     
           2           3  0.975566894481298     
           3           4   1.00472027140357     
           2           5  0.993827775394174     
           1           6   1.00034744971462     
           1           7  0.966570378704961     
           1           8  0.969941343771639     
           2           9  0.958052705857997     
           3          10  0.966629409639437     
           3          11  0.971089415481046     
           4          12  0.862162953456960     
           5          13  0.850809571459152     
           6          14  0.845577393722484     
