$hessian                                                                        
        0.5174789708   0.0100537162   0.0208498540  -0.0768765625   0.0192430151
        0.0291892560  -0.0044426632   0.0065807143   0.0150960903  -0.0011860632
       -0.0012094892   0.0024731365  -0.0004751337   0.0000959554  -0.0003679687
       -0.0002019224   0.0000654329   0.0000992437   0.0001260814  -0.0000209662
       -0.0000541711  -0.0000502177  -0.0000166699  -0.0000739162  -0.0000575417
       -0.0000122252  -0.0000819062   0.0001016027   0.0000060027   0.0002316808
        0.0002722880   0.0004727090  -0.0005862819  -0.1459106081   0.1127170677
       -0.0383901241  -0.1947643270  -0.0772814651  -0.0881065074  -0.0921267391
       -0.0694461642   0.0647039096   0.0048071770  -0.0123277570  -0.0199063997
       -0.0048797982   0.0106454599   0.0135926752   0.0001093932  -0.0001739661
       -0.0002822344  -0.0000606478   0.0003247179   0.0001976056   0.0002898061
       -0.0001260948   0.0007239720  -0.0000166563  -0.0000058329   0.0000465030
       -0.0000400354  -0.0000088454   0.0000415185  -0.0000988020  -0.0000322143
        0.0000443654  -0.0000438139   0.0000123394   0.0000171476  -0.0019537872
        0.0004445599   0.0005425513
        0.0100537162   0.5111721072  -0.0222868715   0.0175971458  -0.1007935629
       -0.0544984185  -0.0022527908   0.0079170315   0.0098885184  -0.0019997233
       -0.0005453713   0.0031826599   0.0001726969  -0.0001997302  -0.0003290039
        0.0003907519   0.0001277155   0.0002994249  -0.0002461869   0.0000872818
       -0.0001554342   0.0000530359  -0.0000227528   0.0000051745   0.0000710431
        0.0000819832  -0.0000141049   0.0001128251   0.0000473276  -0.0001327274
       -0.0000394495  -0.0008266556   0.0001984946   0.1129148397  -0.1697373514
        0.0423508141  -0.0774057950  -0.0836724869  -0.0436440272  -0.0693591518
       -0.1427933289   0.0960844001   0.0012449209  -0.0056653391  -0.0107321690
        0.0088840877  -0.0159505191  -0.0216571680  -0.0002726196  -0.0000088235
        0.0003839427  -0.0000778248   0.0002128172   0.0003808583  -0.0004444686
        0.0001894204   0.0009589619   0.0000389847   0.0000282230  -0.0000175687
       -0.0000219820  -0.0000154430  -0.0000001675   0.0000043167   0.0000353897
       -0.0000134321  -0.0000310206  -0.0000053131  -0.0000432551   0.0006126485
        0.0003373807  -0.0002089015
        0.0208498540  -0.0222868715   0.4744965116   0.0262378676  -0.0566863334
       -0.1542483206   0.0080262237  -0.0044566257  -0.0200768021   0.0026226397
        0.0016278697  -0.0021960904  -0.0001082221  -0.0002848014   0.0000827323
       -0.0004551044  -0.0000659465   0.0000396878   0.0000629743   0.0001997730
        0.0000564211   0.0000437390   0.0000136184   0.0000182507   0.0000474357
        0.0000826631  -0.0000853680  -0.0000620037  -0.0000281808  -0.0000077294
        0.0002821822  -0.0004010877  -0.0002869631  -0.0375427119   0.0417859344
       -0.0559987514  -0.0885817672  -0.0442348845  -0.0931397169   0.0644921962
        0.0964811868  -0.1329092861   0.0023263149  -0.0125204417  -0.0185557829
        0.0010872972   0.0009827061   0.0031044679   0.0002055884   0.0000951471
       -0.0002568092   0.0001705495  -0.0004110142  -0.0000152435   0.0003108007
        0.0001946557  -0.0005214405  -0.0000034072  -0.0000597641   0.0001127092
        0.0000286491  -0.0000328117   0.0000217879  -0.0000015862  -0.0000014882
        0.0000376427   0.0000488346  -0.0000222050   0.0000491812  -0.0000883439
        0.0000289020   0.0002789118
       -0.0768765625   0.0175971458   0.0262378676   0.5042824406  -0.0225003506
        0.0325763333  -0.1041161294  -0.0358419062   0.0429410680  -0.0026048686
       -0.0023645412   0.0038582338   0.0044214400   0.0022849777  -0.0042068403
       -0.0207660750  -0.0138062884   0.0153414761  -0.0045581261  -0.0004788415
       -0.0015952436  -0.0010217700  -0.0002452157   0.0009010440  -0.0000130802
       -0.0000182563   0.0001303348   0.0003285632  -0.0001951999   0.0004813942
        0.0006194999  -0.0002222263   0.0003776951  -0.0067636118   0.0117012739
        0.0162027984   0.0064015406  -0.0119012574  -0.0195821892  -0.0051122461
        0.0064532903   0.0143165352  -0.1988584592  -0.0446213572  -0.0965002880
       -0.0942265581   0.0911629076  -0.0293661723   0.0006751080   0.0008215780
       -0.0005699754  -0.0000824440   0.0027540695  -0.0006612136   0.0001726626
        0.0001452838   0.0000031583   0.0000463383  -0.0000011440  -0.0002320805
       -0.0004388447  -0.0000369214  -0.0000302241  -0.0000632347  -0.0000293669
       -0.0000066280   0.0000695974  -0.0000297648  -0.0000032826  -0.0015151804
       -0.0006278887  -0.0006138014
        0.0192430151  -0.1007935629  -0.0566863334  -0.0225003506   0.4933021544
       -0.0017668864  -0.0364255258  -0.0966387753   0.0392947224   0.0045935873
        0.0053823085  -0.0076089784  -0.0123175145  -0.0202264230   0.0194360680
       -0.0055593384  -0.0017809262   0.0002858766   0.0002470449   0.0005461560
        0.0003323728  -0.0002009255   0.0001146644   0.0002095399  -0.0000682552
        0.0000241567   0.0000838234  -0.0002076906   0.0001203802   0.0001419564
        0.0003987163  -0.0008069772  -0.0001444050   0.0088039526  -0.0144418208
       -0.0195765201   0.0017300119  -0.0066164161  -0.0120359510  -0.0049053434
        0.0077228637   0.0144423502  -0.0445133069  -0.0575143510  -0.0269348089
        0.0909530052  -0.2047080961   0.0492168028  -0.0006441311   0.0009407209
        0.0000687251   0.0013776876  -0.0055073774   0.0011731924  -0.0005492629
        0.0006059101  -0.0000560018  -0.0000030844  -0.0000403907  -0.0000756736
        0.0001058928  -0.0000057515  -0.0000927792   0.0001058212  -0.0000327346
       -0.0000113149   0.0001019654  -0.0000401908   0.0000570659   0.0002340289
        0.0003944786   0.0002471569
        0.0291892560  -0.0544984185  -0.1542483206   0.0325763333  -0.0017668864
        0.4729193562   0.0398529903   0.0341776742  -0.1093542868   0.0174435922
        0.0130398138  -0.0228726936   0.0020179521   0.0082950361  -0.0050454157
       -0.0010013974  -0.0028405867   0.0058124156  -0.0018039287   0.0002699696
       -0.0001465080  -0.0003445012   0.0000596878   0.0001749852  -0.0000035293
        0.0000055862   0.0000601533   0.0001919869  -0.0001360267   0.0001198651
       -0.0003412569  -0.0003568831  -0.0005621087  -0.0002488632  -0.0003959088
        0.0038667659   0.0011608003  -0.0094882743  -0.0158370660   0.0083747173
       -0.0092156119  -0.0201813927  -0.0960852652  -0.0261637124  -0.0986148607
       -0.0293235801   0.0487473300  -0.0570287674   0.0004840639   0.0000944822
        0.0001603256  -0.0003472339   0.0012825324   0.0003422691  -0.0001882784
       -0.0005361783   0.0001475578  -0.0000198638  -0.0001085613   0.0002042641
       -0.0001389693  -0.0000943078   0.0000621334  -0.0000466580  -0.0000279205
        0.0000684167   0.0000115539  -0.0000120798   0.0000467452  -0.0014099209
       -0.0003307557  -0.0000938330
       -0.0044426632  -0.0022527908   0.0080262237  -0.1041161294  -0.0364255258
        0.0398529903   0.4685514606   0.0150508164  -0.0064823725  -0.0399240661
       -0.0050986708  -0.0056024292  -0.0756080119   0.0362727208  -0.0038529158
       -0.1793035671  -0.0058091360  -0.0323898614  -0.0309604068  -0.0058735198
        0.0014129129   0.0008234259  -0.0024654074   0.0029706123  -0.0008306059
        0.0002317800  -0.0009952813   0.0008548549  -0.0004000442  -0.0010361529
       -0.0121486372   0.0010806505  -0.0097582235  -0.0001057947  -0.0000317255
       -0.0001954814   0.0005752836   0.0001604791  -0.0006828580   0.0001820759
        0.0008399120   0.0007773405  -0.0204038256  -0.0171366846   0.0151900587
        0.0065630227   0.0057446905  -0.0059331482  -0.0142235341   0.0279907331
       -0.0049854254   0.0044185076  -0.0126514192   0.0021608800   0.0005874021
       -0.0003658555   0.0014185762   0.0002509231   0.0011745132  -0.0011331079
       -0.0008599826  -0.0000724818  -0.0001954320   0.0001080854   0.0002778693
        0.0001249323  -0.0002615510   0.0000437410   0.0001424311   0.0002737339
       -0.0002846444   0.0011657312
        0.0065807143   0.0079170315  -0.0044566257  -0.0358419062  -0.0966387753
        0.0341776742   0.0150508164   0.4576809533   0.0181180247  -0.0055739086
       -0.0848405170  -0.0900014228   0.0428010966  -0.1681896178   0.0138095760
       -0.0116100457  -0.0586284406  -0.0013044083  -0.0107347835  -0.0005764186
       -0.0022674307  -0.0025285582   0.0047386259   0.0033921255   0.0000164131
       -0.0002039010   0.0001147012  -0.0009749516   0.0056727531   0.0039056368
        0.0074089770   0.0015051508   0.0023806610   0.0003631573   0.0000984511
       -0.0001199449  -0.0001213312   0.0007883064   0.0001631707   0.0013745882
       -0.0006424030  -0.0029780506  -0.0070568040  -0.0049834002   0.0055363177
       -0.0141792853  -0.0182299748   0.0177343314   0.0033080498  -0.0027769811
        0.0016003337   0.0038690365  -0.0171827587   0.0043803414   0.0069507321
       -0.0200658835  -0.0016204747   0.0002867070  -0.0018284288  -0.0011762406
       -0.0005396171  -0.0000794492  -0.0000655858   0.0003012042  -0.0013448675
       -0.0005662003   0.0005210749  -0.0001184620   0.0002287847   0.0003286240
       -0.0020709931  -0.0009852946
        0.0150960903   0.0098885184  -0.0200768021   0.0429410680   0.0392947224
       -0.1093542868  -0.0064823725   0.0181180247   0.4938128129  -0.0083620923
       -0.0889025443  -0.2104160273  -0.0027456416   0.0100339044  -0.0649574263
       -0.0326883622  -0.0003655095  -0.0750655595   0.0145516037   0.0002098755
        0.0045046073   0.0032645766   0.0033975318  -0.0008708737  -0.0004748479
        0.0001740358  -0.0009487574  -0.0015356256   0.0044346800  -0.0024912579
       -0.0243139713   0.0001678713  -0.0076801534  -0.0002945633   0.0002377369
        0.0004725423  -0.0000378679   0.0007193024   0.0007889078   0.0019738527
       -0.0023301466  -0.0042005072  -0.0059690986  -0.0063565120   0.0054554902
        0.0049810367   0.0080654031  -0.0061931074  -0.0037692314   0.0072052702
       -0.0008928615  -0.0065516369   0.0215170250  -0.0044396668   0.0087030104
       -0.0235342404   0.0025805117   0.0013741761  -0.0004333191   0.0003031885
        0.0012640988   0.0002464100  -0.0000292606   0.0002317548  -0.0006113841
       -0.0001654691  -0.0011733565  -0.0000810269  -0.0004394243   0.0000174000
       -0.0010956289   0.0003033805
       -0.0011860632  -0.0019997233   0.0026226397  -0.0026048686   0.0045935873
        0.0174435922  -0.0399240661  -0.0055739086  -0.0083620923   0.0573656391
        0.0058690811   0.0062981862   0.0012175839   0.0073309253   0.0087038961
       -0.0095009950  -0.0127562081  -0.0276209532  -0.0008904241   0.0002155341
       -0.0016269057   0.0005321342   0.0005448767   0.0003161611   0.0000779577
        0.0001313041  -0.0004384436  -0.0010485603   0.0013745969   0.0000030946
       -0.0031000466  -0.0012957201  -0.0004267510   0.0000639304  -0.0000304754
       -0.0000949631  -0.0001189957  -0.0000333489  -0.0000688995  -0.0003779324
        0.0003532245   0.0008273928  -0.0002055281   0.0004138547   0.0016234944
       -0.0000162257   0.0001368906  -0.0001686603   0.0000241023   0.0001020515
        0.0005077317   0.0002989316  -0.0006840333  -0.0000719934  -0.0002872977
        0.0023827868  -0.0000050797  -0.0001409067  -0.0005730065   0.0004528543
        0.0000793578   0.0000034009   0.0000431350   0.0000339413  -0.0001916325
       -0.0000290361  -0.0002715594   0.0000421465  -0.0000726612  -0.0000201087
       -0.0003562043   0.0001442609
       -0.0012094892  -0.0005453713   0.0016278697  -0.0023645412   0.0053823085
        0.0130398138  -0.0050986708  -0.0848405170  -0.0889025443   0.0058690811
        0.1065691638   0.1009108247   0.0019424298  -0.0221345981  -0.0247189075
       -0.0005912891   0.0005549153  -0.0027045345  -0.0002416095   0.0008066739
       -0.0004220550   0.0001537632  -0.0000917041   0.0000629529   0.0000928974
       -0.0000606510   0.0001325202   0.0002788317   0.0001137308   0.0000302585
       -0.0003377569  -0.0002606031  -0.0001360974  -0.0000500675  -0.0001875038
        0.0000159959   0.0000188588  -0.0001298489   0.0000121742  -0.0002282957
        0.0002105288   0.0004983681   0.0000923676   0.0007476063   0.0006128580
        0.0000752532  -0.0000081119   0.0000427832  -0.0002608996   0.0005711499
       -0.0002303719  -0.0003216936   0.0004187531  -0.0006458475   0.0028232140
       -0.0066781250   0.0001559357  -0.0005337465  -0.0003763196   0.0004786131
       -0.0000067300  -0.0000344366   0.0000385137  -0.0000217191  -0.0000088489
        0.0000337150  -0.0000428910   0.0000206167  -0.0000166336  -0.0000372969
       -0.0000388077   0.0000837952
        0.0024731365   0.0031826599  -0.0021960904   0.0038582338  -0.0076089784
       -0.0228726936  -0.0056024292  -0.0900014228  -0.2104160273   0.0062981862
        0.1009108247   0.2451116838   0.0002070039  -0.0008806661   0.0014188036
       -0.0075686203  -0.0059699731  -0.0130325504   0.0019252232   0.0006733275
        0.0005870309  -0.0002643455   0.0007458805  -0.0001615936   0.0001879089
       -0.0001056435   0.0003698786  -0.0000997751   0.0007758095  -0.0000537339
       -0.0020503994  -0.0006576517  -0.0000995925  -0.0000975642   0.0001307810
        0.0000609926  -0.0000117655   0.0001859586   0.0003755256   0.0005871504
       -0.0005327171  -0.0012498548  -0.0000029993  -0.0005610559   0.0007899031
       -0.0001556573   0.0001644987  -0.0003318157   0.0002439248   0.0000295808
        0.0001508035  -0.0000598083   0.0003603605   0.0007721632   0.0002002936
       -0.0000116632   0.0008593314   0.0000001213  -0.0004235228   0.0000574924
        0.0000060048  -0.0000233212   0.0000394437  -0.0000313152  -0.0001831892
       -0.0000986495  -0.0001471481   0.0000020767  -0.0001337287   0.0001046397
       -0.0002019535   0.0000532778
       -0.0004751337   0.0001726969  -0.0001082221   0.0044214400  -0.0123175145
        0.0020179521  -0.0756080119   0.0428010966  -0.0027456416   0.0012175839
        0.0019424298   0.0002070039   0.5128986472   0.0293929581  -0.0049701316
       -0.0189532160   0.0246719439  -0.0066562151  -0.0007946894   0.0005673966
       -0.0002369399   0.0007509167  -0.0006820640  -0.0003650258   0.0000558732
        0.0001745134  -0.0004132013  -0.0006723808  -0.0013951981  -0.0009841270
       -0.0019711978   0.0000833930   0.0011193633   0.0003473085  -0.0006369491
        0.0006596261  -0.0000900165   0.0001024050   0.0000116624   0.0001873085
       -0.0003939870   0.0001397293   0.0004865752  -0.0007022161   0.0004564195
       -0.0013221645  -0.0026391216   0.0020867938  -0.2683087482  -0.0122634291
       -0.0551518714  -0.1032324319  -0.0544687749   0.0892114357  -0.0474539874
       -0.0159613402  -0.0241980836  -0.0009294976   0.0008843461  -0.0001007220
       -0.0000558307   0.0000294972   0.0000129553  -0.0001323604   0.0002649323
        0.0000292994  -0.0002521619  -0.0000103919  -0.0001722966  -0.0001138245
        0.0003833777   0.0001502372
        0.0000959554  -0.0001997302  -0.0002848014   0.0022849777  -0.0202264230
        0.0082950361   0.0362727208  -0.1681896178   0.0100339044   0.0073309253
       -0.0221345981  -0.0008806661   0.0293929581   0.4566845913   0.0109682251
        0.0108589616  -0.0015514996   0.0032643095  -0.0015140611  -0.0005311325
        0.0005033405   0.0004655254   0.0001475381   0.0002917839  -0.0001223181
        0.0000179192   0.0000115759   0.0004693664   0.0000540420   0.0001538057
       -0.0009108783  -0.0001873851  -0.0011685732   0.0000796961  -0.0000864516
        0.0005088734  -0.0002053952   0.0001997181  -0.0000302512   0.0001326249
       -0.0002406340  -0.0003023995   0.0005318760   0.0004631300  -0.0000700268
       -0.0019351884  -0.0017313021   0.0020029699  -0.0123876519  -0.0422495749
       -0.0038761467  -0.0545851682  -0.0889121370   0.0793374496  -0.0159772625
       -0.1114474449  -0.1086080094  -0.0001996221   0.0000299660   0.0000440903
       -0.0000365860  -0.0000344886   0.0000191569  -0.0000622640  -0.0000115357
       -0.0000398775  -0.0000360661   0.0000671596  -0.0000771653   0.0000568744
        0.0000698910  -0.0000966040
       -0.0003679687  -0.0003290039   0.0000827323  -0.0042068403   0.0194360680
       -0.0050454157  -0.0038529158   0.0138095760  -0.0649574263   0.0087038961
       -0.0247189075   0.0014188036  -0.0049701316   0.0109682251   0.5213895725
       -0.0077203936   0.0082563624  -0.0014007830   0.0007778368   0.0011584403
       -0.0004393764  -0.0003149728  -0.0003378711  -0.0002464310   0.0001520279
       -0.0000219039   0.0000374593  -0.0001004609  -0.0003889203  -0.0005405551
       -0.0009278986  -0.0002806039   0.0000660978   0.0001315462   0.0009885931
       -0.0003589228   0.0000945200   0.0004292397  -0.0001862241  -0.0001732887
        0.0004277320   0.0000832328  -0.0001930623  -0.0001507172   0.0001289240
        0.0019833318   0.0035005518  -0.0021470576  -0.0552913516  -0.0036950960
       -0.0577715048   0.0894712415   0.0791659303  -0.1776387357  -0.0239148884
       -0.1083316566  -0.2129734637   0.0007438508  -0.0001608038   0.0001762732
        0.0000097090   0.0000077671   0.0000196207   0.0000131662   0.0000840003
        0.0000918442  -0.0000822543   0.0000198949   0.0000185414   0.0000353011
        0.0001631031   0.0001927947
       -0.0002019224   0.0003907519  -0.0004551044  -0.0207660750  -0.0055593384
       -0.0010013974  -0.1793035671  -0.0116100457  -0.0326883622  -0.0095009950
       -0.0005912891  -0.0075686203  -0.0189532160   0.0108589616  -0.0077203936
        0.5893037989   0.0527644571   0.0332659980  -0.1793509097  -0.0699229159
        0.1256751346  -0.0513499184  -0.0102506441   0.0065772381   0.0029189910
       -0.0035952744   0.0128944681  -0.0136949249   0.0108165476  -0.0308964707
       -0.1207140328   0.0334562418  -0.1060869691  -0.0002912353  -0.0000116655
       -0.0000144087   0.0004217131  -0.0002848165   0.0002960552   0.0003186872
        0.0001071372  -0.0001834064  -0.0021042132  -0.0011574757   0.0017329992
        0.0007645016   0.0009056896  -0.0003633287  -0.0010715490   0.0017026338
       -0.0002432541   0.0005651914  -0.0005467298   0.0002774078   0.0005999260
       -0.0008546390   0.0001195165   0.0059726919   0.0024667350  -0.0062459571
       -0.0051875009  -0.0015772444  -0.0017145204   0.0009472690  -0.0000193944
        0.0002824163  -0.0054414328  -0.0013273112  -0.0022021513   0.0061187224
       -0.0061603715   0.0162631104
        0.0000654329   0.0001277155  -0.0000659465  -0.0138062884  -0.0017809262
       -0.0028405867  -0.0058091360  -0.0586284406  -0.0003655095  -0.0127562081
        0.0005549153  -0.0059699731   0.0246719439  -0.0015514996   0.0082563624
        0.0527644571   0.2329845377  -0.1737301429  -0.0422214700  -0.0861972019
        0.0719143864  -0.0330881358   0.0014587745  -0.0163956784  -0.0036694111
       -0.0157294508   0.0221865373   0.0328223263   0.0068284014  -0.0050489260
        0.0049764029  -0.0795602174   0.0737855394   0.0000127604  -0.0000726824
        0.0000485317   0.0000085351   0.0000442633  -0.0000278553   0.0000190058
       -0.0000208298   0.0000065065  -0.0026289062  -0.0015815769   0.0020794129
       -0.0005453879   0.0002417340  -0.0000185154   0.0033757518  -0.0051065561
        0.0012073969   0.0001926075   0.0003375000   0.0003632275   0.0006504571
        0.0006647085   0.0000592898  -0.0049976131  -0.0031576503   0.0081358326
       -0.0011714639   0.0071277587   0.0022212009   0.0000082415  -0.0000802291
        0.0002785253  -0.0015180639   0.0069484930   0.0022146701   0.0026441621
       -0.0038515407   0.0117057142
        0.0000992437   0.0002994249   0.0000396878   0.0153414761   0.0002858766
        0.0058124156  -0.0323898614  -0.0013044083  -0.0750655595  -0.0276209532
       -0.0027045345  -0.0130325504  -0.0066562151   0.0032643095  -0.0014007830
        0.0332659980  -0.1737301429   0.5818404193   0.0575860137   0.0605509933
       -0.1836630332   0.0607956933  -0.0076976473   0.0424899341   0.0119519769
        0.0222200215  -0.0554089224  -0.0852141214  -0.0136590187   0.0000631665
       -0.0374276963   0.0851734957  -0.2620309562  -0.0000125144  -0.0000149800
        0.0000298261   0.0003163832  -0.0000289768  -0.0001079973  -0.0000547687
       -0.0000791322  -0.0001947923   0.0026268788   0.0023095090  -0.0012426764
       -0.0000866714  -0.0002148859   0.0003824713  -0.0002994448   0.0009171316
        0.0004009834  -0.0002262890   0.0001072087  -0.0004959324   0.0008478777
       -0.0006156549   0.0005887804   0.0149489161   0.0120021305  -0.0219554635
       -0.0024004812   0.0023606029   0.0020830505   0.0003347234   0.0003150476
       -0.0005087960  -0.0015407626   0.0020674689   0.0020348506  -0.0041854015
        0.0081761608  -0.0206581228
        0.0001260814  -0.0002461869   0.0000629743  -0.0045581261   0.0002470449
       -0.0018039287  -0.0309604068  -0.0107347835   0.0145516037  -0.0008904241
       -0.0002416095   0.0019252232  -0.0007946894  -0.0015140611   0.0007778368
       -0.1793509097  -0.0422214700   0.0575860137   0.6561218637   0.0687001797
        0.0426019946  -0.3264663874  -0.0385731758  -0.0165437340  -0.0153263414
        0.0321983361  -0.0857436409  -0.0573299503  -0.0157578355   0.0184381240
        0.0530932147  -0.0105870362   0.0470617040   0.0000599011  -0.0000045514
       -0.0000192733   0.0000424347   0.0001631849   0.0001190931  -0.0000243823
        0.0000298149   0.0001731997  -0.0010260038  -0.0010289093   0.0007375020
        0.0000742804  -0.0000802986  -0.0000602048  -0.0003396942   0.0002745855
        0.0001448054  -0.0009096540  -0.0001162521   0.0004120239  -0.0001505290
        0.0002127326   0.0001470056  -0.0698289595   0.0226136623  -0.0740606920
       -0.0220604051  -0.0025192031  -0.0018514048   0.0006012055  -0.0002068857
       -0.0022498824  -0.0003734691  -0.0003733090   0.0003859544   0.0002713507
       -0.0002339733  -0.0027922974
       -0.0000209662   0.0000872818   0.0001997730  -0.0004788415   0.0005461560
        0.0002699696  -0.0058735198  -0.0005764186   0.0002098755   0.0002155341
        0.0008066739   0.0006733275   0.0005673966  -0.0005311325   0.0011584403
       -0.0699229159  -0.0861972019   0.0605509933   0.0687001797   0.1969155479
       -0.1764265262  -0.0086836758  -0.0551587054   0.0186133183   0.0098205670
        0.0083172000  -0.0135433404  -0.0156132898  -0.0090227775   0.0020206565
        0.0103736131  -0.0089018843   0.0292602025  -0.0000332813  -0.0000175716
       -0.0000118227  -0.0000787368  -0.0000753033   0.0000863056  -0.0000011636
        0.0000355665   0.0000060789   0.0000188787  -0.0000253938   0.0000126907
       -0.0000310924  -0.0000183805  -0.0000268738   0.0003494294   0.0000875418
       -0.0001089269   0.0008722347  -0.0001645562  -0.0004859638  -0.0000915879
        0.0002492162   0.0001020342   0.0222965933  -0.0577398549   0.0703315466
       -0.0117759788  -0.0006011042  -0.0011470092  -0.0000540975   0.0060835927
        0.0042094064  -0.0002364982  -0.0001390618  -0.0003695005  -0.0003187809
        0.0060405698   0.0044153446
       -0.0000541711  -0.0001554342   0.0000564211  -0.0015952436   0.0003323728
       -0.0001465080   0.0014129129  -0.0022674307   0.0045046073  -0.0016269057
       -0.0004220550   0.0005870309  -0.0002369399   0.0005033405  -0.0004393764
        0.1256751346   0.0719143864  -0.1836630332   0.0426019946  -0.1764265262
        0.5821126279  -0.0893644827   0.0070095567  -0.0991304756  -0.0309174835
       -0.0044449913  -0.0001404080   0.0171716925   0.0016320958  -0.0030657711
       -0.0035463807   0.0208805746  -0.0509427992  -0.0000325203   0.0000411885
        0.0000057171  -0.0000408933   0.0000194133  -0.0001589828  -0.0001327365
       -0.0000305394   0.0001303062  -0.0005100254  -0.0002383008   0.0001132795
        0.0000749221   0.0000960872  -0.0001789878  -0.0003090625   0.0002095296
       -0.0000356165  -0.0008603313   0.0006218100   0.0002109321   0.0001581869
        0.0000870645  -0.0001563477  -0.0735664917   0.0700671857  -0.2463350074
        0.0204289556   0.0023874939   0.0028800741  -0.0028420620   0.0041234121
       -0.0035298650   0.0005071677  -0.0003346018   0.0008367465  -0.0023952368
        0.0043943677  -0.0035145641
       -0.0000502177   0.0000530359   0.0000437390  -0.0010217700  -0.0002009255
       -0.0003445012   0.0008234259  -0.0025285582   0.0032645766   0.0005321342
        0.0001537632  -0.0002643455   0.0007509167   0.0004655254  -0.0003149728
       -0.0513499184  -0.0330881358   0.0607956933  -0.3264663874  -0.0086836758
       -0.0893644827   0.6522926034   0.0763827669   0.0231811482  -0.1217865157
        0.0039011820  -0.0385563569   0.0552243746   0.0103987972  -0.0048297703
       -0.0375197345   0.0081998636  -0.0324503252  -0.0000048461  -0.0000774278
        0.0000129963  -0.0000669084  -0.0001263628  -0.0001466002   0.0000070105
        0.0000449746  -0.0000582117  -0.0001613768  -0.0000062142   0.0001893285
        0.0000078408   0.0002852718  -0.0000576856   0.0003386927  -0.0001680450
        0.0000560402  -0.0000900128   0.0001267376  -0.0002366028  -0.0001419181
       -0.0001583133   0.0000824905  -0.0124638011  -0.0001255563  -0.0047254573
       -0.1441980797  -0.0612210846   0.1079408476  -0.0132563634   0.0087126769
       -0.0267472131  -0.0013950566  -0.0028256947   0.0031659289  -0.0000040921
        0.0004853989  -0.0006362640
       -0.0000166699  -0.0000227528   0.0000136184  -0.0002452157   0.0001146644
        0.0000596878  -0.0024654074   0.0047386259   0.0033975318   0.0005448767
       -0.0000917041   0.0007458805  -0.0006820640   0.0001475381  -0.0003378711
       -0.0102506441   0.0014587745  -0.0076976473  -0.0385731758  -0.0551587054
        0.0070095567   0.0763827669   0.2039526831  -0.1872252772   0.0336692802
       -0.0771816858   0.0859062026  -0.0121629830  -0.0093911377   0.0215430312
        0.0087956443  -0.0053322363   0.0031759611  -0.0000002916  -0.0000050121
       -0.0000070867   0.0000033832  -0.0000094768   0.0000096337   0.0000197093
        0.0000261360  -0.0000019057   0.0000391029  -0.0000203460  -0.0000371410
        0.0000319309   0.0000312020  -0.0000350420  -0.0000362215   0.0002466709
       -0.0001174349  -0.0000889257  -0.0000115186   0.0000012397  -0.0000493248
       -0.0000778775  -0.0000478679   0.0089027003   0.0009890518   0.0031381930
       -0.0609986002  -0.0711168256   0.0677425755  -0.0005139672   0.0009163054
       -0.0012899149  -0.0025808525   0.0058426623   0.0043403528   0.0002749487
       -0.0000450358  -0.0002862761
       -0.0000739162   0.0000051745   0.0000182507   0.0009010440   0.0002095399
        0.0001749852   0.0029706123   0.0033921255  -0.0008708737   0.0003161611
        0.0000629529  -0.0001615936  -0.0003650258   0.0002917839  -0.0002464310
        0.0065772381  -0.0163956784   0.0424899341  -0.0165437340   0.0186133183
       -0.0991304756   0.0231811482  -0.1872252772   0.5895570852  -0.1118052636
        0.0745453151  -0.2757112233   0.0506233474   0.0303626452  -0.0528777375
       -0.0342701844   0.0029617867  -0.0261102888   0.0000023287   0.0000011200
        0.0000106884  -0.0000133409  -0.0000327249  -0.0000745952  -0.0000258734
       -0.0000143545   0.0000151270   0.0001493030   0.0001976955  -0.0001327401
        0.0000443485   0.0000447108   0.0000178003  -0.0000277754   0.0000371310
       -0.0000702510   0.0001331624  -0.0001001242  -0.0001361145  -0.0000430105
       -0.0000916815   0.0001030662  -0.0276158982  -0.0006193707  -0.0088248047
        0.1080920070   0.0673969793  -0.1604036282  -0.0041312042   0.0022774851
       -0.0068974345   0.0024925566   0.0042727392  -0.0009895013  -0.0005680309
       -0.0001932913   0.0002507559
       -0.0000575417   0.0000710431   0.0000474357  -0.0000130802  -0.0000682552
       -0.0000035293  -0.0008306059   0.0000164131  -0.0004748479   0.0000779577
        0.0000928974   0.0001879089   0.0000558732  -0.0001223181   0.0001520279
        0.0029189910  -0.0036694111   0.0119519769  -0.0153263414   0.0098205670
       -0.0309174835  -0.1217865157   0.0336692802  -0.1118052636   0.6646778481
        0.0769950046   0.0336222797  -0.1934539916  -0.0812835201   0.1374632736
       -0.0515141652  -0.0114138669   0.0067803783  -0.0000107522  -0.0000574321
       -0.0000424585  -0.0000677114  -0.0001151623  -0.0000959587   0.0000365933
        0.0000328332  -0.0000704701   0.0000700459   0.0001203073   0.0000107689
       -0.0000145440   0.0001731868  -0.0000021201   0.0001242176  -0.0000087365
        0.0000436303   0.0000152187  -0.0000796128  -0.0000300624  -0.0000467750
       -0.0000638256  -0.0000043704  -0.0053921876  -0.0013152139  -0.0022313629
        0.0053025236  -0.0062116447   0.0173118049  -0.2851644262  -0.0187214537
       -0.0539581100   0.0056581866   0.0035939423  -0.0063364739  -0.0052588175
       -0.0014550219  -0.0015989742
       -0.0000122252   0.0000819832   0.0000826631  -0.0000182563   0.0000241567
        0.0000055862   0.0002317800  -0.0002039010   0.0001740358   0.0001313041
       -0.0000606510  -0.0001056435   0.0001745134   0.0000179192  -0.0000219039
       -0.0035952744  -0.0157294508   0.0222200215   0.0321983361   0.0083172000
       -0.0044449913   0.0039011820  -0.0771816858   0.0745453151   0.0769950046
        0.2035471775  -0.1846149392  -0.0510350466  -0.0914167086   0.0843865572
       -0.0341657731   0.0022953733  -0.0157797006  -0.0000450830  -0.0000307783
       -0.0000183323  -0.0000683952  -0.0001008868  -0.0001036744  -0.0000076711
        0.0000096618  -0.0000476601  -0.0000287285   0.0000238099   0.0000023450
        0.0000412321   0.0000898960  -0.0000270185   0.0000677647  -0.0000343230
       -0.0000060749  -0.0000026950   0.0000971354  -0.0000727539  -0.0000122467
       -0.0000367982   0.0000241760  -0.0015236427   0.0072045033   0.0020073724
        0.0028898442  -0.0035511545   0.0114419848  -0.0187460073  -0.0366541161
       -0.0002813909  -0.0060504749  -0.0036205127   0.0083074297  -0.0013194410
        0.0069121504   0.0023265965
       -0.0000819062  -0.0000141049  -0.0000853680   0.0001303348   0.0000838234
        0.0000601533  -0.0009952813   0.0001147012  -0.0009487574  -0.0004384436
        0.0001325202   0.0003698786  -0.0004132013   0.0000115759   0.0000374593
        0.0128944681   0.0221865373  -0.0554089224  -0.0857436409  -0.0135433404
       -0.0001404080  -0.0385563569   0.0859062026  -0.2757112233   0.0336222797
       -0.1846149392   0.5773155590   0.0647276343   0.0731129054  -0.1956058920
        0.0617442514  -0.0069842514   0.0421621154   0.0000292512   0.0000145002
       -0.0000055472   0.0000705725   0.0000899870   0.0001767347   0.0000027464
       -0.0000136074   0.0000702081   0.0001205619  -0.0000628764   0.0000160018
       -0.0000365100  -0.0002311600   0.0000648304  -0.0001029817   0.0000376223
        0.0000952850  -0.0000448559  -0.0003062560   0.0002126247  -0.0000340453
        0.0000535305  -0.0000250256  -0.0016063007   0.0022999811   0.0020792811
       -0.0054209050   0.0082604226  -0.0209047670  -0.0539936962  -0.0002644560
       -0.0544150132   0.0162443994   0.0117266000  -0.0214886219  -0.0021183748
        0.0020040821   0.0020794145
        0.0001016027   0.0001128251  -0.0000620037   0.0003285632  -0.0002076906
        0.0001919869   0.0008548549  -0.0009749516  -0.0015356256  -0.0010485603
        0.0002788317  -0.0000997751  -0.0006723808   0.0004693664  -0.0001004609
       -0.0136949249   0.0328223263  -0.0852141214  -0.0573299503  -0.0156132898
        0.0171716925   0.0552243746  -0.0121629830   0.0506233474  -0.1934539916
       -0.0510350466   0.0647276343   0.6430951879   0.0735238119   0.0288881043
       -0.3164138267  -0.0376873418  -0.0140854816  -0.0000539198  -0.0000170810
       -0.0000249837  -0.0002339143  -0.0000802804   0.0001631537   0.0000790811
        0.0000642636  -0.0000131960   0.0002310944   0.0000547119  -0.0000099980
       -0.0002595223   0.0000020008   0.0001086043  -0.0000172082   0.0000142544
        0.0000884220  -0.0000575004  -0.0002119707   0.0002132610  -0.0000468896
       -0.0000027075  -0.0001190021  -0.0004116754  -0.0001349797   0.0005036326
        0.0007203829   0.0001808255  -0.0028997496  -0.0225600350  -0.0116669304
        0.0190440196  -0.0719641639   0.0252842090  -0.0755332288  -0.0224166781
       -0.0030121733  -0.0020262322
        0.0000060027   0.0000473276  -0.0000281808  -0.0001951999   0.0001203802
       -0.0001360267  -0.0004000442   0.0056727531   0.0044346800   0.0013745969
        0.0001137308   0.0007758095  -0.0013951981   0.0000540420  -0.0003889203
        0.0108165476   0.0068284014  -0.0136590187  -0.0157578355  -0.0090227775
        0.0016320958   0.0103987972  -0.0093911377   0.0303626452  -0.0812835201
       -0.0914167086   0.0731129054   0.0735238119   0.2099380156  -0.1942694758
       -0.0073502375  -0.0561302080   0.0188581291  -0.0000390500   0.0000053979
       -0.0000293694  -0.0000732881  -0.0001343617  -0.0000501505   0.0000288501
        0.0000030148  -0.0000031155  -0.0000250367   0.0000675451  -0.0000879766
        0.0000866425   0.0000380800   0.0000910854  -0.0002422326   0.0003356979
       -0.0000994652   0.0000142195  -0.0000461408   0.0000269916  -0.0000638074
       -0.0000460586  -0.0000660730  -0.0001809039  -0.0001222848  -0.0003361774
       -0.0002017628   0.0062556095   0.0042243179  -0.0022558355  -0.0006589982
        0.0016828088   0.0255590668  -0.0618792251   0.0751176124  -0.0123445828
       -0.0006320948  -0.0011651310
        0.0002316808  -0.0001327274  -0.0000077294   0.0004813942   0.0001419564
        0.0001198651  -0.0010361529   0.0039056368  -0.0024912579   0.0000030946
        0.0000302585  -0.0000537339  -0.0009841270   0.0001538057  -0.0005405551
       -0.0308964707  -0.0050489260   0.0000631665   0.0184381240   0.0020206565
       -0.0030657711  -0.0048297703   0.0215430312  -0.0528777375   0.1374632736
        0.0843865572  -0.1956058920   0.0288881043  -0.1942694758   0.5901144313
       -0.0871109320   0.0071709543  -0.0978388933   0.0001100379  -0.0000134033
        0.0000547283  -0.0000680249   0.0001941564   0.0001389907  -0.0000047236
        0.0000227296   0.0000200305   0.0001677051   0.0000060981   0.0000397291
        0.0000033550  -0.0001926549  -0.0001107560  -0.0000564356   0.0002847371
       -0.0000201749  -0.0000479813  -0.0000426772   0.0000211324  -0.0000278604
       -0.0000993381  -0.0000269102   0.0003868688  -0.0002838583   0.0007960458
       -0.0022828098   0.0042741268  -0.0036763485  -0.0035229753  -0.0019471456
        0.0038187426  -0.0754255915   0.0753115139  -0.2417286912   0.0201202170
        0.0025839879   0.0028575888
        0.0002722880  -0.0000394495   0.0002821822   0.0006194999   0.0003987163
       -0.0003412569  -0.0121486372   0.0074089770  -0.0243139713  -0.0031000466
       -0.0003377569  -0.0020503994  -0.0019711978  -0.0009108783  -0.0009278986
       -0.1207140328   0.0049764029  -0.0374276963   0.0530932147   0.0103736131
       -0.0035463807  -0.0375197345   0.0087956443  -0.0342701844  -0.0515141652
       -0.0341657731   0.0617442514  -0.3164138267  -0.0073502375  -0.0871109320
        0.6461282568   0.0786644189   0.0198310174  -0.0000549661  -0.0001192559
       -0.0000179934  -0.0014196272   0.0004791651  -0.0000114187  -0.0002150138
       -0.0000052671  -0.0000412095  -0.0000650050   0.0003126232  -0.0000110696
       -0.0010692444  -0.0001567439  -0.0006683672  -0.0004365852   0.0010287688
       -0.0001675614  -0.0000374951   0.0001686008  -0.0001474731   0.0001028125
       -0.0001501770   0.0001700201  -0.0016721162  -0.0026777108   0.0031211401
        0.0000622126   0.0001059475  -0.0007413327  -0.0015004763  -0.0025077481
        0.0024139085  -0.0123107015   0.0001734827  -0.0045728756  -0.1381154130
       -0.0644653625   0.1088055010
        0.0004727090  -0.0008266556  -0.0004010877  -0.0002222263  -0.0008069772
       -0.0003568831   0.0010806505   0.0015051508   0.0001678713  -0.0012957201
       -0.0002606031  -0.0006576517   0.0000833930  -0.0001873851  -0.0002806039
        0.0334562418  -0.0795602174   0.0851734957  -0.0105870362  -0.0089018843
        0.0208805746   0.0081998636  -0.0053322363   0.0029617867  -0.0114138669
        0.0022953733  -0.0069842514  -0.0376873418  -0.0561302080   0.0071709543
        0.0786644189   0.2113233415  -0.1944030881   0.0003086823   0.0001642525
        0.0002382366   0.0005283559   0.0006453908   0.0002976608   0.0000501160
        0.0000556063   0.0000944710  -0.0001875974   0.0001674804   0.0000337905
       -0.0007866886   0.0002016598  -0.0006085366  -0.0000298601   0.0000708875
       -0.0000345715  -0.0000446580  -0.0000022310   0.0001077700   0.0000450159
        0.0000667337  -0.0000093920  -0.0024972639   0.0056406583   0.0041049732
        0.0003346770  -0.0000123171  -0.0002997594  -0.0028391131   0.0057708245
        0.0041169051   0.0091228842   0.0009496903   0.0030851074  -0.0647556357
       -0.0768363347   0.0756022281
       -0.0005862819   0.0001984946  -0.0002869631   0.0003776951  -0.0001444050
       -0.0005621087  -0.0097582235   0.0023806610  -0.0076801534  -0.0004267510
       -0.0001360974  -0.0000995925   0.0011193633  -0.0011685732   0.0000660978
       -0.1060869691   0.0737855394  -0.2620309562   0.0470617040   0.0292602025
       -0.0509427992  -0.0324503252   0.0031759611  -0.0261102888   0.0067803783
       -0.0157797006   0.0421621154  -0.0140854816   0.0188581291  -0.0978388933
        0.0198310174  -0.1944030881   0.5793728836  -0.0000815628   0.0000407918
       -0.0000774001   0.0005875929  -0.0006260091   0.0000155588   0.0001478948
        0.0000266740  -0.0000975767   0.0001451072   0.0003881875  -0.0001349397
        0.0001762935   0.0005123627   0.0004597876   0.0003440974   0.0001875023
        0.0000397608   0.0000575932   0.0001837718  -0.0002084962  -0.0001535638
        0.0000496161   0.0001900401   0.0025122575   0.0041081763  -0.0015366355
       -0.0007116433  -0.0004146293   0.0002137329   0.0029625934   0.0042475816
       -0.0009455113  -0.0267403283  -0.0003781977  -0.0083397240   0.1089775426
        0.0756470485  -0.1656279382
       -0.1459106081   0.1129148397  -0.0375427119  -0.0067636118   0.0088039526
       -0.0002488632  -0.0001057947   0.0003631573  -0.0002945633   0.0000639304
       -0.0000500675  -0.0000975642   0.0003473085   0.0000796961   0.0001315462
       -0.0002912353   0.0000127604  -0.0000125144   0.0000599011  -0.0000332813
       -0.0000325203  -0.0000048461  -0.0000002916   0.0000023287  -0.0000107522
       -0.0000450830   0.0000292512  -0.0000539198  -0.0000390500   0.0001100379
       -0.0000549661   0.0003086823  -0.0000815628   0.1660370109  -0.1317453889
        0.0428985478  -0.0221818936   0.0196944274  -0.0104499866   0.0084544113
       -0.0092614068   0.0032896228   0.0009450393  -0.0008995852  -0.0003847143
       -0.0000189009   0.0012147125   0.0019111087   0.0003615352  -0.0000301959
        0.0003515235   0.0000753839  -0.0001013711  -0.0003076596  -0.0010223651
       -0.0010436516   0.0005055694  -0.0000130242  -0.0000116711   0.0000455111
        0.0000067698   0.0000072434   0.0000119687  -0.0000016732  -0.0000017841
        0.0000118594   0.0000453338   0.0000103242   0.0000285872   0.0000369668
       -0.0001469678   0.0001251981
        0.1127170677  -0.1697373514   0.0417859344   0.0117012739  -0.0144418208
       -0.0003959088  -0.0000317255   0.0000984511   0.0002377369  -0.0000304754
       -0.0001875038   0.0001307810  -0.0006369491  -0.0000864516   0.0009885931
       -0.0000116655  -0.0000726824  -0.0000149800  -0.0000045514  -0.0000175716
        0.0000411885  -0.0000774278  -0.0000050121   0.0000011200  -0.0000574321
       -0.0000307783   0.0000145002  -0.0000170810   0.0000053979  -0.0000134033
       -0.0001192559   0.0001642525   0.0000407918  -0.1317453889   0.1983818991
       -0.0476344295  -0.0068421877   0.0082037480  -0.0024097064   0.0144078552
       -0.0202722938   0.0097312382   0.0001326340   0.0001305959   0.0003883407
        0.0014856192  -0.0020212837  -0.0036473009  -0.0000701073   0.0001896046
        0.0000822539  -0.0001480857   0.0000022712   0.0001276875  -0.0007154757
       -0.0001779723   0.0006036239  -0.0000032918   0.0000078061  -0.0000252980
        0.0000069200   0.0000147413  -0.0000127732   0.0000133616  -0.0000032013
        0.0000066564  -0.0000058329  -0.0000086372   0.0000171547   0.0000522022
       -0.0001362075  -0.0000438011
       -0.0383901241   0.0423508141  -0.0559987514   0.0162027984  -0.0195765201
        0.0038667659  -0.0001954814  -0.0001199449   0.0004725423  -0.0000949631
        0.0000159959   0.0000609926   0.0006596261   0.0005088734  -0.0003589228
       -0.0000144087   0.0000485317   0.0000298261  -0.0000192733  -0.0000118227
        0.0000057171   0.0000129963  -0.0000070867   0.0000106884  -0.0000424585
       -0.0000183323  -0.0000055472  -0.0000249837  -0.0000293694   0.0000547283
       -0.0000179934   0.0002382366  -0.0000774001   0.0428985478  -0.0476344295
        0.0670968788  -0.0115284309   0.0106610757  -0.0043651154  -0.0127148978
        0.0171204131  -0.0065488969   0.0005858421  -0.0002689287   0.0010368486
        0.0022223880  -0.0036891493  -0.0038739468  -0.0001190123   0.0001818676
       -0.0011113235  -0.0001247987  -0.0001468545  -0.0001084655   0.0006800027
        0.0004928666  -0.0002154235   0.0000049795  -0.0000172859   0.0000204016
       -0.0000190898  -0.0000085965   0.0000134209  -0.0000304083  -0.0000061373
        0.0000081970  -0.0000064342   0.0000096755  -0.0000052926   0.0000755770
       -0.0000938924  -0.0000079219
       -0.1947643270  -0.0774057950  -0.0885817672   0.0064015406   0.0017300119
        0.0011608003   0.0005752836  -0.0001213312  -0.0000378679  -0.0001189957
        0.0000188588  -0.0000117655  -0.0000900165  -0.0002053952   0.0000945200
        0.0004217131   0.0000085351   0.0003163832   0.0000424347  -0.0000787368
       -0.0000408933  -0.0000669084   0.0000033832  -0.0000133409  -0.0000677114
       -0.0000683952   0.0000705725  -0.0002339143  -0.0000732881  -0.0000680249
       -0.0014196272   0.0005283559   0.0005875929  -0.0221818936  -0.0068421877
       -0.0115284309   0.2272068219   0.0885284400   0.1020521370  -0.0152090903
       -0.0087706054  -0.0058486835   0.0008581936   0.0006874764   0.0013797800
        0.0000402109  -0.0000447648   0.0001194215  -0.0001134643  -0.0000155532
        0.0000415820  -0.0000019179   0.0000845991   0.0001431373   0.0002322267
        0.0003234225  -0.0001116101   0.0000081774   0.0000409359  -0.0000769414
        0.0000063876   0.0000301930  -0.0000225027   0.0000280188   0.0000082859
       -0.0000235907  -0.0000189867   0.0000055450  -0.0000384143  -0.0015341557
        0.0016280100   0.0004379066
       -0.0772814651  -0.0836724869  -0.0442348845  -0.0119012574  -0.0066164161
       -0.0094882743   0.0001604791   0.0007883064   0.0007193024  -0.0000333489
       -0.0001298489   0.0001859586   0.0001024050   0.0001997181   0.0004292397
       -0.0002848165   0.0000442633  -0.0000289768   0.0001631849  -0.0000753033
        0.0000194133  -0.0001263628  -0.0000094768  -0.0000327249  -0.0001151623
       -0.0001008868   0.0000899870  -0.0000802804  -0.0001343617   0.0001941564
        0.0004791651   0.0006453908  -0.0006260091   0.0196944274   0.0082037480
        0.0106610757   0.0885284400   0.0949879518   0.0530576765  -0.0211612097
       -0.0110529833  -0.0082396613   0.0006835050  -0.0015738050  -0.0031550430
       -0.0003351558  -0.0001137794   0.0000424364  -0.0000052474  -0.0001017114
       -0.0001090799  -0.0000709714  -0.0000762403  -0.0001026408   0.0000440457
       -0.0002541047   0.0005006092  -0.0000318319  -0.0000341921   0.0000641428
       -0.0000148114   0.0000042200   0.0000277283  -0.0000552968  -0.0000248020
        0.0000313230   0.0000200810  -0.0000085438   0.0000170695   0.0016214847
       -0.0008946560  -0.0000228244
       -0.0881065074  -0.0436440272  -0.0931397169  -0.0195821892  -0.0120359510
       -0.0158370660  -0.0006828580   0.0001631707   0.0007889078  -0.0000688995
        0.0000121742   0.0003755256   0.0000116624  -0.0000302512  -0.0001862241
        0.0002960552  -0.0000278553  -0.0001079973   0.0001190931   0.0000863056
       -0.0001589828  -0.0001466002   0.0000096337  -0.0000745952  -0.0000959587
       -0.0001036744   0.0001767347   0.0001631537  -0.0000501505   0.0001389907
       -0.0000114187   0.0002976608   0.0000155588  -0.0104499866  -0.0024097064
       -0.0043651154   0.1020521370   0.0530576765   0.1085134250   0.0155187945
        0.0082682896   0.0083643254   0.0009129500  -0.0040905521  -0.0053369109
       -0.0001928821   0.0002888816   0.0004175448  -0.0000191062  -0.0000537456
        0.0000544802  -0.0000178204   0.0000565264   0.0001534404  -0.0000280754
        0.0008036082  -0.0004588553  -0.0000449149  -0.0000149865   0.0000099376
       -0.0000527305  -0.0000070659  -0.0000051967  -0.0000480419  -0.0000097985
       -0.0000021368  -0.0001187953   0.0000187574  -0.0000462606   0.0005929391
       -0.0005849200   0.0007101872
       -0.0921267391  -0.0693591518   0.0644921962  -0.0051122461  -0.0049053434
        0.0083747173   0.0001820759   0.0013745882   0.0019738527  -0.0003779324
       -0.0002282957   0.0005871504   0.0001873085   0.0001326249  -0.0001732887
        0.0003186872   0.0000190058  -0.0000547687  -0.0000243823  -0.0000011636
       -0.0001327365   0.0000070105   0.0000197093  -0.0000258734   0.0000365933
       -0.0000076711   0.0000027464   0.0000790811   0.0000288501  -0.0000047236
       -0.0002150138   0.0000501160   0.0001478948   0.0084544113   0.0144078552
       -0.0127148978  -0.0152090903  -0.0211612097   0.0155187945   0.1041888169
        0.0797833284  -0.0780405281   0.0001777379   0.0000151197  -0.0002803359
       -0.0000904330  -0.0002736489   0.0002410826   0.0000162224   0.0000724182
        0.0001494526   0.0000409518  -0.0000108843  -0.0000616166  -0.0001583884
        0.0001073494  -0.0001286447   0.0000248910   0.0000122830  -0.0000248505
       -0.0000076791   0.0000067059   0.0000037526   0.0000024965   0.0000008298
       -0.0000063622  -0.0000353202   0.0000032063  -0.0000009679  -0.0003590598
       -0.0000866216   0.0001579544
       -0.0694461642  -0.1427933289   0.0964811868   0.0064532903   0.0077228637
       -0.0092156119   0.0008399120  -0.0006424030  -0.0023301466   0.0003532245
        0.0002105288  -0.0005327171  -0.0003939870  -0.0002406340   0.0004277320
        0.0001071372  -0.0000208298  -0.0000791322   0.0000298149   0.0000355665
       -0.0000305394   0.0000449746   0.0000261360  -0.0000143545   0.0000328332
        0.0000096618  -0.0000136074   0.0000642636   0.0000030148   0.0000227296
       -0.0000052671   0.0000556063   0.0000266740  -0.0092614068  -0.0202722938
        0.0171204131  -0.0087706054  -0.0110529833   0.0082682896   0.0797833284
        0.1656170690  -0.1099138673   0.0001774655   0.0000676970   0.0001746304
        0.0002889079   0.0009935678  -0.0006437256  -0.0001090532  -0.0000309071
       -0.0001935016  -0.0000445242   0.0001218161   0.0001146852   0.0001586398
        0.0002279484   0.0002213967   0.0000030578  -0.0000102727   0.0000127576
       -0.0000181329  -0.0000036457   0.0000158956  -0.0000243996  -0.0000007044
       -0.0000057474  -0.0000227709   0.0000035487  -0.0000220472  -0.0002405383
       -0.0000270223   0.0001086076
        0.0647039096   0.0960844001  -0.1329092861   0.0143165352   0.0144423502
       -0.0201813927   0.0007773405  -0.0029780506  -0.0042005072   0.0008273928
        0.0004983681  -0.0012498548   0.0001397293  -0.0003023995   0.0000832328
       -0.0001834064   0.0000065065  -0.0001947923   0.0001731997   0.0000060789
        0.0001303062  -0.0000582117  -0.0000019057   0.0000151270  -0.0000704701
       -0.0000476601   0.0000702081  -0.0000131960  -0.0000031155   0.0000200305
       -0.0000412095   0.0000944710  -0.0000975767   0.0032896228   0.0097312382
       -0.0065488969  -0.0058486835  -0.0082396613   0.0083643254  -0.0780405281
       -0.1099138673   0.1558286097  -0.0001791425   0.0002905283  -0.0001474198
        0.0000865763   0.0004936097   0.0008958320   0.0000272501   0.0000042712
        0.0000686760  -0.0000099885  -0.0000637406   0.0000612554  -0.0000825095
       -0.0000845665  -0.0000543312  -0.0000550615  -0.0000082245  -0.0000024933
        0.0000205972   0.0000153020  -0.0000212071   0.0000146731  -0.0000031656
        0.0000076838  -0.0000021601  -0.0000008686   0.0000159524   0.0002077409
       -0.0000198984   0.0000465189
        0.0048071770   0.0012449209   0.0023263149  -0.1988584592  -0.0445133069
       -0.0960852652  -0.0204038256  -0.0070568040  -0.0059690986  -0.0002055281
        0.0000923676  -0.0000029993   0.0004865752   0.0005318760  -0.0001930623
       -0.0021042132  -0.0026289062   0.0026268788  -0.0010260038   0.0000188787
       -0.0005100254  -0.0001613768   0.0000391029   0.0001493030   0.0000700459
       -0.0000287285   0.0001205619   0.0002310944  -0.0000250367   0.0001677051
       -0.0000650050  -0.0001875974   0.0001451072   0.0009450393   0.0001326340
        0.0005858421   0.0008581936   0.0006835050   0.0009129500   0.0001777379
        0.0001774655  -0.0001791425   0.2329383995   0.0523126463   0.1070744918
       -0.0177535540  -0.0006461060  -0.0115941426   0.0002817809  -0.0002410848
        0.0000881688   0.0000042936   0.0001052527  -0.0000130423  -0.0000932799
        0.0000963057   0.0000528418   0.0000228116  -0.0000474751   0.0000526016
       -0.0001382236  -0.0000322620   0.0000398628  -0.0000560910  -0.0000195129
       -0.0000028362  -0.0000094952  -0.0000026565  -0.0000296560   0.0000519065
       -0.0000054782   0.0002366404
       -0.0123277570  -0.0056653391  -0.0125204417  -0.0446213572  -0.0575143510
       -0.0261637124  -0.0171366846  -0.0049834002  -0.0063565120   0.0004138547
        0.0007476063  -0.0005610559  -0.0007022161   0.0004631300  -0.0001507172
       -0.0011574757  -0.0015815769   0.0023095090  -0.0010289093  -0.0000253938
       -0.0002383008  -0.0000062142  -0.0000203460   0.0001976955   0.0001203073
        0.0000238099  -0.0000628764   0.0000547119   0.0000675451   0.0000060981
        0.0003126232   0.0001674804   0.0003881875  -0.0008995852   0.0001305959
       -0.0002689287   0.0006874764  -0.0015738050  -0.0040905521   0.0000151197
        0.0000676970   0.0002905283   0.0523126463   0.0661335278   0.0328702756
        0.0235988474   0.0041761202   0.0144084095   0.0002628996  -0.0005287059
        0.0002752656   0.0001813775   0.0000102247  -0.0000119770   0.0000271218
       -0.0000496366  -0.0000342113   0.0000175551   0.0000010095  -0.0000211816
       -0.0000878604  -0.0000198946   0.0000061399  -0.0000028593  -0.0000039804
       -0.0000195447   0.0000005635   0.0000242243  -0.0000178602  -0.0000341853
       -0.0000465417  -0.0002342371
       -0.0199063997  -0.0107321690  -0.0185557829  -0.0965002880  -0.0269348089
       -0.0986148607   0.0151900587   0.0055363177   0.0054554902   0.0016234944
        0.0006128580   0.0007899031   0.0004564195  -0.0000700268   0.0001289240
        0.0017329992   0.0020794129  -0.0012426764   0.0007375020   0.0000126907
        0.0001132795   0.0001893285  -0.0000371410  -0.0001327401   0.0000107689
        0.0000023450   0.0000160018  -0.0000099980  -0.0000879766   0.0000397291
       -0.0000110696   0.0000337905  -0.0001349397  -0.0003847143   0.0003883407
        0.0010368486   0.0013797800  -0.0031550430  -0.0053369109  -0.0002803359
        0.0001746304  -0.0001474198   0.1070744918   0.0328702756   0.1219622857
       -0.0111375563  -0.0004098134  -0.0054083563  -0.0001179535  -0.0000520988
        0.0001441859   0.0000508566  -0.0000715494  -0.0000522180  -0.0000857655
       -0.0000958059  -0.0001659620  -0.0000337294  -0.0000103317   0.0000702725
        0.0000451961   0.0000099749   0.0000198052  -0.0000209247   0.0000152922
        0.0000034666   0.0000148528  -0.0000009370  -0.0000178660  -0.0000170136
       -0.0000782272   0.0000295406
       -0.0048797982   0.0088840877   0.0010872972  -0.0942265581   0.0909530052
       -0.0293235801   0.0065630227  -0.0141792853   0.0049810367  -0.0000162257
        0.0000752532  -0.0001556573  -0.0013221645  -0.0019351884   0.0019833318
        0.0007645016  -0.0005453879  -0.0000866714   0.0000742804  -0.0000310924
        0.0000749221   0.0000078408   0.0000319309   0.0000443485  -0.0000145440
        0.0000412321  -0.0000365100  -0.0002595223   0.0000866425   0.0000033550
       -0.0010692444  -0.0007866886   0.0001762935  -0.0000189009   0.0014856192
        0.0022223880   0.0000402109  -0.0003351558  -0.0001928821  -0.0000904330
        0.0002889079   0.0000865763  -0.0177535540   0.0235988474  -0.0111375563
        0.1128714120  -0.1058382704   0.0312776871  -0.0000198638  -0.0000308182
        0.0001079536   0.0002905907  -0.0008786630   0.0002373244  -0.0000573363
       -0.0000023637  -0.0000084114   0.0000408823   0.0000256236  -0.0000874026
        0.0000522205   0.0000321868  -0.0000284841   0.0000592344  -0.0000050367
       -0.0000225432   0.0000329424  -0.0000122642  -0.0000038996  -0.0010689935
       -0.0009231217  -0.0011989162
        0.0106454599  -0.0159505191   0.0009827061   0.0911629076  -0.2047080961
        0.0487473300   0.0057446905  -0.0182299748   0.0080654031   0.0001368906
       -0.0000081119   0.0001644987  -0.0026391216  -0.0017313021   0.0035005518
        0.0009056896   0.0002417340  -0.0002148859  -0.0000802986  -0.0000183805
        0.0000960872   0.0002852718   0.0000312020   0.0000447108   0.0001731868
        0.0000898960  -0.0002311600   0.0000020008   0.0000380800  -0.0001926549
       -0.0001567439   0.0002016598   0.0005123627   0.0012147125  -0.0020212837
       -0.0036891493  -0.0000447648  -0.0001137794   0.0002888816  -0.0002736489
        0.0009935678   0.0004936097  -0.0006461060   0.0041761202  -0.0004098134
       -0.1058382704   0.2380780099  -0.0570135217  -0.0001655063   0.0001497957
       -0.0001410338   0.0003214527  -0.0013643445   0.0002799663   0.0000769833
        0.0001886790  -0.0000267517   0.0001003235   0.0000063493  -0.0000410889
        0.0000400149   0.0000004104   0.0000076003   0.0000404157   0.0000099408
       -0.0000205784   0.0000469416   0.0000127091   0.0000011107  -0.0010524814
       -0.0000723619  -0.0012041812
        0.0135926752  -0.0216571680   0.0031044679  -0.0293661723   0.0492168028
       -0.0570287674  -0.0059331482   0.0177343314  -0.0061931074  -0.0001686603
        0.0000427832  -0.0003318157   0.0020867938   0.0020029699  -0.0021470576
       -0.0003633287  -0.0000185154   0.0003824713  -0.0000602048  -0.0000268738
       -0.0001789878  -0.0000576856  -0.0000350420   0.0000178003  -0.0000021201
       -0.0000270185   0.0000648304   0.0001086043   0.0000910854  -0.0001107560
       -0.0006683672  -0.0006085366   0.0004597876   0.0019111087  -0.0036473009
       -0.0038739468   0.0001194215   0.0000424364   0.0004175448   0.0002410826
       -0.0006437256   0.0008958320  -0.0115941426   0.0144084095  -0.0054083563
        0.0312776871  -0.0570135217   0.0708208355   0.0002140953  -0.0002383143
       -0.0000019036  -0.0001603518   0.0010947893  -0.0001984323   0.0001145308
       -0.0000895485  -0.0001516576  -0.0000612044   0.0000196036  -0.0000363549
       -0.0000220696   0.0000193810  -0.0000254599   0.0000307778   0.0000087156
       -0.0000244650  -0.0000518550  -0.0000088245  -0.0000255306  -0.0011874664
       -0.0006669185  -0.0004269710
        0.0001093932  -0.0002726196   0.0002055884   0.0006751080  -0.0006441311
        0.0004840639  -0.0142235341   0.0033080498  -0.0037692314   0.0000241023
       -0.0002608996   0.0002439248  -0.2683087482  -0.0123876519  -0.0552913516
       -0.0010715490   0.0033757518  -0.0002994448  -0.0003396942   0.0003494294
       -0.0003090625   0.0003386927  -0.0000362215  -0.0000277754   0.0001242176
        0.0000677647  -0.0001029817  -0.0000172082  -0.0002422326  -0.0000564356
       -0.0004365852  -0.0000298601   0.0003440974   0.0003615352  -0.0000701073
       -0.0001190123  -0.0001134643  -0.0000052474  -0.0000191062   0.0000162224
       -0.0001090532   0.0000272501   0.0002817809   0.0002628996  -0.0001179535
       -0.0000198638  -0.0001655063   0.0002140953   0.3113978680   0.0127036523
        0.0641634232  -0.0216189207  -0.0036430673  -0.0018607307  -0.0070074678
       -0.0022676558  -0.0035485416   0.0000140624  -0.0000375105  -0.0000945386
       -0.0000417801  -0.0000034898   0.0000350325  -0.0000662800   0.0000264355
       -0.0000092506  -0.0000672984   0.0000037825  -0.0000847353  -0.0000105889
        0.0000774885  -0.0000073237
       -0.0001739661  -0.0000088235   0.0000951471   0.0008215780   0.0009407209
        0.0000944822   0.0279907331  -0.0027769811   0.0072052702   0.0001020515
        0.0005711499   0.0000295808  -0.0122634291  -0.0422495749  -0.0036950960
        0.0017026338  -0.0051065561   0.0009171316   0.0002745855   0.0000875418
        0.0002095296  -0.0001680450   0.0002466709   0.0000371310  -0.0000087365
       -0.0000343230   0.0000376223   0.0000142544   0.0003356979   0.0002847371
        0.0010287688   0.0000708875   0.0001875023  -0.0000301959   0.0001896046
        0.0001818676  -0.0000155532  -0.0001017114  -0.0000537456   0.0000724182
       -0.0000309071   0.0000042712  -0.0002410848  -0.0005287059  -0.0000520988
       -0.0000308182   0.0001497957  -0.0002383143   0.0127036523   0.0506517296
        0.0026667582  -0.0147222365  -0.0007513882  -0.0023099452  -0.0172175374
       -0.0013989854  -0.0053640145   0.0000218071  -0.0001232154  -0.0001544221
        0.0000149098   0.0000075781  -0.0000182666   0.0000234634  -0.0000603693
       -0.0000325221   0.0000777356  -0.0000019851   0.0000445786   0.0000230112
       -0.0000778507  -0.0000771846
       -0.0002822344   0.0003839427  -0.0002568092  -0.0005699754   0.0000687251
        0.0001603256  -0.0049854254   0.0016003337  -0.0008928615   0.0005077317
       -0.0002303719   0.0001508035  -0.0551518714  -0.0038761467  -0.0577715048
       -0.0002432541   0.0012073969   0.0004009834   0.0001448054  -0.0001089269
       -0.0000356165   0.0000560402  -0.0001174349  -0.0000702510   0.0000436303
       -0.0000060749   0.0000952850   0.0000884220  -0.0000994652  -0.0000201749
       -0.0001675614  -0.0000345715   0.0000397608   0.0003515235   0.0000822539
       -0.0011113235   0.0000415820  -0.0001090799   0.0000544802   0.0001494526
       -0.0001935016   0.0000686760   0.0000881688   0.0002752656   0.0001441859
        0.0001079536  -0.0001410338  -0.0000019036   0.0641634232   0.0026667582
        0.0638952946   0.0246444204   0.0026062159   0.0043688337  -0.0287149130
       -0.0041568182  -0.0093113781  -0.0001519545   0.0001143208   0.0000914954
       -0.0000272115  -0.0000231803   0.0000072748  -0.0000273635   0.0000336262
        0.0000058250  -0.0000220858   0.0000181329  -0.0000180527  -0.0000433035
        0.0000396336   0.0000066520
       -0.0000606478  -0.0000778248   0.0001705495  -0.0000824440   0.0013776876
       -0.0003472339   0.0044185076   0.0038690365  -0.0065516369   0.0002989316
       -0.0003216936  -0.0000598083  -0.1032324319  -0.0545851682   0.0894712415
        0.0005651914   0.0001926075  -0.0002262890  -0.0009096540   0.0008722347
       -0.0008603313  -0.0000900128  -0.0000889257   0.0001331624   0.0000152187
       -0.0000026950  -0.0000448559  -0.0000575004   0.0000142195  -0.0000479813
       -0.0000374951  -0.0000446580   0.0000575932   0.0000753839  -0.0001480857
       -0.0001247987  -0.0000019179  -0.0000709714  -0.0000178204   0.0000409518
       -0.0000445242  -0.0000099885   0.0000042936   0.0001813775   0.0000508566
        0.0002905907   0.0003214527  -0.0001603518  -0.0216189207  -0.0147222365
        0.0246444204   0.1197015939   0.0613185749  -0.1055620632   0.0017866343
        0.0011595515  -0.0014505489  -0.0011508967   0.0008395371   0.0007320323
       -0.0000145034   0.0000057855   0.0000131632   0.0000607084  -0.0000119352
        0.0000531506   0.0000137537  -0.0000211298   0.0000542883  -0.0000153349
       -0.0000122168   0.0000832499
        0.0003247179   0.0002128172  -0.0004110142   0.0027540695  -0.0055073774
        0.0012825324  -0.0126514192  -0.0171827587   0.0215170250  -0.0006840333
        0.0004187531   0.0003603605  -0.0544687749  -0.0889121370   0.0791659303
       -0.0005467298   0.0003375000   0.0001072087  -0.0001162521  -0.0001645562
        0.0006218100   0.0001267376  -0.0000115186  -0.0001001242  -0.0000796128
        0.0000971354  -0.0003062560  -0.0002119707  -0.0000461408  -0.0000426772
        0.0001686008  -0.0000022310   0.0001837718  -0.0001013711   0.0000022712
       -0.0001468545   0.0000845991  -0.0000762403   0.0000565264  -0.0000108843
        0.0001218161  -0.0000637406   0.0001052527   0.0000102247  -0.0000715494
       -0.0008786630  -0.0013643445   0.0010947893  -0.0036430673  -0.0007513882
        0.0026062159   0.0613185749   0.1056178455  -0.0926081275   0.0076874683
        0.0071277484  -0.0124355226   0.0010434591   0.0000402528  -0.0006532882
       -0.0000639494   0.0000038001  -0.0000117295  -0.0000372186   0.0000104741
       -0.0000280519  -0.0000416520  -0.0000015211  -0.0000138857  -0.0000778813
        0.0000195753  -0.0001033489
        0.0001976056   0.0003808583  -0.0000152435  -0.0006612136   0.0011731924
        0.0003422691   0.0021608800   0.0043803414  -0.0044396668  -0.0000719934
       -0.0006458475   0.0007721632   0.0892114357   0.0793374496  -0.1776387357
        0.0002774078   0.0003632275  -0.0004959324   0.0004120239  -0.0004859638
        0.0002109321  -0.0002366028   0.0000012397  -0.0001361145  -0.0000300624
       -0.0000727539   0.0002126247   0.0002132610   0.0000269916   0.0000211324
       -0.0001474731   0.0001077700  -0.0002084962  -0.0003076596   0.0001276875
       -0.0001084655   0.0001431373  -0.0001026408   0.0001534404  -0.0000616166
        0.0001146852   0.0000612554  -0.0000130423  -0.0000119770  -0.0000522180
        0.0002373244   0.0002799663  -0.0001984323  -0.0018607307  -0.0023099452
        0.0043688337  -0.1055620632  -0.0926081275   0.2037861264   0.0157058477
        0.0102804555  -0.0271771091   0.0002590074  -0.0002724877   0.0004466425
        0.0000521010  -0.0000175338   0.0000149254  -0.0000039993   0.0000031235
        0.0000042634   0.0000200736   0.0000050791  -0.0000018198   0.0000663514
       -0.0000547902   0.0000776250
        0.0002898061  -0.0004444686   0.0003108007   0.0001726626  -0.0005492629
       -0.0001882784   0.0005874021   0.0069507321   0.0087030104  -0.0002872977
        0.0028232140   0.0002002936  -0.0474539874  -0.0159772625  -0.0239148884
        0.0005999260   0.0006504571   0.0008478777  -0.0001505290  -0.0000915879
        0.0001581869  -0.0001419181  -0.0000493248  -0.0000430105  -0.0000467750
       -0.0000122467  -0.0000340453  -0.0000468896  -0.0000638074  -0.0000278604
        0.0001028125   0.0000450159  -0.0001535638  -0.0010223651  -0.0007154757
        0.0006800027   0.0002322267   0.0000440457  -0.0000280754  -0.0001583884
        0.0001586398  -0.0000825095  -0.0000932799   0.0000271218  -0.0000857655
       -0.0000573363   0.0000769833   0.0001145308  -0.0070074678  -0.0172175374
       -0.0287149130   0.0017866343   0.0076874683   0.0157058477   0.0524223756
        0.0166553652   0.0264914612   0.0001130066   0.0000042353  -0.0000265352
        0.0000472360   0.0000163961  -0.0000108803   0.0000284385   0.0000110155
        0.0000138767   0.0000392947  -0.0000028365   0.0000327841   0.0000444127
       -0.0000268796   0.0000516533
       -0.0001260948   0.0001894204   0.0001946557   0.0001452838   0.0006059101
       -0.0005361783  -0.0003658555  -0.0200658835  -0.0235342404   0.0023827868
       -0.0066781250  -0.0000116632  -0.0159613402  -0.1114474449  -0.1083316566
       -0.0008546390   0.0006647085  -0.0006156549   0.0002127326   0.0002492162
        0.0000870645  -0.0001583133  -0.0000778775  -0.0000916815  -0.0000638256
       -0.0000367982   0.0000535305  -0.0000027075  -0.0000460586  -0.0000993381
       -0.0001501770   0.0000667337   0.0000496161  -0.0010436516  -0.0001779723
        0.0004928666   0.0003234225  -0.0002541047   0.0008036082   0.0001073494
        0.0002279484  -0.0000845665   0.0000963057  -0.0000496366  -0.0000958059
       -0.0000023637   0.0001886790  -0.0000895485  -0.0022676558  -0.0013989854
       -0.0041568182   0.0011595515   0.0071277484   0.0102804555   0.0166553652
        0.1310297591   0.1255840739  -0.0000008503  -0.0000350379  -0.0000049231
       -0.0000363305  -0.0000064729  -0.0000116388  -0.0000146340   0.0000116860
        0.0000087100  -0.0000439035  -0.0000072006   0.0000048155   0.0000095448
       -0.0000802117   0.0001043174
        0.0007239720   0.0009589619  -0.0005214405   0.0000031583  -0.0000560018
        0.0001475578   0.0014185762  -0.0016204747   0.0025805117  -0.0000050797
        0.0001559357   0.0008593314  -0.0241980836  -0.1086080094  -0.2129734637
        0.0001195165   0.0000592898   0.0005887804   0.0001470056   0.0001020342
       -0.0001563477   0.0000824905  -0.0000478679   0.0001030662  -0.0000043704
        0.0000241760  -0.0000250256  -0.0001190021  -0.0000660730  -0.0000269102
        0.0001700201  -0.0000093920   0.0001900401   0.0005055694   0.0006036239
       -0.0002154235  -0.0001116101   0.0005006092  -0.0004588553  -0.0001286447
        0.0002213967  -0.0000543312   0.0000528418  -0.0000342113  -0.0001659620
       -0.0000084114  -0.0000267517  -0.0001516576  -0.0035485416  -0.0053640145
       -0.0093113781  -0.0014505489  -0.0124355226  -0.0271771091   0.0264914612
        0.1255840739   0.2469228588  -0.0001332251   0.0000087398  -0.0000830472
       -0.0000140837  -0.0000011822  -0.0000413281   0.0000196149   0.0000149503
       -0.0000075248   0.0000013145  -0.0000037890   0.0000024926  -0.0000139398
        0.0000394987  -0.0000248343
       -0.0000166563   0.0000389847  -0.0000034072   0.0000463383  -0.0000030844
       -0.0000198638   0.0002509231   0.0002867070   0.0013741761  -0.0001409067
       -0.0005337465   0.0000001213  -0.0009294976  -0.0001996221   0.0007438508
        0.0059726919  -0.0049976131   0.0149489161  -0.0698289595   0.0222965933
       -0.0735664917  -0.0124638011   0.0089027003  -0.0276158982  -0.0053921876
       -0.0015236427  -0.0016063007  -0.0004116754  -0.0001809039   0.0003868688
       -0.0016721162  -0.0024972639   0.0025122575  -0.0000130242  -0.0000032918
        0.0000049795   0.0000081774  -0.0000318319  -0.0000449149   0.0000248910
        0.0000030578  -0.0000550615   0.0000228116   0.0000175551  -0.0000337294
        0.0000408823   0.0001003235  -0.0000612044   0.0000140624   0.0000218071
       -0.0001519545  -0.0011508967   0.0010434591   0.0002590074   0.0001130066
       -0.0000008503  -0.0001332251   0.0857141978  -0.0238066409   0.0840513990
        0.0005502524   0.0007532823  -0.0005655688  -0.0008428227   0.0004364016
       -0.0014452899  -0.0000684133   0.0002352529   0.0000771915   0.0001727225
       -0.0003576332   0.0009441421
       -0.0000058329   0.0000282230  -0.0000597641  -0.0000011440  -0.0000403907
       -0.0001085613   0.0011745132  -0.0018284288  -0.0004333191  -0.0005730065
       -0.0003763196  -0.0004235228   0.0008843461   0.0000299660  -0.0001608038
        0.0024667350  -0.0031576503   0.0120021305   0.0226136623  -0.0577398549
        0.0700671857  -0.0001255563   0.0009890518  -0.0006193707  -0.0013152139
        0.0072045033   0.0022999811  -0.0001349797  -0.0001222848  -0.0002838583
       -0.0026777108   0.0056406583   0.0041081763  -0.0000116711   0.0000078061
       -0.0000172859   0.0000409359  -0.0000341921  -0.0000149865   0.0000122830
       -0.0000102727  -0.0000082245  -0.0000474751   0.0000010095  -0.0000103317
        0.0000256236   0.0000063493   0.0000196036  -0.0000375105  -0.0001232154
        0.0001143208   0.0008395371   0.0000402528  -0.0002724877   0.0000042353
       -0.0000350379   0.0000087398  -0.0238066409   0.0536270683  -0.0847181603
        0.0002260009  -0.0022600363  -0.0014481905  -0.0000286957   0.0000240406
        0.0000035203   0.0002587047  -0.0015411390  -0.0006504368   0.0002188603
       -0.0003301065   0.0006056458
        0.0000465030  -0.0000175687   0.0001127092  -0.0002320805  -0.0000756736
        0.0002042641  -0.0011331079  -0.0011762406   0.0003031885   0.0004528543
        0.0004786131   0.0000574924  -0.0001007220   0.0000440903   0.0001762732
       -0.0062459571   0.0081358326  -0.0219554635  -0.0740606920   0.0703315466
       -0.2463350074  -0.0047254573   0.0031381930  -0.0088248047  -0.0022313629
        0.0020073724   0.0020792811   0.0005036326  -0.0003361774   0.0007960458
        0.0031211401   0.0041049732  -0.0015366355   0.0000455111  -0.0000252980
        0.0000204016  -0.0000769414   0.0000641428   0.0000099376  -0.0000248505
        0.0000127576  -0.0000024933   0.0000526016  -0.0000211816   0.0000702725
       -0.0000874026  -0.0000410889  -0.0000363549  -0.0000945386  -0.0001544221
        0.0000914954   0.0007320323  -0.0006532882   0.0004466425  -0.0000265352
       -0.0000049231  -0.0000830472   0.0840513990  -0.0847181603   0.2760479902
        0.0007712977  -0.0011954312   0.0005634913  -0.0003000159   0.0001882158
       -0.0005964819   0.0000713219  -0.0005825651  -0.0002803922  -0.0005086296
        0.0004962812  -0.0013288048
       -0.0000400354  -0.0000219820   0.0000286491  -0.0004388447   0.0001058928
       -0.0001389693  -0.0008599826  -0.0005396171   0.0012640988   0.0000793578
       -0.0000067300   0.0000060048  -0.0000558307  -0.0000365860   0.0000097090
       -0.0051875009  -0.0011714639  -0.0024004812  -0.0220604051  -0.0117759788
        0.0204289556  -0.1441980797  -0.0609986002   0.1080920070   0.0053025236
        0.0028898442  -0.0054209050   0.0007203829  -0.0002017628  -0.0022828098
        0.0000622126   0.0003346770  -0.0007116433   0.0000067698   0.0000069200
       -0.0000190898   0.0000063876  -0.0000148114  -0.0000527305  -0.0000076791
       -0.0000181329   0.0000205972  -0.0001382236  -0.0000878604   0.0000451961
        0.0000522205   0.0000400149  -0.0000220696  -0.0000417801   0.0000149098
       -0.0000272115  -0.0000145034  -0.0000639494   0.0000521010   0.0000472360
       -0.0000363305  -0.0000140837   0.0005502524   0.0002260009   0.0007712977
        0.1652171468   0.0702477154  -0.1189949648   0.0008735411   0.0007436074
       -0.0004874567   0.0001546614   0.0001437523  -0.0002664722  -0.0000298272
        0.0002204708   0.0001202709
       -0.0000088454  -0.0000154430  -0.0000328117  -0.0000369214  -0.0000057515
       -0.0000943078  -0.0000724818  -0.0000794492   0.0002464100   0.0000034009
       -0.0000344366  -0.0000233212   0.0000294972  -0.0000344886   0.0000077671
       -0.0015772444   0.0071277587   0.0023606029  -0.0025192031  -0.0006011042
        0.0023874939  -0.0612210846  -0.0711168256   0.0673969793  -0.0062116447
       -0.0035511545   0.0082604226   0.0001808255   0.0062556095   0.0042741268
        0.0001059475  -0.0000123171  -0.0004146293   0.0000072434   0.0000147413
       -0.0000085965   0.0000301930   0.0000042200  -0.0000070659   0.0000067059
       -0.0000036457   0.0000153020  -0.0000322620  -0.0000198946   0.0000099749
        0.0000321868   0.0000004104   0.0000193810  -0.0000034898   0.0000075781
       -0.0000231803   0.0000057855   0.0000038001  -0.0000175338   0.0000163961
       -0.0000064729  -0.0000011822   0.0007532823  -0.0022600363  -0.0011954312
        0.0702477154   0.0681672683  -0.0817635584   0.0003009446  -0.0020207332
       -0.0012010886  -0.0003113138  -0.0002755963   0.0004766039   0.0002743672
       -0.0015440371  -0.0006723576
        0.0000415185  -0.0000001675   0.0000217879  -0.0000302241  -0.0000927792
        0.0000621334  -0.0001954320  -0.0000655858  -0.0000292606   0.0000431350
        0.0000385137   0.0000394437   0.0000129553   0.0000191569   0.0000196207
       -0.0017145204   0.0022212009   0.0020830505  -0.0018514048  -0.0011470092
        0.0028800741   0.1079408476   0.0677425755  -0.1604036282   0.0173118049
        0.0114419848  -0.0209047670  -0.0028997496   0.0042243179  -0.0036763485
       -0.0007413327  -0.0002997594   0.0002137329   0.0000119687  -0.0000127732
        0.0000134209  -0.0000225027   0.0000277283  -0.0000051967   0.0000037526
        0.0000158956  -0.0000212071   0.0000398628   0.0000061399   0.0000198052
       -0.0000284841   0.0000076003  -0.0000254599   0.0000350325  -0.0000182666
        0.0000072748   0.0000131632  -0.0000117295   0.0000149254  -0.0000108803
       -0.0000116388  -0.0000413281  -0.0005655688  -0.0014481905   0.0005634913
       -0.1189949648  -0.0817635584   0.1805784483   0.0006503124  -0.0010154208
        0.0002123967   0.0008904322   0.0007603392  -0.0013660400   0.0000602783
       -0.0006185741  -0.0002563700
       -0.0000988020   0.0000043167  -0.0000015862  -0.0000632347   0.0001058212
       -0.0000466580   0.0001080854   0.0003012042   0.0002317548   0.0000339413
       -0.0000217191  -0.0000313152  -0.0001323604  -0.0000622640   0.0000131662
        0.0009472690   0.0000082415   0.0003347234   0.0006012055  -0.0000540975
       -0.0028420620  -0.0132563634  -0.0005139672  -0.0041312042  -0.2851644262
       -0.0187460073  -0.0539936962  -0.0225600350  -0.0022558355  -0.0035229753
       -0.0015004763  -0.0028391131   0.0029625934  -0.0000016732   0.0000133616
       -0.0000304083   0.0000280188  -0.0000552968  -0.0000480419   0.0000024965
       -0.0000243996   0.0000146731  -0.0000560910  -0.0000028593  -0.0000209247
        0.0000592344   0.0000404157   0.0000307778  -0.0000662800   0.0000234634
       -0.0000273635   0.0000607084  -0.0000372186  -0.0000039993   0.0000284385
       -0.0000146340   0.0000196149  -0.0008428227  -0.0000286957  -0.0003000159
        0.0008735411   0.0003009446   0.0006503124   0.3214753330   0.0233780144
        0.0610627741   0.0007566203   0.0006443861  -0.0001845542  -0.0012323273
       -0.0001640618  -0.0001355850
       -0.0000322143   0.0000353897  -0.0000014882  -0.0000293669  -0.0000327346
       -0.0000279205   0.0002778693  -0.0013448675  -0.0006113841  -0.0001916325
       -0.0000088489  -0.0001831892   0.0002649323  -0.0000115357   0.0000840003
       -0.0000193944  -0.0000802291   0.0003150476  -0.0002068857   0.0060835927
        0.0041234121   0.0087126769   0.0009163054   0.0022774851  -0.0187214537
       -0.0366541161  -0.0002644560  -0.0116669304  -0.0006589982  -0.0019471456
       -0.0025077481   0.0057708245   0.0042475816  -0.0000017841  -0.0000032013
       -0.0000061373   0.0000082859  -0.0000248020  -0.0000097985   0.0000008298
       -0.0000007044  -0.0000031656  -0.0000195129  -0.0000039804   0.0000152922
       -0.0000050367   0.0000099408   0.0000087156   0.0000264355  -0.0000603693
        0.0000336262  -0.0000119352   0.0000104741   0.0000031235   0.0000110155
        0.0000116860   0.0000149503   0.0004364016   0.0000240406   0.0001882158
        0.0007436074  -0.0020207332  -0.0010154208   0.0233780144   0.0301947968
       -0.0059496133   0.0001626486  -0.0020892400  -0.0012643685  -0.0006088225
       -0.0000626898  -0.0000273628
        0.0000443654  -0.0000134321   0.0000376427  -0.0000066280  -0.0000113149
        0.0000684167   0.0001249323  -0.0005662003  -0.0001654691  -0.0000290361
        0.0000337150  -0.0000986495   0.0000292994  -0.0000398775   0.0000918442
        0.0002824163   0.0002785253  -0.0005087960  -0.0022498824   0.0042094064
       -0.0035298650  -0.0267472131  -0.0012899149  -0.0068974345  -0.0539581100
       -0.0002813909  -0.0544150132   0.0190440196   0.0016828088   0.0038187426
        0.0024139085   0.0041169051  -0.0009455113   0.0000118594   0.0000066564
        0.0000081970  -0.0000235907   0.0000313230  -0.0000021368  -0.0000063622
       -0.0000057474   0.0000076838  -0.0000028362  -0.0000195447   0.0000034666
       -0.0000225432  -0.0000205784  -0.0000244650  -0.0000092506  -0.0000325221
        0.0000058250   0.0000531506  -0.0000280519   0.0000042634   0.0000138767
        0.0000087100  -0.0000075248  -0.0014452899   0.0000035203  -0.0005964819
       -0.0004874567  -0.0012010886   0.0002123967   0.0610627741  -0.0059496133
        0.0625920031   0.0009352768  -0.0010703057   0.0003003062   0.0009723198
        0.0001580123   0.0000405592
       -0.0000438139  -0.0000310206   0.0000488346   0.0000695974   0.0001019654
        0.0000115539  -0.0002615510   0.0005210749  -0.0011733565  -0.0002715594
       -0.0000428910  -0.0001471481  -0.0002521619  -0.0000360661  -0.0000822543
       -0.0054414328  -0.0015180639  -0.0015407626  -0.0003734691  -0.0002364982
        0.0005071677  -0.0013950566  -0.0025808525   0.0024925566   0.0056581866
       -0.0060504749   0.0162443994  -0.0719641639   0.0255590668  -0.0754255915
       -0.0123107015   0.0091228842  -0.0267403283   0.0000453338  -0.0000058329
       -0.0000064342  -0.0000189867   0.0000200810  -0.0001187953  -0.0000353202
       -0.0000227709  -0.0000021601  -0.0000094952   0.0000005635   0.0000148528
        0.0000329424   0.0000469416  -0.0000518550  -0.0000672984   0.0000777356
       -0.0000220858   0.0000137537  -0.0000416520   0.0000200736   0.0000392947
       -0.0000439035   0.0000013145  -0.0000684133   0.0002587047   0.0000713219
        0.0001546614  -0.0003113138   0.0008904322   0.0007566203   0.0001626486
        0.0009352768   0.0852210892  -0.0257622870   0.0847329357   0.0005219444
        0.0008119611  -0.0006599480
        0.0000123394  -0.0000053131  -0.0000222050  -0.0000297648  -0.0000401908
       -0.0000120798   0.0000437410  -0.0001184620  -0.0000810269   0.0000421465
        0.0000206167   0.0000020767  -0.0000103919   0.0000671596   0.0000198949
       -0.0013273112   0.0069484930   0.0020674689  -0.0003733090  -0.0001390618
       -0.0003346018  -0.0028256947   0.0058426623   0.0042727392   0.0035939423
       -0.0036205127   0.0117266000   0.0252842090  -0.0618792251   0.0753115139
        0.0001734827   0.0009496903  -0.0003781977   0.0000103242  -0.0000086372
        0.0000096755   0.0000055450  -0.0000085438   0.0000187574   0.0000032063
        0.0000035487  -0.0000008686  -0.0000026565   0.0000242243  -0.0000009370
       -0.0000122642   0.0000127091  -0.0000088245   0.0000037825  -0.0000019851
        0.0000181329  -0.0000211298  -0.0000015211   0.0000050791  -0.0000028365
       -0.0000072006  -0.0000037890   0.0002352529  -0.0015411390  -0.0005825651
        0.0001437523  -0.0002755963   0.0007603392   0.0006443861  -0.0020892400
       -0.0010703057  -0.0257622870   0.0579398058  -0.0902111776   0.0001715355
       -0.0020722810  -0.0015056989
        0.0000171476  -0.0000432551   0.0000491812  -0.0000032826   0.0000570659
        0.0000467452   0.0001424311   0.0002287847  -0.0004394243  -0.0000726612
       -0.0000166336  -0.0001337287  -0.0001722966  -0.0000771653   0.0000185414
       -0.0022021513   0.0022146701   0.0020348506   0.0003859544  -0.0003695005
        0.0008367465   0.0031659289   0.0043403528  -0.0009895013  -0.0063364739
        0.0083074297  -0.0214886219  -0.0755332288   0.0751176124  -0.2417286912
       -0.0045728756   0.0030851074  -0.0083397240   0.0000285872   0.0000171547
       -0.0000052926  -0.0000384143   0.0000170695  -0.0000462606  -0.0000009679
       -0.0000220472   0.0000159524  -0.0000296560  -0.0000178602  -0.0000178660
       -0.0000038996   0.0000011107  -0.0000255306  -0.0000847353   0.0000445786
       -0.0000180527   0.0000542883  -0.0000138857  -0.0000018198   0.0000327841
        0.0000048155   0.0000024926   0.0000771915  -0.0006504368  -0.0002803922
       -0.0002664722   0.0004766039  -0.0013660400  -0.0001845542  -0.0012643685
        0.0003003062   0.0847329357  -0.0902111776   0.2710911331   0.0008644208
       -0.0012260254   0.0004849970
       -0.0019537872   0.0006126485  -0.0000883439  -0.0015151804   0.0002340289
       -0.0014099209   0.0002737339   0.0003286240   0.0000174000  -0.0000201087
       -0.0000372969   0.0001046397  -0.0001138245   0.0000568744   0.0000353011
        0.0061187224   0.0026441621  -0.0041854015   0.0002713507  -0.0003187809
       -0.0023952368  -0.0000040921   0.0002749487  -0.0005680309  -0.0052588175
       -0.0013194410  -0.0021183748  -0.0224166781  -0.0123445828   0.0201202170
       -0.1381154130  -0.0647556357   0.1089775426   0.0000369668   0.0000522022
        0.0000755770  -0.0015341557   0.0016214847   0.0005929391  -0.0003590598
       -0.0002405383   0.0002077409   0.0000519065  -0.0000341853  -0.0000170136
       -0.0010689935  -0.0010524814  -0.0011874664  -0.0000105889   0.0000230112
       -0.0000433035  -0.0000153349  -0.0000778813   0.0000663514   0.0000444127
        0.0000095448  -0.0000139398   0.0001727225   0.0002188603  -0.0005086296
       -0.0000298272   0.0002743672   0.0000602783  -0.0012323273  -0.0006088225
        0.0009723198   0.0005219444   0.0001715355   0.0008644208   0.1661564291
        0.0742673534  -0.1195590656
        0.0004445599   0.0003373807   0.0000289020  -0.0006278887   0.0003944786
       -0.0003307557  -0.0002846444  -0.0020709931  -0.0010956289  -0.0003562043
       -0.0000388077  -0.0002019535   0.0003833777   0.0000698910   0.0001631031
       -0.0061603715  -0.0038515407   0.0081761608  -0.0002339733   0.0060405698
        0.0043943677   0.0004853989  -0.0000450358  -0.0001932913  -0.0014550219
        0.0069121504   0.0020040821  -0.0030121733  -0.0006320948   0.0025839879
       -0.0644653625  -0.0768363347   0.0756470485  -0.0001469678  -0.0001362075
       -0.0000938924   0.0016280100  -0.0008946560  -0.0005849200  -0.0000866216
       -0.0000270223  -0.0000198984  -0.0000054782  -0.0000465417  -0.0000782272
       -0.0009231217  -0.0000723619  -0.0006669185   0.0000774885  -0.0000778507
        0.0000396336  -0.0000122168   0.0000195753  -0.0000547902  -0.0000268796
       -0.0000802117   0.0000394987  -0.0003576332  -0.0003301065   0.0004962812
        0.0002204708  -0.0015440371  -0.0006185741  -0.0001640618  -0.0000626898
        0.0001580123   0.0008119611  -0.0020722810  -0.0012260254   0.0742673534
        0.0750447272  -0.0885662026
        0.0005425513  -0.0002089015   0.0002789118  -0.0006138014   0.0002471569
       -0.0000938330   0.0011657312  -0.0009852946   0.0003033805   0.0001442609
        0.0000837952   0.0000532778   0.0001502372  -0.0000966040   0.0001927947
        0.0162631104   0.0117057142  -0.0206581228  -0.0027922974   0.0044153446
       -0.0035145641  -0.0006362640  -0.0002862761   0.0002507559  -0.0015989742
        0.0023265965   0.0020794145  -0.0020262322  -0.0011651310   0.0028575888
        0.1088055010   0.0756022281  -0.1656279382   0.0001251981  -0.0000438011
       -0.0000079219   0.0004379066  -0.0000228244   0.0007101872   0.0001579544
        0.0001086076   0.0000465189   0.0002366404  -0.0002342371   0.0000295406
       -0.0011989162  -0.0012041812  -0.0004269710  -0.0000073237  -0.0000771846
        0.0000066520   0.0000832499  -0.0001033489   0.0000776250   0.0000516533
        0.0001043174  -0.0000248343   0.0009441421   0.0006056458  -0.0013288048
        0.0001202709  -0.0006723576  -0.0002563700  -0.0001355850  -0.0000273628
        0.0000405592  -0.0006599480  -0.0015056989   0.0004849970  -0.1195590656
       -0.0885662026   0.1845271562
