           1           2   1.01990653341689     
           2           3  0.986831284317221     
           3           4  0.994636298456331     
           4           5   1.01954167160230     
           3           6  0.978606190532134     
           1           7  0.984632310915514     
           1           8  0.986052645405610     
           1           9  0.986853247498771     
           2          10  0.974765240319511     
           2          11  0.977355786029703     
           3          12  0.961432451885255     
           4          13  0.976399122496629     
           4          14  0.973373227194282     
           5          15  0.986943464342081     
           5          16  0.987671413072935     
           5          17  0.987051206392827     
           6          18  0.864834886223149     
