$coord
         -6.903042933666          0.600982733461          1.710914758695     c 
         -5.664376336013          0.872667816074         -0.870808804218     c 
         -3.001788915495          1.234595453138         -0.654988433554     o 
         -1.583917654171         -0.846332413830         -0.376548058773     c 
         -2.440122690268         -2.961542283771         -0.344336173100     o 
          1.146681223415         -0.256088005558         -0.139432858850     c 
          2.045242614356          2.216658550105         -0.153813292355     c 
          4.608516396566          2.667285506184          0.073337974311     c 
          6.282531457606          0.667152890886          0.315046820606     c 
          5.394648181594         -1.796922353013          0.331713678513     c 
          2.835306728033         -2.260422257185          0.106119949296     c 
         -8.937519448209          0.448704593429          1.486165246405     h 
         -6.207165829839         -1.091307597004          2.645119791429     h 
         -6.474765494080          2.234845893416          2.880932422531     h 
         -6.355103474779          2.549533195739         -1.856218840923     h 
         -6.020977979855         -0.815583736535         -2.013318981810     h 
          0.730005738342          3.762510528514         -0.342235799588     h 
          5.307542992116          4.584773911298          0.062783671392     h 
          8.283466645373          1.030586428449          0.490740439035     h 
          6.701419921181         -3.352908192994          0.520216288206     h 
          2.097481217919         -4.162337964031          0.113582676247     h 
$end
