$coord
         -3.579531890694         -0.000225782000          0.535970588759     c 
         -2.244453018257         -2.368172781083         -0.426394935791     c 
          0.524296170058         -2.367563218608          0.376242748035     c 
          1.871207662438          0.000084965669         -0.602704616975     c 
          0.523865521546          2.367584087797          0.376034547290     c 
         -2.244982217112          2.367986115087         -0.426257580305     c 
          4.462888071192          0.000125405616          0.030031003033     o 
         -3.572779343542         -0.000278031977          2.600888376798     h 
         -5.545941768548         -0.000244293566         -0.088290049160     h 
         -3.181364055591         -4.053969924369          0.306963866323     h 
         -2.356023323073         -2.426890826526         -2.486524768279     h 
          0.647042293541         -2.404972779443          2.440511467178     h 
          1.484853663024         -4.044052581171         -0.346754264346     h 
          1.845163024957          0.000049081285         -2.672952778054     h 
          0.646893539416          2.405413014346          2.440300409923     h 
          1.483773847349          4.044281660365         -0.347395583854     h 
         -3.181837955584          4.053481795117          0.307870246919     h 
         -2.357118366726          2.427289406389         -2.486326810037     h 
          4.610492958446          0.001556654948          1.846414878069     h 
$end
