   17
          6          1          6
          6          7         12
          6         13         18
          6         19         24
          6         25         30
          6         31         36
          6         37         42
          6         43         48
          6         49         54
          3         55         57
          6         58         63
          6         64         69
          6         70         75
          1         76         76
          6         77         82
          6         83         88
          1         89         89
