           1           2   1.02698742590532     
           2           3  0.986078151908212     
           3           4  0.977885139073110     
           4           5   1.02747974541769     
           1           6  0.986153013142780     
           1           7  0.985087656778748     
           1           8  0.978020995004153     
           2           9  0.973467769280500     
           2          10  0.970575505787342     
           4          11  0.972963993858886     
           4          12  0.978632718216744     
           5          13  0.986373142341660     
           5          14  0.986426997224491     
           5          15  0.978835935934800     
