           1           2  0.990984714595468     
           2           3   1.02718311862184     
           3           4   1.42136826929014     
           4           5   1.40275490953238     
           5           6   1.45096160859097     
           6           7   1.42599989442813     
           3           8   1.27165884215010     
           7           8   1.38336270242989     
           8           9   1.15140553961851     
           1          10  0.979864812752633     
           1          11  0.976594793776932     
           1          12  0.976366267199057     
           4          13  0.966179170319910     
           5          14  0.972055748892583     
           6          15  0.971488054679164     
           7          16  0.968512500008466     
           9          17  0.949597067104033     
           9          18  0.955861895741056     
