           1           2   1.01902300519527     
           2           3   1.00880838384770     
           3           4  0.991686151074454     
           4           5  0.962790415015580     
           4           6   1.00206207226681     
           4           7  0.979468990649273     
           1           8  0.987172620983463     
           1           9  0.987808124077255     
           1          10  0.987693005023535     
           2          11  0.977188991015177     
           2          12  0.977371079872123     
           3          13  0.975448054422060     
           3          14  0.976660687849901     
           6          15  0.985234905921951     
           6          16  0.984462594932516     
           6          17  0.984026961832827     
           7          18  0.863011140279734     
