           1           2  0.986303292800213     
           2           3  0.976453842846289     
           3           4  0.981049139694977     
           4           5   1.03395357955933     
           1           6  0.977446742560454     
           1           7  0.979052891694868     
           1           8  0.977243975430422     
           3           9  0.967370817613634     
           3          10  0.969543754011104     
           4          11  0.971245250571906     
           4          12  0.973333723306795     
           5          13  0.958354608995495     
           5          14  0.959628570324075     
