           1           2   1.02980877244372     
           2           3   1.40070856965139     
           3           4   1.46507396070193     
           4           5   1.37525369214153     
           3           6  0.101903169944359     
           5           6   1.37750472223585     
           2           7   1.39611000966803     
           4           7  0.101685896825085     
           6           7   1.46781595377394     
           5           8   1.03096183821158     
           8           9   1.81826691953895     
           8          10   1.00037212763687     
           1          11  0.963738898301425     
           1          12  0.982151129712625     
           1          13  0.979029770833768     
           3          14  0.968198898043969     
           4          15  0.965063368527385     
           6          16  0.966469453228449     
           7          17  0.969134135007899     
          10          18  0.963385533629945     
          10          19  0.963786541861672     
          10          20  0.983695402053915     
