$hessian                                                                        
        0.5089649083   0.0134009272   0.0264956982  -0.0893835867   0.0228445773
        0.0476138778  -0.0116455847   0.0119434690   0.0147543338  -0.0013041122
        0.0005428268  -0.0003012927   0.0003417138  -0.0004778507  -0.0001488530
       -0.0027106134   0.0037921493   0.0010310759  -0.0790909413  -0.0652514196
        0.0527991551  -0.1521173634  -0.0878678855  -0.0841109459  -0.1739819170
        0.1048180739  -0.0569608371   0.0075914208  -0.0077319304  -0.0149665107
       -0.0057445676   0.0041751529   0.0121949823   0.0008218846  -0.0003872257
        0.0015372051  -0.0003891479   0.0000108665  -0.0000264855  -0.0000897460
        0.0001625697  -0.0000353272  -0.0001576264   0.0000285960   0.0001283386
       -0.0001131000   0.0001429439   0.0000457524  -0.0009395939   0.0000692023
        0.0001915730  -0.0000520272  -0.0002150431  -0.0002417402
        0.0134009272   0.5113843250  -0.0197103862   0.0220868079  -0.0888412277
       -0.0458447829   0.0098603010  -0.0097589845  -0.0112989299   0.0002598820
       -0.0005461830  -0.0000996510   0.0004348440  -0.0004190238  -0.0000154067
        0.0036444528  -0.0045878993  -0.0009514124  -0.0652755972  -0.1636615417
        0.1001632820  -0.0883510094  -0.1144011996  -0.0658841147   0.1049735311
       -0.1298412788   0.0466382399   0.0062402403  -0.0086102124  -0.0172422820
       -0.0077590113   0.0080051011   0.0160458007   0.0005423349   0.0005922946
       -0.0019065083   0.0002831610   0.0001227434  -0.0000530817   0.0001505119
       -0.0000216263  -0.0000646463  -0.0001435918   0.0001547719  -0.0001409909
        0.0000564707   0.0001054831  -0.0000778639  -0.0004197804   0.0001088021
        0.0002432409   0.0000155253   0.0002156559   0.0001994933
        0.0264956982  -0.0197103862   0.4853486233   0.0457531453  -0.0455682697
       -0.1548631701   0.0012223540  -0.0021328900   0.0030764245  -0.0001675799
        0.0001154667  -0.0004628842   0.0003295951   0.0000720092  -0.0005871414
       -0.0006479787   0.0027024839   0.0016043833   0.0530656832   0.1004514401
       -0.1263487458  -0.0846890359  -0.0657779439  -0.1071898617  -0.0568862153
        0.0462266257  -0.0663485605   0.0062434777  -0.0104144434  -0.0171880850
        0.0109691861  -0.0068733206  -0.0190903321  -0.0014054383   0.0010315965
        0.0013510656  -0.0001500260  -0.0000552225   0.0000778001  -0.0001578586
       -0.0001045762   0.0003027942  -0.0000913782   0.0001442234   0.0001521350
        0.0000760749  -0.0000878495   0.0000477140   0.0000044589  -0.0000680532
        0.0003331107   0.0000358375   0.0000491098  -0.0002152698
       -0.0893835867   0.0220868079   0.0457531453   0.4754792223   0.0443450843
       -0.0018834523  -0.1224700241   0.0454543061  -0.0240973265  -0.0254235469
        0.0134444915  -0.0062120244   0.0006831361   0.0004629298   0.0002445365
       -0.0022405034   0.0087511303   0.0013305427  -0.0066690486   0.0041076672
        0.0125834482   0.0085315276  -0.0076390975  -0.0146768921  -0.0125536451
        0.0120083755   0.0184086360  -0.1515076633  -0.0846964943  -0.0790281244
       -0.0707748578  -0.0591191557   0.0486116933  -0.0006112148   0.0026683042
       -0.0010744750  -0.0050973174  -0.0014154791   0.0004781278   0.0011162962
        0.0008727921  -0.0009217111  -0.0001765036  -0.0000064920  -0.0001895060
        0.0001258963   0.0000394071  -0.0000381045  -0.0002112053  -0.0001936877
       -0.0001858870   0.0011830385  -0.0011708897   0.0008973735
        0.0228445773  -0.0888412277  -0.0455682697   0.0443450843   0.4996064625
       -0.0055185718   0.0421437379  -0.0966620161   0.0220509389  -0.0038009900
        0.0054716131  -0.0015936316   0.0003272993  -0.0002837450   0.0001843569
        0.0233307124  -0.0337923653  -0.0054723428  -0.0083569968   0.0082775424
        0.0156873465   0.0061113852  -0.0089235892  -0.0158775627   0.0107849284
       -0.0096423919  -0.0151805668  -0.0850948720  -0.1076156378  -0.0572861410
       -0.0590968902  -0.1609081746   0.1001363435   0.0106281053  -0.0074450364
        0.0084016439  -0.0028695667  -0.0002988574   0.0005461714  -0.0009822036
        0.0006102040  -0.0001956628  -0.0000249739  -0.0000309049   0.0000304766
       -0.0000821179   0.0000286156  -0.0001254143  -0.0006322327  -0.0000166140
       -0.0003895606   0.0004250138   0.0004661228   0.0001704464
        0.0476138778  -0.0458447829  -0.1548631701  -0.0018834523  -0.0055185718
        0.4938079518  -0.0261734671   0.0250663151  -0.0752390183  -0.0001680868
       -0.0006278927   0.0011286222   0.0002749125   0.0001017531  -0.0003249130
        0.0129921248  -0.0201667928   0.0030012179   0.0109697496  -0.0060610258
       -0.0200024534   0.0055024401  -0.0103090401  -0.0165622122  -0.0019344344
        0.0020465427   0.0048913432  -0.0787581004  -0.0570331057  -0.0972851630
        0.0482785997   0.1012608138  -0.1283089448  -0.0192238118   0.0171432659
       -0.0121741066   0.0007768054  -0.0002004159   0.0005390736   0.0012961678
       -0.0006437026   0.0005591374  -0.0001979487   0.0002828471  -0.0000967736
        0.0001755456   0.0001260944   0.0000848630  -0.0000449354  -0.0001208571
        0.0004394392   0.0005040134   0.0004985554   0.0004051069
       -0.0116455847   0.0098603010   0.0012223540  -0.1224700241   0.0421437379
       -0.0261734671   0.4615566804   0.0069424804  -0.0146815842  -0.1616282441
       -0.0357187895   0.0233256869  -0.0058088485  -0.0068314519  -0.0027833928
       -0.0667705776   0.0127504795   0.0210556496   0.0004465589   0.0002438786
       -0.0006835531   0.0005499684  -0.0006547644  -0.0005527191  -0.0000687879
        0.0011686535   0.0016129166  -0.0207972311   0.0122565052  -0.0092056165
        0.0047122549  -0.0024749050   0.0007134571  -0.0450741240  -0.0064762750
        0.0161960696  -0.0276831223  -0.0062246253   0.0036749157  -0.0071623991
       -0.0042866809   0.0044461738   0.0007582185   0.0005487099   0.0003800953
        0.0009354992  -0.0001863840  -0.0002622078   0.0003829839   0.0006653859
        0.0000262550  -0.0002332208  -0.0237262559  -0.0183110330
        0.0119434690  -0.0097589845  -0.0021328900   0.0454543061  -0.0966620161
        0.0250663151   0.0069424804   0.4237453870  -0.0257402068  -0.0429023640
       -0.0764234520   0.0137055010  -0.0194528156  -0.0126300607  -0.0010741801
       -0.0080060518  -0.1450679816  -0.0664723766  -0.0008887334   0.0003630806
        0.0006636350   0.0003096970   0.0002373460   0.0004264253   0.0005965457
       -0.0001187970  -0.0011662448  -0.0088258980   0.0064614022  -0.0046485821
        0.0146434206  -0.0146591085   0.0090910410  -0.0053465088  -0.0560566460
        0.0618726061   0.0187459240   0.0059316676  -0.0028100620  -0.0097860496
       -0.0044135358   0.0044029969   0.0000552668   0.0007506709   0.0006641242
       -0.0009293838  -0.0028966997  -0.0021383620  -0.0002806852  -0.0000944877
        0.0003630489  -0.0022726194  -0.0187077847  -0.0100727890
        0.0147543338  -0.0112989299   0.0030764245  -0.0240973265   0.0220509389
       -0.0752390183  -0.0146815842  -0.0257402068   0.4911194468   0.0186573902
        0.0107749953  -0.0709615053  -0.0139255925  -0.0073210363   0.0001918683
        0.0082618822  -0.0753250157  -0.1079087772   0.0012705045  -0.0008468757
        0.0004434286   0.0002604076  -0.0005533986   0.0005276854   0.0025224873
       -0.0023675712  -0.0030217369  -0.0125072465   0.0071036345  -0.0043011035
       -0.0132602105   0.0145765343  -0.0066556252   0.0173687828   0.0589750668
       -0.2182215607  -0.0057489704  -0.0016098467   0.0016738054   0.0283004135
        0.0132146960  -0.0094531341  -0.0014013060  -0.0009601743   0.0003139058
       -0.0012000080  -0.0032575709  -0.0015924803  -0.0001719454   0.0003144284
        0.0002926585  -0.0044020119   0.0022703319  -0.0002842819
       -0.0013041122   0.0002598820  -0.0001675799  -0.0254235469  -0.0038009900
       -0.0001680868  -0.1616282441  -0.0429023640   0.0186573902   0.4677902735
       -0.0244665790   0.0104162077  -0.0683993821  -0.0160422234  -0.0130798430
       -0.0055878633  -0.0095515667  -0.0031133655  -0.0001004488   0.0000914628
       -0.0000578053   0.0002021529   0.0002089075   0.0000772548  -0.0000356377
        0.0003298096   0.0003829132  -0.0029399683   0.0016496800  -0.0003846294
        0.0006727991  -0.0016253234   0.0007514659  -0.0072811622  -0.0040943613
        0.0038049639  -0.1460256604   0.1109072517  -0.0292213573  -0.0457673380
       -0.0031617880   0.0172627598   0.0008316081   0.0022953980   0.0012174778
       -0.0076943442  -0.0241843486  -0.0169886392   0.0032259549   0.0148461230
        0.0105979886  -0.0005350802  -0.0007589703   0.0000128847
        0.0005428268  -0.0005461830   0.0001154667   0.0134444915   0.0054716131
       -0.0006278927  -0.0357187895  -0.0764234520   0.0107749953  -0.0244665790
        0.5062247543  -0.0148620522  -0.0175532676  -0.1528259790  -0.0648094639
       -0.0302913634  -0.0246494885  -0.0036710848   0.0000552284   0.0000063974
       -0.0000512550   0.0000678453  -0.0000333362  -0.0000302952   0.0001367007
       -0.0001962605  -0.0002284518   0.0028790435  -0.0012109564   0.0010402967
        0.0013010641   0.0004900183  -0.0003130954  -0.0107315368  -0.0040501206
        0.0040721462   0.1103889458  -0.1587349223   0.0335339157  -0.0027456261
       -0.0590272686   0.0593642568   0.0007258688   0.0045768388   0.0003150524
       -0.0047452626  -0.0110914856  -0.0074223450  -0.0016015462  -0.0236487387
       -0.0143041521  -0.0016880437  -0.0043314305  -0.0028960417
       -0.0003012927  -0.0000996510  -0.0004628842  -0.0062120244  -0.0015936316
        0.0011286222   0.0233256869   0.0137055010  -0.0709615053   0.0104162077
       -0.0148620522   0.5189443985  -0.0143903563  -0.0651130675  -0.1158264578
       -0.0186781551  -0.0144899233   0.0026426118  -0.0001473479  -0.0000070721
        0.0001913077   0.0002100114  -0.0001863832  -0.0001960538  -0.0002061167
        0.0000415695   0.0002144272  -0.0017688002   0.0003104278  -0.0005176568
       -0.0017162035  -0.0002660585   0.0010828729   0.0259537514   0.0131825984
       -0.0079577406  -0.0285909521   0.0338404533  -0.0542137698   0.0166150665
        0.0596891982  -0.2544785443  -0.0049285592  -0.0238464169  -0.0230951540
       -0.0004961451   0.0005363503   0.0012835180   0.0020494627   0.0025025389
        0.0036180454  -0.0011342335  -0.0033443812  -0.0013960371
        0.0003417138   0.0004348440   0.0003295951   0.0006831361   0.0003272993
        0.0002749125  -0.0058088485  -0.0194528156  -0.0139255925  -0.0683993821
       -0.0175532676  -0.0143903563   0.5201951063  -0.0119224032  -0.0076634594
       -0.0054398535  -0.0049301603  -0.0004193817  -0.0001708793  -0.0001085264
       -0.0001142179  -0.0008789871  -0.0004847462  -0.0001050345  -0.0002429306
       -0.0001731898  -0.0001373544   0.0000963201  -0.0002584584  -0.0000047613
       -0.0004280692  -0.0003572830  -0.0001030930   0.0005567939   0.0001000899
       -0.0008498670   0.0026700197   0.0156630063   0.0108620354   0.0010056056
        0.0011318301   0.0005900045  -0.0488060636  -0.0072642064   0.0312717241
       -0.2606044878  -0.0659106457   0.0306543842  -0.1345761942   0.1119071435
       -0.0354953850  -0.0001929998  -0.0011485106  -0.0007741530
       -0.0004778507  -0.0004190238   0.0000720092   0.0004629298  -0.0002837450
        0.0001017531  -0.0068314519  -0.0126300607  -0.0073210363  -0.0160422234
       -0.1528259790  -0.0651130675  -0.0119224032   0.4868912175  -0.0303680665
       -0.0030694068  -0.0009904942   0.0003324433  -0.0000369344  -0.0000590172
       -0.0000419167   0.0002586694   0.0002927657  -0.0003676341  -0.0000474756
        0.0000241581  -0.0000005661   0.0000779756  -0.0000013111   0.0000472621
        0.0002867565   0.0004143375   0.0002836082   0.0005801713   0.0006004558
       -0.0004791404  -0.0018768398  -0.0232985279  -0.0147436160   0.0004368565
        0.0038522375   0.0011965787  -0.0073157402  -0.0593255344   0.0600937274
       -0.0664451149  -0.0625558564   0.0111820407   0.1120534103  -0.1792265635
        0.0455470498  -0.0000913286  -0.0004590588  -0.0004214289
       -0.0001488530  -0.0000154067  -0.0005871414   0.0002445365   0.0001843569
       -0.0003249130  -0.0027833928  -0.0010741801   0.0001918683  -0.0130798430
       -0.0648094639  -0.1158264578  -0.0076634594  -0.0303680665   0.4998167662
        0.0007750588   0.0014928252   0.0010749207   0.0001025897   0.0001286582
        0.0001738810   0.0002543639  -0.0000865808   0.0004775112   0.0000459079
        0.0000519331   0.0000709857   0.0001081922  -0.0000138237   0.0001597599
       -0.0002202044  -0.0001917302   0.0000545422   0.0007287889   0.0008939363
        0.0011622087   0.0004514116   0.0013844933   0.0026436048  -0.0049653622
       -0.0240299354  -0.0218822577   0.0310716474   0.0599157480  -0.2615768026
        0.0304780522   0.0111080185  -0.0475344823  -0.0355483791   0.0452121924
       -0.0582387027   0.0001489447   0.0002170253   0.0001447090
       -0.0027106134   0.0036444528  -0.0006479787  -0.0022405034   0.0233307124
        0.0129921248  -0.0667705776  -0.0080060518   0.0082618822  -0.0055878633
       -0.0302913634  -0.0186781551  -0.0054398535  -0.0030694068   0.0007750588
        0.4037755507   0.1638909687  -0.0917686642  -0.0000547742  -0.0001105835
       -0.0001081682  -0.0000840946   0.0000199065   0.0000133310  -0.0008369084
        0.0005453281   0.0007659389   0.0016775801   0.0013290182   0.0011979369
       -0.0005784087   0.0009958182  -0.0000963885   0.0029142606   0.0031090311
        0.0026041708   0.0012649762   0.0001994426  -0.0004724087   0.0009060317
        0.0003998924   0.0002038908  -0.0001338961   0.0002065150   0.0002818720
       -0.0006452930  -0.0013963352  -0.0008716788  -0.0000606363  -0.0000339601
        0.0001250022  -0.3253949768  -0.1547633851   0.0854222336
        0.0037921493  -0.0045878993   0.0027024839   0.0087511303  -0.0337923653
       -0.0201667928   0.0127504795  -0.1450679816  -0.0753250157  -0.0095515667
       -0.0246494885  -0.0144899233  -0.0049301603  -0.0009904942   0.0014928252
        0.1638909687   0.3266081731   0.0966920727  -0.0003536438   0.0002687599
        0.0001520994  -0.0001136144   0.0000915696  -0.0000508633   0.0014208493
       -0.0011321535  -0.0014199523  -0.0022327013   0.0022742966  -0.0008475244
        0.0011868584  -0.0017473666   0.0007307883  -0.0001005722  -0.0051927279
       -0.0171582751   0.0004248948   0.0010607600  -0.0003887782   0.0015170981
        0.0007472432   0.0003621436   0.0003009671   0.0002118171   0.0001705598
       -0.0007839431  -0.0012850696  -0.0007278301   0.0002129055   0.0002898847
        0.0000413040  -0.1761820994  -0.1131069574   0.0282306783
        0.0010310759  -0.0009514124   0.0016043833   0.0013305427  -0.0054723428
        0.0030012179   0.0210556496  -0.0664723766  -0.1079087772  -0.0031133655
       -0.0036710848   0.0026426118  -0.0004193817   0.0003324433   0.0010749207
       -0.0917686642   0.0966920727   0.1633404846  -0.0005057291   0.0000756349
        0.0000901902  -0.0001222642   0.0005719780   0.0001686508   0.0006242051
       -0.0004992991  -0.0001058464   0.0006190998   0.0012744144   0.0003617387
        0.0004063730  -0.0013201946   0.0000721654   0.0001599749  -0.0353418925
       -0.0336353190   0.0006849962   0.0005311374  -0.0002232739  -0.0003360148
       -0.0003750433   0.0007839266   0.0003458662   0.0002436480   0.0003983666
       -0.0002518518  -0.0001827028   0.0000825344   0.0001552435  -0.0000005951
       -0.0000696187   0.0701042443   0.0145656152  -0.0316783558
       -0.0790909413  -0.0652755972   0.0530656832  -0.0066690486  -0.0083569968
        0.0109697496   0.0004465589  -0.0008887334   0.0012705045  -0.0001004488
        0.0000552284  -0.0001473479  -0.0001708793  -0.0000369344   0.0001025897
       -0.0000547742  -0.0003536438  -0.0005057291   0.0893303762   0.0748407679
       -0.0645494445  -0.0107985975  -0.0200471773   0.0122482156   0.0078945539
        0.0178227905  -0.0142066899   0.0005488269   0.0000255561  -0.0007973088
       -0.0008425863   0.0012868066   0.0029535970  -0.0007926345   0.0006961444
       -0.0002625810   0.0000046082   0.0000429381  -0.0000361784   0.0000973618
        0.0000565930  -0.0001411200  -0.0000657430  -0.0000851746   0.0000018975
        0.0000242806   0.0000756392  -0.0000315502   0.0000870114   0.0000764501
       -0.0000726488   0.0001520756   0.0000653433   0.0001383613
       -0.0652514196  -0.1636615417   0.1004514401   0.0041076672   0.0082775424
       -0.0060610258   0.0002438786   0.0003630806  -0.0008468757   0.0000914628
        0.0000063974  -0.0000070721  -0.0001085264  -0.0000590172   0.0001286582
       -0.0001105835   0.0002687599   0.0000756349   0.0748407679   0.1884244249
       -0.1157760294  -0.0096672557  -0.0164113911   0.0102752208  -0.0060551675
       -0.0181282280   0.0141841356   0.0003102169   0.0006421176  -0.0000180573
        0.0014508717   0.0001019557  -0.0020472135  -0.0000661545   0.0001796973
       -0.0000388518  -0.0000310474   0.0000407344  -0.0000058760   0.0000502761
       -0.0000729714   0.0000170504  -0.0000491942  -0.0000420166   0.0000061089
       -0.0000288102   0.0000283390  -0.0000396238   0.0001079312   0.0000360334
       -0.0000768402   0.0001650866   0.0000060835  -0.0002207831
        0.0527991551   0.1001632820  -0.1263487458   0.0125834482   0.0156873465
       -0.0200024534  -0.0006835531   0.0006636350   0.0004434286  -0.0000578053
       -0.0000512550   0.0001913077  -0.0001142179  -0.0000419167   0.0001738810
       -0.0001081682   0.0001520994   0.0000901902  -0.0645494445  -0.1157760294
        0.1489186078  -0.0058588379  -0.0105610563   0.0089074264   0.0029810476
        0.0116666021  -0.0078577971  -0.0001114668   0.0006827310   0.0003800082
        0.0029352525  -0.0022690907  -0.0051352778   0.0002763479  -0.0001915482
        0.0004491125  -0.0000240827  -0.0000283535   0.0000566848  -0.0001214357
        0.0000205008   0.0000137917   0.0000522211  -0.0000556350   0.0000647153
       -0.0000759849   0.0000402519  -0.0000196203   0.0000626625   0.0000163147
       -0.0001910092   0.0000148622  -0.0001178787  -0.0001342505
       -0.1521173634  -0.0883510094  -0.0846890359   0.0085315276   0.0061113852
        0.0055024401   0.0005499684   0.0003096970   0.0002604076   0.0002021529
        0.0000678453   0.0002100114  -0.0008789871   0.0002586694   0.0002543639
       -0.0000840946  -0.0001136144  -0.0001222642  -0.0107985975  -0.0096672557
       -0.0058588379   0.1763754414   0.1021686026   0.0963158965  -0.0207502352
       -0.0120524904  -0.0145478298   0.0001244900   0.0016101547   0.0024465783
        0.0003587502   0.0001946843  -0.0001995684   0.0001463491  -0.0000818272
        0.0000405152   0.0000139232  -0.0000434439  -0.0000389656   0.0000016932
       -0.0000604245  -0.0000706626  -0.0005901915   0.0003585686  -0.0004134319
       -0.0000849892  -0.0001147755  -0.0000449353  -0.0009350837  -0.0006396278
        0.0009490321  -0.0000647537   0.0000448619   0.0000062862
       -0.0878678855  -0.1144011996  -0.0657779439  -0.0076390975  -0.0089235892
       -0.0103090401  -0.0006547644   0.0002373460  -0.0005533986   0.0002089075
       -0.0000333362  -0.0001863832  -0.0004847462   0.0002927657  -0.0000865808
        0.0000199065   0.0000915696   0.0005719780  -0.0200471773  -0.0164113911
       -0.0105610563   0.1021686026   0.1303471583   0.0790481343   0.0130407501
        0.0095327754   0.0095706798   0.0013112522  -0.0008619682  -0.0031979668
       -0.0000063890   0.0005802703   0.0007196340   0.0000728914  -0.0007233777
        0.0002422180  -0.0000926799  -0.0000717647  -0.0000339633  -0.0000677398
       -0.0000443233   0.0000609861   0.0004024455  -0.0000147108   0.0003224869
       -0.0001806724  -0.0000617441   0.0001532169  -0.0002182280   0.0003714577
        0.0001067846   0.0000346243   0.0000940619  -0.0000897857
       -0.0841109459  -0.0658841147  -0.1071898617  -0.0146768921  -0.0158775627
       -0.0165622122  -0.0005527191   0.0004264253   0.0005276854   0.0000772548
       -0.0000302952  -0.0001960538  -0.0001050345  -0.0003676341   0.0004775112
        0.0000133310  -0.0000508633   0.0001686508   0.0122482156   0.0102752208
        0.0089074264   0.0963158965   0.0790481343   0.1250050043  -0.0111724852
       -0.0053912172  -0.0065255548   0.0022170131  -0.0031101349  -0.0048607956
       -0.0006887257   0.0000212323   0.0004117543   0.0000384559  -0.0000360973
        0.0002459321  -0.0000876316   0.0000689475  -0.0000217204  -0.0000274074
       -0.0000692222  -0.0001229980  -0.0001264647   0.0000824159   0.0001319145
       -0.0002383671   0.0001692396  -0.0000705030   0.0008089366   0.0006231027
       -0.0002897723   0.0000675697   0.0001024232  -0.0000364072
       -0.1739819170   0.1049735311  -0.0568862153  -0.0125536451   0.0107849284
       -0.0019344344  -0.0000687879   0.0005965457   0.0025224873  -0.0000356377
        0.0001367007  -0.0002061167  -0.0002429306  -0.0000474756   0.0000459079
       -0.0008369084   0.0014208493   0.0006242051   0.0078945539  -0.0060551675
        0.0029810476  -0.0207502352   0.0130407501  -0.0111724852   0.2002137604
       -0.1242860738   0.0641268881   0.0006511968  -0.0001825215  -0.0002705728
       -0.0002180314  -0.0001205991  -0.0001873617   0.0000499920  -0.0002035032
        0.0003653004  -0.0000628898  -0.0000331838   0.0000022981   0.0000083360
        0.0000127985   0.0000317890   0.0001494417  -0.0000692371   0.0001420637
       -0.0000349006  -0.0000012116   0.0000531196  -0.0002064759   0.0001480617
       -0.0001289261   0.0000250788  -0.0001151922  -0.0001089945
        0.1048180739  -0.1298412788   0.0462266257   0.0120083755  -0.0096423919
        0.0020465427   0.0011686535  -0.0001187970  -0.0023675712   0.0003298096
       -0.0001962605   0.0000415695  -0.0001731898   0.0000241581   0.0000519331
        0.0005453281  -0.0011321535  -0.0004992991   0.0178227905  -0.0181282280
        0.0116666021  -0.0120524904   0.0095327754  -0.0053912172  -0.1242860738
        0.1490152262  -0.0520077471   0.0000701876  -0.0002895895   0.0002890492
       -0.0002619332   0.0005750814   0.0002770607  -0.0001965486   0.0000647203
       -0.0003451319   0.0000957107   0.0000204288  -0.0000115920   0.0000083583
        0.0000095158  -0.0000420010   0.0000263017  -0.0000903413   0.0000196817
       -0.0000377212   0.0000411475   0.0000174702   0.0000604848   0.0000597640
       -0.0000828047   0.0000538830   0.0000962232   0.0001108294
       -0.0569608371   0.0466382399  -0.0663485605   0.0184086360  -0.0151805668
        0.0048913432   0.0016129166  -0.0011662448  -0.0030217369   0.0003829132
       -0.0002284518   0.0002144272  -0.0001373544  -0.0000005661   0.0000709857
        0.0007659389  -0.0014199523  -0.0001058464  -0.0142066899   0.0141841356
       -0.0078577971  -0.0145478298   0.0095706798  -0.0065255548   0.0641268881
       -0.0520077471   0.0775766547   0.0002617587  -0.0000345219   0.0005933462
        0.0002216543  -0.0002217138   0.0005496817  -0.0000107143  -0.0001445455
       -0.0000326732   0.0001326446   0.0000149572  -0.0000062655  -0.0000588038
       -0.0000552810   0.0000417512   0.0001107104  -0.0000462232   0.0000560169
       -0.0000463589   0.0000015652   0.0000473048  -0.0000526350   0.0000938722
       -0.0001023063  -0.0000028376   0.0000023645  -0.0000407707
        0.0075914208   0.0062402403   0.0062434777  -0.1515076633  -0.0850948720
       -0.0787581004  -0.0207972311  -0.0088258980  -0.0125072465  -0.0029399683
        0.0028790435  -0.0017688002   0.0000963201   0.0000779756   0.0001081922
        0.0016775801  -0.0022327013   0.0006190998   0.0005488269   0.0003102169
       -0.0001114668   0.0001244900   0.0013112522   0.0022170131   0.0006511968
        0.0000701876   0.0002617587   0.1771890998   0.0945821405   0.0893675629
       -0.0104688611  -0.0110346619  -0.0052844009  -0.0011315737   0.0003935409
       -0.0001175950  -0.0013018286  -0.0002901599   0.0001844904   0.0001875649
        0.0000461658  -0.0001664409  -0.0000101416   0.0000910701   0.0001131435
        0.0000493198   0.0000287538   0.0000398958   0.0000586997   0.0002095955
        0.0001262677  -0.0000172514   0.0012381104  -0.0005668510
       -0.0077319304  -0.0086102124  -0.0104144434  -0.0846964943  -0.1076156378
       -0.0570331057   0.0122565052   0.0064614022   0.0071036345   0.0016496800
       -0.0012109564   0.0003104278  -0.0002584584  -0.0000013111  -0.0000138237
        0.0013290182   0.0022742966   0.0012744144   0.0000255561   0.0006421176
        0.0006827310   0.0016101547  -0.0008619682  -0.0031101349  -0.0001825215
       -0.0002895895  -0.0000345219   0.0945821405   0.1275554292   0.0703143787
       -0.0199734678  -0.0166891731  -0.0096452456   0.0005536796  -0.0009412903
        0.0003226407   0.0006212089   0.0002041459  -0.0001870264  -0.0000743476
       -0.0001684498  -0.0000450206   0.0000117903  -0.0000020333   0.0000346285
       -0.0000290566   0.0000059136  -0.0000011916   0.0000843331   0.0001311725
        0.0000442020   0.0002222101  -0.0008838556   0.0003974563
       -0.0149665107  -0.0172422820  -0.0171880850  -0.0790281244  -0.0572861410
       -0.0972851630  -0.0092056165  -0.0046485821  -0.0043011035  -0.0003846294
        0.0010402967  -0.0005176568  -0.0000047613   0.0000472621   0.0001597599
        0.0011979369  -0.0008475244   0.0003617387  -0.0007973088  -0.0000180573
        0.0003800082   0.0024465783  -0.0031979668  -0.0048607956  -0.0002705728
        0.0002890492   0.0005933462   0.0893675629   0.0703143787   0.1140826906
        0.0124515482   0.0108034930   0.0086059016  -0.0005689999   0.0006379068
       -0.0005642915  -0.0003988627  -0.0001373875   0.0001576758   0.0000949373
        0.0000860807  -0.0000266728   0.0000899273  -0.0000734711  -0.0000003514
        0.0000237359  -0.0000473353   0.0000216662  -0.0000061654  -0.0000468163
       -0.0001639131  -0.0000406749   0.0003270967   0.0005452455
       -0.0057445676  -0.0077590113   0.0109691861  -0.0707748578  -0.0590968902
        0.0482785997   0.0047122549   0.0146434206  -0.0132602105   0.0006727991
        0.0013010641  -0.0017162035  -0.0004280692   0.0002867565  -0.0002202044
       -0.0005784087   0.0011868584   0.0004063730  -0.0008425863   0.0014508717
        0.0029352525   0.0003587502  -0.0000063890  -0.0006887257  -0.0002180314
       -0.0002619332   0.0002216543  -0.0104688611  -0.0199734678   0.0124515482
        0.0865267028   0.0654241309  -0.0577029859  -0.0026977373   0.0026850008
       -0.0020199496   0.0001492995  -0.0000321582   0.0000026832  -0.0005553456
        0.0004467883   0.0004722607   0.0000559992   0.0000068467   0.0001439563
       -0.0000039185  -0.0000186626   0.0000645426  -0.0000847665  -0.0004421789
       -0.0004408997  -0.0000786555   0.0001589530   0.0001031228
        0.0041751529   0.0080051011  -0.0068733206  -0.0591191557  -0.1609081746
        0.1012608138  -0.0024749050  -0.0146591085   0.0145765343  -0.0016253234
        0.0004900183  -0.0002660585  -0.0003572830   0.0004143375  -0.0001917302
        0.0009958182  -0.0017473666  -0.0013201946   0.0012868066   0.0001019557
       -0.0022690907   0.0001946843   0.0005802703   0.0000212323  -0.0001205991
        0.0005750814  -0.0002217138  -0.0110346619  -0.0166891731   0.0108034930
        0.0654241309   0.1857543422  -0.1160934936   0.0021344187  -0.0020711369
        0.0012438800  -0.0004176606  -0.0000153040  -0.0002145346   0.0008080446
        0.0001255753  -0.0004659017   0.0000055983  -0.0001296708  -0.0000500318
        0.0000317351  -0.0000650896   0.0000312477  -0.0001882827   0.0001490498
       -0.0001678852   0.0002814819   0.0000892926   0.0001967541
        0.0121949823   0.0160458007  -0.0190903321   0.0486116933   0.1001363435
       -0.1283089448   0.0007134571   0.0090910410  -0.0066556252   0.0007514659
       -0.0003130954   0.0010828729  -0.0001030930   0.0002836082   0.0000545422
       -0.0000963885   0.0007307883   0.0000721654   0.0029535970  -0.0020472135
       -0.0051352778  -0.0001995684   0.0007196340   0.0004117543  -0.0001873617
        0.0002770607   0.0005496817  -0.0052844009  -0.0096452456   0.0086059016
       -0.0577029859  -0.1160934936   0.1501057910  -0.0014106772   0.0019198876
       -0.0013796942   0.0003581435  -0.0000909263   0.0000657748  -0.0001182238
       -0.0000350128   0.0002364374   0.0000927133  -0.0000278340  -0.0001128702
        0.0001891666  -0.0001272733   0.0000206038  -0.0005840329  -0.0007231437
       -0.0004867699  -0.0001784869  -0.0001009258  -0.0000360107
        0.0008218846   0.0005423349  -0.0014054383  -0.0006112148   0.0106281053
       -0.0192238118  -0.0450741240  -0.0053465088   0.0173687828  -0.0072811622
       -0.0107315368   0.0259537514   0.0005567939   0.0005801713   0.0007287889
        0.0029142606  -0.0001005722   0.0001599749  -0.0007926345  -0.0000661545
        0.0002763479   0.0001463491   0.0000728914   0.0000384559   0.0000499920
       -0.0001965486  -0.0000107143  -0.0011315737   0.0005536796  -0.0005689999
       -0.0026977373   0.0021344187  -0.0014106772   0.0571447401   0.0044700821
       -0.0221686635   0.0005449718   0.0000180497   0.0005383221  -0.0052556530
       -0.0027367319   0.0019451445  -0.0000101095  -0.0001779869  -0.0005162372
        0.0001317357   0.0001741923  -0.0000332611  -0.0000357020   0.0001531561
       -0.0000547610   0.0005791831   0.0000289584  -0.0016170042
       -0.0003872257   0.0005922946   0.0010315965   0.0026683042  -0.0074450364
        0.0171432659  -0.0064762750  -0.0560566460   0.0589750668  -0.0040943613
       -0.0040501206   0.0131825984   0.0001000899   0.0006004558   0.0008939363
        0.0031090311  -0.0051927279  -0.0353418925   0.0006961444   0.0001796973
       -0.0001915482  -0.0000818272  -0.0007233777  -0.0000360973  -0.0002035032
        0.0000647203  -0.0001445455   0.0003935409  -0.0009412903   0.0006379068
        0.0026850008  -0.0020711369   0.0019198876   0.0044700821   0.0752554856
       -0.0564215124   0.0007220844   0.0002890605  -0.0003147064  -0.0031818200
       -0.0009613056   0.0008316545  -0.0003367857  -0.0002093556  -0.0005337284
        0.0002039671   0.0000289911  -0.0001556540   0.0000603345  -0.0001153546
        0.0001130430  -0.0003467812   0.0007556466  -0.0015892712
        0.0015372051  -0.0019065083   0.0013510656  -0.0010744750   0.0084016439
       -0.0121741066   0.0161960696   0.0618726061  -0.2182215607   0.0038049639
        0.0040721462  -0.0079577406  -0.0008498670  -0.0004791404   0.0011622087
        0.0026041708  -0.0171582751  -0.0336353190  -0.0002625810  -0.0000388518
        0.0004491125   0.0000405152   0.0002422180   0.0002459321   0.0003653004
       -0.0003451319  -0.0000326732  -0.0001175950   0.0003226407  -0.0005642915
       -0.0020199496   0.0012438800  -0.0013796942  -0.0221686635  -0.0564215124
        0.2695962293  -0.0001084069  -0.0003582154   0.0001004426   0.0017604709
        0.0003671625  -0.0002887362   0.0001312147   0.0001548732   0.0003166672
       -0.0001684485  -0.0000641492  -0.0000265556   0.0000327583   0.0000897098
       -0.0002077902   0.0002973174   0.0000049041   0.0012668099
       -0.0003891479   0.0002831610  -0.0001500260  -0.0050973174  -0.0028695667
        0.0007768054  -0.0276831223   0.0187459240  -0.0057489704  -0.1460256604
        0.1103889458  -0.0285909521   0.0026700197  -0.0018768398   0.0004514116
        0.0012649762   0.0004248948   0.0006849962   0.0000046082  -0.0000310474
       -0.0000240827   0.0000139232  -0.0000926799  -0.0000876316  -0.0000628898
        0.0000957107   0.0001326446  -0.0013018286   0.0006212089  -0.0003988627
        0.0001492995  -0.0004176606   0.0003581435   0.0005449718   0.0007220844
       -0.0001084069   0.1732088339  -0.1263183515   0.0345756446   0.0006483031
        0.0010656500  -0.0014339306  -0.0000841081   0.0000056123   0.0002117472
        0.0007463464  -0.0006651056  -0.0000432871   0.0007708117  -0.0006504116
       -0.0003683939   0.0006219807   0.0005684713  -0.0002368492
        0.0000108665   0.0001227434  -0.0000552225  -0.0014154791  -0.0002988574
       -0.0002004159  -0.0062246253   0.0059316676  -0.0016098467   0.1109072517
       -0.1587349223   0.0338404533   0.0156630063  -0.0232985279   0.0013844933
        0.0001994426   0.0010607600   0.0005311374   0.0000429381   0.0000407344
       -0.0000283535  -0.0000434439  -0.0000717647   0.0000689475  -0.0000331838
        0.0000204288   0.0000149572  -0.0002901599   0.0002041459  -0.0001373875
       -0.0000321582  -0.0000153040  -0.0000909263   0.0000180497   0.0002890605
       -0.0003582154  -0.1263183515   0.1873894333  -0.0360568895   0.0083433167
       -0.0085943224   0.0058203438   0.0001640141   0.0006534495   0.0004011269
        0.0002456794   0.0002030590   0.0004703670  -0.0007461563  -0.0048159921
       -0.0040563255  -0.0004910072  -0.0000857916   0.0000617562
       -0.0000264855  -0.0000530817   0.0000778001   0.0004781278   0.0005461714
        0.0005390736   0.0036749157  -0.0028100620   0.0016738054  -0.0292213573
        0.0335339157  -0.0542137698   0.0108620354  -0.0147436160   0.0026436048
       -0.0004724087  -0.0003887782  -0.0002232739  -0.0000361784  -0.0000058760
        0.0000566848  -0.0000389656  -0.0000339633  -0.0000217204   0.0000022981
       -0.0000115920  -0.0000062655   0.0001844904  -0.0001870264   0.0001576758
        0.0000026832  -0.0002145346   0.0000657748   0.0005383221  -0.0003147064
        0.0001004426   0.0345756446  -0.0360568895   0.0605066352  -0.0213017214
        0.0242546198  -0.0105783347   0.0004877469  -0.0003359508   0.0004154096
        0.0003758316   0.0004452946   0.0004267389  -0.0002331680  -0.0036979879
       -0.0014769646   0.0001481891   0.0000740633  -0.0001433168
       -0.0000897460   0.0001505119  -0.0001578586   0.0011162962  -0.0009822036
        0.0012961678  -0.0071623991  -0.0097860496   0.0283004135  -0.0457673380
       -0.0027456261   0.0166150665   0.0010056056   0.0004368565  -0.0049653622
        0.0009060317   0.0015170981  -0.0003360148   0.0000973618   0.0000502761
       -0.0001214357   0.0000016932  -0.0000677398  -0.0000274074   0.0000083360
        0.0000083583  -0.0000588038   0.0001875649  -0.0000743476   0.0000949373
       -0.0005553456   0.0008080446  -0.0001182238  -0.0052556530  -0.0031818200
        0.0017604709   0.0006483031   0.0083433167  -0.0213017214   0.0539973534
        0.0061848277  -0.0206264721   0.0004891315  -0.0010260951  -0.0004754765
       -0.0000172408   0.0000456351  -0.0004497454   0.0000862805   0.0001280336
        0.0005921941   0.0003037644   0.0001909234  -0.0000207284
        0.0001625697  -0.0000216263  -0.0001045762   0.0008727921   0.0006102040
       -0.0006437026  -0.0042866809  -0.0044135358   0.0132146960  -0.0031617880
       -0.0590272686   0.0596891982   0.0011318301   0.0038522375  -0.0240299354
        0.0003998924   0.0007472432  -0.0003750433   0.0000565930  -0.0000729714
        0.0000205008  -0.0000604245  -0.0000443233  -0.0000692222   0.0000127985
        0.0000095158  -0.0000552810   0.0000461658  -0.0001684498   0.0000860807
        0.0004467883   0.0001255753  -0.0000350128  -0.0027367319  -0.0009613056
        0.0003671625   0.0010656500  -0.0085943224   0.0242546198   0.0061848277
        0.0697909633  -0.0677280341  -0.0008682598  -0.0033813954  -0.0041740037
        0.0002799224   0.0004449389  -0.0000118442   0.0000633191   0.0009338620
       -0.0004577654   0.0003907359   0.0001706588   0.0000521630
       -0.0000353272  -0.0000646463   0.0003027942  -0.0009217111  -0.0001956628
        0.0005591374   0.0044461738   0.0044029969  -0.0094531341   0.0172627598
        0.0593642568  -0.2544785443   0.0005900045   0.0011965787  -0.0218822577
        0.0002038908   0.0003621436   0.0007839266  -0.0001411200   0.0000170504
        0.0000137917  -0.0000706626   0.0000609861  -0.0001229980   0.0000317890
       -0.0000420010   0.0000417512  -0.0001664409  -0.0000450206  -0.0000266728
        0.0004722607  -0.0004659017   0.0002364374   0.0019451445   0.0008316545
       -0.0002887362  -0.0014339306   0.0058203438  -0.0105783347  -0.0206264721
       -0.0677280341   0.2967576514  -0.0008759736  -0.0040309305  -0.0028653714
       -0.0001520795   0.0002587262   0.0001706801   0.0002367474   0.0005891298
        0.0006433801  -0.0007650529  -0.0003316696   0.0001864991
       -0.0001576264  -0.0001435918  -0.0000913782  -0.0001765036  -0.0000249739
       -0.0001979487   0.0007582185   0.0000552668  -0.0014013060   0.0008316081
        0.0007258688  -0.0049285592  -0.0488060636  -0.0073157402   0.0310716474
       -0.0001338961   0.0003009671   0.0003458662  -0.0000657430  -0.0000491942
        0.0000522211  -0.0005901915   0.0004024455  -0.0001264647   0.0001494417
        0.0000263017   0.0001107104  -0.0000101416   0.0000117903   0.0000899273
        0.0000559992   0.0000055983   0.0000927133  -0.0000101095  -0.0003367857
        0.0001312147  -0.0000841081   0.0001640141   0.0004877469   0.0004891315
       -0.0008682598  -0.0008759736   0.0533211107   0.0098404711  -0.0361760552
       -0.0076545741  -0.0100093536   0.0314128092   0.0020976422   0.0072712662
       -0.0199708456  -0.0000141944  -0.0000560907  -0.0000263255
        0.0000285960   0.0001547719   0.0001442234  -0.0000064920  -0.0000309049
        0.0002828471   0.0005487099   0.0007506709  -0.0009601743   0.0022953980
        0.0045768388  -0.0238464169  -0.0072642064  -0.0593255344   0.0599157480
        0.0002065150   0.0002118171   0.0002436480  -0.0000851746  -0.0000420166
       -0.0000556350   0.0003585686  -0.0000147108   0.0000824159  -0.0000692371
       -0.0000903413  -0.0000462232   0.0000910701  -0.0000020333  -0.0000734711
        0.0000068467  -0.0001296708  -0.0000278340  -0.0001779869  -0.0002093556
        0.0001548732   0.0000056123   0.0006534495  -0.0003359508  -0.0010260951
       -0.0033813954  -0.0040309305   0.0098404711   0.0681130263  -0.0666503103
       -0.0025930537  -0.0025608350   0.0100706774  -0.0020756215  -0.0087057814
        0.0251009931  -0.0000839201   0.0000320052   0.0000315201
        0.0001283386  -0.0001409909   0.0001521350  -0.0001895060   0.0000304766
       -0.0000967736   0.0003800953   0.0006641242   0.0003139058   0.0012174778
        0.0003150524  -0.0230951540   0.0312717241   0.0600937274  -0.2615768026
        0.0002818720   0.0001705598   0.0003983666   0.0000018975   0.0000061089
        0.0000647153  -0.0004134319   0.0003224869   0.0001319145   0.0001420637
        0.0000196817   0.0000560169   0.0001131435   0.0000346285  -0.0000003514
        0.0001439563  -0.0000500318  -0.0001128702  -0.0005162372  -0.0005337284
        0.0003166672   0.0002117472   0.0004011269   0.0004154096  -0.0004754765
       -0.0041740037  -0.0028653714  -0.0361760552  -0.0666503103   0.3051398847
        0.0036870626   0.0035274326  -0.0078206124   0.0002172400   0.0058818334
       -0.0114715786  -0.0000259118   0.0000818258   0.0000504988
       -0.0001131000   0.0000564707   0.0000760749   0.0001258963  -0.0000821179
        0.0001755456   0.0009354992  -0.0009293838  -0.0012000080  -0.0076943442
       -0.0047452626  -0.0004961451  -0.2606044878  -0.0664451149   0.0304780522
       -0.0006452930  -0.0007839431  -0.0002518518   0.0000242806  -0.0000288102
       -0.0000759849  -0.0000849892  -0.0001806724  -0.0002383671  -0.0000349006
       -0.0000377212  -0.0000463589   0.0000493198  -0.0000290566   0.0000237359
       -0.0000039185   0.0000317351   0.0001891666   0.0001317357   0.0002039671
       -0.0001684485   0.0007463464   0.0002456794   0.0003758316  -0.0000172408
        0.0002799224  -0.0001520795  -0.0076545741  -0.0025930537   0.0036870626
        0.3003047329   0.0783031804  -0.0350897014  -0.0255140062  -0.0032582870
        0.0027827501   0.0000490435  -0.0000075318  -0.0000692743
        0.0001429439   0.0001054831  -0.0000878495   0.0000394071   0.0000286156
        0.0001260944  -0.0001863840  -0.0028966997  -0.0032575709  -0.0241843486
       -0.0110914856   0.0005363503  -0.0659106457  -0.0625558564   0.0111080185
       -0.0013963352  -0.0012850696  -0.0001827028   0.0000756392   0.0000283390
        0.0000402519  -0.0001147755  -0.0000617441   0.0001692396  -0.0000012116
        0.0000411475   0.0000015652   0.0000287538   0.0000059136  -0.0000473353
       -0.0000186626  -0.0000650896  -0.0001272733   0.0001741923   0.0000289911
       -0.0000641492  -0.0006651056   0.0002030590   0.0004452946   0.0000456351
        0.0004449389   0.0002587262  -0.0100093536  -0.0025608350   0.0035274326
        0.0783031804   0.0741946867  -0.0095793666   0.0238138653   0.0057321368
       -0.0026679195  -0.0001367949  -0.0002965315  -0.0001988060
        0.0000457524  -0.0000778639   0.0000477140  -0.0000381045  -0.0001254143
        0.0000848630  -0.0002622078  -0.0021383620  -0.0015924803  -0.0169886392
       -0.0074223450   0.0012835180   0.0306543842   0.0111820407  -0.0475344823
       -0.0008716788  -0.0007278301   0.0000825344  -0.0000315502  -0.0000396238
       -0.0000196203  -0.0000449353   0.0001532169  -0.0000705030   0.0000531196
        0.0000174702   0.0000473048   0.0000398958  -0.0000011916   0.0000216662
        0.0000645426   0.0000312477   0.0000206038  -0.0000332611  -0.0001556540
       -0.0000265556  -0.0000432871   0.0004703670   0.0004267389  -0.0004497454
       -0.0000118442   0.0001706801   0.0314128092   0.0100706774  -0.0078206124
       -0.0350897014  -0.0095793666   0.0534037199  -0.0083026566  -0.0013746346
        0.0015849058  -0.0001147363  -0.0002708899  -0.0001099949
       -0.0009395939  -0.0004197804   0.0000044589  -0.0002112053  -0.0006322327
       -0.0000449354   0.0003829839  -0.0002806852  -0.0001719454   0.0032259549
       -0.0016015462   0.0020494627  -0.1345761942   0.1120534103  -0.0355483791
       -0.0000606363   0.0002129055   0.0001552435   0.0000870114   0.0001079312
        0.0000626625  -0.0009350837  -0.0002182280   0.0008089366  -0.0002064759
        0.0000604848  -0.0000526350   0.0000586997   0.0000843331  -0.0000061654
       -0.0000847665  -0.0001882827  -0.0005840329  -0.0000357020   0.0000603345
        0.0000327583   0.0007708117  -0.0007461563  -0.0002331680   0.0000862805
        0.0000633191   0.0002367474   0.0020976422  -0.0020756215   0.0002172400
       -0.0255140062   0.0238138653  -0.0083026566   0.1559030011  -0.1302149659
        0.0414186091  -0.0000487215  -0.0000790848  -0.0000422012
        0.0000692023   0.0001088021  -0.0000680532  -0.0001936877  -0.0000166140
       -0.0001208571   0.0006653859  -0.0000944877   0.0003144284   0.0148461230
       -0.0236487387   0.0025025389   0.1119071435  -0.1792265635   0.0452121924
       -0.0000339601   0.0002898847  -0.0000005951   0.0000764501   0.0000360334
        0.0000163147  -0.0006396278   0.0003714577   0.0006231027   0.0001480617
        0.0000597640   0.0000938722   0.0002095955   0.0001311725  -0.0000468163
       -0.0004421789   0.0001490498  -0.0007231437   0.0001531561  -0.0001153546
        0.0000897098  -0.0006504116  -0.0048159921  -0.0036979879   0.0001280336
        0.0009338620   0.0005891298   0.0072712662  -0.0087057814   0.0058818334
       -0.0032582870   0.0057321368  -0.0013746346  -0.1302149659   0.2088004285
       -0.0493641089  -0.0000412988   0.0000109404   0.0000730744
        0.0001915730   0.0002432409   0.0003331107  -0.0001858870  -0.0003895606
        0.0004394392   0.0000262550   0.0003630489   0.0002926585   0.0105979886
       -0.0143041521   0.0036180454  -0.0354953850   0.0455470498  -0.0582387027
        0.0001250022   0.0000413040  -0.0000696187  -0.0000726488  -0.0000768402
       -0.0001910092   0.0009490321   0.0001067846  -0.0002897723  -0.0001289261
       -0.0000828047  -0.0001023063   0.0001262677   0.0000442020  -0.0001639131
       -0.0004408997  -0.0001678852  -0.0004867699  -0.0000547610   0.0001130430
       -0.0002077902  -0.0003683939  -0.0040563255  -0.0014769646   0.0005921941
       -0.0004577654   0.0006433801  -0.0199708456   0.0251009931  -0.0114715786
        0.0027827501  -0.0026679195   0.0015849058   0.0414186091  -0.0493641089
        0.0657425023  -0.0000919246   0.0000076957   0.0000443835
       -0.0000520272   0.0000155253   0.0000358375   0.0011830385   0.0004250138
        0.0005040134  -0.0002332208  -0.0022726194  -0.0044020119  -0.0005350802
       -0.0016880437  -0.0011342335  -0.0001929998  -0.0000913286   0.0001489447
       -0.3253949768  -0.1761820994   0.0701042443   0.0001520756   0.0001650866
        0.0000148622  -0.0000647537   0.0000346243   0.0000675697   0.0000250788
        0.0000538830  -0.0000028376  -0.0000172514   0.0002222101  -0.0000406749
       -0.0000786555   0.0002814819  -0.0001784869   0.0005791831  -0.0003467812
        0.0002973174   0.0006219807  -0.0004910072   0.0001481891   0.0003037644
        0.0003907359  -0.0007650529  -0.0000141944  -0.0000839201  -0.0000259118
        0.0000490435  -0.0001367949  -0.0001147363  -0.0000487215  -0.0000412988
       -0.0000919246   0.3237177166   0.1797453324  -0.0645651077
       -0.0002150431   0.0002156559   0.0000491098  -0.0011708897   0.0004661228
        0.0004985554  -0.0237262559  -0.0187077847   0.0022703319  -0.0007589703
       -0.0043314305  -0.0033443812  -0.0011485106  -0.0004590588   0.0002170253
       -0.1547633851  -0.1131069574   0.0145656152   0.0000653433   0.0000060835
       -0.0001178787   0.0000448619   0.0000940619   0.0001024232  -0.0001151922
        0.0000962232   0.0000023645   0.0012381104  -0.0008838556   0.0003270967
        0.0001589530   0.0000892926  -0.0001009258   0.0000289584   0.0007556466
        0.0000049041   0.0005684713  -0.0000857916   0.0000740633   0.0001909234
        0.0001706588  -0.0003316696  -0.0000560907   0.0000320052   0.0000818258
       -0.0000075318  -0.0002965315  -0.0002708899  -0.0000790848   0.0000109404
        0.0000076957   0.1797453324   0.1359347192  -0.0140352657
       -0.0002417402   0.0001994933  -0.0002152698   0.0008973735   0.0001704464
        0.0004051069  -0.0183110330  -0.0100727890  -0.0002842819   0.0000128847
       -0.0028960417  -0.0013960371  -0.0007741530  -0.0004214289   0.0001447090
        0.0854222336   0.0282306783  -0.0316783558   0.0001383613  -0.0002207831
       -0.0001342505   0.0000062862  -0.0000897857  -0.0000364072  -0.0001089945
        0.0001108294  -0.0000407707  -0.0005668510   0.0003974563   0.0005452455
        0.0001031228   0.0001967541  -0.0000360107  -0.0016170042  -0.0015892712
        0.0012668099  -0.0002368492   0.0000617562  -0.0001433168  -0.0000207284
        0.0000521630   0.0001864991  -0.0000263255   0.0000315201   0.0000504988
       -0.0000692743  -0.0001988060  -0.0001099949  -0.0000422012   0.0000730744
        0.0000443835  -0.0645651077  -0.0140352657   0.0314314427
