           1           2   1.02074526955426     
           2           3  0.985231630205970     
           3           4  0.994194731112817     
           4           5   1.01999456821373     
           3           6  0.976594015563413     
           1           7  0.987277424450756     
           1           8  0.985236135591287     
           1           9  0.986368933992732     
           2          10  0.974926659483876     
           2          11  0.976402828842168     
           3          12  0.962646013832825     
           4          13  0.976275669054486     
           4          14  0.976221027071530     
           5          15  0.986856763610490     
           5          16  0.986124223870554     
           5          17  0.984863867506869     
           6          18  0.862380541424735     
