           1           2  0.978860351930546     
           2           3  0.971837372582957     
           3           4   1.00163796565555     
           2           5  0.992312312411013     
           1           6   1.00074747202351     
           1           7  0.971929911680938     
           1           8  0.965082594516100     
           2           9  0.961738611969974     
           3          10  0.970966840845273     
           3          11  0.972335417808983     
           4          12  0.856441072782096     
           5          13  0.858555524531997     
           6          14  0.854125588069408     
