           1           2   1.01752369473245     
           2           3  0.998109622199039     
           3           4  0.924715828465453     
           4           5   1.16051753830087     
           4           6  0.168299761611226     
           5           6   1.68988145384093     
           5           7   1.00001212006340     
           1           8  0.985064176573032     
           1           9  0.986507108727729     
           1          10  0.987092922521873     
           2          11  0.977259680987648     
           2          12  0.976233178709361     
           3          13  0.969561563705371     
           3          14  0.968535398827732     
           7          15  0.977282715652114     
           7          16  0.964969208191620     
           7          17  0.945055618617875     
