$hessian                                                                        
        0.5154028717  -0.0105119261   0.0182328291  -0.0741354672  -0.0178752677
        0.0285392815  -0.0097109807  -0.0114023545   0.0227524048  -0.0047670052
        0.0006869111   0.0037473830   0.0012453677   0.0000916073  -0.0003905801
        0.0000504133   0.0000085122  -0.0001715769   0.0003045227   0.0003891922
       -0.0005562260   0.0010609959  -0.0009167620  -0.0000163924  -0.0489761778
        0.0342156002   0.0030318086  -0.1141633484  -0.0427955608  -0.1013072145
       -0.2680265330   0.0407444349   0.0396414076   0.0007868873  -0.0010532309
        0.0008485821   0.0037730741   0.0086180540  -0.0153693652  -0.0004149785
       -0.0000512785   0.0001863978   0.0000029576  -0.0000807425   0.0000508896
       -0.0000494528   0.0000000239  -0.0000509088  -0.0000493440   0.0000027600
        0.0001138542  -0.0015608526   0.0001581271   0.0005884900  -0.0001972853
       -0.0001301613   0.0000979781  -0.0003613477  -0.0001501815   0.0002512635
       -0.0002143170   0.0000522431  -0.0002203060
       -0.0105119261   0.5077515881   0.0280900540  -0.0156646989  -0.1009073764
        0.0543601396  -0.0018824695   0.0036773446  -0.0031801255   0.0015879866
        0.0008558359  -0.0011503181   0.0000259909  -0.0003085549  -0.0000720976
        0.0000201704  -0.0000623456   0.0001085865  -0.0002605377  -0.0006783751
        0.0000067333   0.0003035390   0.0007780448  -0.0006047178   0.0350482923
       -0.2751021592  -0.0300382286  -0.0426052431  -0.0705190132  -0.0624555153
        0.0405994780  -0.0505528061  -0.0090025660  -0.0080093234  -0.0190831915
        0.0266551144   0.0007118391   0.0032475439  -0.0027809331  -0.0002315512
        0.0000737145   0.0001791850  -0.0000570817   0.0000046141   0.0000090273
        0.0000336781   0.0000286510   0.0000095903   0.0000500332   0.0000856879
       -0.0001028912   0.0005598559   0.0005915234   0.0000830216   0.0001724858
        0.0001323041  -0.0001524156   0.0000886008   0.0000762105  -0.0000881958
        0.0000208815  -0.0000892407   0.0001265526
        0.0182328291   0.0280900540   0.4817064090   0.0251688047   0.0563686233
       -0.1615802885   0.0094981848   0.0025085189  -0.0118209252   0.0020144571
       -0.0002393235  -0.0000653080  -0.0005751683  -0.0000803297   0.0000186611
        0.0001085988   0.0000178360  -0.0000926118   0.0006978575  -0.0001968411
       -0.0004450998  -0.0001045738   0.0011396427   0.0007372136   0.0029987136
       -0.0299159488  -0.0472087628  -0.1017924285  -0.0633015190  -0.1877023451
        0.0403900723  -0.0089550399  -0.0492414599   0.0001889745   0.0018266418
        0.0008256914   0.0040939403   0.0122597557  -0.0260368237  -0.0002378056
       -0.0001130554   0.0004319253  -0.0000746711   0.0000530514   0.0000594126
       -0.0000037114  -0.0000077528   0.0000361726  -0.0000299984  -0.0001247055
        0.0000818142  -0.0004594878   0.0004848243   0.0003513416  -0.0000194795
        0.0000299006  -0.0000363086   0.0000183903  -0.0000140572   0.0000659309
       -0.0001134987   0.0001697245  -0.0000846389
       -0.0741354672  -0.0156646989   0.0251688047   0.4577086434   0.0193124220
        0.0266652821  -0.1512438488   0.0206389059   0.0348082893  -0.0109323823
        0.0010384260   0.0068315505  -0.0239461174   0.0017513243   0.0027618213
       -0.0027276704  -0.0003157441  -0.0021940971  -0.0005723315  -0.0000585065
        0.0001249437  -0.0042775089   0.0096740008   0.0046323583   0.0013112916
       -0.0002267346  -0.0024892718   0.0045768183   0.0076635072  -0.0137306164
       -0.0112459105  -0.0146363688   0.0264118429  -0.0430153390   0.0006906604
       -0.0013349580  -0.1429596634  -0.0303046537  -0.1075820861  -0.0001023235
        0.0009868271   0.0010734843   0.0001832853  -0.0001121986  -0.0001594218
       -0.0009149384  -0.0003312977   0.0003668354   0.0000928092   0.0001927880
       -0.0002041159   0.0002855724   0.0000504534  -0.0002218961  -0.0000186169
       -0.0000047660   0.0000303153  -0.0000266684   0.0000916454  -0.0002131655
        0.0019603663  -0.0004359917  -0.0007458991
       -0.0178752677  -0.1009073764   0.0563686233   0.0193124220   0.5218391149
        0.0165201306   0.0195235995  -0.0629880759  -0.0051908762  -0.0115118811
        0.0033626067   0.0070562205  -0.0022601405   0.0006994072   0.0009120944
       -0.0012747265  -0.0001519805  -0.0007792123  -0.0002539976  -0.0002958093
        0.0002010359   0.0322921913  -0.0285196381  -0.0186656120  -0.0084006013
       -0.0195992005   0.0266202855   0.0028107615   0.0042064668  -0.0055538706
        0.0007543570   0.0023332433  -0.0027126581  -0.0002936254  -0.2655252755
       -0.0400508846  -0.0305226181  -0.0551643427  -0.0343592568  -0.0017623048
        0.0005702633  -0.0004972352   0.0000127665  -0.0001671044  -0.0000030175
       -0.0005039793  -0.0001180909   0.0000022772  -0.0000208108   0.0001962563
       -0.0000554352   0.0000578861  -0.0001856264   0.0001717919  -0.0000736216
       -0.0000150938  -0.0001611697  -0.0001128798   0.0000946866  -0.0000822666
        0.0001024708   0.0003355694   0.0002590351
        0.0285392815   0.0543601396  -0.1615802885   0.0266652821   0.0165201306
        0.4882109512   0.0276716562  -0.0032018876  -0.0768129271   0.0267158077
       -0.0020611520  -0.0151001707  -0.0139323424   0.0025640291   0.0058036063
       -0.0020606488  -0.0004904929  -0.0012180758  -0.0001337914  -0.0001895677
       -0.0002629366   0.0088919699  -0.0136138415  -0.0025584709  -0.0000526540
        0.0030826430   0.0014513921   0.0044617711   0.0118962271  -0.0257673622
        0.0049446999   0.0046073758  -0.0090106271  -0.0017980302  -0.0400692500
       -0.0488486106  -0.1085224529  -0.0336070274  -0.1552969624  -0.0009857316
        0.0002323089   0.0007569212  -0.0001291270   0.0000930584   0.0000221275
       -0.0006809080  -0.0003175172   0.0003906895   0.0000398044  -0.0001676252
        0.0000182415  -0.0000914725   0.0000619845  -0.0002177261  -0.0001256608
        0.0000772004  -0.0000145791  -0.0000693637   0.0001533806  -0.0001642107
        0.0006519106   0.0000698834   0.0001990185
       -0.0097109807  -0.0018824695   0.0094981848  -0.1512438488   0.0195235995
        0.0276716562   0.4483343902   0.0081481381   0.0074199057  -0.0453810219
       -0.0151666200   0.0229509783  -0.1165018142  -0.0140647888  -0.0447142701
       -0.0274373915  -0.0090730643  -0.0121395834  -0.0074572394   0.0018632133
       -0.0089162842  -0.0640110907   0.0290152694  -0.0070334206   0.0003755734
        0.0004138703   0.0001504651   0.0003606123  -0.0002575819  -0.0004620466
        0.0006516805  -0.0004773593   0.0011329163  -0.0019205035   0.0011560902
        0.0007687745  -0.0266659155   0.0061893340   0.0048811595   0.0031038514
        0.0011308505   0.0023989071   0.0004844414  -0.0001491676  -0.0008633910
       -0.0047664635  -0.0016011240   0.0018683719   0.0004578769   0.0005924238
       -0.0007017557   0.0004584554  -0.0002484242   0.0007227192   0.0003005119
       -0.0003839094   0.0001705013   0.0001750676   0.0008254957  -0.0008233379
        0.0003938087  -0.0255537759  -0.0039804504
       -0.0114023545   0.0036773446   0.0025085189   0.0206389059  -0.0629880759
       -0.0032018876   0.0081481381   0.4422961212  -0.0267340896  -0.0146975226
       -0.0835310739   0.0814866146  -0.0151074788  -0.0675542601  -0.0105376809
       -0.0082093376  -0.0026376011  -0.0026279506   0.0137122207   0.0044540383
        0.0107226649   0.0075837032  -0.1998058200  -0.0282101246  -0.0008071114
       -0.0002768836   0.0001205619  -0.0000685773   0.0002996729  -0.0001549944
       -0.0019231303  -0.0014916062   0.0036009053   0.0241549881  -0.0114100742
       -0.0094063200  -0.0047167846   0.0016594237   0.0005821436  -0.0148648951
       -0.0073997310  -0.0166557232   0.0006934660   0.0005482156  -0.0003016803
       -0.0011551329   0.0002924807   0.0011263167  -0.0009666021  -0.0003993073
       -0.0005262377  -0.0001459791   0.0008096972   0.0005043407   0.0008056908
       -0.0000212133  -0.0004008695   0.0018812416  -0.0035906013   0.0032931236
       -0.0035534481  -0.0129307463  -0.0051876316
        0.0227524048  -0.0031801255  -0.0118209252   0.0348082893  -0.0051908762
       -0.0768129271   0.0074199057  -0.0267340896   0.4690050503   0.0233791738
        0.0837712347  -0.1833447437  -0.0480701844  -0.0120131013  -0.1036638328
        0.0049676073   0.0031141023   0.0063413856  -0.0158324824   0.0009423976
       -0.0163117304  -0.0129444109  -0.0167675837  -0.0623211218   0.0001776269
       -0.0005830227   0.0008466646   0.0001516407  -0.0002977406  -0.0000678708
        0.0017074244   0.0020302909  -0.0039018946   0.0050514518  -0.0026854373
       -0.0017810505  -0.0187317844   0.0045880570   0.0047888792  -0.0122071424
       -0.0072956809  -0.0119141329   0.0007877128  -0.0000713076   0.0005076717
        0.0030388519   0.0012127835  -0.0009042833   0.0013328062   0.0007809788
        0.0003350838   0.0000483789  -0.0001931876  -0.0000418767   0.0005800385
       -0.0008612854   0.0007455796  -0.0011284829   0.0029331777  -0.0020301593
        0.0027111745  -0.0234995840  -0.0076537658
       -0.0047670052   0.0015879866   0.0020144571  -0.0109323823  -0.0115118811
        0.0267158077  -0.0453810219  -0.0146975226   0.0233791738   0.0642329618
        0.0179251298  -0.0266024249  -0.0016716849   0.0086308426  -0.0190770411
       -0.0004614680   0.0008641178  -0.0024233743  -0.0024949247  -0.0008484954
       -0.0028270223   0.0033667290   0.0003631975  -0.0018048751   0.0000443022
        0.0002642748  -0.0003117254  -0.0001368735   0.0000072568  -0.0001124964
       -0.0006906426  -0.0006608937   0.0013207982   0.0004902939  -0.0002122743
        0.0000972533   0.0001902199  -0.0005994846   0.0004242155  -0.0004919658
       -0.0002183684  -0.0004848375  -0.0003984944   0.0004687698  -0.0000477044
       -0.0001161938  -0.0000009412   0.0000708659  -0.0007634374  -0.0010154975
       -0.0003752764  -0.0000908047  -0.0000765205   0.0000866231   0.0000643762
       -0.0001077167   0.0001053984  -0.0004481736   0.0008347194  -0.0007019263
        0.0004561898  -0.0009966989   0.0005541113
        0.0006869111   0.0008558359  -0.0002393235   0.0010384260   0.0033626067
       -0.0020611520  -0.0151666200  -0.0835310739   0.0837712347   0.0179251298
        0.1254977188  -0.0993618898  -0.0001461002   0.0031250150  -0.0010778002
       -0.0010086221   0.0009560017  -0.0012829540  -0.0002521576   0.0003143608
        0.0001261069  -0.0027865251  -0.0502783513   0.0206890560   0.0001840132
       -0.0000828106  -0.0002294980   0.0000368517  -0.0000478963   0.0000725580
        0.0000270789   0.0000765673  -0.0001402568   0.0003729127   0.0004260851
       -0.0004742878  -0.0003758517  -0.0001168126  -0.0000885493   0.0000822489
       -0.0002907113   0.0003050935   0.0003622940  -0.0002680137   0.0001128189
       -0.0001571287  -0.0000983463  -0.0001318237  -0.0005131354  -0.0000413095
       -0.0001544852  -0.0000150528  -0.0001552909  -0.0000886102  -0.0002519336
       -0.0001005739  -0.0001040355   0.0000113405   0.0001497253  -0.0000731135
       -0.0000540794   0.0002472738   0.0004309115
        0.0037473830  -0.0011503181  -0.0000653080   0.0068315505   0.0070562205
       -0.0151001707   0.0229509783   0.0814866146  -0.1833447437  -0.0266024249
       -0.0993618898   0.2115175841  -0.0031724280   0.0109608029  -0.0210942122
        0.0019281864   0.0007484010   0.0012224534  -0.0025946479  -0.0016752392
       -0.0025242548  -0.0008820678   0.0034870148   0.0083627112  -0.0002026093
       -0.0003366127   0.0002512893  -0.0000868150  -0.0000319790   0.0002382880
        0.0005815478   0.0004982922  -0.0010190339  -0.0000382480  -0.0001979519
       -0.0003561432  -0.0005537894   0.0002546120   0.0006627662  -0.0004441036
       -0.0002710637  -0.0008246942  -0.0002507458   0.0001760078   0.0001455351
        0.0005167949   0.0000776403   0.0001878976  -0.0005243518  -0.0007501685
        0.0004047792  -0.0000179765  -0.0001694239   0.0002325989   0.0001998624
       -0.0002767198   0.0000962928  -0.0005666097   0.0009236476  -0.0008088554
       -0.0008194856  -0.0014478870   0.0018152204
        0.0012453677   0.0000259909  -0.0005751683  -0.0239461174  -0.0022601405
       -0.0139323424  -0.1165018142  -0.0151074788  -0.0480701844  -0.0016716849
       -0.0001461002  -0.0031724280   0.4609445918  -0.0253634518  -0.0181013314
       -0.1455153247  -0.0283596756   0.0562216926  -0.0719967238   0.0251784392
       -0.0172985277  -0.0004201325  -0.0049739345  -0.0030096802  -0.0000985114
       -0.0001865701   0.0000436719  -0.0001992895  -0.0001272417   0.0002333759
        0.0002196562   0.0000145005  -0.0001113274   0.0002275726  -0.0007070838
       -0.0004237708  -0.0045678223   0.0009466928   0.0010399393  -0.0597938234
        0.0486162249   0.0360448164  -0.0108233848   0.0001691954   0.0087829398
       -0.0230428606  -0.0076179047   0.0101176807   0.0027107818   0.0000145948
       -0.0012240742   0.0050392709  -0.0178845307   0.0137569499  -0.0032850372
        0.0099336025  -0.0045506778  -0.0089009210   0.0173215598  -0.0153427604
        0.0003762068   0.0005133116  -0.0004287936
        0.0000916073  -0.0003085549  -0.0000803297   0.0017513243   0.0006994072
        0.0025640291  -0.0140647888  -0.0675542601  -0.0120131013   0.0086308426
        0.0031250150   0.0109608029  -0.0253634518   0.5105715936   0.0272680474
       -0.0269232739  -0.0754403412   0.0157948913   0.0276100393  -0.1459750151
        0.0567821083  -0.0231391912  -0.0142098242  -0.0236905087  -0.0002270865
       -0.0002574184  -0.0001603831   0.0001353105   0.0004901713  -0.0001540046
        0.0000967019   0.0000078417  -0.0000363761   0.0010935961   0.0000115654
        0.0003257863   0.0016331799  -0.0000321612  -0.0007606014   0.0493730461
       -0.1700975208  -0.0988277009   0.0177311859   0.0052385709  -0.0120614446
       -0.0071685329  -0.0022295969   0.0033689839  -0.0194514056  -0.0092952968
        0.0152372507   0.0007271218  -0.0088391853   0.0074796956   0.0088129671
       -0.0248699234   0.0123980955  -0.0006137413   0.0042714704  -0.0024513264
       -0.0007354506  -0.0053065372  -0.0019439144
       -0.0003905801  -0.0000720976   0.0000186611   0.0027618213   0.0009120944
        0.0058036063  -0.0447142701  -0.0105376809  -0.1036638328  -0.0190770411
       -0.0010778002  -0.0210942122  -0.0181013314   0.0272680474   0.4837931671
        0.0568411159   0.0162199449  -0.1015674548  -0.0194113438   0.0549604764
       -0.1069719678  -0.0082659101  -0.0111279823  -0.0085547097   0.0000547502
        0.0000988474   0.0000311368   0.0004964160   0.0000865048  -0.0000875658
        0.0000842489   0.0001142212  -0.0000955375   0.0005440947  -0.0002307188
        0.0002818037   0.0026899577  -0.0007328034   0.0004457888   0.0366627010
       -0.0989790380  -0.1156890090   0.0183839423   0.0028406800  -0.0131959425
       -0.0141055316  -0.0045148276   0.0082240601   0.0128862617   0.0069578561
       -0.0110471644  -0.0025255602   0.0147491853  -0.0121013923   0.0042078690
       -0.0108242884   0.0097029158  -0.0084597085   0.0156875717  -0.0140434319
       -0.0005619018  -0.0017981922  -0.0001889191
        0.0000504133   0.0000201704   0.0001085988  -0.0027276704  -0.0012747265
       -0.0020606488  -0.0274373915  -0.0082093376   0.0049676073  -0.0004614680
       -0.0010086221   0.0019281864  -0.1455153247  -0.0269232739   0.0568411159
        0.4767851191  -0.0153462164   0.0338606894   0.0017294959  -0.0019234450
        0.0006267775  -0.0007013359  -0.0002730272   0.0001028106  -0.0000476649
        0.0000810159  -0.0000655668   0.0000176144   0.0000663127  -0.0001324971
        0.0000168149  -0.0000427601   0.0000338406   0.0000584950  -0.0001928496
       -0.0000134218  -0.0010322213   0.0002154955   0.0000801973  -0.0112249443
       -0.0021670326   0.0097196925  -0.0605259542   0.0482790638   0.0385397590
       -0.1771453893  -0.0362028251  -0.1135723782  -0.0538957504   0.0425961962
       -0.0283781920   0.0005688349   0.0011163984  -0.0011271913   0.0004753254
        0.0003323911  -0.0006736400   0.0008670209   0.0009015191  -0.0006710140
        0.0001459809  -0.0000444470  -0.0001147253
        0.0000085122  -0.0000623456   0.0000178360  -0.0003157441  -0.0001519805
       -0.0004904929  -0.0090730643  -0.0026376011   0.0031141023   0.0008641178
        0.0009560017   0.0007484010  -0.0283596756  -0.0754403412   0.0162199449
       -0.0153462164   0.5187744252   0.0091742306  -0.0173267846  -0.0118742382
        0.0172763056  -0.0006441007   0.0001644238  -0.0001229672   0.0000587849
        0.0000849988   0.0000495583  -0.0000584335  -0.0001291035   0.0000779699
        0.0000125141   0.0000259377   0.0000224131  -0.0000686318   0.0001707084
       -0.0000848286  -0.0001775133   0.0002026794   0.0000715823   0.0169251079
        0.0049508804  -0.0124203926   0.0482660442  -0.1758285655  -0.1088143533
       -0.0362059825  -0.0541685735  -0.0312790674   0.0427710788  -0.2024657009
        0.1025301568   0.0003565192  -0.0038426287   0.0037899492  -0.0011264823
        0.0009434902   0.0006109839  -0.0007263859   0.0004311561  -0.0004929516
        0.0001663359  -0.0001036231   0.0000016196
       -0.0001715769   0.0001085865  -0.0000926118  -0.0021940971  -0.0007792123
       -0.0012180758  -0.0121395834  -0.0026279506   0.0063413856  -0.0024233743
       -0.0012829540   0.0012224534   0.0562216926   0.0157948913  -0.1015674548
        0.0338606894   0.0091742306   0.5051084102   0.0133758618   0.0109122858
       -0.0140815695  -0.0007475453  -0.0007176449  -0.0001519526   0.0000138266
       -0.0000570310  -0.0000357656  -0.0000250337   0.0000343676   0.0001753294
       -0.0000619067  -0.0000297484   0.0001834203  -0.0000464668   0.0000771156
       -0.0000113517  -0.0007863149   0.0001972937   0.0000595084   0.0178862036
        0.0035216956  -0.0123995395   0.0380925157  -0.1088689281  -0.1339365309
       -0.1133473011  -0.0311781071  -0.1378019271  -0.0284786847   0.1029319866
       -0.1107197823  -0.0004542188   0.0033830559  -0.0020880019   0.0000311457
       -0.0007458784   0.0008612382   0.0012398209   0.0001624747   0.0003492740
        0.0001543475  -0.0000105289  -0.0001964560
        0.0003045227  -0.0002605377   0.0006978575  -0.0005723315  -0.0002539976
       -0.0001337914  -0.0074572394   0.0137122207  -0.0158324824  -0.0024949247
       -0.0002521576  -0.0025946479  -0.0719967238   0.0276100393  -0.0194113438
        0.0017294959  -0.0173267846   0.0133758618   0.5214789811   0.0225471912
       -0.0168702552   0.0000019781   0.0011088940  -0.0008334735  -0.0002481980
        0.0002550172  -0.0001320558  -0.0010536989   0.0002982639  -0.0002294067
       -0.0000968962   0.0000991278  -0.0002146820  -0.0000174269   0.0000416043
       -0.0001360989  -0.0002643711   0.0000059246   0.0000882503  -0.0018660668
        0.0093294008  -0.0052449973   0.0006585214  -0.0007694632  -0.0000617070
        0.0008682525  -0.0006778849   0.0011606842  -0.0032058677  -0.0027232929
        0.0037520305  -0.1941128063  -0.0572751797   0.1057590003  -0.0657379930
        0.0551188124   0.0431082939  -0.1757368161  -0.0512315627  -0.1062895123
       -0.0001803913   0.0006443647   0.0000424758
        0.0003891922  -0.0006783751  -0.0001968411  -0.0000585065  -0.0002958093
       -0.0001895677   0.0018632133   0.0044540383   0.0009423976  -0.0008484954
        0.0003143608  -0.0016752392   0.0251784392  -0.1459750151   0.0549604764
       -0.0019234450  -0.0118742382   0.0109122858   0.0225471912   0.4843022780
        0.0306883250  -0.0005238010   0.0016861340  -0.0009340904  -0.0000205271
        0.0001003623  -0.0001184861   0.0002580434   0.0002586568   0.0001672418
        0.0001481956   0.0001101790   0.0001526439  -0.0001308252   0.0002287932
       -0.0000354591  -0.0001344902   0.0001082064   0.0000837532   0.0081814579
       -0.0241941371   0.0139025831   0.0004941521   0.0010526824  -0.0006929879
        0.0006918812   0.0001341954   0.0001387857  -0.0017798668  -0.0002588082
        0.0015003990  -0.0581576138  -0.0642021895   0.0390957409   0.0547779486
       -0.1833852727  -0.1069441304  -0.0511300118  -0.0615504359  -0.0419144041
        0.0001778681  -0.0003356055   0.0001565739
       -0.0005562260   0.0000067333  -0.0004450998   0.0001249437   0.0002010359
       -0.0002629366  -0.0089162842   0.0107226649  -0.0163117304  -0.0028270223
        0.0001261069  -0.0025242548  -0.0172985277   0.0567821083  -0.1069719678
        0.0006267775   0.0172763056  -0.0140815695  -0.0168702552   0.0306883250
        0.5037193000  -0.0009767146   0.0019169547  -0.0006175766   0.0001310616
        0.0002665754   0.0001542740   0.0002882047  -0.0002813156   0.0001504304
       -0.0001170831   0.0001662409   0.0000280975  -0.0001434457   0.0001135511
        0.0000105332  -0.0002108778   0.0000652073   0.0002118295   0.0031677583
       -0.0108482870   0.0079457723  -0.0008960852   0.0006446533   0.0004848085
       -0.0008136059  -0.0003218958   0.0005817646   0.0024681805   0.0018384877
       -0.0021235229   0.1067847471   0.0387979029  -0.1171421937   0.0425764588
       -0.1062850316  -0.1236251202  -0.1065881742  -0.0424503172  -0.1293416954
        0.0000461694   0.0005739940   0.0001608576
        0.0010609959   0.0003035390  -0.0001045738  -0.0042775089   0.0322921913
        0.0088919699  -0.0640110907   0.0075837032  -0.0129444109   0.0033667290
       -0.0027865251  -0.0008820678  -0.0004201325  -0.0231391912  -0.0082659101
       -0.0007013359  -0.0006441007  -0.0007475453   0.0000019781  -0.0005238010
       -0.0009767146   0.3071283314   0.0129297465   0.2232607730   0.0003148191
        0.0001743547  -0.0006222517   0.0000338119   0.0002038678  -0.0001012659
        0.0000625131   0.0002150580  -0.0004726916  -0.0057401267   0.0035522531
        0.0027583699   0.0012410019   0.0003436344   0.0004700307  -0.0029357246
       -0.0020866270  -0.0031288883   0.0005026162   0.0003081956   0.0000197137
       -0.0003344030   0.0001053691   0.0000199012   0.0001184045  -0.0000040085
       -0.0000647967   0.0002928579   0.0000313007  -0.0006561291  -0.0012326266
       -0.0001240935  -0.0007981206   0.0000876946  -0.0004842536   0.0001692171
       -0.2345588047  -0.0282506128  -0.2058246089
       -0.0009167620   0.0007780448   0.0011396427   0.0096740008  -0.0285196381
       -0.0136138415   0.0290152694  -0.1998058200  -0.0167675837   0.0003631975
       -0.0502783513   0.0034870148  -0.0049739345  -0.0142098242  -0.0111279823
       -0.0002730272   0.0001644238  -0.0007176449   0.0011088940   0.0016861340
        0.0019169547   0.0129297465   0.3364500727   0.0928970558   0.0000260648
        0.0008533781  -0.0001652069  -0.0000575733  -0.0003966660  -0.0001098729
        0.0001438598   0.0001966842  -0.0001407042   0.0057809318  -0.0025967017
       -0.0020099180  -0.0013678962   0.0008779021   0.0014919810  -0.0017586262
       -0.0012838200  -0.0010543874   0.0000546942   0.0001825999   0.0003588302
       -0.0003298037   0.0000489625  -0.0002285235   0.0004298959   0.0002145457
       -0.0000264317   0.0002791662  -0.0001565670  -0.0005215440  -0.0004443268
        0.0006203762   0.0004412368   0.0003168388  -0.0002318860   0.0002984065
       -0.0500006098  -0.0445938499  -0.0555474814
       -0.0000163924  -0.0006047178   0.0007372136   0.0046323583  -0.0186656120
       -0.0025584709  -0.0070334206  -0.0282101246  -0.0623211218  -0.0018048751
        0.0206890560   0.0083627112  -0.0030096802  -0.0236905087  -0.0085547097
        0.0001028106  -0.0001229672  -0.0001519526  -0.0008334735  -0.0009340904
       -0.0006175766   0.2232607730   0.0928970558   0.2620050523  -0.0005543580
       -0.0002212715   0.0005270762  -0.0001426424  -0.0003154685  -0.0001224538
       -0.0000362395  -0.0001521729   0.0002285001   0.0031183026  -0.0023251109
       -0.0010225164  -0.0004921412   0.0007849063   0.0002943164  -0.0032424042
       -0.0023865559  -0.0033395164  -0.0004864534   0.0002620102   0.0002201433
       -0.0002263385   0.0000124081   0.0002128187  -0.0000705496  -0.0002985320
        0.0000608703  -0.0000448169   0.0000692221   0.0002867884  -0.0009257416
        0.0002519319  -0.0013967160  -0.0000502466  -0.0008784398   0.0001123711
       -0.2121444707  -0.0361610181  -0.1929628273
       -0.0489761778   0.0350482923   0.0029987136   0.0013112916  -0.0084006013
       -0.0000526540   0.0003755734  -0.0008071114   0.0001776269   0.0000443022
        0.0001840132  -0.0002026093  -0.0000985114  -0.0002270865   0.0000547502
       -0.0000476649   0.0000587849   0.0000138266  -0.0002481980  -0.0000205271
        0.0001310616   0.0003148191   0.0000260648  -0.0005543580   0.0541613184
       -0.0393843896  -0.0046636870   0.0022150816  -0.0184330188  -0.0041187970
       -0.0082510052   0.0330826421   0.0052075508   0.0000773417  -0.0015214946
        0.0017726319  -0.0000613612   0.0003106344  -0.0002275579   0.0000833888
        0.0000598448  -0.0000130321  -0.0000064679  -0.0000029640   0.0000102800
        0.0000263981   0.0000054986  -0.0000013252   0.0000350575   0.0000528817
       -0.0000544388  -0.0010535568  -0.0002416203  -0.0007115180  -0.0001324293
        0.0000925770   0.0000709882   0.0001779212   0.0001021487  -0.0000286836
        0.0000528791   0.0000154310   0.0001912312
        0.0342156002  -0.2751021592  -0.0299159488  -0.0002267346  -0.0195992005
        0.0030826430   0.0004138703  -0.0002768836  -0.0005830227   0.0002642748
       -0.0000828106  -0.0003366127  -0.0001865701  -0.0002574184   0.0000988474
        0.0000810159   0.0000849988  -0.0000570310   0.0002550172   0.0001003623
        0.0002665754   0.0001743547   0.0008533781  -0.0002212715  -0.0393843896
        0.3195540466   0.0317040634   0.0007810010  -0.0147027617  -0.0049472397
        0.0041707766  -0.0093582394  -0.0022903544  -0.0005582032  -0.0018771538
        0.0038927769   0.0001816790   0.0001950576  -0.0002718543   0.0001207836
       -0.0000966949   0.0000472915   0.0000048417   0.0000437551   0.0000233410
        0.0000022563  -0.0000084592  -0.0000243204   0.0000452198  -0.0000071703
       -0.0000194412  -0.0004987753   0.0002179043  -0.0004410058   0.0000502325
        0.0000907004  -0.0000433226   0.0001945874   0.0000485957  -0.0000423293
       -0.0001008384   0.0001801527   0.0000782157
        0.0030318086  -0.0300382286  -0.0472087628  -0.0024892718   0.0266202855
        0.0014513921   0.0001504651   0.0001205619   0.0008466646  -0.0003117254
       -0.0002294980   0.0002512893   0.0000436719  -0.0001603831   0.0000311368
       -0.0000655668   0.0000495583  -0.0000357656  -0.0001320558  -0.0001184861
        0.0001542740  -0.0006222517  -0.0001652069   0.0005270762  -0.0046636870
        0.0317040634   0.0543504135   0.0024930544  -0.0261174738  -0.0050846614
        0.0013447317  -0.0059632110  -0.0001955743   0.0016053546   0.0038533643
       -0.0042492767  -0.0000913913   0.0002671768   0.0003205591  -0.0000243896
        0.0000310449  -0.0001402159   0.0000097176   0.0000063939   0.0000119963
       -0.0000376914  -0.0000163785  -0.0000017762   0.0000000549   0.0000321099
       -0.0000227981  -0.0006167568  -0.0001018049  -0.0000074846   0.0001355075
        0.0000218841  -0.0000274984   0.0000948514   0.0000233709  -0.0001127671
        0.0001455698   0.0001808570  -0.0008582209
       -0.1141633484  -0.0426052431  -0.1017924285   0.0045768183   0.0028107615
        0.0044617711   0.0003606123  -0.0000685773   0.0001516407  -0.0001368735
        0.0000368517  -0.0000868150  -0.0001992895   0.0001353105   0.0004964160
        0.0000176144  -0.0000584335  -0.0000250337  -0.0010536989   0.0002580434
        0.0002882047   0.0000338119  -0.0000575733  -0.0001426424   0.0022150816
        0.0007810010   0.0024930544   0.1321234088   0.0494138224   0.1182556326
       -0.0232725019  -0.0111598068  -0.0254600553   0.0002909635   0.0003057648
       -0.0000867596   0.0006969677  -0.0004719831   0.0013483269  -0.0001449694
       -0.0005155717   0.0002002564   0.0000555708  -0.0000049727  -0.0000525417
       -0.0000081633  -0.0000033978  -0.0000078522   0.0000273590   0.0000373266
       -0.0000556555  -0.0012336072   0.0011546183   0.0000888911   0.0001045326
        0.0000239661  -0.0000920431  -0.0002322301  -0.0000415602  -0.0000604355
       -0.0000580586   0.0000296532   0.0000780685
       -0.0427955608  -0.0705190132  -0.0633015190   0.0076635072   0.0042064668
        0.0118962271  -0.0002575819   0.0002996729  -0.0002977406   0.0000072568
       -0.0000478963  -0.0000319790  -0.0001272417   0.0004901713   0.0000865048
        0.0000663127  -0.0001291035   0.0000343676   0.0002982639   0.0002586568
       -0.0002813156   0.0002038678  -0.0003966660  -0.0003154685  -0.0184330188
       -0.0147027617  -0.0261174738   0.0494138224   0.0792735619   0.0697363949
        0.0029503892   0.0022206415   0.0035743151   0.0006289040   0.0007589906
        0.0007447740  -0.0005271089  -0.0006228761   0.0037232433  -0.0002827122
       -0.0001959920   0.0001382902   0.0000444671  -0.0000231138  -0.0000524678
        0.0000109063   0.0000113346   0.0000014131  -0.0000288956  -0.0000471443
        0.0000619885   0.0014253826  -0.0006233764   0.0000249532  -0.0001439518
       -0.0001481320   0.0000988960  -0.0001644403  -0.0000696536   0.0001193105
        0.0000474321   0.0000062326   0.0001572861
       -0.1013072145  -0.0624555153  -0.1877023451  -0.0137306164  -0.0055538706
       -0.0257673622  -0.0004620466  -0.0001549944  -0.0000678708  -0.0001124964
        0.0000725580   0.0002382880   0.0002333759  -0.0001540046  -0.0000875658
       -0.0001324971   0.0000779699   0.0001753294  -0.0002294067   0.0001672418
        0.0001504304  -0.0001012659  -0.0001098729  -0.0001224538  -0.0041187970
       -0.0049472397  -0.0050846614   0.1182556326   0.0697363949   0.2192244120
       -0.0000392343   0.0006917230   0.0028809960  -0.0002609047  -0.0005295723
        0.0010150935   0.0012885401   0.0031075801  -0.0057575498   0.0004752372
        0.0006409157   0.0000130487  -0.0000679881  -0.0000023368   0.0000109673
       -0.0000029604  -0.0000023964   0.0000514846  -0.0000316101   0.0000066656
       -0.0000332965   0.0004517233  -0.0006017917   0.0005855528  -0.0000799891
        0.0000089359   0.0000203640  -0.0001754173  -0.0000701990   0.0000558149
        0.0001479356   0.0000718089   0.0002013239
       -0.2680265330   0.0405994780   0.0403900723  -0.0112459105   0.0007543570
        0.0049446999   0.0006516805  -0.0019231303   0.0017074244  -0.0006906426
        0.0000270789   0.0005815478   0.0002196562   0.0000967019   0.0000842489
        0.0000168149   0.0000125141  -0.0000619067  -0.0000968962   0.0001481956
       -0.0001170831   0.0000625131   0.0001438598  -0.0000362395  -0.0082510052
        0.0041707766   0.0013447317  -0.0232725019   0.0029503892  -0.0000392343
        0.3099729559  -0.0469991935  -0.0484408955  -0.0001183108  -0.0001787784
       -0.0002503239   0.0009259787   0.0004227310  -0.0002886216   0.0000495660
        0.0001577744  -0.0000633346   0.0000290249   0.0000016311  -0.0000049607
       -0.0000120098   0.0000087286  -0.0000411239   0.0000231297  -0.0000066646
        0.0000278228  -0.0002800062  -0.0001915211   0.0002461464   0.0000156207
       -0.0000806549   0.0000321163  -0.0000324921  -0.0000445445   0.0000488518
        0.0000593679  -0.0000697287  -0.0000639383
        0.0407444349  -0.0505528061  -0.0089550399  -0.0146363688   0.0023332433
        0.0046073758  -0.0004773593  -0.0014916062   0.0020302909  -0.0006608937
        0.0000765673   0.0004982922   0.0000145005   0.0000078417   0.0001142212
       -0.0000427601   0.0000259377  -0.0000297484   0.0000991278   0.0001101790
        0.0001662409   0.0002150580   0.0001966842  -0.0001521729   0.0330826421
       -0.0093582394  -0.0059632110  -0.0111598068   0.0022206415   0.0006917230
       -0.0469991935   0.0559280172   0.0076437238  -0.0003031269   0.0000504699
        0.0000072190  -0.0000024834   0.0004783663  -0.0004638567   0.0000865485
        0.0000077663  -0.0000485903   0.0000167737  -0.0000202696  -0.0000007643
       -0.0000010303  -0.0000025999  -0.0000091441   0.0000155365   0.0000289008
       -0.0000085387  -0.0000104100  -0.0001188286  -0.0002055695  -0.0000736046
       -0.0000033827   0.0000606829   0.0000907690   0.0000393168  -0.0000246407
        0.0000016462   0.0000438004   0.0000415069
        0.0396414076  -0.0090025660  -0.0492414599   0.0264118429  -0.0027126581
       -0.0090106271   0.0011329163   0.0036009053  -0.0039018946   0.0013207982
       -0.0001402568  -0.0010190339  -0.0001113274  -0.0000363761  -0.0000955375
        0.0000338406   0.0000224131   0.0001834203  -0.0002146820   0.0001526439
        0.0000280975  -0.0004726916  -0.0001407042   0.0002285001   0.0052075508
       -0.0022903544  -0.0001955743  -0.0254600553   0.0035743151   0.0028809960
       -0.0484408955   0.0076437238   0.0594711027  -0.0000575702  -0.0001563848
        0.0002952876   0.0009536858  -0.0004374484   0.0002901840   0.0000554056
        0.0001497153  -0.0000776589  -0.0000512579   0.0000098438   0.0000020249
        0.0000435291   0.0000089366   0.0000305945  -0.0000347849  -0.0000296458
       -0.0000063063   0.0000897945  -0.0002078290   0.0000136927  -0.0000873964
       -0.0000253254   0.0000441394  -0.0000226502   0.0000010694   0.0000361746
        0.0000625399   0.0000159826   0.0000438783
        0.0007868873  -0.0080093234   0.0001889745  -0.0430153390  -0.0002936254
       -0.0017980302  -0.0019205035   0.0241549881   0.0050514518   0.0004902939
        0.0003729127  -0.0000382480   0.0002275726   0.0010935961   0.0005440947
        0.0000584950  -0.0000686318  -0.0000464668  -0.0000174269  -0.0001308252
       -0.0001434457  -0.0057401267   0.0057809318   0.0031183026   0.0000773417
       -0.0005582032   0.0016053546   0.0002909635   0.0006289040  -0.0002609047
       -0.0001183108  -0.0003031269  -0.0000575702   0.0505397322   0.0000483299
       -0.0011339527  -0.0009358258  -0.0223456188  -0.0065913208  -0.0008104749
        0.0000116372  -0.0006669128   0.0001145870  -0.0000269788  -0.0000369497
        0.0000632406  -0.0000016010  -0.0000224968  -0.0000610066  -0.0000491655
        0.0001170590  -0.0000137206  -0.0000218175   0.0000570237   0.0001006122
       -0.0000896384   0.0000598050   0.0000023399  -0.0000442579   0.0000252593
       -0.0001193310  -0.0001484862   0.0000289732
       -0.0010532309  -0.0190831915   0.0018266418   0.0006906604  -0.2655252755
       -0.0400692500   0.0011560902  -0.0114100742  -0.0026854373  -0.0002122743
        0.0004260851  -0.0001979519  -0.0007070838   0.0000115654  -0.0002307188
       -0.0001928496   0.0001707084   0.0000771156   0.0000416043   0.0002287932
        0.0001135511   0.0035522531  -0.0025967017  -0.0023251109  -0.0015214946
       -0.0018771538   0.0038533643   0.0003057648   0.0007589906  -0.0005295723
       -0.0001787784   0.0000504699  -0.0001563848   0.0000483299   0.3094682353
        0.0443632851  -0.0022391032  -0.0112300623  -0.0047972222   0.0003673847
        0.0004096204   0.0004239165  -0.0000596053  -0.0000355688   0.0000151998
       -0.0000153575  -0.0000105572   0.0000213809   0.0000350669   0.0000587976
       -0.0000609457  -0.0000800548  -0.0001387828  -0.0000575077  -0.0001402320
        0.0000444939   0.0000171448   0.0000318964   0.0000378122   0.0000412640
        0.0001710136   0.0002417960   0.0003572378
        0.0008485821   0.0266551144   0.0008256914  -0.0013349580  -0.0400508846
       -0.0488486106   0.0007687745  -0.0094063200  -0.0017810505   0.0000972533
       -0.0004742878  -0.0003561432  -0.0004237708   0.0003257863   0.0002818037
       -0.0000134218  -0.0000848286  -0.0000113517  -0.0001360989  -0.0000354591
        0.0000105332   0.0027583699  -0.0020099180  -0.0010225164   0.0017726319
        0.0038927769  -0.0042492767  -0.0000867596   0.0007447740   0.0010150935
       -0.0002503239   0.0000072190   0.0002952876  -0.0011339527   0.0443632851
        0.0599953379  -0.0024928103  -0.0242434370  -0.0061875076  -0.0006043914
        0.0000757908   0.0000386045  -0.0000062625  -0.0000001086  -0.0000551073
       -0.0000531830   0.0000216611  -0.0000095157   0.0000849221   0.0000622673
       -0.0000770219   0.0000907890   0.0000797780  -0.0000356257  -0.0000104415
       -0.0000073949  -0.0000398634  -0.0000042090   0.0000494287  -0.0000091649
        0.0001292607   0.0000347570   0.0002204038
        0.0037730741   0.0007118391   0.0040939403  -0.1429596634  -0.0305226181
       -0.1085224529  -0.0266659155  -0.0047167846  -0.0187317844   0.0001902199
       -0.0003758517  -0.0005537894  -0.0045678223   0.0016331799   0.0026899577
       -0.0010322213  -0.0001775133  -0.0007863149  -0.0002643711  -0.0001344902
       -0.0002108778   0.0012410019  -0.0013678962  -0.0004921412  -0.0000613612
        0.0001816790  -0.0000913913   0.0006969677  -0.0005271089   0.0012885401
        0.0009259787  -0.0000024834   0.0009536858  -0.0009358258  -0.0022391032
       -0.0024928103   0.1697683252   0.0365076637   0.1219682821   0.0001201542
        0.0002964055   0.0003591955   0.0000299329   0.0000193221  -0.0000205844
       -0.0003551865  -0.0001443724   0.0001482170   0.0000698526   0.0000158587
       -0.0000478468  -0.0000403626  -0.0000773831   0.0000914125  -0.0000105081
       -0.0000355780   0.0000089457  -0.0000645831   0.0000886045  -0.0001013213
        0.0001423138   0.0008666305   0.0004491383
        0.0086180540   0.0032475439   0.0122597557  -0.0303046537  -0.0551643427
       -0.0336070274   0.0061893340   0.0016594237   0.0045880570  -0.0005994846
       -0.0001168126   0.0002546120   0.0009466928  -0.0000321612  -0.0007328034
        0.0002154955   0.0002026794   0.0001972937   0.0000059246   0.0001082064
        0.0000652073   0.0003436344   0.0008779021   0.0007849063   0.0003106344
        0.0001950576   0.0002671768  -0.0004719831  -0.0006228761   0.0031075801
        0.0004227310   0.0004783663  -0.0004374484  -0.0223456188  -0.0112300623
       -0.0242434370   0.0365076637   0.0605440404   0.0377462242   0.0000306133
        0.0000691703   0.0001458840  -0.0000477680   0.0000171164   0.0000434772
        0.0000973017   0.0000251915  -0.0000081133   0.0000037314  -0.0000280728
       -0.0000089643  -0.0000503140  -0.0000263925   0.0000332819  -0.0000295898
        0.0000575625   0.0000037488   0.0000048643  -0.0000069757   0.0000207346
        0.0001527367  -0.0002545647  -0.0004801456
       -0.0153693652  -0.0027809331  -0.0260368237  -0.1075820861  -0.0343592568
       -0.1552969624   0.0048811595   0.0005821436   0.0047888792   0.0004242155
       -0.0000885493   0.0006627662   0.0010399393  -0.0007606014   0.0004457888
        0.0000801973   0.0000715823   0.0000595084   0.0000882503   0.0000837532
        0.0002118295   0.0004700307   0.0014919810   0.0002943164  -0.0002275579
       -0.0002718543   0.0003205591   0.0013483269   0.0037232433  -0.0057575498
       -0.0002886216  -0.0004638567   0.0002901840  -0.0065913208  -0.0047972222
       -0.0061875076   0.1219682821   0.0377462242   0.1859664433   0.0000470716
        0.0001073179  -0.0000527437  -0.0000341662   0.0000452513   0.0000281923
        0.0000270728   0.0000099978  -0.0000066493  -0.0000008018  -0.0000403513
       -0.0000127273   0.0000710764  -0.0001006713  -0.0000497355  -0.0000364790
        0.0000344783   0.0000333718   0.0000528053  -0.0000280041   0.0000461601
       -0.0003680291  -0.0002046726   0.0002527004
       -0.0004149785  -0.0002315512  -0.0002378056  -0.0001023235  -0.0017623048
       -0.0009857316   0.0031038514  -0.0148648951  -0.0122071424  -0.0004919658
        0.0000822489  -0.0004441036  -0.0597938234   0.0493730461   0.0366627010
       -0.0112249443   0.0169251079   0.0178862036  -0.0018660668   0.0081814579
        0.0031677583  -0.0029357246  -0.0017586262  -0.0032424042   0.0000833888
        0.0001207836  -0.0000243896  -0.0001449694  -0.0002827122   0.0004752372
        0.0000495660   0.0000865485   0.0000554056  -0.0008104749   0.0003673847
       -0.0006043914   0.0001201542   0.0000306133   0.0000470716   0.0783808845
       -0.0565952718  -0.0426297795  -0.0045719206  -0.0010317057   0.0035972439
        0.0001759259   0.0005329861  -0.0000010524   0.0007377196   0.0003003915
       -0.0003523036   0.0001800786  -0.0005285590   0.0000560839  -0.0001411681
        0.0017753770  -0.0010439089  -0.0001832222   0.0003290634   0.0002160182
       -0.0001499869  -0.0010493829  -0.0003907105
       -0.0000512785   0.0000737145  -0.0001130554   0.0009868271   0.0005702633
        0.0002323089   0.0011308505  -0.0073997310  -0.0072956809  -0.0002183684
       -0.0002907113  -0.0002710637   0.0486162249  -0.1700975208  -0.0989790380
       -0.0021670326   0.0049508804   0.0035216956   0.0093294008  -0.0241941371
       -0.0108482870  -0.0020866270  -0.0012838200  -0.0023865559   0.0000598448
       -0.0000966949   0.0000310449  -0.0005155717  -0.0001959920   0.0006409157
        0.0001577744   0.0000077663   0.0001497153   0.0000116372   0.0004096204
        0.0000757908   0.0002964055   0.0000691703   0.0001073179  -0.0565952718
        0.2004975805   0.1113150821  -0.0009857124   0.0005592143   0.0008721857
        0.0002932371   0.0001848914   0.0001745917  -0.0002439907   0.0006749982
        0.0002160016  -0.0001289388   0.0002782882  -0.0004699276   0.0020651026
       -0.0048915827   0.0035605529  -0.0000952383   0.0006691076  -0.0004171021
        0.0001407254  -0.0004953055  -0.0001164925
        0.0001863978   0.0001791850   0.0004319253   0.0010734843  -0.0004972352
        0.0007569212   0.0023989071  -0.0166557232  -0.0119141329  -0.0004848375
        0.0003050935  -0.0008246942   0.0360448164  -0.0988277009  -0.1156890090
        0.0097196925  -0.0124203926  -0.0123995395  -0.0052449973   0.0139025831
        0.0079457723  -0.0031288883  -0.0010543874  -0.0033395164  -0.0000130321
        0.0000472915  -0.0001402159   0.0002002564   0.0001382902   0.0000130487
       -0.0000633346  -0.0000485903  -0.0000776589  -0.0006669128   0.0004239165
        0.0000386045   0.0003591955   0.0001458840  -0.0000527437  -0.0426297795
        0.1113150821   0.1370227527   0.0040127242   0.0009445456  -0.0020065990
       -0.0004776156   0.0000063328   0.0004485098  -0.0001723850  -0.0003358602
       -0.0001065407  -0.0001572364  -0.0000550350   0.0005314858  -0.0011494262
        0.0032132842  -0.0011713926   0.0001007993   0.0002044189   0.0006100823
        0.0000921715  -0.0009309827  -0.0000770595
        0.0000029576  -0.0000570817  -0.0000746711   0.0001832853   0.0000127665
       -0.0001291270   0.0004844414   0.0006934660   0.0007877128  -0.0003984944
        0.0003622940  -0.0002507458  -0.0108233848   0.0177311859   0.0183839423
       -0.0605259542   0.0482660442   0.0380925157   0.0006585214   0.0004941521
       -0.0008960852   0.0005026162   0.0000546942  -0.0004864534  -0.0000064679
        0.0000048417   0.0000097176   0.0000555708   0.0000444671  -0.0000679881
        0.0000290249   0.0000167737  -0.0000512579   0.0001145870  -0.0000596053
       -0.0000062625   0.0000299329  -0.0000477680  -0.0000341662  -0.0045719206
       -0.0009857124   0.0040127242   0.0707027904  -0.0562975052  -0.0479665146
        0.0054171083  -0.0181344856  -0.0159787305  -0.0019779037   0.0083076462
        0.0044830871   0.0000533464   0.0000962098  -0.0001881838   0.0002099582
       -0.0002975830   0.0001166270  -0.0000985398  -0.0001298922  -0.0000349289
       -0.0000414755  -0.0000749080   0.0002787883
       -0.0000807425   0.0000046141   0.0000530514  -0.0001121986  -0.0001671044
        0.0000930584  -0.0001491676   0.0005482156  -0.0000713076   0.0004687698
       -0.0002680137   0.0001760078   0.0001691954   0.0052385709   0.0028406800
        0.0482790638  -0.1758285655  -0.1088689281  -0.0007694632   0.0010526824
        0.0006446533   0.0003081956   0.0001825999   0.0002620102  -0.0000029640
        0.0000437551   0.0000063939  -0.0000049727  -0.0000231138  -0.0000023368
        0.0000016311  -0.0000202696   0.0000098438  -0.0000269788  -0.0000355688
       -0.0000001086   0.0000193221   0.0000171164   0.0000452513  -0.0010317057
        0.0005592143   0.0009445456  -0.0562975052   0.2015698304   0.1267040339
        0.0008076933  -0.0070502100  -0.0069328964   0.0085625366  -0.0256479278
       -0.0158635901  -0.0000441106  -0.0000985134   0.0000155439  -0.0000918492
        0.0000031778   0.0001434130   0.0000382274  -0.0001662967  -0.0001078423
       -0.0000429768   0.0000858069  -0.0000914766
        0.0000508896   0.0000090273   0.0000594126  -0.0001594218  -0.0000030175
        0.0000221275  -0.0008633910  -0.0003016803   0.0005076717  -0.0000477044
        0.0001128189   0.0001455351   0.0087829398  -0.0120614446  -0.0131959425
        0.0385397590  -0.1088143533  -0.1339365309  -0.0000617070  -0.0006929879
        0.0004848085   0.0000197137   0.0003588302   0.0002201433   0.0000102800
        0.0000233410   0.0000119963  -0.0000525417  -0.0000524678   0.0000109673
       -0.0000049607  -0.0000007643   0.0000020249  -0.0000369497   0.0000151998
       -0.0000551073  -0.0000205844   0.0000434772   0.0000281923   0.0035972439
        0.0008721857  -0.0020065990  -0.0479665146   0.1267040339   0.1545501793
        0.0030662692  -0.0188968875  -0.0162226080  -0.0044768409   0.0120689649
        0.0096681686  -0.0002562636  -0.0000008524   0.0002301034   0.0001756223
        0.0007764853  -0.0001194566  -0.0000644102  -0.0001519525  -0.0002346073
       -0.0002314273  -0.0000079562  -0.0001704793
       -0.0000494528   0.0000336781  -0.0000037114  -0.0009149384  -0.0005039793
       -0.0006809080  -0.0047664635  -0.0011551329   0.0030388519  -0.0001161938
       -0.0001571287   0.0005167949  -0.0230428606  -0.0071685329  -0.0141055316
       -0.1771453893  -0.0362059825  -0.1133473011   0.0008682525   0.0006918812
       -0.0008136059  -0.0003344030  -0.0003298037  -0.0002263385   0.0000263981
        0.0000022563  -0.0000376914  -0.0000081633   0.0000109063  -0.0000029604
       -0.0000120098  -0.0000010303   0.0000435291   0.0000632406  -0.0000153575
       -0.0000531830  -0.0003551865   0.0000973017   0.0000270728   0.0001759259
        0.0002932371  -0.0004776156   0.0054171083   0.0008076933   0.0030662692
        0.2073586265   0.0437423902   0.1311270479  -0.0076455075   0.0000385731
       -0.0085837767   0.0002107304   0.0002526967  -0.0001760378  -0.0000741213
       -0.0001152083   0.0000166173   0.0002661916  -0.0003322990   0.0006381090
        0.0000782159   0.0000138412   0.0000343693
        0.0000000239   0.0000286510  -0.0000077528  -0.0003312977  -0.0001180909
       -0.0003175172  -0.0016011240   0.0002924807   0.0012127835  -0.0000009412
       -0.0000983463   0.0000776403  -0.0076179047  -0.0022295969  -0.0045148276
       -0.0362028251  -0.0541685735  -0.0311781071  -0.0006778849   0.0001341954
       -0.0003218958   0.0001053691   0.0000489625   0.0000124081   0.0000054986
       -0.0000084592  -0.0000163785  -0.0000033978   0.0000113346  -0.0000023964
        0.0000087286  -0.0000025999   0.0000089366  -0.0000016010  -0.0000105572
        0.0000216611  -0.0001443724   0.0000251915   0.0000099978   0.0005329861
        0.0001848914   0.0000063328  -0.0181344856  -0.0070502100  -0.0188968875
        0.0437423902   0.0597000673   0.0349022294   0.0203540268   0.0036130525
        0.0184474658   0.0002121609   0.0000048620  -0.0000552627  -0.0000697375
       -0.0002358798  -0.0001631221  -0.0002013330  -0.0001848443   0.0008290787
        0.0000257209   0.0000634692  -0.0000543865
       -0.0000509088   0.0000095903   0.0000361726   0.0003668354   0.0000022772
        0.0003906895   0.0018683719   0.0011263167  -0.0009042833   0.0000708659
       -0.0001318237   0.0001878976   0.0101176807   0.0033689839   0.0082240601
       -0.1135723782  -0.0312790674  -0.1378019271   0.0011606842   0.0001387857
        0.0005817646   0.0000199012  -0.0002285235   0.0002128187  -0.0000013252
       -0.0000243204  -0.0000017762  -0.0000078522   0.0000014131   0.0000514846
       -0.0000411239  -0.0000091441   0.0000305945  -0.0000224968   0.0000213809
       -0.0000095157   0.0001482170  -0.0000081133  -0.0000066493  -0.0000010524
        0.0001745917   0.0004485098  -0.0159787305  -0.0069328964  -0.0162226080
        0.1311270479   0.0349022294   0.1592096463  -0.0154709710  -0.0015342926
       -0.0140388984   0.0000619739  -0.0000433915  -0.0000220935  -0.0001552585
       -0.0001417053  -0.0001968156   0.0002162464   0.0004025335  -0.0002600254
        0.0001442731   0.0001851757   0.0000909539
       -0.0000493440   0.0000500332  -0.0000299984   0.0000928092  -0.0000208108
        0.0000398044   0.0004578769  -0.0009666021   0.0013328062  -0.0007634374
       -0.0005131354  -0.0005243518   0.0027107818  -0.0194514056   0.0128862617
       -0.0538957504   0.0427710788  -0.0284786847  -0.0032058677  -0.0017798668
        0.0024681805   0.0001184045   0.0004298959  -0.0000705496   0.0000350575
        0.0000452198   0.0000000549   0.0000273590  -0.0000288956  -0.0000316101
        0.0000231297   0.0000155365  -0.0000347849  -0.0000610066   0.0000350669
        0.0000849221   0.0000698526   0.0000037314  -0.0000008018   0.0007377196
       -0.0002439907  -0.0001723850  -0.0019779037   0.0085625366  -0.0044768409
       -0.0076455075   0.0203540268  -0.0154709710   0.0632889250  -0.0482697145
        0.0314923165   0.0003113458  -0.0010381392   0.0009504537  -0.0001149314
       -0.0000375881  -0.0000218249  -0.0001046906   0.0001073194   0.0000828704
       -0.0000548223  -0.0000242966  -0.0000248675
        0.0000027600   0.0000856879  -0.0001247055   0.0001927880   0.0001962563
       -0.0001676252   0.0005924238  -0.0003993073   0.0007809788  -0.0010154975
       -0.0000413095  -0.0007501685   0.0000145948  -0.0092952968   0.0069578561
        0.0425961962  -0.2024657009   0.1029319866  -0.0027232929  -0.0002588082
        0.0018384877  -0.0000040085   0.0002145457  -0.0002985320   0.0000528817
       -0.0000071703   0.0000321099   0.0000373266  -0.0000471443   0.0000066656
       -0.0000066646   0.0000289008  -0.0000296458  -0.0000491655   0.0000587976
        0.0000622673   0.0000158587  -0.0000280728  -0.0000403513   0.0003003915
        0.0006749982  -0.0003358602   0.0083076462  -0.0256479278   0.0120689649
        0.0000385731   0.0036130525  -0.0015342926  -0.0482697145   0.2334908200
       -0.1219194386   0.0001001823  -0.0005733826   0.0007265865  -0.0000047642
        0.0003964776  -0.0000302911  -0.0000934948   0.0000280537  -0.0002116336
       -0.0000850204  -0.0000234698   0.0000366411
        0.0001138542  -0.0001028912   0.0000818142  -0.0002041159  -0.0000554352
        0.0000182415  -0.0007017557  -0.0005262377   0.0003350838  -0.0003752764
       -0.0001544852   0.0004047792  -0.0012240742   0.0152372507  -0.0110471644
       -0.0283781920   0.1025301568  -0.1107197823   0.0037520305   0.0015003990
       -0.0021235229  -0.0000647967  -0.0000264317   0.0000608703  -0.0000544388
       -0.0000194412  -0.0000227981  -0.0000556555   0.0000619885  -0.0000332965
        0.0000278228  -0.0000085387  -0.0000063063   0.0001170590  -0.0000609457
       -0.0000770219  -0.0000478468  -0.0000089643  -0.0000127273  -0.0003523036
        0.0002160016  -0.0001065407   0.0044830871  -0.0158635901   0.0096681686
       -0.0085837767   0.0184474658  -0.0140388984   0.0314923165  -0.1219194386
        0.1282474971  -0.0000812053   0.0011320306  -0.0007626925   0.0000465313
       -0.0001931445  -0.0000545474   0.0001454529  -0.0001089437   0.0002112627
       -0.0000547165  -0.0000768053  -0.0000224186
       -0.0015608526   0.0005598559  -0.0004594878   0.0002855724   0.0000578861
       -0.0000914725   0.0004584554  -0.0001459791   0.0000483789  -0.0000908047
       -0.0000150528  -0.0000179765   0.0050392709   0.0007271218  -0.0025255602
        0.0005688349   0.0003565192  -0.0004542188  -0.1941128063  -0.0581576138
        0.1067847471   0.0002928579   0.0002791662  -0.0000448169  -0.0010535568
       -0.0004987753  -0.0006167568  -0.0012336072   0.0014253826   0.0004517233
       -0.0002800062  -0.0000104100   0.0000897945  -0.0000137206  -0.0000800548
        0.0000907890  -0.0000403626  -0.0000503140   0.0000710764   0.0001800786
       -0.0001289388  -0.0001572364   0.0000533464  -0.0000441106  -0.0002562636
        0.0002107304   0.0002121609   0.0000619739   0.0003113458   0.0001001823
       -0.0000812053   0.2263987706   0.0655478569  -0.1234283897  -0.0107273210
       -0.0015130108   0.0084508734  -0.0244655199  -0.0086171673   0.0122659918
       -0.0002207053  -0.0000047045  -0.0001819637
        0.0001581271   0.0005915234   0.0004848243   0.0000504534  -0.0001856264
        0.0000619845  -0.0002484242   0.0008096972  -0.0001931876  -0.0000765205
       -0.0001552909  -0.0001694239  -0.0178845307  -0.0088391853   0.0147491853
        0.0011163984  -0.0038426287   0.0033830559  -0.0572751797  -0.0642021895
        0.0387979029   0.0000313007  -0.0001565670   0.0000692221  -0.0002416203
        0.0002179043  -0.0001018049   0.0011546183  -0.0006233764  -0.0006017917
       -0.0001915211  -0.0001188286  -0.0002078290  -0.0000218175  -0.0001387828
        0.0000797780  -0.0000773831  -0.0000263925  -0.0001006713  -0.0005285590
        0.0002782882  -0.0000550350   0.0000962098  -0.0000985134  -0.0000008524
        0.0002526967   0.0000048620  -0.0000433915  -0.0010381392  -0.0005733826
        0.0011320306   0.0655478569   0.0739962480  -0.0475266819   0.0199003299
        0.0059067420  -0.0143051192  -0.0105718228  -0.0028862493   0.0046853174
       -0.0001524734   0.0000417484  -0.0001375128
        0.0005884900   0.0000830216   0.0003513416  -0.0002218961   0.0001717919
       -0.0002177261   0.0007227192   0.0005043407  -0.0000418767   0.0000866231
       -0.0000886102   0.0002325989   0.0137569499   0.0074796956  -0.0121013923
       -0.0011271913   0.0037899492  -0.0020880019   0.1057590003   0.0390957409
       -0.1171421937  -0.0006561291  -0.0005215440   0.0002867884  -0.0007115180
       -0.0004410058  -0.0000074846   0.0000888911   0.0000249532   0.0005855528
        0.0002461464  -0.0002055695   0.0000136927   0.0000570237  -0.0000575077
       -0.0000356257   0.0000914125   0.0000332819  -0.0000497355   0.0000560839
       -0.0004699276   0.0005314858  -0.0001881838   0.0000155439   0.0002301034
       -0.0001760378  -0.0000552627  -0.0000220935   0.0009504537   0.0007265865
       -0.0007626925  -0.1234283897  -0.0475266819   0.1336197090   0.0188159251
        0.0030212580  -0.0130204840  -0.0150031127  -0.0055601876   0.0096981299
        0.0002927397  -0.0000198664  -0.0000600958
       -0.0001972853   0.0001724858  -0.0000194795  -0.0000186169  -0.0000736216
       -0.0001256608   0.0003005119   0.0008056908   0.0005800385   0.0000643762
       -0.0002519336   0.0001998624  -0.0032850372   0.0088129671   0.0042078690
        0.0004753254  -0.0011264823   0.0000311457  -0.0657379930   0.0547779486
        0.0425764588  -0.0012326266  -0.0004443268  -0.0009257416  -0.0001324293
        0.0000502325   0.0001355075   0.0001045326  -0.0001439518  -0.0000799891
        0.0000156207  -0.0000736046  -0.0000873964   0.0001006122  -0.0001402320
       -0.0000104415  -0.0000105081  -0.0000295898  -0.0000364790  -0.0001411681
        0.0020651026  -0.0011494262   0.0002099582  -0.0000918492   0.0001756223
       -0.0000741213  -0.0000697375  -0.0001552585  -0.0001149314  -0.0000047642
        0.0000465313  -0.0107273210   0.0199003299   0.0188159251   0.0740280133
       -0.0654811278  -0.0490307647   0.0061216274  -0.0186495092  -0.0151793327
        0.0002514601  -0.0000040270   0.0000310091
       -0.0001301613   0.0001323041   0.0000299006  -0.0000047660  -0.0000150938
        0.0000772004  -0.0003839094  -0.0000212133  -0.0008612854  -0.0001077167
       -0.0001005739  -0.0002767198   0.0099336025  -0.0248699234  -0.0108242884
        0.0003323911   0.0009434902  -0.0007458784   0.0551188124  -0.1833852727
       -0.1062850316  -0.0001240935   0.0006203762   0.0002519319   0.0000925770
        0.0000907004   0.0000218841   0.0000239661  -0.0001481320   0.0000089359
       -0.0000806549  -0.0000033827  -0.0000253254  -0.0000896384   0.0000444939
       -0.0000073949  -0.0000355780   0.0000575625   0.0000344783   0.0017753770
       -0.0048915827   0.0032132842  -0.0002975830   0.0000031778   0.0007764853
       -0.0001152083  -0.0002358798  -0.0001417053  -0.0000375881   0.0003964776
       -0.0001931445  -0.0015130108   0.0059067420   0.0030212580  -0.0654811278
        0.2147847572   0.1220373401   0.0016612014  -0.0094849258  -0.0095782176
       -0.0005368915   0.0001758983  -0.0005337075
        0.0000979781  -0.0001524156  -0.0000363086   0.0000303153  -0.0001611697
       -0.0000145791   0.0001705013  -0.0004008695   0.0007455796   0.0001053984
       -0.0001040355   0.0000962928  -0.0045506778   0.0123980955   0.0097029158
       -0.0006736400   0.0006109839   0.0008612382   0.0431082939  -0.1069441304
       -0.1236251202  -0.0007981206   0.0004412368  -0.0013967160   0.0000709882
       -0.0000433226  -0.0000274984  -0.0000920431   0.0000988960   0.0000203640
        0.0000321163   0.0000606829   0.0000441394   0.0000598050   0.0000171448
       -0.0000398634   0.0000089457   0.0000037488   0.0000333718  -0.0010439089
        0.0035605529  -0.0011713926   0.0001166270   0.0001434130  -0.0001194566
        0.0000166173  -0.0001631221  -0.0001968156  -0.0000218249  -0.0000302911
       -0.0000545474   0.0084508734  -0.0143051192  -0.0130204840  -0.0490307647
        0.1220373401   0.1424727586   0.0042927512  -0.0171550191  -0.0141536047
       -0.0003502312   0.0000874002  -0.0001202737
       -0.0003613477   0.0000886008   0.0000183903  -0.0000266684  -0.0001128798
       -0.0000693637   0.0001750676   0.0018812416  -0.0011284829  -0.0004481736
        0.0000113405  -0.0005666097  -0.0089009210  -0.0006137413  -0.0084597085
        0.0008670209  -0.0007263859   0.0012398209  -0.1757368161  -0.0511300118
       -0.1065881742   0.0000876946   0.0003168388  -0.0000502466   0.0001779212
        0.0001945874   0.0000948514  -0.0002322301  -0.0001644403  -0.0001754173
       -0.0000324921   0.0000907690  -0.0000226502   0.0000023399   0.0000318964
       -0.0000042090  -0.0000645831   0.0000048643   0.0000528053  -0.0001832222
       -0.0000952383   0.0001007993  -0.0000985398   0.0000382274  -0.0000644102
        0.0002661916  -0.0002013330   0.0002162464  -0.0001046906  -0.0000934948
        0.0001454529  -0.0244655199  -0.0105718228  -0.0150031127   0.0061216274
        0.0016612014   0.0042927512   0.2028262798   0.0592980053   0.1257369248
        0.0001310617   0.0000917751   0.0002343424
       -0.0001501815   0.0000762105  -0.0000140572   0.0000916454   0.0000946866
        0.0001533806   0.0008254957  -0.0035906013   0.0029331777   0.0008347194
        0.0001497253   0.0009236476   0.0173215598   0.0042714704   0.0156875717
        0.0009015191   0.0004311561   0.0001624747  -0.0512315627  -0.0615504359
       -0.0424503172  -0.0004842536  -0.0002318860  -0.0008784398   0.0001021487
        0.0000485957   0.0000233709  -0.0000415602  -0.0000696536  -0.0000701990
       -0.0000445445   0.0000393168   0.0000010694  -0.0000442579   0.0000378122
        0.0000494287   0.0000886045  -0.0000069757  -0.0000280041   0.0003290634
        0.0006691076   0.0002044189  -0.0001298922  -0.0001662967  -0.0001519525
       -0.0003322990  -0.0001848443   0.0004025335   0.0001073194   0.0000280537
       -0.0001089437  -0.0086171673  -0.0028862493  -0.0055601876  -0.0186495092
       -0.0094849258  -0.0171550191   0.0592980053   0.0721985460   0.0460061740
       -0.0001748527   0.0001271876  -0.0001301275
        0.0002512635  -0.0000881958   0.0000659309  -0.0002131655  -0.0000822666
       -0.0001642107  -0.0008233379   0.0032931236  -0.0020301593  -0.0007019263
       -0.0000731135  -0.0008088554  -0.0153427604  -0.0024513264  -0.0140434319
       -0.0006710140  -0.0004929516   0.0003492740  -0.1062895123  -0.0419144041
       -0.1293416954   0.0001692171   0.0002984065   0.0001123711  -0.0000286836
       -0.0000423293  -0.0001127671  -0.0000604355   0.0001193105   0.0000558149
        0.0000488518  -0.0000246407   0.0000361746   0.0000252593   0.0000412640
       -0.0000091649  -0.0001013213   0.0000207346   0.0000461601   0.0002160182
       -0.0004171021   0.0006100823  -0.0000349289  -0.0001078423  -0.0002346073
        0.0006381090   0.0008290787  -0.0002600254   0.0000828704  -0.0002116336
        0.0002112627   0.0122659918   0.0046853174   0.0096981299  -0.0151793327
       -0.0095782176  -0.0141536047   0.1257369248   0.0460061740   0.1498978632
        0.0000119126   0.0001906143   0.0000754584
       -0.0002143170   0.0000208815  -0.0001134987   0.0019603663   0.0001024708
        0.0006519106   0.0003938087  -0.0035534481   0.0027111745   0.0004561898
       -0.0000540794  -0.0008194856   0.0003762068  -0.0007354506  -0.0005619018
        0.0001459809   0.0001663359   0.0001543475  -0.0001803913   0.0001778681
        0.0000461694  -0.2345588047  -0.0500006098  -0.2121444707   0.0000528791
       -0.0001008384   0.0001455698  -0.0000580586   0.0000474321   0.0001479356
        0.0000593679   0.0000016462   0.0000625399  -0.0001193310   0.0001710136
        0.0001292607   0.0001423138   0.0001527367  -0.0003680291  -0.0001499869
        0.0001407254   0.0000921715  -0.0000414755  -0.0000429768  -0.0002314273
        0.0000782159   0.0000257209   0.0001442731  -0.0000548223  -0.0000850204
       -0.0000547165  -0.0002207053  -0.0001524734   0.0002927397   0.0002514601
       -0.0005368915  -0.0003502312   0.0001310617  -0.0001748527   0.0000119126
        0.2315500415   0.0544298098   0.2100537559
        0.0000522431  -0.0000892407   0.0001697245  -0.0004359917   0.0003355694
        0.0000698834  -0.0255537759  -0.0129307463  -0.0234995840  -0.0009966989
        0.0002472738  -0.0014478870   0.0005133116  -0.0053065372  -0.0017981922
       -0.0000444470  -0.0001036231  -0.0000105289   0.0006443647  -0.0003356055
        0.0005739940  -0.0282506128  -0.0445938499  -0.0361610181   0.0000154310
        0.0001801527   0.0001808570   0.0000296532   0.0000062326   0.0000718089
       -0.0000697287   0.0000438004   0.0000159826  -0.0001484862   0.0002417960
        0.0000347570   0.0008666305  -0.0002545647  -0.0002046726  -0.0010493829
       -0.0004953055  -0.0009309827  -0.0000749080   0.0000858069  -0.0000079562
        0.0000138412   0.0000634692   0.0001851757  -0.0000242966  -0.0000234698
       -0.0000768053  -0.0000047045   0.0000417484  -0.0000198664  -0.0000040270
        0.0001758983   0.0000874002   0.0000917751   0.0001271876   0.0001906143
        0.0544298098   0.0625840075   0.0625772960
       -0.0002203060   0.0001265526  -0.0000846389  -0.0007458991   0.0002590351
        0.0001990185  -0.0039804504  -0.0051876316  -0.0076537658   0.0005541113
        0.0004309115   0.0018152204  -0.0004287936  -0.0019439144  -0.0001889191
       -0.0001147253   0.0000016196  -0.0001964560   0.0000424758   0.0001565739
        0.0001608576  -0.2058246089  -0.0555474814  -0.1929628273   0.0001912312
        0.0000782157  -0.0008582209   0.0000780685   0.0001572861   0.0002013239
       -0.0000639383   0.0000415069   0.0000438783   0.0000289732   0.0003572378
        0.0002204038   0.0004491383  -0.0004801456   0.0002527004  -0.0003907105
       -0.0001164925  -0.0000770595   0.0002787883  -0.0000914766  -0.0001704793
        0.0000343693  -0.0000543865   0.0000909539  -0.0000248675   0.0000366411
       -0.0000224186  -0.0001819637  -0.0001375128  -0.0000600958   0.0000310091
       -0.0005337075  -0.0001202737   0.0002343424  -0.0001301275   0.0000754584
        0.2100537559   0.0625772960   0.1993353396
