           1           2   1.02059822823023     
           2           3  0.985557948741809     
           3           4  0.961136875061464     
           3           5  0.976157908656314     
           5           6   1.00932470359752     
           5           7   1.01074796207439     
           3           8  0.986669122140621     
           1           9  0.985391167200078     
           1          10  0.985529307025651     
           1          11  0.986229620343682     
           2          12  0.976828490155112     
           2          13  0.976016540658402     
           5          14  0.968749576571253     
           6          15  0.987042226567099     
           6          16  0.985626170288412     
           6          17  0.986429991821944     
           7          18  0.982552246652961     
           7          19  0.985124431049606     
           7          20  0.985971018674669     
           8          21  0.866341619295020     
