           1           2   1.00252785569252     
           2           3  0.962768031379343     
           2           4  0.987645865277136     
           4           5  0.995991586490265     
           5           6   1.00999646659266     
           5           7   1.00770459606508     
           2           8  0.977286691477080     
           1           9  0.982832228791048     
           1          10  0.984800856663200     
           1          11  0.985111136534485     
           4          12  0.974865133080752     
           4          13  0.973518116566982     
           5          14  0.967076636482449     
           6          15  0.985561694741443     
           6          16  0.986499782222099     
           6          17  0.984742842460187     
           7          18  0.986075720454470     
           7          19  0.986741572503219     
           7          20  0.986465138960815     
           8          21  0.865595798701072     
