$hessian                                                                        
        0.4771869555   0.0088798758  -0.0515268643  -0.0852412098  -0.0257564970
       -0.0453788058  -0.0229680380  -0.0120424158  -0.0224167950  -0.0004152445
       -0.0005882175  -0.0003134280   0.0006477873  -0.0000430812  -0.0003695667
       -0.1758041176  -0.0995528948   0.0689963776  -0.1247093671   0.0724005637
        0.0802578696  -0.0670573185   0.0593632716  -0.0299939623   0.0021360820
        0.0013973886   0.0011367291  -0.0028412072  -0.0034892143   0.0000357763
        0.0000549678   0.0000600499  -0.0001130775  -0.0005344644  -0.0005968585
       -0.0003056628  -0.0004548257  -0.0000319704  -0.0000085903
        0.0088798758   0.4957238231  -0.0289161328  -0.0214715766  -0.0645642114
       -0.0131291909  -0.0138774751  -0.0154706973  -0.0207796287  -0.0001644182
        0.0006333817   0.0009250901  -0.0001280657   0.0000156563   0.0001960965
       -0.0989688811  -0.1177687442   0.0519399694   0.0729755700  -0.1068920174
       -0.0662858923   0.0599003363  -0.1898530282   0.0802812798  -0.0023097613
        0.0012069361  -0.0029816755  -0.0048809280  -0.0032477411  -0.0004731207
        0.0000878100   0.0000403174  -0.0003524633  -0.0001227004   0.0002832383
       -0.0002858370   0.0000802143  -0.0001069132  -0.0001384947
       -0.0515268643  -0.0289161328   0.4387023125  -0.0595640362  -0.0272221910
       -0.1834566326  -0.0078698307  -0.0081506885   0.0050819799  -0.0006314180
        0.0007963292   0.0009058807   0.0007158880  -0.0004760958   0.0006441624
        0.0641576133   0.0475150078  -0.0708584216   0.0806416820  -0.0656547074
       -0.1113397039  -0.0289299599   0.0800078412  -0.0832199168   0.0022583234
        0.0013589664   0.0025072606   0.0001483310   0.0005644634   0.0012409492
        0.0005956826   0.0002981086   0.0001507509   0.0002032557   0.0002631996
        0.0003381667  -0.0001986670  -0.0003841008  -0.0006967880
       -0.0852412098  -0.0214715766  -0.0595640362   0.2662724548   0.1593943817
        0.0589492254  -0.1149602592  -0.0734409611   0.0282852686  -0.0324307170
       -0.0241467524   0.0115161004   0.0032473503  -0.0006685208  -0.0016826798
       -0.0186575620  -0.0119679340  -0.0225624049   0.0120517690  -0.0014949370
        0.0037649375  -0.0122139302  -0.0007829957  -0.0226116687   0.0036044766
       -0.0100033478   0.0042136785  -0.0159508548  -0.0158287665  -0.0042715366
       -0.0073572536   0.0008326201   0.0050339439   0.0010616941  -0.0004826408
       -0.0012847852   0.0005740417   0.0000614309   0.0002139571
       -0.0257564970  -0.0645642114  -0.0272221910   0.1593943817   0.2390941560
       -0.0030900161  -0.0729913450  -0.1234406895   0.0380381597  -0.0061678079
        0.0002279227   0.0045853099  -0.0002411066   0.0042411590  -0.0016145216
       -0.0157010370  -0.0091145795  -0.0175040678  -0.0098313643  -0.0058920246
       -0.0219959320   0.0083339792   0.0082054353   0.0181021959  -0.0247648758
       -0.0379439874   0.0133145366  -0.0120553716  -0.0110265227  -0.0030657195
        0.0002459396   0.0006736227   0.0004894176   0.0000670241  -0.0002282371
        0.0002056038  -0.0005319194  -0.0002320433  -0.0002427754
       -0.0453788058  -0.0131291909  -0.1834566326   0.0589492254  -0.0030900161
        0.3420126416   0.0148685746   0.0221746619  -0.0874761017   0.0180989969
        0.0146155581  -0.0009376653  -0.0022341363   0.0004140520   0.0005893689
       -0.0009987506  -0.0005276889   0.0056432980  -0.0128418520  -0.0167899244
       -0.0379599580  -0.0219154726   0.0020091017  -0.0330241565   0.0105765094
        0.0172548390  -0.0040837831  -0.0223907545  -0.0226370272   0.0009157843
        0.0042699454  -0.0009059902  -0.0026587209  -0.0010341712   0.0005096501
        0.0002543942   0.0000306913   0.0001019749   0.0001815310
       -0.0229680380  -0.0138774751  -0.0078698307  -0.1149602592  -0.0729913450
        0.0148685746   0.4197626369  -0.0178424363   0.0451114448  -0.1135065942
        0.0265184447   0.0408103439  -0.0174286398   0.0169707419   0.0045528415
       -0.0023602135  -0.0021416650  -0.0036659654   0.0008812147   0.0012649996
        0.0008874189   0.0007382441  -0.0016183858   0.0010737619  -0.0789485224
        0.0725487612  -0.0434686620  -0.0576200109  -0.0103932241  -0.0641362970
       -0.0191624066   0.0014458405   0.0134824583   0.0050907951   0.0000254384
       -0.0015282427   0.0004817937   0.0000903051  -0.0001178460
       -0.0120424158  -0.0154706973  -0.0081506885  -0.0734409611  -0.1234406895
        0.0221746619  -0.0178424363   0.4403064188  -0.0072204553   0.0226841269
       -0.0668152252  -0.0223159402   0.0318284216  -0.0251890678  -0.0084197807
       -0.0004196403   0.0000229178  -0.0015452613  -0.0009025468   0.0006178472
        0.0003010214   0.0029518743   0.0038699551   0.0006708615   0.0695350692
       -0.1621856845   0.0705923861  -0.0119473047  -0.0537653433  -0.0490667551
       -0.0160957073   0.0033995857   0.0094409508   0.0061093098  -0.0020746901
       -0.0068974185  -0.0004177897   0.0007246732   0.0004364178
       -0.0224167950  -0.0207796287   0.0050819799   0.0282852686   0.0380381597
       -0.0874761017   0.0451114448  -0.0072204553   0.5236672370   0.0439821711
       -0.0262840847  -0.1024518382  -0.0085083994   0.0081851276   0.0067954400
       -0.0032932501  -0.0024624119  -0.0035937447  -0.0003079076  -0.0007246423
        0.0006895164  -0.0012645959  -0.0021819189   0.0011166317  -0.0420868267
        0.0697238718  -0.0860763778  -0.0601747385  -0.0464015902  -0.2390363164
        0.0009281036  -0.0005002276  -0.0008864777   0.0214053982  -0.0097842321
       -0.0198017117  -0.0016598729   0.0003920326   0.0019717632
       -0.0004152445  -0.0001644182  -0.0006314180  -0.0324307170  -0.0061678079
        0.0180989969  -0.1135065942   0.0226841269   0.0439821711   0.4393487994
        0.0388343612   0.0292611711  -0.0713692435   0.0587858783  -0.0302929768
        0.0001317783   0.0001913560   0.0000475411  -0.0009341826  -0.0004563933
       -0.0001790204  -0.0002458828  -0.0000360163   0.0000881312  -0.0101042097
        0.0084473466   0.0059793810   0.0038324603  -0.0016294049  -0.0008825056
       -0.1467447516  -0.1074804449  -0.0019004081  -0.0596640554  -0.0195480775
       -0.0587301792  -0.0078981566   0.0065394940  -0.0048408842
       -0.0005882175   0.0006333817   0.0007963292  -0.0241467524   0.0002279227
        0.0146155581   0.0265184447  -0.0668152252  -0.0262840847   0.0388343612
        0.4528996948   0.0260808241   0.0567756927  -0.1850388562   0.0469279157
       -0.0003144761   0.0000963688  -0.0000065862  -0.0002781932   0.0002625935
       -0.0002038659  -0.0000102676  -0.0004452715  -0.0002020011   0.0177644348
       -0.0103846310  -0.0096286022   0.0064518415  -0.0020729642  -0.0059523285
       -0.1049259626  -0.1375867851  -0.0034555956  -0.0168817674  -0.0529344693
       -0.0491996762   0.0008008620   0.0011582410   0.0065121133
       -0.0003134280   0.0009250901   0.0009058807   0.0115161004   0.0045853099
       -0.0009376653   0.0408103439  -0.0223159402  -0.1024518382   0.0292611711
        0.0260808241   0.5058217058  -0.0182161609   0.0215247131  -0.0865445939
       -0.0001677568  -0.0001520792  -0.0002266987  -0.0001052881  -0.0003419839
        0.0008159386  -0.0002076669   0.0002997572  -0.0000470557  -0.0093482083
        0.0054936279   0.0048062927   0.0212057815  -0.0120555733  -0.0209128805
       -0.0015151015  -0.0023652200  -0.0443822000  -0.0580888236  -0.0535065170
       -0.2420279036  -0.0148309627   0.0318279912  -0.0148189820
        0.0006477873  -0.0001280657   0.0007158880   0.0032473503  -0.0002411066
       -0.0022341363  -0.0174286398   0.0318284216  -0.0085083994  -0.0713692435
        0.0567756927  -0.0182161609   0.1069780475  -0.0935717914   0.1150931928
        0.0000901058  -0.0000458867   0.0001581657  -0.0000297739  -0.0000069405
        0.0000579461   0.0000894094   0.0003921349  -0.0000738832  -0.0060960447
        0.0044298102   0.0034041074   0.0010031652  -0.0009024815  -0.0008128414
        0.0115866403  -0.0062388322   0.0049972769  -0.0057972454   0.0119653218
       -0.0090403415  -0.0229215585  -0.0042562765  -0.0855408142
       -0.0000430812   0.0000156563  -0.0004760958  -0.0006685208   0.0042411590
        0.0004140520   0.0169707419  -0.0251890678   0.0081851276   0.0587858783
       -0.1850388562   0.0215247131  -0.0935717914   0.3003846588  -0.0015212645
        0.0000727812  -0.0000230337  -0.0001874170   0.0001250968  -0.0001918466
        0.0005080677  -0.0002484049  -0.0000499380   0.0000107133   0.0048010585
       -0.0028233064  -0.0032294532  -0.0016784674   0.0004794770   0.0008749604
        0.0090367774  -0.0460172817   0.0163916459   0.0039222804  -0.0005286410
        0.0065779278   0.0024956511  -0.0452589797  -0.0490729773
       -0.0003695667   0.0001960965   0.0006441624  -0.0016826798  -0.0016145216
        0.0005893689   0.0045528415  -0.0084197807   0.0067954400  -0.0302929768
        0.0469279157  -0.0865445939   0.1150931928  -0.0015212645   0.4984987673
        0.0000349440  -0.0001024026  -0.0000413152  -0.0001144218   0.0001053691
       -0.0003391329   0.0002003557  -0.0002462946  -0.0001718213   0.0027240921
       -0.0013838662  -0.0003396258   0.0005603589  -0.0003517362   0.0010872120
        0.0003347717   0.0108040949   0.0002985877  -0.0161819010   0.0308415034
       -0.0194346676  -0.0748590108  -0.0752351131  -0.4010423817
       -0.1758041176  -0.0989688811   0.0641576133  -0.0186575620  -0.0157010370
       -0.0009987506  -0.0023602135  -0.0004196403  -0.0032932501   0.0001317783
       -0.0003144761  -0.0001677568   0.0000901058   0.0000727812   0.0000349440
        0.2080607035   0.1212353834  -0.0687724303  -0.0182756620  -0.0105715616
        0.0116159309   0.0070589904   0.0047662264  -0.0021835600   0.0001306809
        0.0004752707  -0.0001998192  -0.0006015849  -0.0006349639   0.0000433736
        0.0000555220   0.0000499271  -0.0000384103   0.0001763693   0.0000900696
       -0.0001381835  -0.0000050103  -0.0000790984  -0.0000597010
       -0.0995528948  -0.1177687442   0.0475150078  -0.0119679340  -0.0091145795
       -0.0005276889  -0.0021416650   0.0000229178  -0.0024624119   0.0001913560
        0.0000963688  -0.0001520792  -0.0000458867  -0.0000230337  -0.0001024026
        0.1212353834   0.1358795338  -0.0508689992   0.0120300657   0.0084276709
       -0.0056088558  -0.0194366716  -0.0175948538   0.0123335031   0.0001276422
        0.0004708250  -0.0001515489  -0.0005723859  -0.0003014487  -0.0000937315
        0.0000543242   0.0000117524   0.0000778760   0.0000560984  -0.0001318451
       -0.0000279404   0.0000225680   0.0000254362   0.0000692716
        0.0689963776   0.0519399694  -0.0708584216  -0.0225624049  -0.0175040678
        0.0056432980  -0.0036659654  -0.0015452613  -0.0035937447   0.0000475411
       -0.0000065862  -0.0002266987   0.0001581657  -0.0001874170  -0.0000413152
       -0.0687724303  -0.0508689992   0.0819025493   0.0158540171   0.0096858688
       -0.0076149098   0.0108320416   0.0093995276  -0.0054904627   0.0001296623
       -0.0000136446  -0.0001418383  -0.0009064102  -0.0010108075   0.0000054348
       -0.0000343300   0.0000450862   0.0001934193  -0.0000600417   0.0000133419
        0.0001489282  -0.0000162227   0.0000529896   0.0000737613
       -0.1247093671   0.0729755700   0.0806416820   0.0120517690  -0.0098313643
       -0.0128418520   0.0008812147  -0.0009025468  -0.0003079076  -0.0009341826
       -0.0002781932  -0.0001052881  -0.0000297739   0.0001250968  -0.0001144218
       -0.0182756620   0.0120300657   0.0158540171   0.1406503443  -0.0815713293
       -0.0898133375  -0.0082443589   0.0083326202   0.0064978778  -0.0004179306
        0.0000209408  -0.0000813785  -0.0002929902  -0.0000407208   0.0000503903
        0.0003955218   0.0000749606  -0.0000345375  -0.0010665625  -0.0010033489
        0.0002443890  -0.0000080219   0.0000682490   0.0000103669
        0.0724005637  -0.1068920174  -0.0656547074  -0.0014949370  -0.0058920246
       -0.0167899244   0.0012649996   0.0006178472  -0.0007246423  -0.0004563933
        0.0002625935  -0.0003419839  -0.0000069405  -0.0001918466   0.0001053691
       -0.0105715616   0.0084276709   0.0096858688  -0.0815713293   0.1229655156
        0.0861631752   0.0209153058  -0.0190340584  -0.0136299900   0.0004180143
       -0.0001840828   0.0000583201   0.0000002498   0.0000869716   0.0002417787
        0.0002556420   0.0000076932   0.0002334959  -0.0012583189  -0.0002369894
        0.0005401404   0.0001047056   0.0000627273   0.0001130996
        0.0802578696  -0.0662858923  -0.1113397039   0.0037649375  -0.0219959320
       -0.0379599580   0.0008874189   0.0003010214   0.0006895164  -0.0001790204
       -0.0002038659   0.0008159386   0.0000579461   0.0005080677  -0.0003391329
        0.0116159309  -0.0056088558  -0.0076149098  -0.0898133375   0.0861631752
        0.1472560086  -0.0065196980   0.0069547730   0.0077876106  -0.0001791304
       -0.0000604240  -0.0002069123   0.0000817454   0.0000961165   0.0002140467
        0.0000098638   0.0000238745   0.0000116639   0.0000268096   0.0001328883
        0.0005738576  -0.0000113356  -0.0000249467   0.0001119744
       -0.0670573185   0.0599003363  -0.0289299599  -0.0122139302   0.0083339792
       -0.0219154726   0.0007382441   0.0029518743  -0.0012645959  -0.0002458828
       -0.0000102676  -0.0002076669   0.0000894094  -0.0002484049   0.0002003557
        0.0070589904  -0.0194366716   0.0108320416  -0.0082443589   0.0209153058
       -0.0065196980   0.0795412862  -0.0718872898   0.0467183767   0.0002221005
       -0.0007767757   0.0005126215   0.0002954830   0.0000775389   0.0003425768
        0.0000416000  -0.0000174626   0.0000555859  -0.0003046783   0.0002271446
        0.0001457670   0.0000790548  -0.0000293067   0.0000300681
        0.0593632716  -0.1898530282   0.0800078412  -0.0007829957   0.0082054353
        0.0020091017  -0.0016183858   0.0038699551  -0.0021819189  -0.0000360163
       -0.0004452715   0.0002997572   0.0003921349  -0.0000499380  -0.0002462946
        0.0047662264  -0.0175948538   0.0093995276   0.0083326202  -0.0190340584
        0.0069547730  -0.0718872898   0.2147060515  -0.0967029321   0.0015424352
        0.0003241294   0.0007063770  -0.0001132704  -0.0000476079  -0.0001250272
       -0.0000199023   0.0000505601  -0.0000503968   0.0002617858  -0.0001338031
       -0.0000606567  -0.0002006138   0.0000024294  -0.0000101514
       -0.0299939623   0.0802812798  -0.0832199168  -0.0226116687   0.0181021959
       -0.0330241565   0.0010737619   0.0006708615   0.0011166317   0.0000881312
       -0.0002020011  -0.0000470557  -0.0000738832   0.0000107133  -0.0001718213
       -0.0021835600   0.0123335031  -0.0054904627   0.0064978778  -0.0136299900
        0.0077876106   0.0467183767  -0.0967029321   0.1119235582  -0.0001613285
       -0.0010975581   0.0005702089   0.0005078103   0.0002455058   0.0003115361
        0.0000164434  -0.0000177598   0.0000079790   0.0000166195  -0.0000245444
        0.0000889120   0.0001053820   0.0000307260   0.0001469763
        0.0021360820  -0.0023097613   0.0022583234   0.0036044766  -0.0247648758
        0.0105765094  -0.0789485224   0.0695350692  -0.0420868267  -0.0101042097
        0.0177644348  -0.0093482083  -0.0060960447   0.0048010585   0.0027240921
        0.0001306809   0.0001276422   0.0001296623  -0.0004179306   0.0004180143
       -0.0001791304   0.0002221005   0.0015424352  -0.0001613285   0.0929357095
       -0.0748856058   0.0425983265  -0.0039046710   0.0078762344  -0.0062464360
       -0.0004559708  -0.0000172142  -0.0001931574   0.0006124736   0.0000426498
       -0.0005253749   0.0002858259  -0.0001300815   0.0004535484
        0.0013973886   0.0012069361   0.0013589664  -0.0100033478  -0.0379439874
        0.0172548390   0.0725487612  -0.1621856845   0.0697238718   0.0084473466
       -0.0103846310   0.0054936279   0.0044298102  -0.0028233064  -0.0013838662
        0.0004752707   0.0004708250  -0.0000136446   0.0000209408  -0.0001840828
       -0.0000604240  -0.0007767757   0.0003241294  -0.0010975581  -0.0748856058
        0.2068266258  -0.0901117016  -0.0012391691   0.0043963446  -0.0010903783
        0.0001003025   0.0003670309  -0.0000224548  -0.0003321264  -0.0002106658
        0.0002605566  -0.0001827957   0.0001404662  -0.0003118342
        0.0011367291  -0.0029816755   0.0025072606   0.0042136785   0.0133145366
       -0.0040837831  -0.0434686620   0.0705923861  -0.0860763778   0.0059793810
       -0.0096286022   0.0048062927   0.0034041074  -0.0032294532  -0.0003396258
       -0.0001998192  -0.0001515489  -0.0001418383  -0.0000813785   0.0000583201
       -0.0002069123   0.0005126215   0.0007063770   0.0005702089   0.0425983265
       -0.0901117016   0.0989026292  -0.0145495494   0.0219573719  -0.0165800964
       -0.0002024085  -0.0000952343   0.0000314891   0.0004180486  -0.0004915242
        0.0004664332   0.0002389251   0.0000607483   0.0001443200
       -0.0028412072  -0.0048809280   0.0001483310  -0.0159508548  -0.0120553716
       -0.0223907545  -0.0576200109  -0.0119473047  -0.0601747385   0.0038324603
        0.0064518415   0.0212057815   0.0010031652  -0.0016784674   0.0005603589
       -0.0006015849  -0.0005723859  -0.0009064102  -0.0002929902   0.0000002498
        0.0000817454   0.0002954830  -0.0001132704   0.0005078103  -0.0039046710
       -0.0012391691  -0.0145495494   0.0784005674   0.0234683012   0.0726595548
        0.0006820771   0.0003341052   0.0005063204  -0.0031589814   0.0019500473
        0.0029994201   0.0001565474   0.0002823520  -0.0006478698
       -0.0034892143  -0.0032477411   0.0005644634  -0.0158287665  -0.0110265227
       -0.0226370272  -0.0103932241  -0.0537653433  -0.0464015902  -0.0016294049
       -0.0020729642  -0.0120555733  -0.0009024815   0.0004794770  -0.0003517362
       -0.0006349639  -0.0003014487  -0.0010108075  -0.0000407208   0.0000869716
        0.0000961165   0.0000775389  -0.0000476079   0.0002455058   0.0078762344
        0.0043963446   0.0219573719   0.0234683012   0.0656816713   0.0601413578
       -0.0006416449   0.0001104402   0.0006460097   0.0016604130  -0.0001538112
       -0.0014837500   0.0004779334  -0.0001394655   0.0002896594
        0.0000357763  -0.0004731207   0.0012409492  -0.0042715366  -0.0030657195
        0.0009157843  -0.0641362970  -0.0490667551  -0.2390363164  -0.0008825056
       -0.0059523285  -0.0209128805  -0.0008128414   0.0008749604   0.0010872120
        0.0000433736  -0.0000937315   0.0000054348   0.0000503903   0.0002417787
        0.0002140467   0.0003425768  -0.0001250272   0.0003115361  -0.0062464360
       -0.0010903783  -0.0165800964   0.0726595548   0.0601413578   0.2739912573
       -0.0004679216   0.0001670540   0.0001943362   0.0035053727  -0.0011528140
       -0.0018244572   0.0001804938  -0.0004052761   0.0003931939
        0.0000549678   0.0000878100   0.0005956826  -0.0073572536   0.0002459396
        0.0042699454  -0.0191624066  -0.0160957073   0.0009281036  -0.1467447516
       -0.1049259626  -0.0015151015   0.0115866403   0.0090367774   0.0003347717
        0.0000555220   0.0000543242  -0.0000343300   0.0003955218   0.0002556420
        0.0000098638   0.0000416000  -0.0000199023   0.0000164434  -0.0004559708
        0.0001003025  -0.0002024085   0.0006820771  -0.0006416449  -0.0004679216
        0.1679814893   0.1202652107  -0.0007979557  -0.0082484277  -0.0091613086
       -0.0025895558   0.0011709920   0.0007985194  -0.0005475374
        0.0000600499   0.0000403174   0.0002981086   0.0008326201   0.0006736227
       -0.0009059902   0.0014458405   0.0033995857  -0.0005002276  -0.1074804449
       -0.1375867851  -0.0023652200  -0.0062388322  -0.0460172817   0.0108040949
        0.0000499271   0.0000117524   0.0000450862   0.0000749606   0.0000076932
        0.0000238745  -0.0000174626   0.0000505601  -0.0000177598  -0.0000172142
        0.0003670309  -0.0000952343   0.0003341052   0.0001104402   0.0001670540
        0.1202652107   0.1848535333  -0.0039192149  -0.0091516980  -0.0068146125
       -0.0032283320  -0.0001570621   0.0009041436  -0.0003062394
       -0.0001130775  -0.0003524633   0.0001507509   0.0050339439   0.0004894176
       -0.0026587209   0.0134824583   0.0094409508  -0.0008864777  -0.0019004081
       -0.0034555956  -0.0443822000   0.0049972769   0.0163916459   0.0002985877
       -0.0000384103   0.0000778760   0.0001934193  -0.0000345375   0.0002334959
        0.0000116639   0.0000555859  -0.0000503968   0.0000079790  -0.0001931574
       -0.0000224548   0.0000314891   0.0005063204   0.0006460097   0.0001943362
       -0.0007979557  -0.0039192149   0.0499832045  -0.0220622364  -0.0209985782
       -0.0031319604   0.0010641974   0.0015193076   0.0001879283
       -0.0005344644  -0.0001227004   0.0002032557   0.0010616941   0.0000670241
       -0.0010341712   0.0050907951   0.0061093098   0.0214053982  -0.0596640554
       -0.0168817674  -0.0580888236  -0.0057972454   0.0039222804  -0.0161819010
        0.0001763693   0.0000560984  -0.0000600417  -0.0010665625  -0.0012583189
        0.0000268096  -0.0003046783   0.0002617858   0.0000166195   0.0006124736
       -0.0003321264   0.0004180486  -0.0031589814   0.0016604130   0.0035053727
       -0.0082484277  -0.0091516980  -0.0220622364   0.0721786154   0.0135081998
        0.0727995137  -0.0003455324   0.0021614998  -0.0009478439
       -0.0005968585   0.0002832383   0.0002631996  -0.0004826408  -0.0002282371
        0.0005096501   0.0000254384  -0.0020746901  -0.0097842321  -0.0195480775
       -0.0529344693  -0.0535065170   0.0119653218  -0.0005286410   0.0308415034
        0.0000900696  -0.0001318451   0.0000133419  -0.0010033489  -0.0002369894
        0.0001328883   0.0002271446  -0.0001338031  -0.0000245444   0.0000426498
       -0.0002106658  -0.0004915242   0.0019500473  -0.0001538112  -0.0011528140
       -0.0091613086  -0.0068146125  -0.0209985782   0.0135081998   0.0666045594
        0.0511003506   0.0029833630  -0.0034400330   0.0030972760
       -0.0003056628  -0.0002858370   0.0003381667  -0.0012847852   0.0002056038
        0.0002543942  -0.0015282427  -0.0068974185  -0.0198017117  -0.0587301792
       -0.0491996762  -0.2420279036  -0.0090403415   0.0065779278  -0.0194346676
       -0.0001381835  -0.0000279404   0.0001489282   0.0002443890   0.0005401404
        0.0005738576   0.0001457670  -0.0000606567   0.0000889120  -0.0005253749
        0.0002605566   0.0004664332   0.0029994201  -0.0014837500  -0.0018244572
       -0.0025895558  -0.0032283320  -0.0031319604   0.0727995137   0.0511003506
        0.2845499941  -0.0020467642   0.0024990316  -0.0001999857
       -0.0004548257   0.0000802143  -0.0001986670   0.0005740417  -0.0005319194
        0.0000306913   0.0004817937  -0.0004177897  -0.0016598729  -0.0078981566
        0.0008008620  -0.0148309627  -0.0229215585   0.0024956511  -0.0748590108
       -0.0000050103   0.0000225680  -0.0000162227  -0.0000080219   0.0001047056
       -0.0000113356   0.0000790548  -0.0002006138   0.0001053820   0.0002858259
       -0.0001827957   0.0002389251   0.0001565474   0.0004779334   0.0001804938
        0.0011709920  -0.0001570621   0.0010641974  -0.0003455324   0.0029833630
       -0.0020467642   0.0288848499  -0.0054751166   0.0920031463
       -0.0000319704  -0.0001069132  -0.0003841008   0.0000614309  -0.0002320433
        0.0001019749   0.0000903051   0.0007246732   0.0003920326   0.0065394940
        0.0011582410   0.0318279912  -0.0042562765  -0.0452589797  -0.0752351131
       -0.0000790984   0.0000254362   0.0000529896   0.0000682490   0.0000627273
       -0.0000249467  -0.0000293067   0.0000024294   0.0000307260  -0.0001300815
        0.0001404662   0.0000607483   0.0002823520  -0.0001394655  -0.0004052761
        0.0007985194   0.0009041436   0.0015193076   0.0021614998  -0.0034400330
        0.0024990316  -0.0054751166   0.0461593178   0.0395646349
       -0.0000085903  -0.0001384947  -0.0006967880   0.0002139571  -0.0002427754
        0.0001815310  -0.0001178460   0.0004364178   0.0019717632  -0.0048408842
        0.0065121133  -0.0148189820  -0.0855408142  -0.0490729773  -0.4010423817
       -0.0000597010   0.0000692716   0.0000737613   0.0000103669   0.0001130996
        0.0001119744   0.0000300681  -0.0000101514   0.0001469763   0.0004535484
       -0.0003118342   0.0001443200  -0.0006478698   0.0002896594   0.0003931939
       -0.0005475374  -0.0003062394   0.0001879283  -0.0009478439   0.0030972760
       -0.0001999857   0.0920031463   0.0395646349   0.4135466889
