           1           2   1.01998352616575     
           2           3   1.00769242279996     
           3           4  0.978062172937888     
           4           5  0.989510431729065     
           4           6  0.991576953345505     
           4           7  0.971873559349909     
           1           8  0.986980706665655     
           1           9  0.987084800566495     
           1          10  0.983692770264458     
           2          11  0.978137366848400     
           2          12  0.976045042536495     
           3          13  0.976220266554392     
           3          14  0.976091304082850     
           5          15  0.984117605317947     
           5          16  0.985319364627129     
           5          17  0.985543738034643     
           6          18  0.984925101656140     
           6          19  0.979666228982075     
           6          20  0.984153752121740     
           7          21  0.867928507264321     
