           1           2   1.02022858690436     
           2           3  0.981384567411422     
           3           4  0.965161843414853     
           3           5  0.972627423917199     
           5           6   1.01032738837263     
           5           7   1.00939399756382     
           3           8  0.984962571573043     
           1           9  0.983421533056667     
           1          10  0.985910204358399     
           1          11  0.985526505333092     
           2          12  0.972411677231096     
           2          13  0.980185871526989     
           5          14  0.967387046818424     
           6          15  0.983484076424474     
           6          16  0.984941082202469     
           6          17  0.982777352154597     
           7          18  0.985324777349526     
           7          19  0.986238635455668     
           7          20  0.983098456306297     
           8          21  0.868150357952509     
