           1           2   1.01988290381507     
           2           3  0.974645059906769     
           3           4  0.995713065471178     
           3           5  0.988627216093780     
           3           6  0.976020638513683     
           1           7  0.987262981135368     
           1           8  0.987056051458772     
           1           9  0.985188029839478     
           2          10  0.977564035076975     
           2          11  0.976216757662526     
           4          12  0.984640048327633     
           4          13  0.986581617305671     
           4          14  0.982491877114304     
           5          15  0.985143318304579     
           5          16  0.985174203229422     
           5          17  0.986129604896958     
           6          18  0.902132517300866     
