           1           2   1.01960938078570     
           2           3  0.985724295447004     
           3           4  0.955198527104000     
           3           5   1.00021155342270     
           3           6  0.917549837021999     
           6           7  0.958557708212677     
           6           8  0.156494989253825     
           7           8   1.47165365803504     
           6           9  0.148913433537767     
           7           9   1.49321040785275     
           8           9  0.315030198925880     
           1          10  0.985933002624095     
           1          11  0.987095118530018     
           1          12  0.986286884066624     
           2          13  0.972824276922118     
           2          14  0.974300831240496     
           5          15  0.983189090241600     
           5          16  0.984637012746817     
           5          17  0.982309964918830     
