           1           2  0.979201022160296     
           2           3  0.975928659446509     
           3           4   1.00554188669605     
           2           5  0.991566862270524     
           1           6  0.999588790255083     
           1           7  0.968722227292900     
           1           8  0.970121998684888     
           2           9  0.956086347137172     
           3          10  0.968864551079184     
           3          11  0.971097193145883     
           4          12  0.854335806471259     
           5          13  0.849442352696323     
           6          14  0.856301211249373     
