$hessian                                                                        
        0.5033803671   0.0293955021  -0.0143087022  -0.0999261447   0.0537008654
       -0.0245864037  -0.0133612189   0.0138199723  -0.0124493332  -0.0011463886
       -0.0002114825  -0.0007862867  -0.0004154289  -0.0000873331   0.0000471283
        0.0004108974   0.0000048437   0.0004712134  -0.0000145870   0.0001961190
       -0.0001734770  -0.1545809024  -0.0587455592  -0.1029164963  -0.0952837308
        0.0531997645   0.0813763009  -0.1363437365  -0.0934048579   0.0729901068
       -0.0085367476   0.0141789721  -0.0045255780   0.0081306240  -0.0133250028
        0.0062922334  -0.0021417707   0.0000042444  -0.0021022088   0.0011391547
        0.0011730782   0.0007543115  -0.0010061332   0.0000399840  -0.0000662734
       -0.0001076264   0.0000333723  -0.0001682343  -0.0001667096   0.0001171748
       -0.0000031448  -0.0000299179  -0.0000896572   0.0001548442
        0.0293955021   0.4893202278   0.0158021539   0.0523745740  -0.1501467208
        0.0413321362  -0.0009622553   0.0053828819  -0.0005286027  -0.0000133256
       -0.0008877009  -0.0004272095  -0.0001919696   0.0000451969   0.0000659061
        0.0005457360  -0.0005105013   0.0000443805   0.0000687013   0.0006564872
        0.0001221133  -0.0584769790  -0.0727844595  -0.0544711459   0.0533969312
       -0.1014301209  -0.0869466876  -0.0942670027  -0.1358552816   0.0712861933
        0.0114123060  -0.0159077943   0.0052582025   0.0090666013  -0.0201513670
        0.0109929604  -0.0008798357   0.0004903023  -0.0016807844  -0.0011888838
        0.0012659463  -0.0007585924  -0.0001656067   0.0003588663   0.0000548940
        0.0001126275   0.0000675454   0.0000368896  -0.0001020564   0.0001128107
       -0.0001709851  -0.0001250646  -0.0000263184  -0.0000118221
       -0.0143087022   0.0158021539   0.5128094602  -0.0230073894   0.0409236193
       -0.0849192172  -0.0132180986   0.0116365130  -0.0118951476  -0.0001273414
        0.0000494679  -0.0010945803  -0.0004082474  -0.0001077731   0.0002127444
       -0.0003152772  -0.0000467570  -0.0004230781   0.0002204476   0.0002186716
        0.0002838416  -0.1029851174  -0.0549412839  -0.1417487877   0.0812364870
       -0.0864292169  -0.1715192452   0.0735392407   0.0715948794  -0.1009802666
        0.0096350399  -0.0162416874   0.0076183175  -0.0069950441   0.0161358211
       -0.0071401483  -0.0031646947  -0.0002709371  -0.0025003115  -0.0004933712
        0.0016320528   0.0010041345   0.0003940667  -0.0002115014   0.0001100051
       -0.0000612698   0.0000862820   0.0001012083   0.0000978399   0.0001851727
        0.0001810219  -0.0000385685  -0.0000154769  -0.0000999511
       -0.0999261447   0.0523745740  -0.0230073894   0.4925383228   0.0032985496
       -0.0419808128  -0.1223908501  -0.0256960527  -0.0562722073  -0.0254707569
       -0.0065590290  -0.0142774032  -0.0051770892  -0.0004369905   0.0013420866
        0.0010282483   0.0004143139  -0.0003966604   0.0009066872  -0.0014387577
       -0.0012917997  -0.0133745573   0.0163291596  -0.0106954302  -0.0097986065
        0.0148824013  -0.0044138076   0.0092438022  -0.0130679142   0.0062706677
       -0.0861797728   0.0505310158   0.0750423203  -0.1391510777  -0.0881222571
        0.0739516818  -0.0042944324  -0.0012965055  -0.0047076681   0.0023594048
       -0.0006232893   0.0004043528  -0.0003170741  -0.0002929899   0.0001002432
        0.0002350305   0.0000752510  -0.0001424878  -0.0001026114  -0.0002164037
       -0.0000104699  -0.0001285228  -0.0001550756   0.0000847840
        0.0537008654  -0.1501467208   0.0409236193   0.0032985496   0.4906815551
        0.0041596984  -0.0259501526  -0.0779416910  -0.0266331738  -0.0047291834
       -0.0007484158   0.0003498821   0.0001982573   0.0009948756   0.0000410829
        0.0001483393  -0.0003836960  -0.0001759174   0.0018148051  -0.0001932714
        0.0001226334  -0.0035353370   0.0059731117  -0.0026951717   0.0116136295
       -0.0167379541   0.0043073863   0.0084202822  -0.0190080250   0.0106504486
        0.0507898553  -0.1046920889  -0.0879742605  -0.0878639016  -0.1225815750
        0.0638675052   0.0098274218   0.0044686887   0.0121510511  -0.0172950763
       -0.0099771420  -0.0187926377  -0.0001779984   0.0004232237   0.0001416351
        0.0001603759   0.0000431301  -0.0000512702  -0.0002402742  -0.0002499477
       -0.0002433974  -0.0001804581   0.0000759427  -0.0001491136
       -0.0245864037   0.0413321362  -0.0849192172  -0.0419808128   0.0041596984
        0.4939096181  -0.0500398274  -0.0240821724  -0.1188118052  -0.0000092722
        0.0032784378   0.0083200612   0.0032470148   0.0000554286   0.0004797983
       -0.0004724805  -0.0001764374  -0.0001980650   0.0004414480  -0.0013110768
        0.0005208561  -0.0123391926   0.0148800967  -0.0091281797   0.0105526015
       -0.0162004878   0.0075792239  -0.0067922184   0.0141346263  -0.0072238590
        0.0749215881  -0.0868122701  -0.1676368718   0.0732085051   0.0629231422
       -0.0952289608  -0.0179023051  -0.0055937857  -0.0180745508  -0.0091589631
       -0.0071212253  -0.0093785000   0.0006899533   0.0004615030   0.0000298858
        0.0000916361   0.0000515441   0.0001195142   0.0000667461   0.0000036336
       -0.0000365562   0.0000619828   0.0000172088  -0.0003223919
       -0.0133612189  -0.0009622553  -0.0132180986  -0.1223908501  -0.0259501526
       -0.0500398274   0.4344820290  -0.0140064623   0.0045607495  -0.1523517877
       -0.0039937791   0.0336890956  -0.0275941906  -0.0028854342   0.0053049029
       -0.0056258017  -0.0033257841   0.0069138284  -0.0144481647   0.0141640073
        0.0107179373  -0.0012524636   0.0024773563  -0.0018094830   0.0005439972
       -0.0009441182  -0.0002722511   0.0006082193  -0.0003104868   0.0004811984
        0.0069977630   0.0009597111   0.0030569698  -0.0184051749  -0.0097500527
       -0.0149623993  -0.0399265647   0.0010659350   0.0008632271  -0.0497726313
        0.0434959572   0.0153373541   0.0003089776   0.0001756331  -0.0003481769
        0.0006965228  -0.0002372392   0.0003031076   0.0002367908   0.0003923814
       -0.0003138226   0.0012545484  -0.0003652169  -0.0002643116
        0.0138199723   0.0053828819   0.0116365130  -0.0256960527  -0.0779416910
       -0.0240821724  -0.0140064623   0.5368613547  -0.0073411703  -0.0072761646
       -0.0582747113   0.0041896237  -0.0065450542   0.0013770463   0.0020519748
       -0.0154602612  -0.0021239230   0.0078632625   0.0334484912  -0.0166409401
       -0.0193988564   0.0032531630  -0.0026776901   0.0024800974   0.0006052867
        0.0007364021   0.0008668027   0.0000901800   0.0009002901   0.0001174071
       -0.0110827706  -0.0059088493  -0.0133967376  -0.0131243087  -0.0056428494
       -0.0104043758   0.0009241987  -0.1324077079   0.1107072911   0.0423819022
       -0.2428106345  -0.0684178339  -0.0001373596   0.0003547749  -0.0005230105
       -0.0009412803  -0.0022601398   0.0035598820  -0.0007647374   0.0004795550
        0.0004376738   0.0005112575   0.0005968313  -0.0003463711
       -0.0124493332  -0.0005286027  -0.0118951476  -0.0562722073  -0.0266331738
       -0.1188118052   0.0045607495  -0.0073411703   0.4861450518   0.0390282380
        0.0020585683  -0.0818071356  -0.0190937581  -0.0009576060   0.0045589496
        0.0212813892   0.0037803228  -0.0111168846   0.0159081878  -0.0077187637
       -0.0053687323  -0.0017301843   0.0019936177  -0.0006680597   0.0011200108
       -0.0003830976   0.0006938073  -0.0001667021  -0.0005096685   0.0003940604
       -0.0153017910  -0.0103855707  -0.0177667556   0.0058624544   0.0041373924
        0.0054361838   0.0017643201   0.1102977270  -0.1820513777   0.0150833483
       -0.0692236572  -0.0659110548   0.0003075321  -0.0005856761   0.0004329004
        0.0013724398   0.0027539377  -0.0034990544   0.0000971953  -0.0007030973
        0.0005287781  -0.0013718895  -0.0000514819   0.0007062760
       -0.0011463886  -0.0000133256  -0.0001273414  -0.0254707569  -0.0047291834
       -0.0000092722  -0.1523517877  -0.0072761646   0.0390282380   0.4521104077
        0.0183611701   0.0194801161  -0.1265141944  -0.0294331338  -0.0929561408
       -0.0681781532  -0.0094612360   0.0068442182  -0.0575410325   0.0367629448
        0.0183369577   0.0002054650   0.0003042627  -0.0000687568   0.0000318216
       -0.0002651689  -0.0001160655   0.0002017740   0.0000863735  -0.0003086028
       -0.0002893467   0.0008736971   0.0010997204  -0.0022825618  -0.0001968234
       -0.0016928594  -0.0054180655  -0.0011007681   0.0041693946  -0.0068733508
        0.0017341173   0.0038731720   0.0017483184   0.0111957370  -0.0150165045
       -0.0065346401  -0.0194906923   0.0244158086   0.0004922075   0.0047867147
       -0.0047240464  -0.0021897158  -0.0021385210  -0.0022280358
       -0.0002114825  -0.0008877009   0.0000494679  -0.0065590290  -0.0007484158
        0.0032784378  -0.0039937791  -0.0582747113   0.0020585683   0.0183611701
        0.4328368673  -0.0134010987  -0.0271007305  -0.0465534214  -0.0262203691
       -0.0122345812  -0.1106898248   0.0637140452   0.0242439854  -0.1655827968
       -0.0379541326  -0.0002340588   0.0000846481  -0.0000967620   0.0000926830
        0.0000090603  -0.0000845524   0.0004660156  -0.0001167724   0.0003325069
       -0.0008074799   0.0002030104  -0.0008234855  -0.0025414854  -0.0006352795
       -0.0014780510  -0.0171160306  -0.0010724310   0.0107396475   0.0236170237
       -0.0036839564  -0.0118743585   0.0021332995   0.0048407084  -0.0036386780
       -0.0018282886  -0.0013919933   0.0030137245  -0.0018482729  -0.0210111222
        0.0187950355   0.0055610410  -0.0273258688  -0.0064099458
       -0.0007862867  -0.0004272095  -0.0010945803  -0.0142774032   0.0003498821
        0.0083200612   0.0336890956   0.0041896237  -0.0818071356   0.0194801161
       -0.0134010987   0.4963166024  -0.0913828001  -0.0276336040  -0.1405995456
        0.0096195852   0.0595214958  -0.1454148203   0.0190863197  -0.0600130392
       -0.0982059753  -0.0003556500   0.0002969331  -0.0003269741   0.0000272652
       -0.0000318667  -0.0000409479  -0.0000809396   0.0001845475   0.0000051509
       -0.0009841180  -0.0008314660   0.0002631592  -0.0028155665  -0.0016900956
       -0.0014049089   0.0239310731   0.0022015279  -0.0134311434   0.0089422332
       -0.0015389284  -0.0039977931  -0.0006025797   0.0155183100  -0.0246791508
        0.0043130156   0.0081050736  -0.0104450512  -0.0007048443  -0.0054377448
        0.0060837089  -0.0070985155   0.0206376593   0.0104593441
       -0.0004154289  -0.0001919696  -0.0004082474  -0.0051770892   0.0001982573
        0.0032470148  -0.0275941906  -0.0065450542  -0.0190937581  -0.1265141944
       -0.0271007305  -0.0913828001   0.1488806258   0.0350266224   0.1046431279
        0.0012458563   0.0000738933  -0.0001951727   0.0074017322  -0.0013512372
        0.0033334646  -0.0001133388   0.0001548538  -0.0001163070  -0.0000089080
       -0.0000106247   0.0000382472   0.0000334332  -0.0000990488   0.0001012929
        0.0004917785   0.0002784588   0.0004639702  -0.0012670299  -0.0006418893
       -0.0007351604   0.0005844240  -0.0004496152  -0.0005173661   0.0000506354
        0.0002295449  -0.0003457788   0.0008835064   0.0000515733   0.0001729078
        0.0006845276  -0.0001720673   0.0007850576  -0.0001583376   0.0002018726
       -0.0000749863   0.0009919981   0.0003471603   0.0000844939
       -0.0000873331   0.0000451969  -0.0001077731  -0.0004369905   0.0009948756
        0.0000554286  -0.0028854342   0.0013770463  -0.0009576060  -0.0294331338
       -0.0465534214  -0.0276336040   0.0350266224   0.0732692644   0.0419827063
        0.0105583079   0.0028246232   0.0164356700  -0.0123914338  -0.0301499864
       -0.0327142911  -0.0000275764   0.0000047940  -0.0000444610  -0.0000142342
        0.0000063444   0.0000156415  -0.0000645001   0.0000195596  -0.0000175298
        0.0002427396  -0.0002211881   0.0000522552   0.0000900545  -0.0000486043
        0.0000551111  -0.0005040681  -0.0002180316  -0.0000622670   0.0003980417
        0.0001502706   0.0001676330  -0.0002017429  -0.0021939531   0.0038447262
        0.0004181463   0.0004905295  -0.0004303863   0.0001774985   0.0003168121
        0.0002282378  -0.0008649639  -0.0001141320  -0.0008694914
        0.0000471283   0.0000659061   0.0002127444   0.0013420866   0.0000410829
        0.0004797983   0.0053049029   0.0020519748   0.0045589496  -0.0929561408
       -0.0262203691  -0.1405995456   0.1046431279   0.0419827063   0.1760343585
       -0.0158099840  -0.0006511627  -0.0236773234  -0.0042382390  -0.0216486025
       -0.0151454848   0.0000617762  -0.0000390260   0.0000109061  -0.0000451357
        0.0000307025   0.0000559055   0.0000797733  -0.0000378661  -0.0000952184
        0.0002503860   0.0000388488  -0.0000209031   0.0000979268   0.0000407596
        0.0000684926   0.0006124011  -0.0001200441   0.0005209110  -0.0001800113
        0.0003399908   0.0001874139   0.0003062555   0.0038986285  -0.0046746817
       -0.0002170243  -0.0006557530   0.0002228022  -0.0001739586  -0.0001825597
        0.0003565731   0.0008747292   0.0010647829   0.0015043019
        0.0004108974   0.0005457360  -0.0003152772   0.0010282483   0.0001483393
       -0.0004724805  -0.0056258017  -0.0154602612   0.0212813892  -0.0681781532
       -0.0122345812   0.0096195852   0.0012458563   0.0105583079  -0.0158099840
        0.5210896543  -0.0097308305   0.0083704841   0.0031487567   0.0076859124
       -0.0041964863  -0.0002093802  -0.0002115773   0.0001815002  -0.0001742229
       -0.0001757643   0.0000907885  -0.0010117692  -0.0003639437   0.0004822506
       -0.0004233421  -0.0001474670   0.0003118981  -0.0000054227  -0.0000291659
        0.0001014063  -0.0048045214  -0.0009940091   0.0036791869   0.0005414789
       -0.0007803255  -0.0001520313  -0.1236175829  -0.0404624220  -0.1072811260
       -0.2657067197   0.0038057593   0.0653655418  -0.0579066240   0.0564496119
        0.0182910699   0.0001986481   0.0013966808   0.0004522846
        0.0000048437  -0.0005105013  -0.0000467570   0.0004143139  -0.0003836960
       -0.0001764374  -0.0033257841  -0.0021239230   0.0037803228  -0.0094612360
       -0.1106898248   0.0595214958   0.0000738933   0.0028246232  -0.0006511627
       -0.0097308305   0.5083318890   0.0408020197   0.0002357606  -0.0371789359
        0.0237567321   0.0000233288   0.0000680921   0.0000049376   0.0000271741
        0.0001649617  -0.0000960911   0.0000969225   0.0004288849   0.0001441877
       -0.0001528202   0.0000135013   0.0002900354  -0.0000222766   0.0001616071
        0.0000980287   0.0002371445   0.0004741409  -0.0000885860   0.0005113354
        0.0005398290  -0.0004766989  -0.0405972956  -0.0637997135  -0.0547601667
        0.0033110526  -0.0432049938  -0.0022426669   0.0571843592  -0.2488103906
       -0.0695378150   0.0011701145  -0.0063055503  -0.0003213781
        0.0004712134   0.0000443805  -0.0004230781  -0.0003966604  -0.0001759174
       -0.0001980650   0.0069138284   0.0078632625  -0.0111168846   0.0068442182
        0.0637140452  -0.1454148203  -0.0001951727   0.0164356700  -0.0236773234
        0.0083704841   0.0408020197   0.4852580117  -0.0007073498  -0.0015995906
        0.0090772877   0.0000742691  -0.0000051104   0.0000473080   0.0000084465
        0.0000452637  -0.0000158263  -0.0002367983   0.0002993068   0.0003406790
       -0.0002726951  -0.0003463566   0.0003917168   0.0000225808  -0.0000949929
        0.0000975200   0.0025213708   0.0000974393  -0.0005020428  -0.0003215060
        0.0004822881   0.0002738501  -0.1079389225  -0.0551603166  -0.1870803099
        0.0663361764  -0.0023282899  -0.0625395989   0.0181065144  -0.0680499841
       -0.0645714507   0.0004000026  -0.0020231170   0.0000530268
       -0.0000145870   0.0000687013   0.0002204476   0.0009066872   0.0018148051
        0.0004414480  -0.0144481647   0.0334484912   0.0159081878  -0.0575410325
        0.0242439854   0.0190863197   0.0074017322  -0.0123914338  -0.0042382390
        0.0031487567   0.0002357606  -0.0007073498   0.0741455292  -0.0345508403
       -0.0707315696  -0.0000058116  -0.0001392971  -0.0000550152  -0.0000850580
        0.0002379861   0.0000512615  -0.0000342821   0.0000527073   0.0000401156
        0.0005381012  -0.0000171168   0.0006745654   0.0004930210   0.0001153484
        0.0003819748   0.0010884650   0.0000584729  -0.0009167593  -0.0071070160
        0.0019175851   0.0039148394  -0.0000626010  -0.0003667766   0.0008236785
        0.0004461165   0.0002846270  -0.0004744222   0.0003883214  -0.0001679459
        0.0002696251  -0.0092581778  -0.0148450600   0.0353108916
        0.0001961190   0.0006564872   0.0002186716  -0.0014387577  -0.0001932714
       -0.0013110768   0.0141640073  -0.0166409401  -0.0077187637   0.0367629448
       -0.1655827968  -0.0600130392  -0.0013512372  -0.0301499864  -0.0216486025
        0.0076859124  -0.0371789359  -0.0015995906  -0.0345508403   0.4441523060
       -0.1165046515   0.0001625117   0.0000549488   0.0001985757  -0.0002183355
       -0.0001034840  -0.0000247937  -0.0002092307  -0.0002669338  -0.0001130376
       -0.0004485785   0.0003895235   0.0010720547   0.0001072716   0.0000718957
        0.0000433454  -0.0018890092   0.0011159674   0.0001244779   0.0035976221
       -0.0001168366  -0.0024277532   0.0004495013   0.0018528031  -0.0008102971
       -0.0004695004   0.0011775661  -0.0011675101  -0.0006375291  -0.0049744774
        0.0048146831  -0.0219128714  -0.1942638355   0.2068673079
       -0.0001734770   0.0001221133   0.0002838416  -0.0012917997   0.0001226334
        0.0005208561   0.0107179373  -0.0193988564  -0.0053687323   0.0183369577
       -0.0379541326  -0.0982059753   0.0033334646  -0.0327142911  -0.0151454848
       -0.0041964863   0.0237567321   0.0090772877  -0.0707315696  -0.1165046515
        0.3812722809   0.0001034094   0.0000928200   0.0000412625  -0.0001626717
        0.0000851612  -0.0000186612   0.0000476210   0.0000005352  -0.0001513758
       -0.0000105759   0.0002770134   0.0005167565   0.0000257456   0.0000744802
       -0.0001687891  -0.0009763013  -0.0004857382   0.0002357212   0.0042742568
       -0.0005617505  -0.0018979795   0.0000678025  -0.0005649334   0.0012660180
       -0.0001282681  -0.0002394780   0.0003135831   0.0002032691   0.0050935779
       -0.0033352908   0.0405606857   0.1787987652  -0.2692353189
       -0.1545809024  -0.0584769790  -0.1029851174  -0.0133745573  -0.0035353370
       -0.0123391926  -0.0012524636   0.0032531630  -0.0017301843   0.0002054650
       -0.0002340588  -0.0003556500  -0.0001133388  -0.0000275764   0.0000617762
       -0.0002093802   0.0000233288   0.0000742691  -0.0000058116   0.0001625117
        0.0001034094   0.1782981420   0.0660730276   0.1224905331   0.0091517626
        0.0046424735   0.0085703034  -0.0177430445  -0.0117101199  -0.0134696738
       -0.0001614948  -0.0003371744   0.0000589783   0.0005912843  -0.0002667814
        0.0001600469  -0.0007795637   0.0000306776  -0.0007931539   0.0000443052
        0.0003754207   0.0002776387  -0.0001886786  -0.0001414234  -0.0001565649
       -0.0000143692   0.0000562694  -0.0000080425   0.0001317586   0.0001510546
        0.0000755567   0.0000008871  -0.0000384766  -0.0000349324
       -0.0587455592  -0.0727844595  -0.0549412839   0.0163291596   0.0059731117
        0.0148800967   0.0024773563  -0.0026776901   0.0019936177   0.0003042627
        0.0000846481   0.0002969331   0.0001548538   0.0000047940  -0.0000390260
       -0.0002115773   0.0000680921  -0.0000051104  -0.0001392971   0.0000549488
        0.0000928200   0.0660730276   0.0843380206   0.0622798225  -0.0109702354
       -0.0072083722  -0.0130151778  -0.0162217728  -0.0091605845  -0.0126504982
        0.0000428640   0.0006057640   0.0002493800   0.0002637215   0.0005695301
        0.0000981641   0.0006287754   0.0001754932   0.0007890083  -0.0000262095
       -0.0000691788   0.0000613584  -0.0000636207  -0.0001174220  -0.0001282528
       -0.0000535879   0.0000387473   0.0000063924   0.0001326663   0.0000830006
        0.0000722718   0.0000251726   0.0000215565  -0.0000405157
       -0.1029164963  -0.0544711459  -0.1417487877  -0.0106954302  -0.0026951717
       -0.0091281797  -0.0018094830   0.0024800974  -0.0006680597  -0.0000687568
       -0.0000967620  -0.0003269741  -0.0001163070  -0.0000444610   0.0000109061
        0.0001815002   0.0000049376   0.0000473080  -0.0000550152   0.0001985757
        0.0000412625   0.1224905331   0.0622798225   0.1629147098  -0.0166078141
       -0.0127512543  -0.0201533441   0.0096454028   0.0051512746   0.0090782509
        0.0003205052  -0.0002850958   0.0005731531   0.0000194535  -0.0001809156
       -0.0003313849  -0.0004819207   0.0000278425  -0.0004832619   0.0001515484
        0.0003875455   0.0001707335  -0.0000830298   0.0000611597   0.0000529132
        0.0000336213  -0.0000100672   0.0000246566  -0.0000089448  -0.0000006216
       -0.0000909575   0.0000006335  -0.0000557603   0.0000170558
       -0.0952837308   0.0533969312   0.0812364870  -0.0097986065   0.0116136295
        0.0105526015   0.0005439972   0.0006052867   0.0011200108   0.0000318216
        0.0000926830   0.0000272652  -0.0000089080  -0.0000142342  -0.0000451357
       -0.0001742229   0.0000271741   0.0000084465  -0.0000850580  -0.0002183355
       -0.0001626717   0.0091517626  -0.0109702354  -0.0166078141   0.1089023237
       -0.0656507459  -0.0936803906  -0.0120089219   0.0089658733   0.0195515340
       -0.0013657169   0.0034828316  -0.0013852707   0.0006697457  -0.0007946239
       -0.0000176148   0.0001059252  -0.0000748201   0.0001075687  -0.0007771178
       -0.0003736117  -0.0006394193   0.0001073032  -0.0000535524  -0.0000795980
        0.0000350329  -0.0000276917  -0.0000754113  -0.0000687371  -0.0000234346
        0.0000863932   0.0000231077   0.0000168760   0.0000030194
        0.0531997645  -0.1014301209  -0.0864292169   0.0148824013  -0.0167379541
       -0.0162004878  -0.0009441182   0.0007364021  -0.0003830976  -0.0002651689
        0.0000090603  -0.0000318667  -0.0000106247   0.0000063444   0.0000307025
       -0.0001757643   0.0001649617   0.0000452637   0.0002379861  -0.0001034840
        0.0000851612   0.0046424735  -0.0072083722  -0.0127512543  -0.0656507459
        0.1196200282   0.1003793225  -0.0091637642   0.0089944266   0.0141802429
        0.0032470824  -0.0046754643   0.0019745429  -0.0000392394   0.0002933747
       -0.0007217286  -0.0001388974  -0.0001102508  -0.0001839506   0.0001467333
        0.0005254632   0.0000591293   0.0000972642  -0.0001902999  -0.0000337590
       -0.0000724424  -0.0000357942  -0.0000515749   0.0000319479   0.0000925763
        0.0000823304  -0.0000248879   0.0000491028  -0.0000497589
        0.0813763009  -0.0869466876  -0.1715192452  -0.0044138076   0.0043073863
        0.0075792239  -0.0002722511   0.0008668027   0.0006938073  -0.0001160655
       -0.0000845524  -0.0000409479   0.0000382472   0.0000156415   0.0000559055
        0.0000907885  -0.0000960911  -0.0000158263   0.0000512615  -0.0000247937
       -0.0000186612   0.0085703034  -0.0130151778  -0.0201533441  -0.0936803906
        0.1003793225   0.1975216204   0.0102394290  -0.0072699245  -0.0153409528
       -0.0014730222   0.0017144829   0.0003130146  -0.0003674448  -0.0000332592
        0.0006538941   0.0000192271   0.0001246680   0.0000529232   0.0000308328
       -0.0000431039   0.0001847519  -0.0001243874   0.0000551561   0.0000321787
        0.0000158607   0.0000443593   0.0000282158   0.0000526595   0.0000001873
       -0.0000452173  -0.0000375414   0.0000055835   0.0000186594
       -0.1363437365  -0.0942670027   0.0735392407   0.0092438022   0.0084202822
       -0.0067922184   0.0006082193   0.0000901800  -0.0001667021   0.0002017740
        0.0004660156  -0.0000809396   0.0000334332  -0.0000645001   0.0000797733
       -0.0010117692   0.0000969225  -0.0002367983  -0.0000342821  -0.0002092307
        0.0000476210  -0.0177430445  -0.0162217728   0.0096454028  -0.0120089219
       -0.0091637642   0.0102394290   0.1586309051   0.1076058663  -0.0848578212
        0.0004916309  -0.0001563377  -0.0002266226  -0.0002902741   0.0031150421
       -0.0017978459  -0.0000684231  -0.0000110736   0.0000555668   0.0001356883
       -0.0000238052   0.0000844735  -0.0011611892   0.0008727716   0.0007291401
       -0.0001035521  -0.0000511625   0.0001298355  -0.0005840714  -0.0004688203
       -0.0004075708   0.0000038112  -0.0000296106   0.0000160362
       -0.0934048579  -0.1358552816   0.0715948794  -0.0130679142  -0.0190080250
        0.0141346263  -0.0003104868   0.0009002901  -0.0005096685   0.0000863735
       -0.0001167724   0.0001845475  -0.0000990488   0.0000195596  -0.0000378661
       -0.0003639437   0.0004288849   0.0002993068   0.0000527073  -0.0002669338
        0.0000005352  -0.0117101199  -0.0091605845   0.0051512746   0.0089658733
        0.0089944266  -0.0072699245   0.1076058663   0.1582073138  -0.0852291110
       -0.0007277963   0.0003716054  -0.0000466835   0.0027111638  -0.0049474553
        0.0028236725  -0.0001208268   0.0001516117  -0.0002124274   0.0000238799
        0.0002673326   0.0000535005   0.0007985228  -0.0001098182  -0.0005662338
       -0.0002478485  -0.0000792641  -0.0001609900  -0.0001878558   0.0001284587
       -0.0000936103  -0.0000036881   0.0000746515  -0.0001158276
        0.0729901068   0.0712861933  -0.1009802666   0.0062706677   0.0106504486
       -0.0072238590   0.0004811984   0.0001174071   0.0003940604  -0.0003086028
        0.0003325069   0.0000051509   0.0001012929  -0.0000175298  -0.0000952184
        0.0004822506   0.0001441877   0.0003406790   0.0000401156  -0.0001130376
       -0.0001513758  -0.0134696738  -0.0126504982   0.0090782509   0.0195515340
        0.0141802429  -0.0153409528  -0.0848578212  -0.0852291110   0.1143181700
        0.0000521848  -0.0007290544   0.0005140960  -0.0014600633   0.0030531445
       -0.0006334727   0.0001523776  -0.0003194612   0.0000935338  -0.0000419476
       -0.0001062113  -0.0006767925   0.0002454111  -0.0000755036   0.0003710992
        0.0001865742  -0.0001227415  -0.0000631458  -0.0004190516  -0.0003563869
       -0.0000449496   0.0000034469  -0.0000445956   0.0000949931
       -0.0085367476   0.0114123060   0.0096350399  -0.0861797728   0.0507898553
        0.0749215881   0.0069977630  -0.0110827706  -0.0153017910  -0.0002893467
       -0.0008074799  -0.0009841180   0.0004917785   0.0002427396   0.0002503860
       -0.0004233421  -0.0001528202  -0.0002726951   0.0005381012  -0.0004485785
       -0.0000105759  -0.0001614948   0.0000428640   0.0003205052  -0.0013657169
        0.0032470824  -0.0014730222   0.0004916309  -0.0007277963   0.0000521848
        0.1037030893  -0.0596853961  -0.0831548232  -0.0118826378   0.0092604960
        0.0195969853  -0.0007618700  -0.0001641212  -0.0008999679  -0.0023161210
       -0.0017202870  -0.0027574575  -0.0000094106  -0.0005513396   0.0003542734
        0.0000015771   0.0000547333   0.0000202467   0.0000538167   0.0001497958
       -0.0000179496  -0.0003512964   0.0001407169  -0.0002788090
        0.0141789721  -0.0159077943  -0.0162416874   0.0505310158  -0.1046920889
       -0.0868122701   0.0009597111  -0.0059088493  -0.0103855707   0.0008736971
        0.0002030104  -0.0008314660   0.0002784588  -0.0002211881   0.0000388488
       -0.0001474670   0.0000135013  -0.0003463566  -0.0000171168   0.0003895235
        0.0002770134  -0.0003371744   0.0006057640  -0.0002850958   0.0034828316
       -0.0046754643   0.0017144829  -0.0001563377   0.0003716054  -0.0007290544
       -0.0596853961   0.1233373060   0.1017013623  -0.0085119156   0.0087267574
        0.0132216438  -0.0000379734  -0.0005695763  -0.0004823934  -0.0012617371
       -0.0010326649  -0.0022566143  -0.0006467322  -0.0006551130   0.0007478076
        0.0001968914   0.0000743737   0.0001334844   0.0000925068  -0.0000524904
        0.0000460214   0.0002077654  -0.0000066124   0.0004898442
       -0.0045255780   0.0052582025   0.0076183175   0.0750423203  -0.0879742605
       -0.1676368718   0.0030569698  -0.0133967376  -0.0177667556   0.0010997204
       -0.0008234855   0.0002631592   0.0004639702   0.0000522552  -0.0000209031
        0.0003118981   0.0002900354   0.0003917168   0.0006745654   0.0010720547
        0.0005167565   0.0000589783   0.0002493800   0.0005731531  -0.0013852707
        0.0019745429   0.0003130146  -0.0002266226  -0.0000466835   0.0005140960
       -0.0831548232   0.1017013623   0.1952177513   0.0117904389  -0.0075618427
       -0.0154986162  -0.0007715257  -0.0004871745  -0.0012741359  -0.0020188530
       -0.0006351450  -0.0029286236   0.0001612852   0.0001966186   0.0002498956
       -0.0000251862  -0.0000600347  -0.0000562189  -0.0000014240   0.0000627283
       -0.0000978096  -0.0005508631   0.0001281841  -0.0003779259
        0.0081306240   0.0090666013  -0.0069950441  -0.1391510777  -0.0878639016
        0.0732085051  -0.0184051749  -0.0131243087   0.0058624544  -0.0022825618
       -0.0025414854  -0.0028155665  -0.0012670299   0.0000900545   0.0000979268
       -0.0000054227  -0.0000222766   0.0000225808   0.0004930210   0.0001072716
        0.0000257456   0.0005912843   0.0002637215   0.0000194535   0.0006697457
       -0.0000392394  -0.0003674448  -0.0002902741   0.0027111638  -0.0014600633
       -0.0118826378  -0.0085119156   0.0117904389   0.1648363424   0.1001855083
       -0.0787457252  -0.0001742110  -0.0002413591   0.0002187442  -0.0010694607
       -0.0003400193  -0.0004074647   0.0000353988   0.0001532654  -0.0002127470
        0.0000587744   0.0000436475  -0.0000188060  -0.0000467853   0.0000878604
       -0.0000873297  -0.0002405549  -0.0000245887  -0.0001356580
       -0.0133250028  -0.0201513670   0.0161358211  -0.0881222571  -0.1225815750
        0.0629231422  -0.0097500527  -0.0056428494   0.0041373924  -0.0001968234
       -0.0006352795  -0.0016900956  -0.0006418893  -0.0000486043   0.0000407596
       -0.0000291659   0.0001616071  -0.0000949929   0.0001153484   0.0000718957
        0.0000744802  -0.0002667814   0.0005695301  -0.0001809156  -0.0007946239
        0.0002933747  -0.0000332592   0.0031150421  -0.0049474553   0.0030531445
        0.0092604960   0.0087267574  -0.0075618427   0.1001855083   0.1434909959
       -0.0766983226   0.0007669969   0.0013525632   0.0004807809  -0.0006086675
       -0.0005969266  -0.0006714024   0.0000269714  -0.0001481108   0.0000074893
        0.0000247596   0.0000232237   0.0000331945   0.0001015829   0.0000098067
        0.0000781530   0.0001385585   0.0000524133  -0.0000335267
        0.0062922334   0.0109929604  -0.0071401483   0.0739516818   0.0638675052
       -0.0952289608  -0.0149623993  -0.0104043758   0.0054361838  -0.0016928594
       -0.0014780510  -0.0014049089  -0.0007351604   0.0000551111   0.0000684926
        0.0001014063   0.0000980287   0.0000975200   0.0003819748   0.0000433454
       -0.0001687891   0.0001600469   0.0000981641  -0.0003313849  -0.0000176148
       -0.0007217286   0.0006538941  -0.0017978459   0.0028236725  -0.0006334727
        0.0195969853   0.0132216438  -0.0154986162  -0.0787457252  -0.0766983226
        0.1134882383  -0.0017473383  -0.0011572694   0.0011570303  -0.0006693135
       -0.0006384785  -0.0008433347  -0.0000891547  -0.0000485126   0.0001507886
        0.0000109196  -0.0000194320   0.0000672371  -0.0000126606  -0.0000196547
       -0.0000129170  -0.0000251760  -0.0000146058   0.0001431478
       -0.0021417707  -0.0008798357  -0.0031646947  -0.0042944324   0.0098274218
       -0.0179023051  -0.0399265647   0.0009241987   0.0017643201  -0.0054180655
       -0.0171160306   0.0239310731   0.0005844240  -0.0005040681   0.0006124011
       -0.0048045214   0.0002371445   0.0025213708   0.0010884650  -0.0018890092
       -0.0009763013  -0.0007795637   0.0006287754  -0.0004819207   0.0001059252
       -0.0001388974   0.0000192271  -0.0000684231  -0.0001208268   0.0001523776
       -0.0007618700  -0.0000379734  -0.0007715257  -0.0001742110   0.0007669969
       -0.0017473383   0.0558123192   0.0025923198   0.0003175947   0.0012920333
        0.0055331029  -0.0051648480  -0.0001460186   0.0000233752  -0.0001765498
       -0.0003957228  -0.0009359946   0.0012100032  -0.0000937245   0.0002657229
       -0.0001659305   0.0001217218   0.0008235778   0.0000230465
        0.0000042444   0.0004903023  -0.0002709371  -0.0012965055   0.0044686887
       -0.0055937857   0.0010659350  -0.1324077079   0.1102977270  -0.0011007681
       -0.0010724310   0.0022015279  -0.0004496152  -0.0002180316  -0.0001200441
       -0.0009940091   0.0004741409   0.0000974393   0.0000584729   0.0011159674
       -0.0004857382   0.0000306776   0.0001754932   0.0000278425  -0.0000748201
       -0.0001102508   0.0001246680  -0.0000110736   0.0001516117  -0.0003194612
       -0.0001641212  -0.0005695763  -0.0004871745  -0.0002413591   0.0013525632
       -0.0011572694   0.0025923198   0.1516173098  -0.1285160028   0.0005154763
       -0.0255981135   0.0240764779  -0.0000408575  -0.0000262849  -0.0002181864
       -0.0001573542  -0.0000106306   0.0002691430   0.0000844723   0.0002204381
       -0.0000312573   0.0001788853  -0.0000534885   0.0001050311
       -0.0021022088  -0.0016807844  -0.0025003115  -0.0047076681   0.0121510511
       -0.0180745508   0.0008632271   0.1107072911  -0.1820513777   0.0041693946
        0.0107396475  -0.0134311434  -0.0005173661  -0.0000622670   0.0005209110
        0.0036791869  -0.0000885860  -0.0005020428  -0.0009167593   0.0001244779
        0.0002357212  -0.0007931539   0.0007890083  -0.0004832619   0.0001075687
       -0.0001839506   0.0000529232   0.0000555668  -0.0002124274   0.0000935338
       -0.0008999679  -0.0004823934  -0.0012741359   0.0002187442   0.0004807809
        0.0011570303   0.0003175947  -0.1285160028   0.2103792163  -0.0002164458
       -0.0036504480   0.0063114387  -0.0000405751  -0.0000889098   0.0002863538
        0.0002754240   0.0006893194  -0.0008446461  -0.0000258024  -0.0002006817
        0.0000489010   0.0005332403  -0.0005151252   0.0000754408
        0.0011391547  -0.0011888838  -0.0004933712   0.0023594048  -0.0172950763
       -0.0091589631  -0.0497726313   0.0423819022   0.0150833483  -0.0068733508
        0.0236170237   0.0089422332   0.0000506354   0.0003980417  -0.0001800113
        0.0005414789   0.0005113354  -0.0003215060  -0.0071070160   0.0035976221
        0.0042742568   0.0000443052  -0.0000262095   0.0001515484  -0.0007771178
        0.0001467333   0.0000308328   0.0001356883   0.0000238799  -0.0000419476
       -0.0023161210  -0.0012617371  -0.0020188530  -0.0010694607  -0.0006086675
       -0.0006693135   0.0012920333   0.0005154763  -0.0002164458   0.0623631697
       -0.0501819873  -0.0155091221  -0.0000180214  -0.0000401480  -0.0001200404
        0.0001237605   0.0001176414  -0.0002445505  -0.0000941301  -0.0004507945
        0.0003715594  -0.0000217817  -0.0002561519   0.0001203456
        0.0011730782   0.0012659463   0.0016320528  -0.0006232893  -0.0099771420
       -0.0071212253   0.0434959572  -0.2428106345  -0.0692236572   0.0017341173
       -0.0036839564  -0.0015389284   0.0002295449   0.0001502706   0.0003399908
       -0.0007803255   0.0005398290   0.0004822881   0.0019175851  -0.0001168366
       -0.0005617505   0.0003754207  -0.0000691788   0.0003875455  -0.0003736117
        0.0005254632  -0.0000431039  -0.0000238052   0.0002673326  -0.0001062113
       -0.0017202870  -0.0010326649  -0.0006351450  -0.0003400193  -0.0005969266
       -0.0006384785   0.0055331029  -0.0255981135  -0.0036504480  -0.0501819873
        0.2807117494   0.0806646747   0.0000468908  -0.0001551306  -0.0000533360
       -0.0001222133  -0.0000521869   0.0000927096  -0.0002018813   0.0003039082
        0.0002118546  -0.0001382771   0.0003282715  -0.0002388321
        0.0007543115  -0.0007585924   0.0010041345   0.0004043528  -0.0187926377
       -0.0093785000   0.0153373541  -0.0684178339  -0.0659110548   0.0038731720
       -0.0118743585  -0.0039977931  -0.0003457788   0.0001676330   0.0001874139
       -0.0001520313  -0.0004766989   0.0002738501   0.0039148394  -0.0024277532
       -0.0018979795   0.0002776387   0.0000613584   0.0001707335  -0.0006394193
        0.0000591293   0.0001847519   0.0000844735   0.0000535005  -0.0006767925
       -0.0027574575  -0.0022566143  -0.0029286236  -0.0004074647  -0.0006714024
       -0.0008433347  -0.0051648480   0.0240764779   0.0063114387  -0.0155091221
        0.0806646747   0.0778644286  -0.0000268608  -0.0001277051  -0.0002051038
       -0.0002064950   0.0000495231   0.0000640238   0.0005110231   0.0004870562
       -0.0002707695   0.0000523123   0.0001842433   0.0000491766
       -0.0010061332  -0.0001656067   0.0003940667  -0.0003170741  -0.0001779984
        0.0006899533   0.0003089776  -0.0001373596   0.0003075321   0.0017483184
        0.0021332995  -0.0006025797   0.0008835064  -0.0002017429   0.0003062555
       -0.1236175829  -0.0405972956  -0.1079389225  -0.0000626010   0.0004495013
        0.0000678025  -0.0001886786  -0.0000636207  -0.0000830298   0.0001073032
        0.0000972642  -0.0001243874  -0.0011611892   0.0007985228   0.0002454111
       -0.0000094106  -0.0006467322   0.0001612852   0.0000353988   0.0000269714
       -0.0000891547  -0.0001460186  -0.0000408575  -0.0000405751  -0.0000180214
        0.0000468908  -0.0000268608   0.1433862834   0.0471698473   0.1254249235
       -0.0241661753  -0.0102412582  -0.0243766998   0.0042910634   0.0018251839
        0.0053507507  -0.0000679662  -0.0002750095   0.0003342292
        0.0000399840   0.0003588663  -0.0002115014  -0.0002929899   0.0004232237
        0.0004615030   0.0001756331   0.0003547749  -0.0005856761   0.0111957370
        0.0048407084   0.0155183100   0.0000515733  -0.0021939531   0.0038986285
       -0.0404624220  -0.0637997135  -0.0551603166  -0.0003667766   0.0018528031
       -0.0005649334  -0.0001414234  -0.0001174220   0.0000611597  -0.0000535524
       -0.0001902999   0.0000551561   0.0008727716  -0.0001098182  -0.0000755036
       -0.0005513396  -0.0006551130   0.0001966186   0.0001532654  -0.0001481108
       -0.0000485126   0.0000233752  -0.0000262849  -0.0000889098  -0.0000401480
       -0.0001551306  -0.0001277051   0.0471698473   0.0700879883   0.0612830353
       -0.0006082264   0.0006300639  -0.0003604920  -0.0172130228  -0.0112540066
       -0.0242596430   0.0000477142   0.0001014241   0.0000087824
       -0.0000662734   0.0000548940   0.0001100051   0.0001002432   0.0001416351
        0.0000298858  -0.0003481769  -0.0005230105   0.0004329004  -0.0150165045
       -0.0036386780  -0.0246791508   0.0001729078   0.0038447262  -0.0046746817
       -0.1072811260  -0.0547601667  -0.1870803099   0.0008236785  -0.0008102971
        0.0012660180  -0.0001565649  -0.0001282528   0.0000529132  -0.0000795980
       -0.0000337590   0.0000321787   0.0007291401  -0.0005662338   0.0003710992
        0.0003542734   0.0007478076   0.0002498956  -0.0002127470   0.0000074893
        0.0001507886  -0.0001765498  -0.0002181864   0.0002863538  -0.0001200404
       -0.0000533360  -0.0002051038   0.1254249235   0.0612830353   0.2167890259
        0.0027894907   0.0015278871   0.0057223214  -0.0068272363  -0.0061962252
       -0.0094585194  -0.0001098398  -0.0006793291   0.0006043800
       -0.0001076264   0.0001126275  -0.0000612698   0.0002350305   0.0001603759
        0.0000916361   0.0006965228  -0.0009412803   0.0013724398  -0.0065346401
       -0.0018282886   0.0043130156   0.0006845276   0.0004181463  -0.0002170243
       -0.2657067197   0.0033110526   0.0663361764   0.0004461165  -0.0004695004
       -0.0001282681  -0.0000143692  -0.0000535879   0.0000336213   0.0000350329
       -0.0000724424   0.0000158607  -0.0001035521  -0.0002478485   0.0001865742
        0.0000015771   0.0001968914  -0.0000251862   0.0000587744   0.0000247596
        0.0000109196  -0.0003957228  -0.0001573542   0.0002754240   0.0001237605
       -0.0001222133  -0.0002064950  -0.0241661753  -0.0006082264   0.0027894907
        0.3061882726  -0.0030067938  -0.0779283683  -0.0114323579   0.0028203425
        0.0037191206  -0.0000084514   0.0004633399  -0.0005776674
        0.0000333723   0.0000675454   0.0000862820   0.0000752510   0.0000431301
        0.0000515441  -0.0002372392  -0.0022601398   0.0027539377  -0.0194906923
       -0.0013919933   0.0081050736  -0.0001720673   0.0004905295  -0.0006557530
        0.0038057593  -0.0432049938  -0.0023282899   0.0002846270   0.0011775661
       -0.0002394780   0.0000562694   0.0000387473  -0.0000100672  -0.0000276917
       -0.0000357942   0.0000443593  -0.0000511625  -0.0000792641  -0.0001227415
        0.0000547333   0.0000743737  -0.0000600347   0.0000436475   0.0000232237
       -0.0000194320  -0.0009359946  -0.0000106306   0.0006893194   0.0001176414
       -0.0000521869   0.0000495231  -0.0102412582   0.0006300639   0.0015278871
       -0.0030067938   0.0469907105  -0.0003590864   0.0297597191  -0.0026532776
       -0.0093931994  -0.0000681207   0.0001523900  -0.0001198440
       -0.0001682343   0.0000368896   0.0001012083  -0.0001424878  -0.0000512702
        0.0001195142   0.0003031076   0.0035598820  -0.0034990544   0.0244158086
        0.0030137245  -0.0104450512   0.0007850576  -0.0004303863   0.0002228022
        0.0653655418  -0.0022426669  -0.0625395989  -0.0004744222  -0.0011675101
        0.0003135831  -0.0000080425   0.0000063924   0.0000246566  -0.0000754113
       -0.0000515749   0.0000282158   0.0001298355  -0.0001609900  -0.0000631458
        0.0000202467   0.0001334844  -0.0000562189  -0.0000188060   0.0000331945
        0.0000672371   0.0012100032   0.0002691430  -0.0008446461  -0.0002445505
        0.0000927096   0.0000640238  -0.0243766998  -0.0003604920   0.0057223214
       -0.0779283683  -0.0003590864   0.0735001355   0.0111941739  -0.0020382054
       -0.0029200901   0.0000132477  -0.0002832380   0.0002041074
       -0.0001667096  -0.0001020564   0.0000978399  -0.0001026114  -0.0002402742
        0.0000667461   0.0002367908  -0.0007647374   0.0000971953   0.0004922075
       -0.0018482729  -0.0007048443  -0.0001583376   0.0001774985  -0.0001739586
       -0.0579066240   0.0571843592   0.0181065144   0.0003883214  -0.0006375291
        0.0002032691   0.0001317586   0.0001326663  -0.0000089448  -0.0000687371
        0.0000319479   0.0000526595  -0.0005840714  -0.0001878558  -0.0004190516
        0.0000538167   0.0000925068  -0.0000014240  -0.0000467853   0.0001015829
       -0.0000126606  -0.0000937245   0.0000844723  -0.0000258024  -0.0000941301
       -0.0002018813   0.0005110231   0.0042910634  -0.0172130228  -0.0068272363
       -0.0114323579   0.0297597191   0.0111941739   0.0648267958  -0.0662356449
       -0.0221679489   0.0002333349  -0.0001334783   0.0000124503
        0.0001171748   0.0001128107   0.0001851727  -0.0002164037  -0.0002499477
        0.0000036336   0.0003923814   0.0004795550  -0.0007030973   0.0047867147
       -0.0210111222  -0.0054377448   0.0002018726   0.0003168121  -0.0001825597
        0.0564496119  -0.2488103906  -0.0680499841  -0.0001679459  -0.0049744774
        0.0050935779   0.0001510546   0.0000830006  -0.0000006216  -0.0000234346
        0.0000925763   0.0000001873  -0.0004688203   0.0001284587  -0.0003563869
        0.0001497958  -0.0000524904   0.0000627283   0.0000878604   0.0000098067
       -0.0000196547   0.0002657229   0.0002204381  -0.0002006817  -0.0004507945
        0.0003039082   0.0004870562   0.0018251839  -0.0112540066  -0.0061962252
        0.0028203425  -0.0026532776  -0.0020382054  -0.0662356449   0.2884644529
        0.0776872552   0.0003153283  -0.0012061069  -0.0003344499
       -0.0000031448  -0.0001709851   0.0001810219  -0.0000104699  -0.0002433974
       -0.0000365562  -0.0003138226   0.0004376738   0.0005287781  -0.0047240464
        0.0187950355   0.0060837089  -0.0000749863   0.0002282378   0.0003565731
        0.0182910699  -0.0695378150  -0.0645714507   0.0002696251   0.0048146831
       -0.0033352908   0.0000755567   0.0000722718  -0.0000909575   0.0000863932
        0.0000823304  -0.0000452173  -0.0004075708  -0.0000936103  -0.0000449496
       -0.0000179496   0.0000460214  -0.0000978096  -0.0000873297   0.0000781530
       -0.0000129170  -0.0001659305  -0.0000312573   0.0000489010   0.0003715594
        0.0002118546  -0.0002707695   0.0053507507  -0.0242596430  -0.0094585194
        0.0037191206  -0.0093931994  -0.0029200901  -0.0221679489   0.0776872552
        0.0733300050  -0.0001908760   0.0012763910   0.0003555398
       -0.0000299179  -0.0001250646  -0.0000385685  -0.0001285228  -0.0001804581
        0.0000619828   0.0012545484   0.0005112575  -0.0013718895  -0.0021897158
        0.0055610410  -0.0070985155   0.0009919981  -0.0008649639   0.0008747292
        0.0001986481   0.0011701145   0.0004000026  -0.0092581778  -0.0219128714
        0.0405606857   0.0000008871   0.0000251726   0.0000006335   0.0000231077
       -0.0000248879  -0.0000375414   0.0000038112  -0.0000036881   0.0000034469
       -0.0003512964   0.0002077654  -0.0005508631  -0.0002405549   0.0001385585
       -0.0000251760   0.0001217218   0.0001788853   0.0005332403  -0.0000217817
       -0.0001382771   0.0000523123  -0.0000679662   0.0000477142  -0.0001098398
       -0.0000084514  -0.0000681207   0.0000132477   0.0002333349   0.0003153283
       -0.0001908760   0.0094683276   0.0151624945  -0.0330770111
       -0.0000896572  -0.0000263184  -0.0000154769  -0.0001550756   0.0000759427
        0.0000172088  -0.0003652169   0.0005968313  -0.0000514819  -0.0021385210
       -0.0273258688   0.0206376593   0.0003471603  -0.0001141320   0.0010647829
        0.0013966808  -0.0063055503  -0.0020231170  -0.0148450600  -0.1942638355
        0.1787987652  -0.0000384766   0.0000215565  -0.0000557603   0.0000168760
        0.0000491028   0.0000055835  -0.0000296106   0.0000746515  -0.0000445956
        0.0001407169  -0.0000066124   0.0001281841  -0.0000245887   0.0000524133
       -0.0000146058   0.0008235778  -0.0000534885  -0.0005151252  -0.0002561519
        0.0003282715   0.0001842433  -0.0002750095   0.0001014241  -0.0006793291
        0.0004633399   0.0001523900  -0.0002832380  -0.0001334783  -0.0012061069
        0.0012763910   0.0151624945   0.2278493291  -0.1984300884
        0.0001548442  -0.0000118221  -0.0000999511   0.0000847840  -0.0001491136
       -0.0003223919  -0.0002643116  -0.0003463711   0.0007062760  -0.0022280358
       -0.0064099458   0.0104593441   0.0000844939  -0.0008694914   0.0015043019
        0.0004522846  -0.0003213781   0.0000530268   0.0353108916   0.2068673079
       -0.2692353189  -0.0000349324  -0.0000405157   0.0000170558   0.0000030194
       -0.0000497589   0.0000186594   0.0000160362  -0.0001158276   0.0000949931
       -0.0002788090   0.0004898442  -0.0003779259  -0.0001356580  -0.0000335267
        0.0001431478   0.0000230465   0.0001050311   0.0000754408   0.0001203456
       -0.0002388321   0.0000491766   0.0003342292   0.0000087824   0.0006043800
       -0.0005776674  -0.0001198440   0.0002041074   0.0000124503  -0.0003344499
        0.0003555398  -0.0330770111  -0.1984300884   0.2557501384
