$coord
         -6.659016734393         -0.000114289114         -0.001410597084     c 
         -5.344612155292          2.107337258785          0.822404206485     c 
         -2.732155233201          2.110979316647          0.819416980994     c 
         -1.389925547443         -0.000194157247          0.001363914617     c 
         -2.731287599735         -2.111452038396         -0.817793257027     c 
         -5.343785950099         -2.107731117547         -0.823829753947     c 
          1.389937982596          0.000132205416          0.001330013312     c 
          2.732173592834         -2.111058796253          0.819416473603     c 
          5.344664700823         -2.107240853282          0.822593857680     c 
          6.659034845715          0.000097620597         -0.001642482143     c 
          5.343729131709          2.107754055985         -0.823903067944     c 
          2.731254583955          2.111472269991         -0.817529315413     c 
         -8.700118491108          0.000051526402         -0.002527084025     h 
         -6.361024311022          3.754363206575          1.473194335675     h 
         -1.716152546124          3.749222306151          1.492674557104     h 
         -1.714500975155         -3.749627866473         -1.490151478353     h 
         -6.359486416707         -3.754657206925         -1.475909769630     h 
          1.716159613888         -3.749253956226          1.492718401581     h 
          6.361086011708         -3.754240210171          1.473344201147     h 
          8.700118448400         -0.000045648787         -0.002512818861     h 
          6.359372997812          3.754679354891         -1.476040227428     h 
          1.714407223394          3.749729245924         -1.489759125704     h 
$end
