$coord
         -4.917681570822         -1.769601600794         -0.000571564054     c 
         -2.167371565248         -1.092392179135          0.000097839238     c 
         -0.340014204692         -2.968850676426          0.000304190698     c 
          2.209955812538         -2.392836729794          0.000409324089     c 
          2.968850976136          0.115563870413          0.000069461980     c 
          1.152867688608          2.012587113815          0.000023874231     c 
         -1.399410432716          1.437674742864          0.000154970945     c 
         -3.315458246071          3.521756639921          0.000256809410     c 
          5.453195676058          0.803595908864         -0.000484257392     o 
         -5.162751713103         -3.809192446969         -0.000276866772     h 
         -5.858225870855         -0.998326638790          1.661192502490     h 
         -5.856583583920         -0.999285196420         -1.663829435906     h 
         -0.914078382922         -4.928917907017          0.000578290345     h 
          3.605463521052         -3.888003664783          0.000463159169     h 
          1.782713010381          3.952042543740         -0.000115677306     h 
         -4.524756362925          3.392891817574          1.661620047505     h 
         -2.394160147396          5.356826259125          0.001319424610     h 
         -4.523528838711          3.394138641936         -1.662060519192     h 
          6.498126330107         -0.689724222844         -0.000080768021     h 
$end
