           1           2   1.02692925449099     
           2           3   1.42469509481427     
           3           4   1.43656559596403     
           4           5   1.37950196178542     
           3           6  0.104390376567343     
           5           6   1.36488461753141     
           2           7   1.36445023005973     
           4           7  0.102074234054807     
           6           7   1.43704191401064     
           7           8   1.02858888884276     
           5           9   1.06208263130353     
           1          10  0.971567038823498     
           1          11  0.985700080127886     
           1          12  0.971457205884614     
           3          13  0.968752032615939     
           4          14  0.966777923817687     
           6          15  0.966045987208063     
           8          16  0.970143348929207     
           8          17  0.970314345396521     
           8          18  0.985504834627502     
           9          19  0.891767353916163     
