           1           2  0.984625348889843     
           2           3  0.985632171711926     
           3           4  0.992996215952160     
           4           5  0.997113226156723     
           1           6  0.976812080080145     
           1           7  0.976282428320945     
           1           8  0.978499455538205     
           3           9  0.966760573760616     
           3          10  0.965580534773696     
           4          11  0.967122392027958     
           4          12  0.969215652861340     
           5          13  0.850986456602445     
