$hessian                                                                        
        0.4692281386   0.0046097998  -0.0221593700  -0.1823482730   0.0106516394
       -0.0492738593  -0.0208088452   0.0070487033  -0.0035845937  -0.0015337951
        0.0024687915   0.0013334814   0.0002633261   0.0001996814   0.0000825938
       -0.0959164200   0.0828570897   0.0578755115  -0.0434390147  -0.0037316933
        0.0138992127  -0.1032869837  -0.1032172331   0.0132761493  -0.0204410244
       -0.0009557535  -0.0072253562  -0.0024673174   0.0011250373  -0.0031979835
        0.0010408193  -0.0006380506  -0.0002774521   0.0005681498  -0.0005362697
       -0.0006511266  -0.0008557397   0.0001652889  -0.0002762985  -0.0000210201
       -0.0000163321   0.0002857481   0.0000179995  -0.0000306990  -0.0001066567
        0.0046097998   0.5217417603   0.0034757817   0.0112382569  -0.0667234960
        0.0066928753   0.0211269334  -0.0050563124   0.0057678870   0.0022588078
       -0.0032429254  -0.0018284754   0.0000218096   0.0001895655  -0.0000159479
        0.0825612424  -0.1717953315  -0.0867651606  -0.0039860808  -0.0588642793
        0.0557513828  -0.1031958601  -0.2184095667   0.0208979416  -0.0242300762
        0.0013732176  -0.0091966079   0.0073834858  -0.0002360849   0.0041786675
        0.0010822160   0.0008389776   0.0003462661  -0.0001419268   0.0004886851
        0.0005328419   0.0013119062  -0.0003103622   0.0002622053  -0.0000221924
       -0.0000104524  -0.0001069297  -0.0000183216   0.0000166049   0.0000072723
       -0.0221593700   0.0034757817   0.5133085238  -0.0486013384   0.0064593733
       -0.0870494640   0.0103020528  -0.0012911730   0.0039283182   0.0015523055
       -0.0018895504  -0.0009701212  -0.0000218671  -0.0000091710  -0.0000113630
        0.0575464919  -0.0866221030  -0.1030190493   0.0140163872   0.0559007627
       -0.2674221831   0.0130410581   0.0208878697  -0.0473693179   0.0006687529
       -0.0004232020   0.0014319791  -0.0286460823   0.0042882591  -0.0148317321
        0.0003019485   0.0001293369   0.0002301149   0.0010702626  -0.0004773944
        0.0011929095   0.0007716083  -0.0002960892   0.0003679846   0.0001723864
       -0.0001010395   0.0001892976  -0.0000145961  -0.0000316608   0.0000241029
       -0.1823482730   0.0112382569  -0.0486013384   0.4756523370   0.0294685391
       -0.0032506656  -0.0897941089   0.0421726866   0.0321837725  -0.0213951088
        0.0202980927   0.0103345489  -0.0008080039   0.0013837699   0.0004172922
       -0.0179854119   0.0042087522  -0.0053902318  -0.0015953667   0.0011009332
       -0.0039918589  -0.0204810587  -0.0020550455  -0.0070769136  -0.0973872153
       -0.0984695431   0.0123885707  -0.0433505055  -0.0058406687   0.0151191507
        0.0057565056  -0.0083188464  -0.0054917137  -0.0020347735   0.0030890863
        0.0038802410  -0.0051593462   0.0018027730  -0.0015227193   0.0009184378
       -0.0000664704   0.0009644956   0.0000118917  -0.0000123158   0.0000373698
        0.0106516394  -0.0667234960   0.0064593733   0.0294685391   0.5018434797
       -0.0200344614   0.0418257476  -0.1364259003  -0.0457295049   0.0076476533
       -0.0038964105  -0.0009803303  -0.0011398482   0.0005377164   0.0000331057
        0.0215474484  -0.0036005898   0.0072871710   0.0075463807  -0.0007056007
        0.0039571425  -0.0246212220   0.0012043748  -0.0096719938  -0.0983917631
       -0.2123731269   0.0213103092  -0.0056564057  -0.0579720842   0.0514278389
        0.0120935851  -0.0259963833  -0.0140487427  -0.0010423470   0.0032584475
        0.0000533665   0.0003340910   0.0008872640   0.0001050324  -0.0004186948
        0.0002141584  -0.0002946860   0.0001551961  -0.0002518489   0.0001263796
       -0.0492738593   0.0066928753  -0.0870494640  -0.0032506656  -0.0200344614
        0.5136228027   0.0317663231  -0.0463257405  -0.0999425397  -0.0022083039
        0.0062953831   0.0040288628  -0.0004808545  -0.0001562182   0.0004568479
        0.0125784994  -0.0019111960   0.0049858967  -0.0284760746   0.0040057182
       -0.0155211304   0.0010689386  -0.0012339454   0.0012467952   0.0123706978
        0.0208813393  -0.0489072283   0.0156704672   0.0521620135  -0.2559645597
       -0.0011519884  -0.0000314625   0.0016115892   0.0153590720  -0.0217144221
       -0.0197422428  -0.0028931525   0.0008284625   0.0000221436  -0.0011069270
        0.0007430955   0.0011538983   0.0000278276  -0.0002014414  -0.0000016715
       -0.0208088452   0.0211269334   0.0103020528  -0.0897941089   0.0418257476
        0.0317663231   0.4564739218   0.0228269003  -0.0058285127  -0.1694542405
        0.0236583181  -0.0463594810  -0.0216592374  -0.0143655765  -0.0021774946
       -0.0056562464   0.0016270397  -0.0015812327   0.0008407823  -0.0001123287
        0.0008436688   0.0008403328   0.0009831555   0.0004848813   0.0063092359
       -0.0083553795  -0.0060095894  -0.0025739950   0.0036097406   0.0042421258
       -0.0927760616  -0.0955418226   0.0142036790  -0.0424914867  -0.0035690043
        0.0099063529  -0.0170708544   0.0051077235  -0.0049334472  -0.0028407162
        0.0006397129  -0.0044359862   0.0006615195   0.0005388399  -0.0004233399
        0.0070487033  -0.0050563124  -0.0012911730   0.0421726866  -0.1364259003
       -0.0463257405   0.0228269003   0.4997038637  -0.0225462462   0.0138154323
       -0.0600787798   0.0044874862  -0.0222915620  -0.0065330002  -0.0045363270
        0.0004738241   0.0007145141   0.0003432482  -0.0003712326   0.0002036898
       -0.0003183575  -0.0011026878   0.0011550600   0.0000558117   0.0121422691
       -0.0262244703  -0.0141815249  -0.0010898460   0.0031146471   0.0004136316
       -0.0962440282  -0.2120458054   0.0260664224  -0.0038374376  -0.0555275960
        0.0491488629   0.0211004825  -0.0036145296   0.0071585212   0.0048693365
        0.0003013256   0.0020810360   0.0004871594   0.0003132937  -0.0005556509
       -0.0035845937   0.0057678870   0.0039283182   0.0321837725  -0.0457295049
       -0.0999425397  -0.0058285127  -0.0225462462   0.5128052717  -0.0447581469
        0.0061713981  -0.0840885739   0.0026303866   0.0004107760   0.0018520511
       -0.0027374324   0.0009090014   0.0000792323  -0.0010690951   0.0007711932
        0.0010681162  -0.0000964143   0.0002776996   0.0002347988  -0.0009491969
       -0.0002607429   0.0013705200   0.0157236348  -0.0224743240  -0.0200553856
        0.0145644342   0.0265819406  -0.0483305908   0.0101677711   0.0493060990
       -0.2593047214   0.0108474858  -0.0027088526   0.0042812267  -0.0278713768
        0.0038297009  -0.0145180555   0.0007772838  -0.0003060251   0.0006203320
       -0.0015337951   0.0022588078   0.0015523055  -0.0213951088   0.0076476533
       -0.0022083039  -0.1694542405   0.0138154323  -0.0447581469   0.3934837183
       -0.0737767823  -0.0024388335  -0.0504110204  -0.0447836137   0.0062981981
       -0.0009113849   0.0002073498  -0.0004082042  -0.0000803215   0.0000381055
        0.0002972255   0.0002262188   0.0003231556   0.0000551519   0.0005406139
       -0.0008146418  -0.0002853739   0.0005852271  -0.0001880966  -0.0006299892
       -0.0201769907  -0.0021599312  -0.0066926134  -0.0036544976   0.0002488930
       -0.0038769777  -0.0878919588   0.0934853896   0.0480940731  -0.0388755414
        0.0034261858   0.0035932983  -0.0004509183   0.0002720930   0.0014081903
        0.0024687915  -0.0032429254  -0.0018895504   0.0202980927  -0.0038964105
        0.0062953831   0.0236583181  -0.0600787798   0.0061713981  -0.0737767823
        0.3817259116   0.0351418329  -0.0447639944  -0.0921814884   0.0096783318
        0.0012480093  -0.0001701815   0.0002417963  -0.0000875645   0.0000406533
       -0.0001282458  -0.0000655407  -0.0000352158  -0.0000425953   0.0002280035
       -0.0001387524   0.0005067716  -0.0000516342   0.0005727498   0.0002284991
       -0.0224363131  -0.0000274444  -0.0078515849   0.0057433357  -0.0005694657
        0.0036924749   0.0862460151  -0.1775200149  -0.0815410236   0.0016249981
       -0.0427485196   0.0273539286  -0.0003337347  -0.0017301163   0.0021425836
        0.0013334814  -0.0018284754  -0.0009701212   0.0103345489  -0.0009803303
        0.0040288628  -0.0463594810   0.0044874862  -0.0840885739  -0.0024388335
        0.0351418329   0.5009534288  -0.0031688715  -0.0044237617  -0.0383696319
        0.0007494392  -0.0002804108   0.0003350996   0.0001084308  -0.0001135842
        0.0002438985   0.0000569163   0.0001104976  -0.0000303464   0.0000869451
        0.0000417042   0.0003368355   0.0013362311  -0.0004615160   0.0008514045
        0.0011374415  -0.0001788335   0.0013561317  -0.0287609969   0.0040934676
       -0.0148505149   0.0483686073  -0.0835628718  -0.0888707799   0.0055586839
        0.0308564937  -0.2774165385   0.0116574574   0.0170983013  -0.0035091546
        0.0002633261   0.0000218096  -0.0000218671  -0.0008080039  -0.0011398482
       -0.0004808545  -0.0216592374  -0.0222915620   0.0026303866  -0.0504110204
       -0.0447639944  -0.0031688715   0.0872959509   0.0862983895   0.0093496061
        0.0002212326   0.0000481787   0.0000761706   0.0000834894  -0.0000211258
       -0.0000069934  -0.0000013949  -0.0001162017  -0.0000095489  -0.0010557679
        0.0005805788  -0.0000607101  -0.0001202708  -0.0003708191   0.0004888615
       -0.0059174295  -0.0003512666  -0.0019236598   0.0010695254   0.0001698585
        0.0002368825   0.0019414503  -0.0039583250  -0.0001819098  -0.0026362243
       -0.0050291601   0.0035536412  -0.0082656255  -0.0090765124  -0.0104811333
        0.0001996814   0.0001895655  -0.0000091710   0.0013837699   0.0005377164
       -0.0001562182  -0.0143655765  -0.0065330002   0.0004107760  -0.0447836137
       -0.0921814884  -0.0044237617   0.0862983895   0.1464282454   0.0018566702
        0.0001816419  -0.0000210572   0.0000562669  -0.0000126171  -0.0000163213
       -0.0000858744   0.0001722829  -0.0000789357   0.0000097863   0.0006425681
        0.0010617624   0.0000040386  -0.0000955443  -0.0002764206   0.0002567609
       -0.0020440550   0.0004178416  -0.0009818487   0.0011608956   0.0003849856
       -0.0006013854  -0.0152569316  -0.0284088131   0.0040595192  -0.0048565090
       -0.0080773909   0.0052124848  -0.0086243822  -0.0134266895  -0.0056080434
        0.0000825938  -0.0000159479  -0.0000113630   0.0004172922   0.0000331057
        0.0004568479  -0.0021774946  -0.0045363270   0.0018520511   0.0062981981
        0.0096783318  -0.0383696319   0.0093496061   0.0018566702   0.2651116305
        0.0000566416   0.0000012983  -0.0000051757  -0.0001172132   0.0000296928
       -0.0001488492  -0.0000200079  -0.0000536761  -0.0000248329   0.0002148372
        0.0000079357   0.0003752874   0.0001882722   0.0002237646  -0.0002834614
       -0.0015396431  -0.0003308130  -0.0000451090  -0.0014208087  -0.0010347429
        0.0001031352  -0.0039373776  -0.0057843874   0.0020123150   0.0138523880
        0.0213147405  -0.0066911130  -0.0212472841  -0.0213896453  -0.2243317307
       -0.0959164200   0.0825612424   0.0575464919  -0.0179854119   0.0215474484
        0.0125784994  -0.0056562464   0.0004738241  -0.0027374324  -0.0009113849
        0.0012480093   0.0007494392   0.0002212326   0.0001816419   0.0000566416
        0.1136232554  -0.0975357641  -0.0652201087  -0.0011909737   0.0028313847
        0.0038541188   0.0072667690  -0.0114425250  -0.0072006931   0.0003386161
        0.0002093798   0.0005194914   0.0006552631   0.0001300962   0.0002753047
       -0.0000246415  -0.0001502094  -0.0000878592   0.0000874909  -0.0001417785
       -0.0002030574  -0.0005336524   0.0001188143  -0.0001472917   0.0000455521
        0.0000101957   0.0000470656  -0.0000194485  -0.0000417598  -0.0000306100
        0.0828570897  -0.1717953315  -0.0866221030   0.0042087522  -0.0036005898
       -0.0019111960   0.0016270397   0.0007145141   0.0009090014   0.0002073498
       -0.0001701815  -0.0002804108   0.0000481787  -0.0000210572   0.0000012983
       -0.0975357641   0.1965735398   0.1010929135  -0.0027128383   0.0045380725
        0.0022267001   0.0119360203  -0.0268529708  -0.0158038565  -0.0004040997
        0.0005374238  -0.0000115764  -0.0000577143  -0.0001839118   0.0001485579
       -0.0001315845   0.0003073506  -0.0000121596  -0.0001409031  -0.0000024703
        0.0001813782   0.0001119730  -0.0000447194   0.0000579066   0.0000057302
       -0.0000224408   0.0000191335  -0.0000192295   0.0000227723   0.0000044127
        0.0578755115  -0.0867651606  -0.1030190493  -0.0053902318   0.0072871710
        0.0049858967  -0.0015812327   0.0003432482   0.0000792323  -0.0004082042
        0.0002417963   0.0003350996   0.0000761706   0.0000562669  -0.0000051757
       -0.0652201087   0.1010929135   0.1169781926   0.0160292291  -0.0240724615
       -0.0214460684  -0.0010808757   0.0011015525   0.0014496639   0.0003233993
        0.0001696758   0.0000781375  -0.0002881675   0.0003543986   0.0004883867
       -0.0000064677   0.0001047151  -0.0000871378  -0.0002344952   0.0000365563
        0.0001393039  -0.0001419215   0.0000547249  -0.0000321406   0.0000681241
       -0.0000005863   0.0000607559  -0.0000207296  -0.0000048106  -0.0000050973
       -0.0434390147  -0.0039860808   0.0140163872  -0.0015953667   0.0075463807
       -0.0284760746   0.0008407823  -0.0003712326  -0.0010690951  -0.0000803215
       -0.0000875645   0.0001084308   0.0000834894  -0.0000126171  -0.0001172132
       -0.0011909737  -0.0027128383   0.0160292291   0.0517832827   0.0034947671
       -0.0136735184  -0.0014641958  -0.0054446952   0.0163911792   0.0008939399
        0.0002716016  -0.0003086386  -0.0054633193   0.0011652112  -0.0035756653
       -0.0000727681  -0.0000685596   0.0001021610  -0.0003792868   0.0002022421
        0.0003243842   0.0000538110  -0.0000224594   0.0000580897   0.0000701131
       -0.0000214256   0.0000937937  -0.0000401717   0.0000472704   0.0000965502
       -0.0037316933  -0.0588642793   0.0559007627   0.0011009332  -0.0007056007
        0.0040057182  -0.0001123287   0.0002036898   0.0007711932   0.0000381055
        0.0000406533  -0.0001135842  -0.0000211258  -0.0000163213   0.0000296928
        0.0028313847   0.0045380725  -0.0240724615   0.0034947671   0.0641446405
       -0.0654235551  -0.0045130286  -0.0100578730   0.0295076401  -0.0002753003
        0.0002372227  -0.0007143946   0.0008726116   0.0007192072   0.0003316053
       -0.0001189398  -0.0002026279   0.0001408493   0.0005134844   0.0000049356
       -0.0002433760  -0.0000125758  -0.0000315500  -0.0000087641  -0.0000713717
       -0.0000278191  -0.0000847345   0.0000050775   0.0000176496  -0.0000265916
        0.0138992127   0.0557513828  -0.2674221831  -0.0039918589   0.0039571425
       -0.0155211304   0.0008436688  -0.0003183575   0.0010681162   0.0002972255
       -0.0001282458   0.0002438985  -0.0000069934  -0.0000858744  -0.0001488492
        0.0038541188   0.0022267001  -0.0214460684  -0.0136735184  -0.0654235551
        0.3107197937   0.0022265055   0.0037240107  -0.0068872216   0.0004211820
       -0.0002184389   0.0002666793  -0.0036318095   0.0001855716  -0.0011432479
       -0.0000012264   0.0000935751  -0.0002246751  -0.0003933889   0.0001950352
        0.0003526046   0.0000236478   0.0000247981   0.0000447840   0.0001256209
       -0.0000382860  -0.0000382362   0.0000076134   0.0000545418   0.0001357355
       -0.1032869837  -0.1031958601   0.0130410581  -0.0204810587  -0.0246212220
        0.0010689386   0.0008403328  -0.0011026878  -0.0000964143   0.0002262188
       -0.0000655407   0.0000569163  -0.0000013949   0.0001722829  -0.0000200079
        0.0072667690   0.0119360203  -0.0010808757  -0.0014641958  -0.0045130286
        0.0022265055   0.1227992652   0.1209015511  -0.0129207340  -0.0063902042
        0.0000633214  -0.0027916048   0.0008717872  -0.0002437700   0.0004276148
       -0.0003442460   0.0007805022  -0.0000727040  -0.0001075914  -0.0000694269
        0.0001108447   0.0000559091  -0.0000001762   0.0000416970   0.0000355808
       -0.0000675601   0.0000041885  -0.0000201882   0.0000255944   0.0000045773
       -0.1032172331  -0.2184095667   0.0208878697  -0.0020550455   0.0012043748
       -0.0012339454   0.0009831555   0.0011550600   0.0002776996   0.0003231556
       -0.0000352158   0.0001104976  -0.0001162017  -0.0000789357  -0.0000536761
       -0.0114425250  -0.0268529708   0.0011015525  -0.0054446952  -0.0100578730
        0.0037240107   0.1209015511   0.2519184338  -0.0242054652   0.0000641800
        0.0008731092  -0.0004283879   0.0002286913   0.0002717837  -0.0002913409
       -0.0001189077   0.0001800864   0.0000491681  -0.0001346965  -0.0001791989
        0.0000781714   0.0000011426   0.0000117306   0.0000095376  -0.0000094492
       -0.0000100831  -0.0000343585   0.0000368777   0.0000092657   0.0000086668
        0.0132761493   0.0208979416  -0.0473693179  -0.0070769136  -0.0096719938
        0.0012467952   0.0004848813   0.0000558117   0.0002347988   0.0000551519
       -0.0000425953  -0.0000303464  -0.0000095489   0.0000097863  -0.0000248329
       -0.0072006931  -0.0158038565   0.0014496639   0.0163911792   0.0295076401
       -0.0068872216  -0.0129207340  -0.0242054652   0.0513723488  -0.0028235887
       -0.0001071070  -0.0001638478  -0.0002845568  -0.0007190918   0.0002369661
        0.0000695311  -0.0000689847   0.0001957828   0.0000660595   0.0001761409
       -0.0002228743   0.0000289978  -0.0000318770   0.0000025210  -0.0000548837
       -0.0000293875  -0.0000309920  -0.0000010312   0.0000330383  -0.0000094437
       -0.0204410244  -0.0242300762   0.0006687529  -0.0973872153  -0.0983917631
        0.0123706978   0.0063092359   0.0121422691  -0.0009491969   0.0005406139
        0.0002280035   0.0000869451  -0.0010557679   0.0006425681   0.0002148372
        0.0003386161  -0.0004040997   0.0003233993   0.0008939399  -0.0002753003
        0.0004211820  -0.0063902042   0.0000641800  -0.0028235887   0.1192395056
        0.1122364606  -0.0133371651  -0.0010743318  -0.0042816850   0.0020204969
       -0.0011559839   0.0026082816   0.0011626522   0.0003672953  -0.0001093850
       -0.0003032557  -0.0000375677  -0.0002701736   0.0000589962  -0.0000193217
       -0.0000130641  -0.0000529001  -0.0001277901   0.0000537842   0.0001381469
       -0.0009557535   0.0013732176  -0.0004232020  -0.0984695431  -0.2123731269
        0.0208813393  -0.0083553795  -0.0262244703  -0.0002607429  -0.0008146418
       -0.0001387524   0.0000417042   0.0005805788   0.0010617624   0.0000079357
        0.0002093798   0.0005374238   0.0001696758   0.0002716016   0.0002372227
       -0.0002184389   0.0000633214   0.0008731092  -0.0001071070   0.1122364606
        0.2485274358  -0.0222177622  -0.0063041082  -0.0098900866   0.0046504978
        0.0024387243  -0.0043927354  -0.0031329950  -0.0004633664   0.0006449607
        0.0004258601  -0.0003172969   0.0000636604   0.0001540218  -0.0000718697
       -0.0003009044   0.0001300541  -0.0000481074   0.0000012833  -0.0001008408
       -0.0072253562  -0.0091966079   0.0014319791   0.0123885707   0.0213103092
       -0.0489072283  -0.0060095894  -0.0141815249   0.0013705200  -0.0002853739
        0.0005067716   0.0003368355  -0.0000607101   0.0000040386   0.0003752874
        0.0005194914  -0.0000115764   0.0000781375  -0.0003086386  -0.0007143946
        0.0002666793  -0.0027916048  -0.0004283879  -0.0001638478  -0.0133371651
       -0.0222177622   0.0538545030   0.0162302809   0.0286560497  -0.0075504993
        0.0012341314  -0.0031889790  -0.0006946730  -0.0004420081  -0.0005750376
        0.0003101784  -0.0000503057   0.0000803837  -0.0001291699   0.0000665781
        0.0001779967  -0.0001677406   0.0000716994  -0.0002212787  -0.0004109613
       -0.0024673174   0.0073834858  -0.0286460823  -0.0433505055  -0.0056564057
        0.0156704672  -0.0025739950  -0.0010898460   0.0157236348   0.0005852271
       -0.0000516342   0.0013362311  -0.0001202708  -0.0000955443   0.0001882722
        0.0006552631  -0.0000577143  -0.0002881675  -0.0054633193   0.0008726116
       -0.0036318095   0.0008717872   0.0002286913  -0.0002845568  -0.0010743318
       -0.0063041082   0.0162302809   0.0541401945   0.0022840459  -0.0166875635
        0.0004171417  -0.0004592588  -0.0005446100  -0.0012617833   0.0026219360
        0.0017889871   0.0001233487  -0.0000664908  -0.0002307674  -0.0004738669
        0.0004047027  -0.0003182889  -0.0000075722  -0.0000144709  -0.0003060273
        0.0011250373  -0.0002360849   0.0042882591  -0.0058406687  -0.0579720842
        0.0521620135   0.0036097406   0.0031146471  -0.0224743240  -0.0001880966
        0.0005727498  -0.0004615160  -0.0003708191  -0.0002764206   0.0002237646
        0.0001300962  -0.0001839118   0.0003543986   0.0011652112   0.0007192072
        0.0001855716  -0.0002437700   0.0002717837  -0.0007190918  -0.0042816850
       -0.0098900866   0.0286560497   0.0022840459   0.0657372323  -0.0583128024
       -0.0001065942   0.0007583782  -0.0006661535   0.0027438821  -0.0026615041
       -0.0033479923  -0.0001563977  -0.0000112820   0.0000213339   0.0001325048
        0.0001116173   0.0002088321  -0.0000024869  -0.0000542413  -0.0001183429
       -0.0031979835   0.0041786675  -0.0148317321   0.0151191507   0.0514278389
       -0.2559645597   0.0042421258   0.0004136316  -0.0200553856  -0.0006299892
        0.0002284991   0.0008514045   0.0004888615   0.0002567609  -0.0002834614
        0.0002753047   0.0001485579   0.0004883867  -0.0035756653   0.0003316053
       -0.0011432479   0.0004276148  -0.0002913409   0.0002369661   0.0020204969
        0.0046504978  -0.0075504993  -0.0166875635  -0.0583128024   0.2995788259
       -0.0004222985   0.0003477362   0.0003605881   0.0018800064  -0.0033402753
       -0.0023630508  -0.0002486635   0.0000133334   0.0001734199   0.0004301190
       -0.0001105056   0.0003049428  -0.0001215163   0.0000577955   0.0001974028
        0.0010408193   0.0010822160   0.0003019485   0.0057565056   0.0120935851
       -0.0011519884  -0.0927760616  -0.0962440282   0.0145644342  -0.0201769907
       -0.0224363131   0.0011374415  -0.0059174295  -0.0020440550  -0.0015396431
       -0.0000246415  -0.0001315845  -0.0000064677  -0.0000727681  -0.0001189398
       -0.0000012264  -0.0003442460  -0.0001189077   0.0000695311  -0.0011559839
        0.0024387243   0.0012341314   0.0004171417  -0.0001065942  -0.0004222985
        0.1128939626   0.1095465244  -0.0163311335  -0.0005493963  -0.0035630292
        0.0018819472   0.0000978051  -0.0003449627   0.0003472492   0.0005218958
       -0.0002714049   0.0002126845   0.0002893874   0.0002187696  -0.0002966102
       -0.0006380506   0.0008389776   0.0001293369  -0.0083188464  -0.0259963833
       -0.0000314625  -0.0955418226  -0.2120458054   0.0265819406  -0.0021599312
       -0.0000274444  -0.0001788335  -0.0003512666   0.0004178416  -0.0003308130
       -0.0001502094   0.0003073506   0.0001047151  -0.0000685596  -0.0002026279
        0.0000935751   0.0007805022   0.0001800864  -0.0000689847   0.0026082816
       -0.0043927354  -0.0031889790  -0.0004592588   0.0007583782   0.0003477362
        0.1095465244   0.2487803577  -0.0279642249  -0.0058221149  -0.0094103915
        0.0046422603   0.0003071483   0.0005691467   0.0001451461   0.0001374059
        0.0000528706  -0.0001769663   0.0001301978   0.0001703787  -0.0001044463
       -0.0002774521   0.0003462661   0.0002301149  -0.0054917137  -0.0140487427
        0.0016115892   0.0142036790   0.0260664224  -0.0483305908  -0.0066926134
       -0.0078515849   0.0013561317  -0.0019236598  -0.0009818487  -0.0000451090
       -0.0000878592  -0.0000121596  -0.0000871378   0.0001021610   0.0001408493
       -0.0002246751  -0.0000727040   0.0000491681   0.0001957828   0.0011626522
       -0.0031329950  -0.0006946730  -0.0005446100  -0.0006661535   0.0003605881
       -0.0163311335  -0.0279642249   0.0532587135   0.0156147142   0.0283638449
       -0.0079602303   0.0003791160  -0.0000874419   0.0001943085  -0.0001506711
       -0.0003566381   0.0000704842   0.0001100943   0.0001352385   0.0000647030
        0.0005681498  -0.0001419268   0.0010702626  -0.0020347735  -0.0010423470
        0.0153590720  -0.0424914867  -0.0038374376   0.0101677711  -0.0036544976
        0.0057433357  -0.0287609969   0.0010695254   0.0011608956  -0.0014208087
        0.0000874909  -0.0001409031  -0.0002344952  -0.0003792868   0.0005134844
       -0.0003933889  -0.0001075914  -0.0001346965   0.0000660595   0.0003672953
       -0.0004633664  -0.0004420081  -0.0012617833   0.0027438821   0.0018800064
       -0.0005493963  -0.0058221149   0.0156147142   0.0532928286   0.0008915082
       -0.0102321780   0.0005172458  -0.0001726162  -0.0003464724  -0.0053207331
        0.0008108728  -0.0031421181  -0.0001029869  -0.0001085703   0.0008145806
       -0.0005362697   0.0004886851  -0.0004773944   0.0030890863   0.0032584475
       -0.0217144221  -0.0035690043  -0.0555275960   0.0493060990   0.0002488930
       -0.0005694657   0.0040934676   0.0001698585   0.0003849856  -0.0010347429
       -0.0001417785  -0.0000024703   0.0000365563   0.0002022421   0.0000049356
        0.0001950352  -0.0000694269  -0.0001791989   0.0001761409  -0.0001093850
        0.0006449607  -0.0005750376   0.0026219360  -0.0026615041  -0.0033402753
       -0.0035630292  -0.0094103915   0.0283638449   0.0008915082   0.0627337177
       -0.0554888384   0.0000353876  -0.0001364142   0.0003353968   0.0008484573
        0.0006331538  -0.0000661604  -0.0001184755   0.0003381546   0.0001903304
       -0.0006511266   0.0005328419   0.0011929095   0.0038802410   0.0000533665
       -0.0197422428   0.0099063529   0.0491488629  -0.2593047214  -0.0038769777
        0.0036924749  -0.0148505149   0.0002368825  -0.0006013854   0.0001031352
       -0.0002030574   0.0001813782   0.0001393039   0.0003243842  -0.0002433760
        0.0003526046   0.0001108447   0.0000781714  -0.0002228743  -0.0003032557
        0.0004258601   0.0003101784   0.0017889871  -0.0033479923  -0.0023630508
        0.0018819472   0.0046422603  -0.0079602303  -0.0102321780  -0.0554888384
        0.3026871632   0.0003492371   0.0000979117   0.0002284635  -0.0030151077
        0.0007679883  -0.0009668623  -0.0001971737   0.0000604759   0.0003967385
       -0.0008557397   0.0013119062   0.0007716083  -0.0051593462   0.0003340910
       -0.0028931525  -0.0170708544   0.0211004825   0.0108474858  -0.0878919588
        0.0862460151   0.0483686073   0.0019414503  -0.0152569316  -0.0039373776
       -0.0005336524   0.0001119730  -0.0001419215   0.0000538110  -0.0000125758
        0.0000236478   0.0000559091   0.0000011426   0.0000289978  -0.0000375677
       -0.0003172969  -0.0000503057   0.0001233487  -0.0001563977  -0.0002486635
        0.0000978051   0.0003071483   0.0003791160   0.0005172458   0.0000353876
        0.0003492371   0.1086068131  -0.0960326555  -0.0553160135  -0.0000584526
        0.0021362411   0.0019175685   0.0002111887   0.0001914701  -0.0000988343
        0.0001652889  -0.0003103622  -0.0002960892   0.0018027730   0.0008872640
        0.0008284625   0.0051077235  -0.0036145296  -0.0027088526   0.0934853896
       -0.1775200149  -0.0835628718  -0.0039583250  -0.0284088131  -0.0057843874
        0.0001188143  -0.0000447194   0.0000547249  -0.0000224594  -0.0000315500
        0.0000247981  -0.0000001762   0.0000117306  -0.0000318770  -0.0002701736
        0.0000636604   0.0000803837  -0.0000664908  -0.0000112820   0.0000133334
       -0.0003449627   0.0005691467  -0.0000874419  -0.0001726162  -0.0001364142
        0.0000979117  -0.0960326555   0.2046759144   0.0926138763  -0.0000340100
        0.0026313524  -0.0012419099   0.0002218802   0.0012386169  -0.0000000609
       -0.0002762985   0.0002622053   0.0003679846  -0.0015227193   0.0001050324
        0.0000221436  -0.0049334472   0.0071585212   0.0042812267   0.0480940731
       -0.0815410236  -0.0888707799  -0.0001819098   0.0040595192   0.0020123150
       -0.0001472917   0.0000579066  -0.0000321406   0.0000580897  -0.0000087641
        0.0000447840   0.0000416970   0.0000095376   0.0000025210   0.0000589962
        0.0001540218  -0.0001291699  -0.0002307674   0.0000213339   0.0001734199
        0.0003472492   0.0001451461   0.0001943085  -0.0003464724   0.0003353968
        0.0002284635  -0.0553160135   0.0926138763   0.0999737453   0.0146853890
       -0.0243775944  -0.0185971395  -0.0003305744   0.0010048851   0.0003283177
       -0.0000210201  -0.0000221924   0.0001723864   0.0009184378  -0.0004186948
       -0.0011069270  -0.0028407162   0.0048693365  -0.0278713768  -0.0388755414
        0.0016249981   0.0055586839  -0.0026362243  -0.0048565090   0.0138523880
        0.0000455521   0.0000057302   0.0000681241   0.0000701131  -0.0000713717
        0.0001256209   0.0000355808  -0.0000094492  -0.0000548837  -0.0000193217
       -0.0000718697   0.0000665781  -0.0004738669   0.0001325048   0.0004301190
        0.0005218958   0.0001374059  -0.0001506711  -0.0053207331   0.0008484573
       -0.0030151077  -0.0000584526  -0.0000340100   0.0146853890   0.0502030571
        0.0009854168  -0.0034292089  -0.0015487605  -0.0031197528   0.0006688857
       -0.0000163321  -0.0000104524  -0.0001010395  -0.0000664704   0.0002141584
        0.0007430955   0.0006397129   0.0003013256   0.0038297009   0.0034261858
       -0.0427485196   0.0308564937  -0.0050291601  -0.0080773909   0.0213147405
        0.0000101957  -0.0000224408  -0.0000005863  -0.0000214256  -0.0000278191
       -0.0000382860  -0.0000675601  -0.0000100831  -0.0000293875  -0.0000130641
       -0.0003009044   0.0001779967   0.0004047027   0.0001116173  -0.0001105056
       -0.0002714049   0.0000528706  -0.0003566381   0.0008108728   0.0006331538
        0.0007679883   0.0021362411   0.0026313524  -0.0243775944   0.0009854168
        0.0511945241  -0.0341698103  -0.0029279104  -0.0039413919   0.0014938321
        0.0002857481  -0.0001069297   0.0001892976   0.0009644956  -0.0002946860
        0.0011538983  -0.0044359862   0.0020810360  -0.0145180555   0.0035932983
        0.0273539286  -0.2774165385   0.0035536412   0.0052124848  -0.0066911130
        0.0000470656   0.0000191335   0.0000607559   0.0000937937  -0.0000847345
       -0.0000382362   0.0000041885  -0.0000343585  -0.0000309920  -0.0000529001
        0.0001300541  -0.0001677406  -0.0003182889   0.0002088321   0.0003049428
        0.0002126845  -0.0001769663   0.0000704842  -0.0031421181  -0.0000661604
       -0.0009668623   0.0019175685  -0.0012419099  -0.0185971395  -0.0034292089
       -0.0341698103   0.3161259352   0.0007060184   0.0011700863   0.0005213636
        0.0000179995  -0.0000183216  -0.0000145961   0.0000118917   0.0001551961
        0.0000278276   0.0006615195   0.0004871594   0.0007772838  -0.0004509183
       -0.0003337347   0.0116574574  -0.0082656255  -0.0086243822  -0.0212472841
       -0.0000194485  -0.0000192295  -0.0000207296  -0.0000401717   0.0000050775
        0.0000076134  -0.0000201882   0.0000368777  -0.0000010312  -0.0001277901
       -0.0000481074   0.0000716994  -0.0000075722  -0.0000024869  -0.0001215163
        0.0002893874   0.0001301978   0.0001100943  -0.0001029869  -0.0001184755
       -0.0001971737   0.0002111887   0.0002218802  -0.0003305744  -0.0015487605
       -0.0029279104   0.0007060184   0.0093914752   0.0110562593   0.0085749111
       -0.0000306990   0.0000166049  -0.0000316608  -0.0000123158  -0.0002518489
       -0.0002014414   0.0005388399   0.0003132937  -0.0003060251   0.0002720930
       -0.0017301163   0.0170983013  -0.0090765124  -0.0134266895  -0.0213896453
       -0.0000417598   0.0000227723  -0.0000048106   0.0000472704   0.0000176496
        0.0000545418   0.0000255944   0.0000092657   0.0000330383   0.0000537842
        0.0000012833  -0.0002212787  -0.0000144709  -0.0000542413   0.0000577955
        0.0002187696   0.0001703787   0.0001352385  -0.0001085703   0.0003381546
        0.0000604759   0.0001914701   0.0012386169   0.0010048851  -0.0031197528
       -0.0039413919   0.0011700863   0.0110562593   0.0172762682   0.0025404992
       -0.0001066567   0.0000072723   0.0000241029   0.0000373698   0.0001263796
       -0.0000016715  -0.0004233399  -0.0005556509   0.0006203320   0.0014081903
        0.0021425836  -0.0035091546  -0.0104811333  -0.0056080434  -0.2243317307
       -0.0000306100   0.0000044127  -0.0000050973   0.0000965502  -0.0000265916
        0.0001357355   0.0000045773   0.0000086668  -0.0000094437   0.0001381469
       -0.0001008408  -0.0004109613  -0.0003060273  -0.0001183429   0.0001974028
       -0.0002966102  -0.0001044463   0.0000647030   0.0008145806   0.0001903304
        0.0003967385  -0.0000988343  -0.0000000609   0.0003283177   0.0006688857
        0.0014938321   0.0005213636   0.0085749111   0.0025404992   0.2259793630
