           1           2   1.02059664348188     
           2           3   1.00240846675859     
           3           4   1.00084815398659     
           4           5  0.989471317629648     
           5           6   1.00576502565379     
           6           7   1.00741749691752     
           4           8  0.994613209807780     
           7           8   1.00780474854418     
           1           9  0.986705662755178     
           1          10  0.987196153660836     
           1          11  0.988161531957055     
           2          12  0.982006647987232     
           2          13  0.973243876090577     
           3          14  0.975918546292934     
           3          15  0.980117254692832     
           4          16  0.973917588844222     
           5          17  0.983668648087085     
           5          18  0.979397049109495     
           6          19  0.980706423636285     
           6          20  0.980240858060379     
           7          21  0.980165405479003     
           7          22  0.979508053139927     
           8          23  0.980651370556023     
           8          24  0.974597581445017     
