           1           2  0.901947416635765     
           2           3   1.11169604979550     
           3           4  0.947747359255016     
           4           5  0.980923180945542     
           4           6  0.980939145659602     
           3           7  0.885183431455817     
           3           8  0.885328463448863     
           1           9  0.972461779274141     
           1          10  0.979736002563301     
           1          11  0.979713843916945     
           4          12  0.953311619359568     
