           1           2   1.01972394524000     
           2           3   1.00705771193673     
           3           4  0.989081850698063     
           4           5   1.87109829829703     
           4           6  0.999272955640888     
           1           7  0.987009341831419     
           1           8  0.987701213346529     
           1           9  0.987769685134726     
           2          10  0.976555657200778     
           2          11  0.977880340476681     
           3          12  0.946089660131628     
           3          13  0.958691470707970     
           6          14  0.955832441294788     
           6          15  0.974574707916701     
           6          16  0.981012692239486     
