           1           2  0.968579721501657     
           2           3  0.973134553238807     
           3           4   1.00527584819927     
           2           5  0.993583924523741     
           1           6   1.00382503577554     
           1           7  0.971196150955046     
           1           8  0.969298335538838     
           2           9  0.959909164323571     
           3          10  0.968595880893381     
           3          11  0.969701916979138     
           4          12  0.860259474277998     
           5          13  0.859430675889279     
           6          14  0.857701487331739     
