   914
          4          1          4
          3          5          7
          3          8         10
          4         11         14
          5         15         19
          5         20         24
          2         25         26
          6         27         32
          2         33         34
          5         35         39
          6         40         45
          3         46         48
          4         49         52
          3         53         55
          1         56         56
          3         57         59
          1         60         60
          5         61         65
          4         66         69
          6         70         75
          1         76         76
          1         77         77
          2         78         79
          3         80         82
          3         83         85
          4         86         89
          2         90         91
          4         92         95
          5         96        100
          2        101        102
          6        103        108
          6        109        114
          4        115        118
          2        119        120
          2        121        122
          8        123        130
          2        131        132
          3        133        135
          5        136        140
          5        141        145
          2        146        147
          4        148        151
          4        152        155
          1        156        156
          3        157        159
          4        160        163
          3        164        166
          4        167        170
          5        171        175
          6        176        181
          1        182        182
          1        183        183
          4        184        187
          2        188        189
          1        190        190
          4        191        194
          3        195        197
          3        198        200
          2        201        202
          6        203        208
          2        209        210
          2        211        212
          3        213        215
          3        216        218
          2        219        220
          3        221        223
          3        224        226
          2        227        228
          5        229        233
          2        234        235
          3        236        238
          3        239        241
          3        242        244
          4        245        248
          2        249        250
          3        251        253
          2        254        255
          1        256        256
          3        257        259
          5        260        264
          2        265        266
          1        267        267
          3        268        270
          4        271        274
          9        275        283
          4        284        287
          2        288        289
          6        290        295
          2        296        297
          4        298        301
          1        302        302
          4        303        306
          6        307        312
          2        313        314
          2        315        316
          4        317        320
          2        321        322
          4        323        326
          4        327        330
          2        331        332
          3        333        335
          4        336        339
          4        340        343
          4        344        347
          2        348        349
          1        350        350
          2        351        352
          5        353        357
          2        358        359
          3        360        362
          3        363        365
          2        366        367
          3        368        370
          2        371        372
          6        373        378
          3        379        381
          3        382        384
          1        385        385
          2        386        387
          2        388        389
          3        390        392
          6        393        398
          5        399        403
          6        404        409
          3        410        412
          3        413        415
          1        416        416
          2        417        418
          3        419        421
          1        422        422
          5        423        427
          1        428        428
          2        429        430
          2        431        432
          2        433        434
          1        435        435
          5        436        440
          4        441        444
          7        445        451
          1        452        452
          1        453        453
          5        454        458
          3        459        461
          1        462        462
          6        463        468
          1        469        469
          1        470        470
          1        471        471
          1        472        472
          2        473        474
          1        475        475
          1        476        476
          2        477        478
          4        479        482
          1        483        483
          4        484        487
          3        488        490
          2        491        492
          2        493        494
          3        495        497
          2        498        499
          1        500        500
          2        501        502
          3        503        505
          2        506        507
          1        508        508
          4        509        512
          1        513        513
          2        514        515
          3        516        518
          2        519        520
          3        521        523
          4        524        527
          6        528        533
          1        534        534
          3        535        537
          2        538        539
          2        540        541
          6        542        547
          6        548        553
          2        554        555
          1        556        556
          5        557        561
          5        562        566
          1        567        567
          2        568        569
          1        570        570
          3        571        573
          2        574        575
          4        576        579
          1        580        580
          1        581        581
          6        582        587
          3        588        590
          1        591        591
          4        592        595
          2        596        597
          1        598        598
          3        599        601
          2        602        603
          1        604        604
          3        605        607
          1        608        608
          2        609        610
          2        611        612
          1        613        613
          2        614        615
          2        616        617
          1        618        618
          1        619        619
          3        620        622
          1        623        623
          1        624        624
          1        625        625
          2        626        627
          5        628        632
          4        633        636
          1        637        637
          1        638        638
          3        639        641
          1        642        642
          1        643        643
          4        644        647
          1        648        648
          1        649        649
          2        650        651
          4        652        655
          4        656        659
          1        660        660
          2        661        662
          1        663        663
          2        664        665
          2        666        667
          2        668        669
          2        670        671
          4        672        675
          1        676        676
          2        677        678
          2        679        680
          4        681        684
          5        685        689
          1        690        690
          1        691        691
          1        692        692
          5        693        697
          4        698        701
          1        702        702
          1        703        703
          1        704        704
          5        705        709
          1        710        710
          2        711        712
          1        713        713
          1        714        714
          1        715        715
          1        716        716
          1        717        717
          4        718        721
          1        722        722
          1        723        723
          1        724        724
          1        725        725
          1        726        726
          2        727        728
          3        729        731
          1        732        732
          1        733        733
          1        734        734
          2        735        736
          2        737        738
          3        739        741
          1        742        742
          3        743        745
          3        746        748
          1        749        749
          3        750        752
          4        753        756
          1        757        757
          6        758        763
          1        764        764
          3        765        767
          2        768        769
          2        770        771
          2        772        773
          1        774        774
          2        775        776
          4        777        780
          2        781        782
          4        783        786
          4        787        790
          1        791        791
          1        792        792
          1        793        793
          1        794        794
          1        795        795
          1        796        796
          1        797        797
          3        798        800
          1        801        801
          4        802        805
          2        806        807
          2        808        809
          2        810        811
          2        812        813
          3        814        816
          3        817        819
          1        820        820
          3        821        823
          1        824        824
          1        825        825
          1        826        826
          4        827        830
          1        831        831
          1        832        832
          1        833        833
          3        834        836
          3        837        839
          3        840        842
          1        843        843
          1        844        844
          2        845        846
          2        847        848
          1        849        849
          3        850        852
          1        853        853
          1        854        854
          1        855        855
          2        856        857
          1        858        858
          2        859        860
          5        861        865
          4        866        869
          3        870        872
          1        873        873
          2        874        875
          1        876        876
          1        877        877
          5        878        882
          4        883        886
          2        887        888
          1        889        889
          1        890        890
          1        891        891
          1        892        892
          1        893        893
          3        894        896
          2        897        898
          1        899        899
          1        900        900
          1        901        901
          1        902        902
          3        903        905
          1        906        906
          2        907        908
          2        909        910
          1        911        911
          1        912        912
          1        913        913
          1        914        914
          1        915        915
          1        916        916
          4        917        920
          2        921        922
          2        923        924
          3        925        927
          4        928        931
          1        932        932
          1        933        933
          1        934        934
          1        935        935
          5        936        940
          1        941        941
          1        942        942
          3        943        945
          3        946        948
          2        949        950
          1        951        951
          3        952        954
          2        955        956
          4        957        960
          4        961        964
          2        965        966
          1        967        967
          1        968        968
          1        969        969
          3        970        972
          1        973        973
          1        974        974
          2        975        976
          1        977        977
          1        978        978
          2        979        980
          5        981        985
          1        986        986
          1        987        987
          1        988        988
          1        989        989
          3        990        992
          2        993        994
          1        995        995
          1        996        996
          1        997        997
          1        998        998
          1        999        999
          1       1000       1000
          1       1001       1001
          1       1002       1002
          1       1003       1003
          1       1004       1004
          3       1005       1007
          4       1008       1011
          1       1012       1012
          1       1013       1013
          1       1014       1014
          1       1015       1015
          2       1016       1017
          1       1018       1018
          3       1019       1021
          1       1022       1022
          3       1023       1025
          1       1026       1026
          2       1027       1028
          1       1029       1029
          1       1030       1030
          2       1031       1032
          2       1033       1034
          2       1035       1036
          3       1037       1039
          2       1040       1041
          2       1042       1043
          2       1044       1045
          1       1046       1046
          1       1047       1047
          1       1048       1048
          1       1049       1049
          1       1050       1050
          1       1051       1051
          1       1052       1052
          2       1053       1054
          4       1055       1058
          2       1059       1060
          1       1061       1061
          3       1062       1064
          2       1065       1066
          1       1067       1067
          3       1068       1070
          2       1071       1072
          1       1073       1073
          1       1074       1074
          2       1075       1076
          2       1077       1078
          1       1079       1079
          2       1080       1081
          1       1082       1082
          2       1083       1084
          2       1085       1086
          2       1087       1088
          1       1089       1089
          2       1090       1091
          2       1092       1093
          2       1094       1095
          2       1096       1097
          1       1098       1098
          1       1099       1099
          1       1100       1100
          2       1101       1102
          2       1103       1104
          2       1105       1106
          1       1107       1107
          1       1108       1108
          1       1109       1109
          1       1110       1110
          2       1111       1112
          1       1113       1113
          3       1114       1116
          1       1117       1117
          1       1118       1118
          1       1119       1119
          1       1120       1120
          2       1121       1122
          3       1123       1125
          3       1126       1128
          1       1129       1129
          1       1130       1130
          1       1131       1131
          1       1132       1132
          1       1133       1133
          1       1134       1134
          1       1135       1135
          1       1136       1136
          2       1137       1138
          1       1139       1139
          2       1140       1141
          1       1142       1142
          1       1143       1143
          2       1144       1145
          1       1146       1146
          3       1147       1149
          1       1150       1150
          1       1151       1151
          1       1152       1152
          1       1153       1153
          1       1154       1154
          2       1155       1156
          1       1157       1157
          1       1158       1158
          1       1159       1159
          1       1160       1160
          2       1161       1162
          1       1163       1163
          2       1164       1165
          1       1166       1166
          2       1167       1168
          4       1169       1172
          2       1173       1174
          1       1175       1175
          5       1176       1180
          4       1181       1184
          1       1185       1185
          1       1186       1186
          3       1187       1189
          2       1190       1191
          1       1192       1192
          1       1193       1193
          3       1194       1196
          1       1197       1197
          1       1198       1198
          1       1199       1199
          1       1200       1200
          1       1201       1201
          4       1202       1205
          1       1206       1206
          2       1207       1208
          1       1209       1209
          1       1210       1210
          1       1211       1211
          2       1212       1213
          1       1214       1214
          1       1215       1215
          1       1216       1216
          1       1217       1217
          1       1218       1218
          1       1219       1219
          2       1220       1221
          2       1222       1223
          1       1224       1224
          1       1225       1225
          3       1226       1228
          2       1229       1230
          1       1231       1231
          1       1232       1232
          1       1233       1233
          2       1234       1235
          1       1236       1236
          1       1237       1237
          1       1238       1238
          1       1239       1239
          1       1240       1240
          3       1241       1243
          2       1244       1245
          2       1246       1247
          4       1248       1251
          2       1252       1253
          1       1254       1254
          2       1255       1256
          1       1257       1257
          1       1258       1258
          3       1259       1261
          1       1262       1262
          1       1263       1263
          2       1264       1265
          1       1266       1266
          1       1267       1267
          2       1268       1269
          1       1270       1270
          1       1271       1271
          2       1272       1273
          1       1274       1274
          2       1275       1276
          3       1277       1279
          1       1280       1280
          1       1281       1281
          3       1282       1284
          1       1285       1285
          2       1286       1287
          1       1288       1288
          3       1289       1291
          1       1292       1292
          1       1293       1293
          1       1294       1294
          2       1295       1296
          1       1297       1297
          1       1298       1298
          1       1299       1299
          2       1300       1301
          2       1302       1303
          1       1304       1304
          1       1305       1305
          2       1306       1307
          1       1308       1308
          1       1309       1309
          1       1310       1310
          1       1311       1311
          1       1312       1312
          1       1313       1313
          1       1314       1314
          1       1315       1315
          2       1316       1317
          2       1318       1319
          1       1320       1320
          1       1321       1321
          1       1322       1322
          1       1323       1323
          2       1324       1325
          2       1326       1327
          1       1328       1328
          1       1329       1329
          1       1330       1330
          3       1331       1333
          2       1334       1335
          1       1336       1336
          2       1337       1338
          2       1339       1340
          2       1341       1342
          1       1343       1343
          1       1344       1344
          1       1345       1345
          1       1346       1346
          1       1347       1347
          1       1348       1348
          1       1349       1349
          1       1350       1350
          1       1351       1351
          1       1352       1352
          1       1353       1353
          2       1354       1355
          1       1356       1356
          1       1357       1357
          4       1358       1361
          2       1362       1363
          1       1364       1364
          1       1365       1365
          1       1366       1366
          1       1367       1367
          2       1368       1369
          2       1370       1371
          3       1372       1374
          1       1375       1375
          2       1376       1377
          2       1378       1379
          1       1380       1380
          2       1381       1382
          2       1383       1384
          2       1385       1386
          1       1387       1387
          1       1388       1388
          2       1389       1390
          1       1391       1391
          2       1392       1393
          1       1394       1394
          1       1395       1395
          2       1396       1397
          1       1398       1398
          1       1399       1399
          1       1400       1400
          1       1401       1401
          1       1402       1402
          1       1403       1403
          1       1404       1404
          1       1405       1405
          1       1406       1406
          2       1407       1408
          1       1409       1409
          2       1410       1411
          1       1412       1412
          2       1413       1414
          1       1415       1415
          1       1416       1416
          2       1417       1418
          1       1419       1419
          1       1420       1420
          1       1421       1421
          1       1422       1422
          3       1423       1425
          1       1426       1426
          1       1427       1427
          1       1428       1428
          1       1429       1429
          2       1430       1431
          2       1432       1433
          2       1434       1435
          1       1436       1436
          4       1437       1440
          1       1441       1441
          1       1442       1442
          3       1443       1445
          2       1446       1447
          2       1448       1449
          1       1450       1450
          1       1451       1451
          1       1452       1452
          1       1453       1453
          1       1454       1454
          1       1455       1455
          1       1456       1456
          2       1457       1458
          1       1459       1459
          1       1460       1460
          1       1461       1461
          1       1462       1462
          1       1463       1463
          6       1464       1469
          1       1470       1470
          1       1471       1471
          1       1472       1472
          2       1473       1474
          1       1475       1475
          1       1476       1476
          1       1477       1477
          1       1478       1478
          1       1479       1479
          2       1480       1481
          1       1482       1482
          1       1483       1483
          1       1484       1484
          1       1485       1485
          1       1486       1486
          2       1487       1488
          1       1489       1489
          1       1490       1490
          1       1491       1491
          1       1492       1492
          1       1493       1493
          1       1494       1494
          2       1495       1496
          1       1497       1497
          2       1498       1499
          1       1500       1500
          1       1501       1501
          1       1502       1502
          1       1503       1503
          1       1504       1504
          1       1505       1505
          1       1506       1506
          1       1507       1507
          1       1508       1508
          2       1509       1510
          2       1511       1512
          1       1513       1513
          1       1514       1514
          2       1515       1516
          3       1517       1519
          3       1520       1522
          1       1523       1523
          1       1524       1524
          1       1525       1525
          2       1526       1527
          1       1528       1528
          1       1529       1529
          1       1530       1530
          3       1531       1533
          2       1534       1535
          1       1536       1536
          2       1537       1538
          1       1539       1539
          1       1540       1540
          1       1541       1541
          2       1542       1543
          1       1544       1544
          1       1545       1545
          1       1546       1546
          2       1547       1548
          1       1549       1549
          1       1550       1550
          1       1551       1551
          2       1552       1553
          1       1554       1554
          1       1555       1555
          1       1556       1556
          1       1557       1557
          1       1558       1558
          3       1559       1561
          1       1562       1562
          1       1563       1563
          1       1564       1564
          2       1565       1566
          1       1567       1567
          1       1568       1568
          1       1569       1569
          1       1570       1570
          1       1571       1571
          2       1572       1573
          1       1574       1574
          1       1575       1575
          2       1576       1577
          1       1578       1578
          2       1579       1580
          1       1581       1581
          1       1582       1582
          1       1583       1583
          1       1584       1584
          1       1585       1585
          4       1586       1589
          2       1590       1591
          1       1592       1592
          1       1593       1593
          2       1594       1595
          1       1596       1596
          1       1597       1597
          2       1598       1599
          1       1600       1600
          1       1601       1601
          1       1602       1602
          2       1603       1604
          1       1605       1605
          1       1606       1606
          2       1607       1608
          1       1609       1609
          2       1610       1611
          1       1612       1612
          1       1613       1613
          1       1614       1614
          1       1615       1615
          1       1616       1616
          1       1617       1617
          1       1618       1618
          1       1619       1619
          1       1620       1620
          1       1621       1621
          2       1622       1623
          1       1624       1624
          1       1625       1625
          1       1626       1626
          1       1627       1627
          1       1628       1628
          2       1629       1630
          2       1631       1632
          1       1633       1633
          1       1634       1634
          2       1635       1636
          2       1637       1638
          1       1639       1639
          1       1640       1640
          1       1641       1641
          1       1642       1642
          1       1643       1643
          3       1644       1646
          1       1647       1647
          1       1648       1648
          1       1649       1649
          1       1650       1650
          1       1651       1651
          1       1652       1652
          1       1653       1653
          1       1654       1654
          1       1655       1655
          1       1656       1656
          1       1657       1657
          2       1658       1659
          2       1660       1661
          1       1662       1662
          2       1663       1664
          1       1665       1665
          3       1666       1668
          2       1669       1670
          1       1671       1671
          1       1672       1672
          1       1673       1673
          1       1674       1674
          1       1675       1675
          1       1676       1676
          1       1677       1677
          1       1678       1678
          1       1679       1679
          1       1680       1680
          1       1681       1681
          1       1682       1682
          1       1683       1683
          1       1684       1684
          1       1685       1685
          1       1686       1686
          3       1687       1689
          1       1690       1690
          1       1691       1691
          1       1692       1692
          1       1693       1693
          1       1694       1694
          1       1695       1695
          1       1696       1696
          1       1697       1697
          1       1698       1698
          1       1699       1699
          1       1700       1700
          1       1701       1701
          1       1702       1702
          1       1703       1703
          1       1704       1704
          1       1705       1705
          3       1706       1708
          1       1709       1709
          1       1710       1710
          1       1711       1711
          1       1712       1712
          3       1713       1715
          2       1716       1717
          1       1718       1718
          1       1719       1719
          1       1720       1720
          1       1721       1721
          1       1722       1722
          1       1723       1723
          1       1724       1724
          1       1725       1725
          1       1726       1726
