           1           2   1.02023568540734     
           2           3  0.996057845573560     
           3           4  0.967170195126573     
           3           5   1.00972470749761     
           3           6  0.982973281487947     
           6           7  0.996765233001149     
           1           8  0.983648695152294     
           1           9  0.986361520819300     
           1          10  0.987181158408769     
           2          11  0.977502094871027     
           2          12  0.977674050082175     
           5          13  0.981460717966018     
           5          14  0.985423723294872     
           5          15  0.986036355387112     
           6          16  0.971434920677647     
           6          17  0.972783089844239     
           7          18  0.864659187836309     
