           1           2   1.02008424283695     
           2           3   1.00777210056568     
           3           4   1.00777343442187     
           4           5   1.02007721683485     
           1           6  0.987602380341232     
           1           7  0.987413934444948     
           1           8  0.985896146834149     
           2           9  0.978514197797319     
           2          10  0.976299561810295     
           3          11  0.977562780200936     
           3          12  0.977563522104189     
           4          13  0.976296841120303     
           4          14  0.978516328893332     
           5          15  0.987594653970052     
           5          16  0.987414472290936     
           5          17  0.985913278468413     
