$hessian                                                                        
        0.4915046750  -0.0161385737   0.0277739429  -0.1194378018  -0.0340212904
        0.0579247146  -0.0220986619  -0.0052459093   0.0184207075   0.0005995289
       -0.0000959402  -0.0003036706   0.0001732974  -0.0001114715   0.0001669391
       -0.0000825700   0.0000303400  -0.0000372561   0.0000150877  -0.0001081565
       -0.0000564785   0.0000794299   0.0000667797  -0.0000081951  -0.2140466469
        0.1077629461  -0.0099827684  -0.0529008955  -0.0447190779  -0.0111648098
       -0.0778643307  -0.0060857971  -0.0855729325   0.0060256173   0.0036358585
       -0.0055457057  -0.0067208167  -0.0062749152   0.0069354593   0.0010274673
       -0.0011648479  -0.0003048208  -0.0044425954   0.0023945567   0.0010532523
       -0.0013688129   0.0001160135   0.0005543767  -0.0000491104  -0.0000011467
        0.0000127035  -0.0000455378  -0.0000358596   0.0000289370  -0.0000798760
       -0.0000151390   0.0000060029   0.0000297848  -0.0000364014  -0.0000143114
       -0.0000968760   0.0000092314   0.0000130981   0.0000033492   0.0000585932
       -0.0000167853  -0.0001190201   0.0000171076   0.0000067406  -0.0001046855
       -0.0000369003   0.0001108597
       -0.0161385737   0.5132930756   0.0152749196  -0.0329899232  -0.0862396542
        0.0340527431   0.0082465044   0.0043897484  -0.0092168686  -0.0001335532
        0.0000338288  -0.0000421905  -0.0000702485  -0.0000049459  -0.0000116475
        0.0000147403  -0.0001145173   0.0000986243   0.0000944907  -0.0000150297
        0.0000471651   0.0000546634  -0.0003796234  -0.0000384748   0.1076080223
       -0.1112613882   0.0043882094  -0.0446827259  -0.2613830434  -0.0478489696
       -0.0061330911  -0.0458140478  -0.0162068815  -0.0007638951   0.0006091444
        0.0016227261  -0.0201656920  -0.0144217188   0.0200272802   0.0013140498
        0.0014566665  -0.0007242682   0.0035110093  -0.0009940794  -0.0010810419
        0.0001455707   0.0001408296  -0.0002664438   0.0000193894   0.0000356760
       -0.0000083541   0.0000229448   0.0001434239  -0.0000244804   0.0000543323
        0.0000603718  -0.0000072532  -0.0000311070   0.0000456999  -0.0000279010
        0.0000280855   0.0000484364   0.0000042251   0.0000028812   0.0000181062
       -0.0000837913  -0.0000321569   0.0001652609  -0.0000083637   0.0000242825
        0.0001877800   0.0000810375
        0.0277739429   0.0152749196   0.4964570890   0.0559806184   0.0343234587
       -0.1296605294   0.0064352692  -0.0013011681  -0.0023239078   0.0004372045
        0.0000681191  -0.0002802870  -0.0000030724  -0.0001145387  -0.0000818666
       -0.0000530612   0.0000813171  -0.0001179078   0.0000166468  -0.0000201799
       -0.0001755648  -0.0000228021   0.0000916770  -0.0002252350  -0.0096983461
        0.0042063921  -0.0430857170  -0.0111340049  -0.0479080141  -0.0544636585
       -0.0854990392  -0.0165736176  -0.2460636276   0.0182985583   0.0120164394
       -0.0254829308  -0.0015054738  -0.0004854983   0.0032381879  -0.0002447754
        0.0003913851   0.0002883629   0.0005793324  -0.0002438588   0.0010118425
       -0.0012540538   0.0002581174   0.0004675685  -0.0000125132  -0.0000223013
        0.0000430975   0.0000258143   0.0000078704   0.0000342255  -0.0000386811
       -0.0000132647   0.0000483479  -0.0000276179   0.0000237733   0.0000871680
       -0.0000281564  -0.0000193526   0.0000400917  -0.0000223557  -0.0000659049
        0.0000998910  -0.0000600102   0.0000228539   0.0000647593   0.0000565766
        0.0000013759   0.0000806009
       -0.1194378018  -0.0329899232   0.0559806184   0.4646662137   0.0173232289
        0.0223890978  -0.1507801370   0.0577455873   0.0093434180  -0.0184942680
        0.0091567479  -0.0053182286  -0.0011263332  -0.0004236924  -0.0025037169
       -0.0000548629   0.0000132503   0.0002341298  -0.0000411540   0.0001242856
        0.0000811602   0.0002982017   0.0000070609   0.0002455184  -0.0210842038
       -0.0084154646   0.0191582841  -0.0063974580  -0.0063418926   0.0056343601
        0.0073828219   0.0035031176  -0.0051373740  -0.0849785909  -0.0029534405
       -0.0908804038  -0.0528215686  -0.0479485209  -0.0138656871   0.0025408016
        0.0003184674   0.0000294739  -0.0187339899   0.0104204605   0.0043324921
        0.0004839600  -0.0001398945   0.0009075487  -0.0007332753   0.0005462915
       -0.0000337854   0.0000520565  -0.0002091717  -0.0000927943   0.0000466812
       -0.0000141073  -0.0000042246   0.0000280478  -0.0000331865  -0.0001327369
       -0.0000033189   0.0000202859   0.0000089236  -0.0000870132   0.0000444700
       -0.0000506980   0.0000466202   0.0001561802   0.0000029313  -0.0007714292
        0.0000898603  -0.0003283069
       -0.0340212904  -0.0862396542   0.0343234587   0.0173232289   0.5107749915
        0.0173239681   0.0559131052  -0.1056818930  -0.0067596105   0.0021926602
        0.0006452933   0.0038332529  -0.0000197814   0.0001879183  -0.0000574935
        0.0000308244  -0.0002209070  -0.0000828223   0.0001835706  -0.0002833098
       -0.0001318210   0.0006031796  -0.0005961336   0.0000155012   0.0102840592
        0.0052078738  -0.0096335607  -0.0205599005  -0.0151315515   0.0198690244
        0.0008667320   0.0006304604   0.0007176499  -0.0028187934  -0.0453821982
       -0.0041689933  -0.0473469499  -0.2467709402  -0.0524258006   0.0254913033
       -0.0227623733  -0.0034585063  -0.0056046614   0.0045461583   0.0013557800
        0.0000200319   0.0003125016  -0.0000984985  -0.0000489529   0.0002422632
       -0.0000764482  -0.0000504474   0.0002887497   0.0000005980  -0.0000780276
        0.0000804488  -0.0000174215   0.0000084474  -0.0000081629   0.0001038187
       -0.0001247375   0.0000412359   0.0000161123  -0.0000054446   0.0001038063
        0.0000347250  -0.0003018108   0.0000635033  -0.0001324848  -0.0019363446
       -0.0000480806  -0.0005504280
        0.0579247146   0.0340527431  -0.1296605294   0.0223890978   0.0173239681
        0.5060576490   0.0048508255  -0.0046249026  -0.0658988844  -0.0190001078
        0.0117626202   0.0006020570  -0.0029507669   0.0000076264  -0.0036801041
       -0.0000131412   0.0000046240  -0.0000739895  -0.0000068278  -0.0000233426
       -0.0001773859   0.0001839558   0.0000411825   0.0001791128   0.0022578960
        0.0001129953  -0.0011454575  -0.0018317071   0.0003352465   0.0034010274
        0.0178189404   0.0110897421  -0.0245879642  -0.0910336125  -0.0042294871
       -0.2248820771  -0.0133995984  -0.0516365034  -0.0575031228   0.0041266022
       -0.0035005714   0.0004658516   0.0205988021  -0.0121374131  -0.0038621479
       -0.0001274337   0.0004521118   0.0007290743  -0.0011361534   0.0007542322
       -0.0001883842   0.0000987503  -0.0000381054  -0.0000983260  -0.0000153580
        0.0000012546   0.0001285390  -0.0000995571   0.0000841804   0.0000964109
       -0.0000107664   0.0000318011   0.0000891127  -0.0000092542  -0.0000698147
        0.0000952068  -0.0000843778   0.0001679304  -0.0000045447  -0.0005309224
        0.0000378816  -0.0000811238
       -0.0220986619   0.0082465044   0.0064352692  -0.1507801370   0.0559131052
        0.0048508255   0.4715409993   0.0259439662  -0.0265423831  -0.1011107027
       -0.0061597845  -0.0524024493  -0.0181335877   0.0039863773  -0.0190701481
        0.0003772902  -0.0000943285   0.0002680959   0.0001649891   0.0001655176
        0.0004319851  -0.0090230175  -0.0053836098  -0.0113059841  -0.0026306567
       -0.0011408170   0.0029847435   0.0006739875   0.0008876290  -0.0004545547
        0.0004610669   0.0001684738  -0.0004565548  -0.0174301902   0.0110091813
       -0.0020626521   0.0034537662   0.0006216584   0.0004278209  -0.0561124351
       -0.0562499188  -0.0058768795  -0.1021738965  -0.0390345353   0.0952344343
        0.0074099751   0.0009125531   0.0102690323  -0.0038222392   0.0022603060
       -0.0007628896   0.0008468918  -0.0013564187  -0.0005814672  -0.0000632173
       -0.0000458512  -0.0000654918  -0.0003398164   0.0000993421  -0.0003772369
       -0.0000059178  -0.0000273276  -0.0000076340  -0.0002588301  -0.0001028490
       -0.0002357776  -0.0011179179  -0.0016955235  -0.0006094307   0.0001722579
        0.0010763493  -0.0000906733
       -0.0052459093   0.0043897484  -0.0013011681   0.0577455873  -0.1056818930
       -0.0046249026   0.0259439662   0.5131891079  -0.0152700067  -0.0080247620
       -0.0636652048  -0.0073557830   0.0117444223  -0.0021188358   0.0138322091
       -0.0000587095  -0.0002005995   0.0002522624   0.0000762593  -0.0002688999
       -0.0001105182  -0.0155468772  -0.0053083084  -0.0208367179  -0.0023660986
        0.0000667396   0.0016881256  -0.0013647661   0.0011723623   0.0004069368
        0.0001130417   0.0003149920  -0.0000969730   0.0024125506  -0.0004952631
        0.0002633294   0.0245702236  -0.0209154449  -0.0025975199  -0.0556858705
       -0.2494471190  -0.0272877634  -0.0390763667  -0.0679914697   0.0578807112
        0.0028805335   0.0014157533   0.0054999470   0.0041195666  -0.0021268986
        0.0005276018   0.0010809841   0.0008618532   0.0011700915   0.0001884007
        0.0001409821  -0.0000011541  -0.0000866086   0.0001393458   0.0001901632
       -0.0001079533   0.0001422781   0.0000584118  -0.0000573968   0.0000031618
       -0.0001959160  -0.0035401361  -0.0046634994  -0.0014338339   0.0002859189
        0.0010471115  -0.0006575328
        0.0184207075  -0.0092168686  -0.0023239078   0.0093434180  -0.0067596105
       -0.0658988844  -0.0265423831  -0.0152700067   0.4889135720  -0.0528187503
       -0.0050800867  -0.1499099100  -0.0050228427   0.0025828853  -0.0010942957
       -0.0001621441  -0.0002452349  -0.0000378162  -0.0001391165   0.0000942638
        0.0000934651  -0.0056326454  -0.0059018926  -0.0048984735   0.0034235970
        0.0009994318  -0.0025451374  -0.0004171783  -0.0004900429   0.0005211800
       -0.0001613129  -0.0004334928   0.0004868714  -0.0228267476   0.0145855637
       -0.0011848080   0.0058686469  -0.0046463166   0.0003015123  -0.0059450734
       -0.0273268769  -0.0480439894   0.0953989570   0.0582400611  -0.1893691363
       -0.0136229631  -0.0004452217  -0.0278430597   0.0001330559  -0.0005021187
        0.0010760258   0.0007841867  -0.0005641650   0.0004843414   0.0001565143
       -0.0000418328  -0.0000458734   0.0001875887  -0.0002056276   0.0000499411
        0.0001598377   0.0000856268  -0.0000507235   0.0001444206   0.0002756636
       -0.0000230847  -0.0007179372  -0.0004417212   0.0008109488  -0.0000118357
        0.0007076200   0.0005312420
        0.0005995289  -0.0001335532   0.0004372045  -0.0184942680   0.0021926602
       -0.0190001078  -0.1011107027  -0.0080247620  -0.0528187503   0.5117847436
        0.0232581535  -0.0415272783  -0.1321370216   0.0591060132   0.0038770145
       -0.0269227239   0.0037126260   0.0082627715  -0.0206325751  -0.0148472040
        0.0044080591  -0.0870259593  -0.0482159843  -0.0052256966   0.0000179566
       -0.0000876265  -0.0001495089  -0.0001953973  -0.0000028969  -0.0001312862
       -0.0011641235   0.0002485100  -0.0003131972  -0.0041172606   0.0025232759
       -0.0004366046   0.0008076859  -0.0010183064  -0.0002017145  -0.0073433204
       -0.0036700008  -0.0105754517   0.0074284446   0.0009150748   0.0102524594
       -0.1065048694  -0.0236525467   0.1021191870  -0.0141729043   0.0104587302
       -0.0017299159   0.0049490685  -0.0030213890  -0.0005943088  -0.0029832529
       -0.0014366187   0.0029371875  -0.0001966770  -0.0002077991   0.0001147973
       -0.0036888166  -0.0001134804   0.0027817501  -0.0004166003  -0.0000084472
        0.0002283783  -0.0067094016  -0.0117789945  -0.0032026239   0.0082284464
        0.0138045660   0.0004876354
       -0.0000959402   0.0000338288   0.0000681191   0.0091567479   0.0006452933
        0.0117626202  -0.0061597845  -0.0636652048  -0.0050800867   0.0232581535
        0.4371871025  -0.0138006964   0.0599837954  -0.1100130735  -0.0040653281
       -0.0005093141   0.0037092895  -0.0029134772  -0.0122195668  -0.0043134873
        0.0057680507  -0.0506326263  -0.1560348649  -0.0079185218   0.0000627482
        0.0000178894   0.0000781210   0.0000841321   0.0000057090  -0.0000062049
       -0.0002167363   0.0001408171   0.0001290218   0.0035179594  -0.0015425272
        0.0005280217  -0.0002275831   0.0002701839   0.0004549123  -0.0161810812
       -0.0060166162  -0.0241551476   0.0044262034   0.0010872274   0.0079609282
       -0.0235938365  -0.0487077584   0.0352529968   0.0058754306  -0.0033107222
        0.0003007543   0.0200238496  -0.0184832900  -0.0037016640  -0.0015936987
       -0.0013773032   0.0005761055   0.0002291806   0.0002733727  -0.0000631691
        0.0001660783  -0.0006967552   0.0006492730  -0.0005804064   0.0001227565
        0.0002560848  -0.0051685940  -0.0068171038  -0.0017133113  -0.0096051110
       -0.0225147636  -0.0003674024
       -0.0003036706  -0.0000421905  -0.0002802870  -0.0053182286   0.0038332529
        0.0006020570  -0.0524024493  -0.0073557830  -0.1499099100  -0.0415272783
       -0.0138006964   0.5185832791   0.0061607471  -0.0052445833  -0.0655055541
        0.0189365436  -0.0058385236  -0.0019664915   0.0131493742   0.0117927782
        0.0005544311  -0.0040022916  -0.0057145969  -0.0663081768   0.0003972606
        0.0000874485  -0.0001024037   0.0000676646   0.0001284033  -0.0000137032
        0.0009425023  -0.0003539625   0.0000515039   0.0007791506  -0.0007215964
        0.0012180860   0.0000557188  -0.0004252479   0.0003774582  -0.0051893219
       -0.0028053621  -0.0059679528  -0.0130666897  -0.0006434617  -0.0277179454
        0.1004059707   0.0346239468  -0.1944739220  -0.0217125807   0.0167093475
       -0.0005507996   0.0077308846  -0.0071625927  -0.0007940855   0.0025621913
        0.0010659787  -0.0016765013   0.0003298559   0.0002746079  -0.0003918869
        0.0025250688   0.0002801884  -0.0014673621   0.0006016912  -0.0001161551
       -0.0006033712  -0.0146068007  -0.0249078532  -0.0045152990   0.0034846868
        0.0063366530   0.0008588369
        0.0001732974  -0.0000702485  -0.0000030724  -0.0011263332  -0.0000197814
       -0.0029507669  -0.0181335877   0.0117444223  -0.0050228427  -0.1321370216
        0.0599837954   0.0061607471   0.4323662949   0.0206304091   0.0422150152
       -0.1171483528  -0.0365243677   0.0460539065   0.0004996243  -0.0097562023
       -0.0000129615   0.0035401737   0.0020587936   0.0015114072   0.0000194713
       -0.0000462799  -0.0000394551  -0.0000511373   0.0000771516  -0.0000468568
        0.0001455007   0.0000198381  -0.0000847254  -0.0008953411   0.0005497978
       -0.0001025449  -0.0000872251  -0.0001041829  -0.0000314461   0.0003310766
        0.0010483942   0.0007986121   0.0004210111   0.0000763067   0.0003309526
       -0.0148486870   0.0133186942   0.0029190577  -0.0744643098   0.0100160079
       -0.0831177248  -0.0584477048  -0.0566717747  -0.0262871748  -0.0213807399
       -0.0140168723   0.0170290455   0.0024897260  -0.0000698427  -0.0003209987
        0.0000643902  -0.0009053145   0.0002096256  -0.0009041005   0.0003334226
        0.0000471917   0.0003468065  -0.0003309868  -0.0000555164  -0.0007728318
       -0.0013411799   0.0008005251
       -0.0001114715  -0.0000049459  -0.0001145387  -0.0004236924   0.0001879183
        0.0000076264   0.0039863773  -0.0021188358   0.0025828853   0.0591060132
       -0.1100130735  -0.0052445833   0.0206304091   0.5346164141   0.0131781829
       -0.0389970185  -0.0872988835   0.0337969502  -0.0117899874  -0.0248152914
        0.0130686800   0.0130471097  -0.0344781038   0.0005259998  -0.0000795467
        0.0000356102   0.0000215111  -0.0000056804   0.0000092507  -0.0000072616
        0.0001238353  -0.0000191089   0.0000121051  -0.0000613782  -0.0000098321
       -0.0001145508  -0.0000314872   0.0000438674   0.0000213317  -0.0016360520
        0.0011024241  -0.0006447649  -0.0000147600   0.0001778258  -0.0000798181
       -0.0014280441   0.0024953237   0.0008812779   0.0103071665  -0.0485146131
        0.0253915298  -0.0568767431  -0.2242859174  -0.0801225097   0.0029977725
        0.0033148415  -0.0021640698   0.0026051781   0.0019637294  -0.0010819580
        0.0005577841  -0.0028224392   0.0000968627  -0.0000609129  -0.0037961290
       -0.0000002689   0.0003988377   0.0000691557   0.0003697955  -0.0022437090
       -0.0058391873  -0.0003804146
        0.0001669391  -0.0000116475  -0.0000818666  -0.0025037169  -0.0000574935
       -0.0036801041  -0.0190701481   0.0138322091  -0.0010942957   0.0038770145
       -0.0040653281  -0.0655055541   0.0422150152   0.0131781829   0.5099611778
        0.0477666990   0.0327939338  -0.1113716417   0.0000911065   0.0058954936
        0.0024214825   0.0036704882  -0.0057955155   0.0013918780  -0.0000125371
       -0.0000350961   0.0001355309  -0.0000012983   0.0000015239   0.0000260835
       -0.0001145098   0.0000300985   0.0001229396  -0.0011964008   0.0006925242
       -0.0001751569   0.0000406217   0.0000303280  -0.0000431014  -0.0004620878
        0.0009843119   0.0006812895  -0.0001366302   0.0003125325   0.0004115986
        0.0176585856  -0.0151550593  -0.0031971808  -0.0835114022   0.0252124014
       -0.2345960145  -0.0256590461  -0.0785909708  -0.0771260312  -0.0029448885
       -0.0019246133   0.0029274903   0.0201086574   0.0144130102  -0.0214533525
       -0.0000010475  -0.0002517082  -0.0005235803   0.0001503317   0.0000462654
        0.0003874100  -0.0000411627  -0.0004099577   0.0004335687  -0.0000905828
       -0.0011254252  -0.0000525695
       -0.0000825700   0.0000147403  -0.0000530612  -0.0000548629   0.0000308244
       -0.0000131412   0.0003772902  -0.0000587095  -0.0001621441  -0.0269227239
       -0.0005093141   0.0189365436  -0.1171483528  -0.0389970185   0.0477666990
        0.5234422789  -0.0317404026   0.0205430900  -0.0666202244   0.0206195469
       -0.0005328981  -0.0095822788   0.0166578106   0.0063821907  -0.0000032186
       -0.0000023437  -0.0000115234  -0.0000002956   0.0000300888   0.0000063507
        0.0000357494   0.0000028177  -0.0000526729  -0.0000175963  -0.0000351506
       -0.0000020483  -0.0000448510  -0.0000145750   0.0000431395  -0.0001740616
        0.0000824930   0.0000695262  -0.0007649717   0.0001164039  -0.0000197600
       -0.0041588687   0.0030534499   0.0008275690   0.0043980786   0.0033343707
       -0.0027393666  -0.0062868241  -0.0050768815   0.0057059473  -0.2468020246
        0.0516615263  -0.0635000865  -0.0491476087  -0.0078056711  -0.0335849087
        0.0033781205  -0.0196862051  -0.0024267764  -0.0002246855   0.0075784024
       -0.0002483529  -0.0006197275   0.0004978571   0.0004726407  -0.0029757709
        0.0002459398   0.0025930438
        0.0000303400  -0.0001145173   0.0000813171   0.0000132503  -0.0002209070
        0.0000046240  -0.0000943285  -0.0002005995  -0.0002452349   0.0037126260
        0.0037092895  -0.0058385236  -0.0365243677  -0.0872988835   0.0327939338
       -0.0317404026   0.4270739279   0.0255377727   0.0186291397  -0.1742052065
       -0.0100825260   0.0142415156  -0.0095384416  -0.0080180197  -0.0000254261
        0.0000325074  -0.0000000618   0.0000345756   0.0000612066  -0.0000068421
       -0.0000237388   0.0000041863  -0.0000281710  -0.0000226869   0.0000532519
       -0.0000283996   0.0000056209   0.0001267075  -0.0000358525   0.0000052304
        0.0001750439   0.0001974868   0.0000962745   0.0002699202   0.0001195325
        0.0014157835  -0.0019678200  -0.0006692999  -0.0037296900  -0.0010200228
        0.0039362295  -0.0189034612  -0.0123093886   0.0149275974   0.0524856227
       -0.0524344546   0.0140314958  -0.0080929818  -0.0555813893  -0.0602925634
        0.0028669878  -0.0174880277  -0.0035850097   0.0045064334  -0.0181534006
       -0.0010197839   0.0002074663  -0.0002334109  -0.0000198830   0.0009062170
       -0.0007395713  -0.0017598184
       -0.0000372561   0.0000986243  -0.0001179078   0.0002341298  -0.0000828223
       -0.0000739895   0.0002680959   0.0002522624  -0.0000378162   0.0082627715
       -0.0029134772  -0.0019664915   0.0460539065   0.0337969502  -0.1113716417
        0.0205430900   0.0255377727   0.5167671721   0.0003822079  -0.0159900804
       -0.0681034048   0.0069188080  -0.0138063598  -0.0021013237  -0.0000464586
        0.0000034747   0.0000437984  -0.0000027902  -0.0000484453   0.0000142846
        0.0000049785  -0.0000145012   0.0000651158  -0.0000474955   0.0000095419
        0.0000106889   0.0000372830   0.0000464418   0.0000323726  -0.0000070483
       -0.0001188610   0.0000809996  -0.0006008076   0.0002576467   0.0002173543
        0.0011468511  -0.0006645940   0.0007902725   0.0196306729   0.0136765220
       -0.0212955117  -0.0052734128  -0.0037671941   0.0046165780  -0.0619249333
        0.0137713135  -0.0614070268  -0.0342613810  -0.0600845026  -0.2552439242
        0.0010408839  -0.0130749097  -0.0009839002  -0.0045105891   0.0231528745
        0.0018168599   0.0005370604   0.0001445088  -0.0005121014   0.0016514331
       -0.0001821857  -0.0012404572
        0.0000150877   0.0000944907   0.0000166468  -0.0000411540   0.0001835706
       -0.0000068278   0.0001649891   0.0000762593  -0.0001391165  -0.0206325751
       -0.0122195668   0.0131493742   0.0004996243  -0.0117899874   0.0000911065
       -0.0666202244   0.0186291397   0.0003822079   0.4857303281   0.0469860472
        0.0395006554  -0.1380072438   0.0078089639   0.0574985825  -0.0000064501
       -0.0000211647  -0.0000131942  -0.0000194465  -0.0000087295   0.0000257043
       -0.0000143542  -0.0000152562  -0.0000906143  -0.0000023123  -0.0001238177
       -0.0000087864  -0.0000809813  -0.0000565689   0.0000828846   0.0000244465
        0.0000513925   0.0000352804  -0.0004686341  -0.0002686290  -0.0000684152
       -0.0021462560  -0.0030133293   0.0000055460  -0.0000989349  -0.0004159843
        0.0001562318  -0.0020929411  -0.0010786675   0.0017844154  -0.0047476352
        0.0254958585   0.0021887385   0.0019278200  -0.0031964797  -0.0012735195
       -0.1878637089  -0.0854631837  -0.0792795964  -0.0525512937   0.0177281043
       -0.0445539853   0.0029503379  -0.0014039799  -0.0010836424  -0.0159184879
        0.0020215180   0.0116003237
       -0.0001081565  -0.0000150297  -0.0000201799   0.0001242856  -0.0002833098
       -0.0000233426   0.0001655176  -0.0002688999   0.0000942638  -0.0148472040
       -0.0043134873   0.0117927782  -0.0097562023  -0.0248152914   0.0058954936
        0.0206195469  -0.1742052065  -0.0159900804   0.0469860472   0.4693259418
       -0.0281259078   0.0048720339  -0.0622950122  -0.0036449302  -0.0000073935
        0.0000127035  -0.0000040050   0.0000545647   0.0000765350   0.0000231304
       -0.0000067362  -0.0000474335   0.0000330237   0.0000455700   0.0001085264
        0.0000613830  -0.0000375870   0.0001792560  -0.0000655554  -0.0000113337
        0.0000095061   0.0000806642  -0.0001099588   0.0003592776  -0.0001635333
       -0.0015276632  -0.0040052954   0.0001005628  -0.0001921252  -0.0003128841
        0.0001356483  -0.0017404434  -0.0021365267   0.0026404484   0.0024653411
       -0.0117500615  -0.0004008176   0.0014263439  -0.0146290527  -0.0029176378
       -0.0865465788  -0.0902386869  -0.0431855835   0.0183343581  -0.0805855188
        0.0872293048   0.0019905630   0.0009599809  -0.0012251714   0.0178072106
       -0.0011300309  -0.0123199562
       -0.0000564785   0.0000471651  -0.0001755648   0.0000811602  -0.0001318210
       -0.0001773859   0.0004319851  -0.0001105182   0.0000934651   0.0044080591
        0.0057680507   0.0005544311  -0.0000129615   0.0130686800   0.0024214825
       -0.0005328981  -0.0100825260  -0.0681034048   0.0395006554  -0.0281259078
        0.5079346606   0.0550396779  -0.0052159677  -0.1123126353  -0.0000415124
        0.0000107880   0.0000478978   0.0000086148  -0.0000166950   0.0000153876
        0.0000081597   0.0000000809   0.0000692819  -0.0000572949  -0.0000306660
        0.0000286869   0.0000344144   0.0000297996   0.0000988561   0.0000113018
       -0.0000834385   0.0000134971  -0.0005717902  -0.0003340574   0.0000876003
        0.0007222436   0.0003378258   0.0009285746   0.0003080973   0.0000119462
       -0.0002856896   0.0015761563   0.0009199814  -0.0009440939  -0.0022392002
        0.0070577780   0.0016879984   0.0039599025  -0.0264243104  -0.0041149585
       -0.0782335554  -0.0426005924  -0.0824005513  -0.0451031867   0.0868217919
       -0.2265992871   0.0238264575  -0.0016098972  -0.0216669217  -0.0030680077
        0.0006925100   0.0027986728
        0.0000794299   0.0000546634  -0.0000228021   0.0002982017   0.0006031796
        0.0001839558  -0.0090230175  -0.0155468772  -0.0056326454  -0.0870259593
       -0.0506326263  -0.0040022916   0.0035401737   0.0130471097   0.0036704882
       -0.0095822788   0.0142415156   0.0069188080  -0.1380072438   0.0048720339
        0.0550396779   0.4590674882  -0.0567448669   0.0360918665  -0.0000735382
       -0.0000000413  -0.0000403025  -0.0000248759   0.0000009029   0.0001059721
       -0.0000210204  -0.0001049611  -0.0000443341  -0.0000066737  -0.0002290699
       -0.0000412470  -0.0012467800  -0.0007860308  -0.0004441928  -0.0015937129
       -0.0004043779  -0.0027667893   0.0006537647   0.0001361047   0.0008240216
       -0.0074015730  -0.0171187480   0.0002012776   0.0003361916   0.0004472106
        0.0001635482  -0.0026643036   0.0024571066   0.0012010140  -0.0004721672
        0.0018928954   0.0008216467  -0.0010486401   0.0004742274   0.0002072723
       -0.0223926926   0.0011119146   0.0156632543   0.0025372110   0.0009203017
       -0.0000547060  -0.0630657763  -0.0060114104  -0.0685060380  -0.1228622072
        0.1073198436  -0.0395374542
        0.0000667797  -0.0003796234   0.0000916770   0.0000070609  -0.0005961336
        0.0000411825  -0.0053836098  -0.0053083084  -0.0059018926  -0.0482159843
       -0.1560348649  -0.0057145969   0.0020587936  -0.0344781038  -0.0057955155
        0.0166578106  -0.0095384416  -0.0138063598   0.0078089639  -0.0622950122
       -0.0052159677  -0.0567448669   0.5057354255   0.0028489203   0.0000618603
        0.0000009972  -0.0000266766  -0.0000046470   0.0000396767   0.0000149127
       -0.0000833774   0.0000516791  -0.0000042201   0.0002667737   0.0001106699
        0.0000945704   0.0011779377   0.0004346443   0.0003235426  -0.0003392534
        0.0004148399  -0.0002897119   0.0001157272   0.0005078294   0.0005477890
       -0.0044777908  -0.0076632153  -0.0004095870  -0.0002980974   0.0000510549
       -0.0003552920   0.0035152833  -0.0040617948  -0.0003496623   0.0004371555
       -0.0028529370  -0.0004728324   0.0007937504  -0.0027052520  -0.0007012181
       -0.0108958289   0.0020495415   0.0072313457  -0.0074960642   0.0013061099
        0.0058022961  -0.0062486353  -0.0465220407  -0.0270211148   0.1072202586
       -0.1782667407   0.0490684116
       -0.0000081951  -0.0000384748  -0.0002252350   0.0002455184   0.0000155012
        0.0001791128  -0.0113059841  -0.0208367179  -0.0048984735  -0.0052256966
       -0.0079185218  -0.0663081768   0.0015114072   0.0005259998   0.0013918780
        0.0063821907  -0.0080180197  -0.0021013237   0.0574985825  -0.0036449302
       -0.1123126353   0.0360918665   0.0028489203   0.5101884932   0.0000355926
       -0.0000313999   0.0000898458  -0.0000321078  -0.0000162793  -0.0000014157
        0.0000096040   0.0000605967   0.0001916259   0.0000130889  -0.0001007967
        0.0000849175  -0.0003563082  -0.0001847196  -0.0000767747  -0.0036401949
       -0.0017008977  -0.0039336155  -0.0001859052  -0.0008031582   0.0009248988
        0.0095131235   0.0203838609  -0.0000923791  -0.0002105147   0.0002756502
        0.0004514454   0.0001371162   0.0003509345   0.0001012147  -0.0000303579
       -0.0002304689  -0.0006216483   0.0002385204  -0.0007329725   0.0001273670
       -0.0062625757   0.0003986626   0.0047705078   0.0228517047  -0.0014518486
       -0.0203610878  -0.0689037720  -0.0268170526  -0.2478834213  -0.0383667033
        0.0476661322  -0.0596851204
       -0.2140466469   0.1076080223  -0.0096983461  -0.0210842038   0.0102840592
        0.0022578960  -0.0026306567  -0.0023660986   0.0034235970   0.0000179566
        0.0000627482   0.0003972606   0.0000194713  -0.0000795467  -0.0000125371
       -0.0000032186  -0.0000254261  -0.0000464586  -0.0000064501  -0.0000073935
       -0.0000415124  -0.0000735382   0.0000618603   0.0000355926   0.2492442287
       -0.1249564961   0.0084327524   0.0035901365  -0.0005211940   0.0000555792
       -0.0149423669   0.0093273749  -0.0045918931   0.0007460015   0.0003598211
       -0.0002371896  -0.0000292280   0.0000164420  -0.0004058371   0.0001811242
       -0.0003285916  -0.0000554946  -0.0012282728   0.0005975413   0.0003646863
        0.0001961797  -0.0000199000   0.0001227159  -0.0000031106  -0.0000047214
       -0.0000249800   0.0000408225  -0.0000441665   0.0000054984  -0.0000223624
       -0.0000050146  -0.0000202339   0.0000495105  -0.0000115636   0.0000051610
       -0.0000166700   0.0000008206  -0.0000243965   0.0000357383   0.0000216583
        0.0000189840   0.0000095083   0.0000128459  -0.0000031863  -0.0000439529
        0.0000169186   0.0000423421
        0.1077629461  -0.1112613882   0.0042063921  -0.0084154646   0.0052078738
        0.0001129953  -0.0011408170   0.0000667396   0.0009994318  -0.0000876265
        0.0000178894   0.0000874485  -0.0000462799   0.0000356102  -0.0000350961
       -0.0000023437   0.0000325074   0.0000034747  -0.0000211647   0.0000127035
        0.0000107880  -0.0000000413   0.0000009972  -0.0000313999  -0.1249564961
        0.1266028589  -0.0067201388   0.0278349616  -0.0225542628   0.0010915218
       -0.0002799668   0.0008328525   0.0005322878  -0.0000314915   0.0001936746
       -0.0004197330  -0.0003289537   0.0003814237   0.0000518740  -0.0000963061
        0.0001324554   0.0001392164  -0.0002874243   0.0003504259   0.0001131312
        0.0000692695  -0.0000761736  -0.0001600948  -0.0000063598  -0.0000024755
        0.0000075085  -0.0000380840   0.0000007526   0.0000179222   0.0000211943
       -0.0000063262  -0.0000017265  -0.0000035622  -0.0000135549  -0.0000101548
        0.0000160003   0.0000075655   0.0000029206   0.0000047199   0.0000072422
       -0.0000176165   0.0000065328   0.0000083274   0.0000139850   0.0000267577
        0.0000222813   0.0000050627
       -0.0099827684   0.0043882094  -0.0430857170   0.0191582841  -0.0096335607
       -0.0011454575   0.0029847435   0.0016881256  -0.0025451374  -0.0001495089
        0.0000781210  -0.0001024037  -0.0000394551   0.0000215111   0.0001355309
       -0.0000115234  -0.0000000618   0.0000437984  -0.0000131942  -0.0000040050
        0.0000478978  -0.0000403025  -0.0000266766   0.0000898458   0.0084327524
       -0.0067201388   0.0500443439   0.0058926697  -0.0050715325   0.0008085343
       -0.0276364073   0.0165675807  -0.0045217109   0.0005503391  -0.0005553814
        0.0003406878  -0.0002899040  -0.0002559859   0.0002933823  -0.0001507020
        0.0001452668  -0.0000987815   0.0010807664  -0.0005037170  -0.0003458754
        0.0002466793  -0.0000859462   0.0000731058   0.0000306384   0.0000012960
        0.0000142965  -0.0000157915  -0.0000061683  -0.0000300752  -0.0000086443
       -0.0000029889   0.0000112051  -0.0000260909   0.0000023402  -0.0000014693
       -0.0000080342  -0.0000078361   0.0000086221  -0.0000215687  -0.0000146995
       -0.0000029941   0.0000281954  -0.0000028758  -0.0000013475  -0.0000111731
       -0.0000008764  -0.0000302811
       -0.0529008955  -0.0446827259  -0.0111340049  -0.0063974580  -0.0205599005
       -0.0018317071   0.0006739875  -0.0013647661  -0.0004171783  -0.0001953973
        0.0000841321   0.0000676646  -0.0000511373  -0.0000056804  -0.0000012983
       -0.0000002956   0.0000345756  -0.0000027902  -0.0000194465   0.0000545647
        0.0000086148  -0.0000248759  -0.0000046470  -0.0000321078   0.0035901365
        0.0278349616   0.0058926697   0.0603540497   0.0541048951   0.0099457250
       -0.0028263283  -0.0140395629  -0.0055161858   0.0004263701   0.0003966566
       -0.0004854866  -0.0025646172  -0.0025355813   0.0033840916  -0.0004330806
        0.0005332451   0.0003993141   0.0002139729   0.0001287395  -0.0001134174
       -0.0000309560  -0.0001787659  -0.0002061141   0.0000406036  -0.0000131189
        0.0000109313  -0.0000466450   0.0000654927   0.0000373130   0.0000335176
        0.0000078305  -0.0000068863  -0.0000041064  -0.0000054933   0.0000069335
        0.0000359953   0.0000112190  -0.0000053458   0.0000222322  -0.0000055361
       -0.0000170127   0.0000450493   0.0000548610   0.0000153124   0.0000593249
        0.0000846049   0.0000009653
       -0.0447190779  -0.2613830434  -0.0479080141  -0.0063418926  -0.0151315515
        0.0003352465   0.0008876290   0.0011723623  -0.0004900429  -0.0000028969
        0.0000057090   0.0001284033   0.0000771516   0.0000092507   0.0000015239
        0.0000300888   0.0000612066  -0.0000484453  -0.0000087295   0.0000765350
       -0.0000166950   0.0000009029   0.0000396767  -0.0000162793  -0.0005211940
       -0.0225542628  -0.0050715325   0.0541048951   0.3040345152   0.0542833835
       -0.0016460720  -0.0056419704  -0.0037135008   0.0003925533   0.0001329727
       -0.0001065910  -0.0021266375  -0.0011276670   0.0028343519  -0.0003765805
        0.0004619839   0.0000294494   0.0003271722   0.0000055262  -0.0000700427
       -0.0002260464  -0.0001554109  -0.0001797684   0.0000109231  -0.0000263647
       -0.0000203823  -0.0000163162   0.0000332667   0.0000283840  -0.0000099676
       -0.0000006867  -0.0000033463   0.0000034271  -0.0000008884   0.0000294986
        0.0000095533  -0.0000226637  -0.0000138990   0.0000295150  -0.0000364164
        0.0000128178   0.0000274437  -0.0000003954  -0.0000224366   0.0000941559
        0.0000483163  -0.0000020827
       -0.0111648098  -0.0478489696  -0.0544636585   0.0056343601   0.0198690244
        0.0034010274  -0.0004545547   0.0004069368   0.0005211800  -0.0001312862
       -0.0000062049  -0.0000137032  -0.0000468568  -0.0000072616   0.0000260835
        0.0000063507  -0.0000068421   0.0000142846   0.0000257043   0.0000231304
        0.0000153876   0.0001059721   0.0000149127  -0.0000014157   0.0000555792
        0.0010915218   0.0008085343   0.0099457250   0.0542833835   0.0614738384
       -0.0071381414  -0.0305272112  -0.0099379897  -0.0000066619   0.0005526756
        0.0005375616   0.0032904309   0.0024768551  -0.0023004513   0.0001308345
       -0.0002313321   0.0001090749  -0.0001869830   0.0000677719   0.0000199643
       -0.0000544978  -0.0002044086  -0.0001196655  -0.0000232908  -0.0000017643
       -0.0000288130  -0.0000070905   0.0000272722   0.0000347971  -0.0000046213
        0.0000063456  -0.0000074328   0.0000111454   0.0000125417  -0.0000081192
       -0.0000028150  -0.0000011647  -0.0000046372  -0.0000145717   0.0000140316
        0.0000013688   0.0000493905  -0.0000330099  -0.0000018923  -0.0000193118
        0.0000217658  -0.0000753241
       -0.0778643307  -0.0061330911  -0.0854990392   0.0073828219   0.0008667320
        0.0178189404   0.0004610669   0.0001130417  -0.0001613129  -0.0011641235
       -0.0002167363   0.0009425023   0.0001455007   0.0001238353  -0.0001145098
        0.0000357494  -0.0000237388   0.0000049785  -0.0000143542  -0.0000067362
        0.0000081597  -0.0000210204  -0.0000833774   0.0000096040  -0.0149423669
       -0.0002799668  -0.0276364073  -0.0028263283  -0.0016460720  -0.0071381414
        0.0916504195   0.0077527610   0.0987520401  -0.0017040042  -0.0014775944
        0.0038482659   0.0006378912   0.0004659845  -0.0000309790  -0.0000232692
        0.0000115998  -0.0000168798  -0.0000271037  -0.0000373671  -0.0002144539
       -0.0018815401   0.0006443851  -0.0003808173  -0.0000095415   0.0000018111
       -0.0000343670   0.0000278779  -0.0000179575  -0.0000140180   0.0000495377
        0.0000089275  -0.0000239442   0.0000158962   0.0000000167  -0.0000288322
        0.0000445509   0.0000064591  -0.0000199243   0.0000291042   0.0000072537
       -0.0000414830  -0.0000521777  -0.0000264126  -0.0000767398   0.0000497437
       -0.0000537571   0.0000473583
       -0.0060857971  -0.0458140478  -0.0165736176   0.0035031176   0.0006304604
        0.0110897421   0.0001684738   0.0003149920  -0.0004334928   0.0002485100
        0.0001408171  -0.0003539625   0.0000198381  -0.0000191089   0.0000300985
        0.0000028177   0.0000041863  -0.0000145012  -0.0000152562  -0.0000474335
        0.0000000809  -0.0001049611   0.0000516791   0.0000605967   0.0093273749
        0.0008328525   0.0165675807  -0.0140395629  -0.0056419704  -0.0305272112
        0.0077527610   0.0496372034   0.0167284730  -0.0016089463  -0.0002204545
        0.0025327950   0.0004204541   0.0002457849   0.0006899169  -0.0001256943
       -0.0001859304  -0.0001253955   0.0000247415  -0.0000835687   0.0000306822
        0.0005801143   0.0004525004   0.0002179597   0.0000272208   0.0000002382
        0.0000223818   0.0000097196  -0.0000715165  -0.0000399086  -0.0000184902
       -0.0000218008   0.0000105885  -0.0000050808  -0.0000211429   0.0000099567
       -0.0000110761  -0.0000134797  -0.0000053989   0.0000129782  -0.0000136563
        0.0000073772  -0.0000616512  -0.0000196419  -0.0000373229  -0.0000216054
       -0.0001369620   0.0001125812
       -0.0855729325  -0.0162068815  -0.2460636276  -0.0051373740   0.0007176499
       -0.0245879642  -0.0004565548  -0.0000969730   0.0004868714  -0.0003131972
        0.0001290218   0.0000515039  -0.0000847254   0.0000121051   0.0001229396
       -0.0000526729  -0.0000281710   0.0000651158  -0.0000906143   0.0000330237
        0.0000692819  -0.0000443341  -0.0000042201   0.0001916259  -0.0045918931
        0.0005322878  -0.0045217109  -0.0055161858  -0.0037135008  -0.0099379897
        0.0987520401   0.0167284730   0.2867781324   0.0035758981   0.0024299142
       -0.0040001415  -0.0005269564  -0.0002664924   0.0007531524  -0.0001039454
       -0.0000725575  -0.0002484115  -0.0002749063  -0.0000827659   0.0000837579
        0.0004822464  -0.0001943483   0.0009708595  -0.0000305938   0.0000261033
        0.0000243605  -0.0000077761  -0.0000355791  -0.0000538486  -0.0000136693
       -0.0000084087   0.0000053267  -0.0000125517  -0.0000036677  -0.0000418409
       -0.0000209286   0.0000052767   0.0000117561  -0.0000195671   0.0000109819
       -0.0000456535   0.0000038339  -0.0000285138   0.0000207086   0.0000573601
        0.0001172423  -0.0001342043
        0.0060256173  -0.0007638951   0.0182985583  -0.0849785909  -0.0028187934
       -0.0910336125  -0.0174301902   0.0024125506  -0.0228267476  -0.0041172606
        0.0035179594   0.0007791506  -0.0008953411  -0.0000613782  -0.0011964008
       -0.0000175963  -0.0000226869  -0.0000474955  -0.0000023123   0.0000455700
       -0.0000572949  -0.0000066737   0.0002667737   0.0000130889   0.0007460015
       -0.0000314915   0.0005503391   0.0004263701   0.0003925533  -0.0000066619
       -0.0017040042  -0.0016089463   0.0035758981   0.1052809970   0.0013884575
        0.1015809784  -0.0035536938  -0.0024399196  -0.0092403150   0.0004823786
       -0.0002090668  -0.0000808594  -0.0001753490  -0.0003062997  -0.0006678880
        0.0000662898  -0.0000540761   0.0002921694  -0.0003900107   0.0002554728
       -0.0000417154   0.0000656803  -0.0000196721  -0.0000173568  -0.0000129216
       -0.0000083094   0.0000290087  -0.0000011377   0.0000259760   0.0000026554
        0.0000091341   0.0000125267   0.0000256542  -0.0000215726  -0.0000111632
        0.0000069895   0.0000522615  -0.0000115964   0.0000760855   0.0001519244
        0.0000494547  -0.0000142282
        0.0036358585   0.0006091444   0.0120164394  -0.0029534405  -0.0453821982
       -0.0042294871   0.0110091813  -0.0004952631   0.0145855637   0.0025232759
       -0.0015425272  -0.0007215964   0.0005497978  -0.0000098321   0.0006925242
       -0.0000351506   0.0000532519   0.0000095419  -0.0001238177   0.0001085264
       -0.0000306660  -0.0002290699   0.0001106699  -0.0001007967   0.0003598211
        0.0001936746  -0.0005553814   0.0003966566   0.0001329727   0.0005526756
       -0.0014775944  -0.0002204545   0.0024299142   0.0013884575   0.0504031954
        0.0035153612  -0.0148975535  -0.0043722569  -0.0290234410   0.0000572763
        0.0000153662   0.0004327158  -0.0005309811   0.0005361422   0.0001757852
       -0.0001713641  -0.0001304861   0.0000506113   0.0002038466  -0.0001567904
        0.0000574534  -0.0000517256   0.0000159326   0.0000380468  -0.0000068335
       -0.0000033583   0.0000006723  -0.0000054290   0.0000012547   0.0000184041
       -0.0000027142  -0.0000142420   0.0000259999  -0.0000056572  -0.0000145210
        0.0000064309   0.0000325473   0.0000377085   0.0000746324   0.0003346125
        0.0001240902  -0.0000214037
       -0.0055457057   0.0016227261  -0.0254829308  -0.0908804038  -0.0041689933
       -0.2248820771  -0.0020626521   0.0002633294  -0.0011848080  -0.0004366046
        0.0005280217   0.0012180860  -0.0001025449  -0.0001145508  -0.0001751569
       -0.0000020483  -0.0000283996   0.0000106889  -0.0000087864   0.0000613830
        0.0000286869  -0.0000412470   0.0000945704   0.0000849175  -0.0002371896
       -0.0004197330   0.0003406878  -0.0004854866  -0.0001065910   0.0005375616
        0.0038482659   0.0025327950  -0.0040001415   0.1015809784   0.0035153612
        0.2637945586  -0.0064865020  -0.0037518698  -0.0112117983   0.0001481138
        0.0002632781  -0.0000527935   0.0003987753  -0.0003838679   0.0009131467
        0.0002086101  -0.0000912225   0.0001500372  -0.0000337922   0.0000572922
       -0.0000277409   0.0000214673   0.0000582276  -0.0000118088  -0.0000219205
        0.0000125396   0.0000025245  -0.0000127885   0.0000234900   0.0000346440
        0.0000082845  -0.0000133212  -0.0000072518  -0.0000230998  -0.0000225592
        0.0000162215   0.0001070444  -0.0000083741   0.0000266994   0.0000592325
        0.0000764679  -0.0001219528
       -0.0067208167  -0.0201656920  -0.0015054738  -0.0528215686  -0.0473469499
       -0.0133995984   0.0034537662   0.0245702236   0.0058686469   0.0008076859
       -0.0002275831   0.0000557188  -0.0000872251  -0.0000314872   0.0000406217
       -0.0000448510   0.0000056209   0.0000372830  -0.0000809813  -0.0000375870
        0.0000344144  -0.0012467800   0.0011779377  -0.0003563082  -0.0000292280
       -0.0003289537  -0.0002899040  -0.0025646172  -0.0021266375   0.0032904309
        0.0006378912   0.0004204541  -0.0005269564  -0.0035536938  -0.0148975535
       -0.0064865020   0.0667067769   0.0564016382   0.0131780618  -0.0040417756
        0.0041130863   0.0005136397   0.0004169696   0.0000706457  -0.0000166198
        0.0000530588  -0.0000326600   0.0000637078   0.0000467670  -0.0000688582
        0.0000095574   0.0000707890  -0.0001199921   0.0000177077   0.0000394868
       -0.0000515479  -0.0000084150   0.0000459343  -0.0000072460  -0.0000273382
        0.0000463575  -0.0000206530  -0.0000110872  -0.0000449040  -0.0000192651
        0.0001039780   0.0002951037  -0.0002333724   0.0001106915  -0.0013841456
       -0.0010435680  -0.0006962564
       -0.0062749152  -0.0144217188  -0.0004854983  -0.0479485209  -0.2467709402
       -0.0516365034   0.0006216584  -0.0209154449  -0.0046463166  -0.0010183064
        0.0002701839  -0.0004252479  -0.0001041829   0.0000438674   0.0000303280
       -0.0000145750   0.0001267075   0.0000464418  -0.0000565689   0.0001792560
        0.0000297996  -0.0007860308   0.0004346443  -0.0001847196   0.0000164420
        0.0003814237  -0.0002559859  -0.0025355813  -0.0011276670   0.0024768551
        0.0004659845   0.0002457849  -0.0002664924  -0.0024399196  -0.0043722569
       -0.0037518698   0.0564016382   0.2882387385   0.0600147754   0.0038107157
       -0.0028656839  -0.0009453990  -0.0002268252   0.0001561266  -0.0001571852
        0.0000095132  -0.0003109012   0.0002035987  -0.0000192642   0.0000221234
        0.0000616370  -0.0000803891   0.0000182578   0.0000032049  -0.0000183344
       -0.0000360805  -0.0000002573  -0.0000452886  -0.0000596946  -0.0000201214
       -0.0000373000  -0.0000158022  -0.0000258057   0.0000519167  -0.0000057253
       -0.0000394058   0.0000694898  -0.0000076084  -0.0000207407   0.0001586439
        0.0007924099  -0.0000050915
        0.0069354593   0.0200272802   0.0032381879  -0.0138656871  -0.0524258006
       -0.0575031228   0.0004278209  -0.0025975199   0.0003015123  -0.0002017145
        0.0004549123   0.0003774582  -0.0000314461   0.0000213317  -0.0000431014
        0.0000431395  -0.0000358525   0.0000323726   0.0000828846  -0.0000655554
        0.0000988561  -0.0004441928   0.0003235426  -0.0000767747  -0.0004058371
        0.0000518740   0.0002933823   0.0033840916   0.0028343519  -0.0023004513
       -0.0000309790   0.0006899169   0.0007531524  -0.0092403150  -0.0290234410
       -0.0112117983   0.0131780618   0.0600147754   0.0658824089   0.0006048658
        0.0000638356   0.0005395781   0.0000417365  -0.0002899476  -0.0002258986
        0.0001003349   0.0001456573  -0.0001590967  -0.0000023714   0.0000334304
       -0.0000086605  -0.0000072171  -0.0000006422  -0.0000445498   0.0000158810
        0.0000125362  -0.0000154476  -0.0000063911  -0.0000266829  -0.0000372565
        0.0000091006   0.0000147238  -0.0000568912   0.0000990853   0.0000072413
       -0.0001149842  -0.0000348258   0.0000286346  -0.0001221913  -0.0006514848
       -0.0002586019   0.0004033160
        0.0010274673   0.0013140498  -0.0002447754   0.0025408016   0.0254913033
        0.0041266022  -0.0561124351  -0.0556858705  -0.0059450734  -0.0073433204
       -0.0161810812  -0.0051893219   0.0003310766  -0.0016360520  -0.0004620878
       -0.0001740616   0.0000052304  -0.0000070483   0.0000244465  -0.0000113337
        0.0000113018  -0.0015937129  -0.0003392534  -0.0036401949   0.0001811242
       -0.0000963061  -0.0001507020  -0.0004330806  -0.0003765805   0.0001308345
       -0.0000232692  -0.0001256943  -0.0001039454   0.0004823786   0.0000572763
        0.0001481138  -0.0040417756   0.0038107157   0.0006048658   0.0710036386
        0.0615183954   0.0103642175  -0.0048211569  -0.0184162161   0.0003790261
        0.0003286204   0.0000892546   0.0003285252   0.0001207396   0.0001031159
        0.0001641366  -0.0008240516   0.0009414398  -0.0003561259   0.0000457642
        0.0000135352   0.0000377339  -0.0001074511  -0.0000747411   0.0001676228
        0.0000209628   0.0000958072   0.0000109509   0.0000789391   0.0000946300
       -0.0000692177  -0.0007002230  -0.0009514266  -0.0003150651  -0.0000114215
        0.0003598019   0.0000096266
       -0.0011648479   0.0014566665   0.0003913851   0.0003184674  -0.0227623733
       -0.0035005714  -0.0562499188  -0.2494471190  -0.0273268769  -0.0036700008
       -0.0060166162  -0.0028053621   0.0010483942   0.0011024241   0.0009843119
        0.0000824930   0.0001750439  -0.0001188610   0.0000513925   0.0000095061
       -0.0000834385  -0.0004043779   0.0004148399  -0.0017008977  -0.0003285916
        0.0001324554   0.0001452668   0.0005332451   0.0004619839  -0.0002313321
        0.0000115998  -0.0001859304  -0.0000725575  -0.0002090668   0.0000153662
        0.0002632781   0.0041130863  -0.0028656839   0.0000638356   0.0615183954
        0.2924563867   0.0325661589  -0.0057594222  -0.0149028240   0.0012609550
        0.0001205045   0.0000006864  -0.0001172289   0.0001671447   0.0000142110
        0.0001005939   0.0000136141   0.0003408984   0.0001740095   0.0000154505
       -0.0000160853   0.0000497104  -0.0001456661  -0.0001076753   0.0000883441
        0.0000356274   0.0000079956  -0.0000025763   0.0001284299  -0.0000039814
       -0.0000423739  -0.0003353597  -0.0004783485  -0.0001537865   0.0001094069
        0.0001981732   0.0000680137
       -0.0003048208  -0.0007242682   0.0002883629   0.0000294739  -0.0034585063
        0.0004658516  -0.0058768795  -0.0272877634  -0.0480439894  -0.0105754517
       -0.0241551476  -0.0059679528   0.0007986121  -0.0006447649   0.0006812895
        0.0000695262   0.0001974868   0.0000809996   0.0000352804   0.0000806642
        0.0000134971  -0.0027667893  -0.0002897119  -0.0039336155  -0.0000554946
        0.0001392164  -0.0000987815   0.0003993141   0.0000294494   0.0001090749
       -0.0000168798  -0.0001253955  -0.0002484115  -0.0000808594   0.0004327158
       -0.0000527935   0.0005136397  -0.0009453990   0.0005395781   0.0103642175
        0.0325661589   0.0548379314   0.0080751211   0.0254738396   0.0013978649
        0.0001288046  -0.0003178556   0.0001017787   0.0002187053  -0.0001306708
       -0.0000217658  -0.0004490177   0.0003911939   0.0002714817   0.0000193885
       -0.0000257625  -0.0000242256   0.0000470162   0.0000976356  -0.0000167815
       -0.0000294886  -0.0000453119   0.0000965993  -0.0000787796  -0.0000939008
       -0.0000059560  -0.0007440211  -0.0012781283  -0.0003607442   0.0002793826
        0.0001142262  -0.0001092922
       -0.0044425954   0.0035110093   0.0005793324  -0.0187339899  -0.0056046614
        0.0205988021  -0.1021738965  -0.0390763667   0.0953989570   0.0074284446
        0.0044262034  -0.0130666897   0.0004210111  -0.0000147600  -0.0001366302
       -0.0007649717   0.0000962745  -0.0006008076  -0.0004686341  -0.0001099588
       -0.0005717902   0.0006537647   0.0001157272  -0.0001859052  -0.0012282728
       -0.0002874243   0.0010807664   0.0002139729   0.0003271722  -0.0001869830
       -0.0000271037   0.0000247415  -0.0002749063  -0.0001753490  -0.0005309811
        0.0003987753   0.0004169696  -0.0002268252   0.0000417365  -0.0048211569
       -0.0057594222   0.0080751211   0.1261474239   0.0431323619  -0.1088198333
       -0.0011794435  -0.0000769115  -0.0033057104  -0.0000396201  -0.0000891257
        0.0001434593   0.0000067399   0.0000066560   0.0001217367   0.0000507037
        0.0000292189   0.0001014982  -0.0009054683   0.0005709282   0.0001511642
        0.0001013741  -0.0000231155   0.0001066929  -0.0004525942  -0.0007166222
        0.0000544652  -0.0000526767   0.0001604917   0.0001109468   0.0000253685
        0.0001153897   0.0001858019
        0.0023945567  -0.0009940794  -0.0002438588   0.0104204605   0.0045461583
       -0.0121374131  -0.0390345353  -0.0679914697   0.0582400611   0.0009150748
        0.0010872274  -0.0006434617   0.0000763067   0.0001778258   0.0003125325
        0.0001164039   0.0002699202   0.0002576467  -0.0002686290   0.0003592776
       -0.0003340574   0.0001361047   0.0005078294  -0.0008031582   0.0005975413
        0.0003504259  -0.0005037170   0.0001287395   0.0000055262   0.0000677719
       -0.0000373671  -0.0000835687  -0.0000827659  -0.0003062997   0.0005361422
       -0.0003838679   0.0000706457   0.0001561266  -0.0002899476  -0.0184162161
       -0.0149028240   0.0254738396   0.0431323619   0.0765166836  -0.0677349234
        0.0000588743   0.0007202243  -0.0007077400  -0.0001193663  -0.0000683226
       -0.0001436664  -0.0001394666  -0.0003231165   0.0001540383  -0.0000547853
       -0.0001242620  -0.0001803278   0.0006338318  -0.0000221939  -0.0003080624
        0.0001090482  -0.0001409291   0.0000739220  -0.0005995402  -0.0002836886
        0.0000675733   0.0000227106  -0.0000928026   0.0000549916   0.0001635449
       -0.0002061105  -0.0002054096
        0.0010532523  -0.0010810419   0.0010118425   0.0043324921   0.0013557800
       -0.0038621479   0.0952344343   0.0578807112  -0.1893691363   0.0102524594
        0.0079609282  -0.0277179454   0.0003309526  -0.0000798181   0.0004115986
       -0.0000197600   0.0001195325   0.0002173543  -0.0000684152  -0.0001635333
        0.0000876003   0.0008240216   0.0005477890   0.0009248988   0.0003646863
        0.0001131312  -0.0003458754  -0.0001134174  -0.0000700427   0.0000199643
       -0.0002144539   0.0000306822   0.0000837579  -0.0006678880   0.0001757852
        0.0009131467  -0.0000166198  -0.0001571852  -0.0002258986   0.0003790261
        0.0012609550   0.0013978649  -0.1088198333  -0.0677349234   0.2211242075
       -0.0032941750   0.0000284760  -0.0058885792   0.0001400491   0.0000797708
        0.0001618885   0.0000051406   0.0002273755  -0.0001168095   0.0001480141
        0.0000196385   0.0001082538  -0.0002086317   0.0001375592   0.0004709646
        0.0001447172  -0.0000002647   0.0001089506  -0.0002680835  -0.0003465480
        0.0004621337   0.0003492884   0.0001054680   0.0002415850   0.0001327438
       -0.0004102252  -0.0002196195
       -0.0013688129   0.0001455707  -0.0012540538   0.0004839600   0.0000200319
       -0.0001274337   0.0074099751   0.0028805335  -0.0136229631  -0.1065048694
       -0.0235938365   0.1004059707  -0.0148486870  -0.0014280441   0.0176585856
       -0.0041588687   0.0014157835   0.0011468511  -0.0021462560  -0.0015276632
        0.0007222436  -0.0074015730  -0.0044777908   0.0095131235   0.0001961797
        0.0000692695   0.0002466793  -0.0000309560  -0.0002260464  -0.0000544978
       -0.0018815401   0.0005801143   0.0004822464   0.0000662898  -0.0001713641
        0.0002086101   0.0000530588   0.0000095132   0.0001003349   0.0003286204
        0.0001205045   0.0001288046  -0.0011794435   0.0000588743  -0.0032941750
        0.1339348232   0.0270261015  -0.1141006156  -0.0001196300  -0.0003663540
        0.0003888235  -0.0004805643   0.0003144680   0.0001767687  -0.0008007874
       -0.0003476733   0.0005506201  -0.0002138552  -0.0001129077   0.0000319978
       -0.0004732983  -0.0000532448   0.0002984243  -0.0002722707   0.0000544281
        0.0000587344  -0.0002494633  -0.0001664472   0.0002590939  -0.0003420312
       -0.0002238209   0.0000758266
        0.0001160135   0.0001408296   0.0002581174  -0.0001398945   0.0003125016
        0.0004521118   0.0009125531   0.0014157533  -0.0004452217  -0.0236525467
       -0.0487077584   0.0346239468   0.0133186942   0.0024953237  -0.0151550593
        0.0030534499  -0.0019678200  -0.0006645940  -0.0030133293  -0.0040052954
        0.0003378258  -0.0171187480  -0.0076632153   0.0203838609  -0.0000199000
       -0.0000761736  -0.0000859462  -0.0001787659  -0.0001554109  -0.0002044086
        0.0006443851   0.0004525004  -0.0001943483  -0.0000540761  -0.0001304861
       -0.0000912225  -0.0000326600  -0.0003109012   0.0001456573   0.0000892546
        0.0000006864  -0.0003178556  -0.0000769115   0.0007202243   0.0000284760
        0.0270261015   0.0573651590  -0.0393667455  -0.0003043186   0.0007446483
       -0.0002958830   0.0001867116  -0.0005130738  -0.0001254749   0.0006233455
        0.0002572741  -0.0004173674   0.0000737070  -0.0000765652  -0.0000743580
       -0.0009275418  -0.0001209252   0.0005621791  -0.0002329616  -0.0000955590
        0.0001581273  -0.0000914895   0.0008227502   0.0003806813  -0.0002010726
       -0.0009044666   0.0001075014
        0.0005543767  -0.0002664438   0.0004675685   0.0009075487  -0.0000984985
        0.0007290743   0.0102690323   0.0054999470  -0.0278430597   0.1021191870
        0.0352529968  -0.1944739220   0.0029190577   0.0008812779  -0.0031971808
        0.0008275690  -0.0006692999   0.0007902725   0.0000055460   0.0001005628
        0.0009285746   0.0002012776  -0.0004095870  -0.0000923791   0.0001227159
       -0.0001600948   0.0000731058  -0.0002061141  -0.0001797684  -0.0001196655
       -0.0003808173   0.0002179597   0.0009708595   0.0002921694   0.0000506113
        0.0001500372   0.0000637078   0.0002035987  -0.0001590967   0.0003285252
       -0.0001172289   0.0001017787  -0.0033057104  -0.0007077400  -0.0058885792
       -0.1141006156  -0.0393667455   0.2262159414  -0.0006950345   0.0003218182
        0.0010893246   0.0002193322  -0.0003440960  -0.0002890403   0.0003051244
        0.0001606666  -0.0002195983  -0.0001163103   0.0000277219   0.0000098677
        0.0001866266  -0.0000099868  -0.0001223413  -0.0000878474  -0.0000782403
        0.0000031544  -0.0005065104  -0.0006171293   0.0010665560   0.0000771635
        0.0003076983  -0.0001912523
       -0.0000491104   0.0000193894  -0.0000125132  -0.0007332753  -0.0000489529
       -0.0011361534  -0.0038222392   0.0041195666   0.0001330559  -0.0141729043
        0.0058754306  -0.0217125807  -0.0744643098   0.0103071665  -0.0835114022
        0.0043980786  -0.0037296900   0.0196306729  -0.0000989349  -0.0001921252
        0.0003080973   0.0003361916  -0.0002980974  -0.0002105147  -0.0000031106
       -0.0000063598   0.0000306384   0.0000406036   0.0000109231  -0.0000232908
       -0.0000095415   0.0000272208  -0.0000305938  -0.0003900107   0.0002038466
       -0.0000337922   0.0000467670  -0.0000192642  -0.0000023714   0.0001207396
        0.0001671447   0.0002187053  -0.0000396201  -0.0001193663   0.0001400491
       -0.0001196300  -0.0003043186  -0.0006950345   0.0933923608  -0.0132479115
        0.0924486898  -0.0035343723  -0.0007560329  -0.0108151926   0.0010402812
        0.0000123952   0.0014820787  -0.0018598170  -0.0020887733   0.0034275941
       -0.0000586818   0.0000557057   0.0001083161  -0.0000640189  -0.0001150777
       -0.0000287833   0.0001318587   0.0001930848   0.0001175373  -0.0000873041
       -0.0000659040   0.0001667880
       -0.0000011467   0.0000356760  -0.0000223013   0.0005462915   0.0002422632
        0.0007542322   0.0022603060  -0.0021268986  -0.0005021187   0.0104587302
       -0.0033107222   0.0167093475   0.0100160079  -0.0485146131   0.0252124014
        0.0033343707  -0.0010200228   0.0136765220  -0.0004159843  -0.0003128841
        0.0000119462   0.0004472106   0.0000510549   0.0002756502  -0.0000047214
       -0.0000024755   0.0000012960  -0.0000131189  -0.0000263647  -0.0000017643
        0.0000018111   0.0000002382   0.0000261033   0.0002554728  -0.0001567904
        0.0000572922  -0.0000688582   0.0000221234   0.0000334304   0.0001031159
        0.0000142110  -0.0001306708  -0.0000891257  -0.0000683226   0.0000797708
       -0.0003663540   0.0007446483   0.0003218182  -0.0132479115   0.0542543992
       -0.0305503069  -0.0122522508   0.0008768125  -0.0271698202   0.0005038545
        0.0008074847  -0.0001612073  -0.0013876961  -0.0007651546   0.0019176221
       -0.0000916877  -0.0001346736   0.0000724626  -0.0000123032  -0.0000849592
       -0.0001387826   0.0001425031  -0.0005900421  -0.0002817238  -0.0001185157
        0.0000650121  -0.0001911989
        0.0000127035  -0.0000083541   0.0000430975  -0.0000337854  -0.0000764482
       -0.0001883842  -0.0007628896   0.0005276018   0.0010760258  -0.0017299159
        0.0003007543  -0.0005507996  -0.0831177248   0.0253915298  -0.2345960145
       -0.0027393666   0.0039362295  -0.0212955117   0.0001562318   0.0001356483
       -0.0002856896   0.0001635482  -0.0003552920   0.0004514454  -0.0000249800
        0.0000075085   0.0000142965   0.0000109313  -0.0000203823  -0.0000288130
       -0.0000343670   0.0000223818   0.0000243605  -0.0000417154   0.0000574534
       -0.0000277409   0.0000095574   0.0000616370  -0.0000086605   0.0001641366
        0.0001005939  -0.0000217658   0.0001434593  -0.0001436664   0.0001618885
        0.0003888235  -0.0002958830   0.0010893246   0.0924486898  -0.0305503069
        0.2723441848  -0.0081415929  -0.0016861108  -0.0164024001  -0.0002146951
       -0.0004018515   0.0009216576   0.0030291257   0.0027733093  -0.0029301933
        0.0001503603   0.0000198252  -0.0001176540   0.0000419153   0.0000750095
        0.0000971586   0.0000116407   0.0001552175   0.0001892313   0.0001099093
       -0.0000264045   0.0000409559
       -0.0000455378   0.0000229448   0.0000258143   0.0000520565  -0.0000504474
        0.0000987503   0.0008468918   0.0010809841   0.0007841867   0.0049490685
        0.0200238496   0.0077308846  -0.0584477048  -0.0568767431  -0.0256590461
       -0.0062868241  -0.0189034612  -0.0052734128  -0.0020929411  -0.0017404434
        0.0015761563  -0.0026643036   0.0035152833   0.0001371162   0.0000408225
       -0.0000380840  -0.0000157915  -0.0000466450  -0.0000163162  -0.0000070905
        0.0000278779   0.0000097196  -0.0000077761   0.0000656803  -0.0000517256
        0.0000214673   0.0000707890  -0.0000803891  -0.0000072171  -0.0008240516
        0.0000136141  -0.0004490177   0.0000067399  -0.0001394666   0.0000051406
       -0.0004805643   0.0001867116   0.0002193322  -0.0035343723  -0.0122522508
       -0.0081415929   0.0682820972   0.0652537941   0.0286056421  -0.0012072063
       -0.0004095356   0.0005771353   0.0010705759   0.0001596341  -0.0003861402
       -0.0000083882  -0.0004439906  -0.0000477759  -0.0000047811  -0.0004084697
        0.0000658853  -0.0001486864   0.0000161841   0.0000910360   0.0003794072
        0.0011286041   0.0000563134
       -0.0000358596   0.0001434239   0.0000078704  -0.0002091717   0.0002887497
       -0.0000381054  -0.0013564187   0.0008618532  -0.0005641650  -0.0030213890
       -0.0184832900  -0.0071625927  -0.0566717747  -0.2242859174  -0.0785909708
       -0.0050768815  -0.0123093886  -0.0037671941  -0.0010786675  -0.0021365267
        0.0009199814   0.0024571066  -0.0040617948   0.0003509345  -0.0000441665
        0.0000007526  -0.0000061683   0.0000654927   0.0000332667   0.0000272722
       -0.0000179575  -0.0000715165  -0.0000355791  -0.0000196721   0.0000159326
        0.0000582276  -0.0001199921   0.0000182578  -0.0000006422   0.0009414398
        0.0003408984   0.0003911939   0.0000066560  -0.0003231165   0.0002273755
        0.0003144680  -0.0005130738  -0.0003440960  -0.0007560329   0.0008768125
       -0.0016861108   0.0652537941   0.2620734680   0.0899672185  -0.0006299217
       -0.0006941668   0.0003300875   0.0004361693   0.0004407637  -0.0001260723
        0.0000927472  -0.0005002180  -0.0000284546   0.0000037628  -0.0004840647
        0.0000701530  -0.0000461942   0.0000400831   0.0000534183  -0.0004875365
       -0.0012711884  -0.0000535816
        0.0000289370  -0.0000244804   0.0000342255  -0.0000927943   0.0000005980
       -0.0000983260  -0.0005814672   0.0011700915   0.0004843414  -0.0005943088
       -0.0037016640  -0.0007940855  -0.0262871748  -0.0801225097  -0.0771260312
        0.0057059473   0.0149275974   0.0046165780   0.0017844154   0.0026404484
       -0.0009440939   0.0012010140  -0.0003496623   0.0001012147   0.0000054984
        0.0000179222  -0.0000300752   0.0000373130   0.0000283840   0.0000347971
       -0.0000140180  -0.0000399086  -0.0000538486  -0.0000173568   0.0000380468
       -0.0000118088   0.0000177077   0.0000032049  -0.0000445498  -0.0003561259
        0.0001740095   0.0002714817   0.0001217367   0.0001540383  -0.0001168095
        0.0001767687  -0.0001254749  -0.0002890403  -0.0108151926  -0.0271698202
       -0.0164024001   0.0286056421   0.0899672185   0.0895719825   0.0005473739
        0.0003091320  -0.0003424727   0.0004685171   0.0011485033   0.0009694623
        0.0000438162   0.0005938193  -0.0000016919   0.0000416046   0.0003715424
       -0.0000283459   0.0000690548   0.0002302305   0.0000773490  -0.0000969083
       -0.0002412670   0.0001221471
       -0.0000798760   0.0000543323  -0.0000386811   0.0000466812  -0.0000780276
       -0.0000153580  -0.0000632173   0.0001884007   0.0001565143  -0.0029832529
       -0.0015936987   0.0025621913  -0.0213807399   0.0029977725  -0.0029448885
       -0.2468020246   0.0524856227  -0.0619249333  -0.0047476352   0.0024653411
       -0.0022392002  -0.0004721672   0.0004371555  -0.0000303579  -0.0000223624
        0.0000211943  -0.0000086443   0.0000335176  -0.0000099676  -0.0000046213
        0.0000495377  -0.0000184902  -0.0000136693  -0.0000129216  -0.0000068335
       -0.0000219205   0.0000394868  -0.0000183344   0.0000158810   0.0000457642
        0.0000154505   0.0000193885   0.0000507037  -0.0000547853   0.0001480141
       -0.0008007874   0.0006233455   0.0003051244   0.0010402812   0.0005038545
       -0.0002146951  -0.0012072063  -0.0006299217   0.0005473739   0.2851556027
       -0.0588720705   0.0687567447  -0.0087034369   0.0014439804  -0.0062162900
        0.0013632818  -0.0008519054   0.0003715441  -0.0002976393   0.0008571603
        0.0004099909  -0.0000612623   0.0000686119   0.0001452676  -0.0001903276
       -0.0000281873   0.0002352247
       -0.0000151390   0.0000603718  -0.0000132647  -0.0000141073   0.0000804488
        0.0000012546  -0.0000458512   0.0001409821  -0.0000418328  -0.0014366187
       -0.0013773032   0.0010659787  -0.0140168723   0.0033148415  -0.0019246133
        0.0516615263  -0.0524344546   0.0137713135   0.0254958585  -0.0117500615
        0.0070577780   0.0018928954  -0.0028529370  -0.0002304689  -0.0000050146
       -0.0000063262  -0.0000029889   0.0000078305  -0.0000006867   0.0000063456
        0.0000089275  -0.0000218008  -0.0000084087  -0.0000083094  -0.0000033583
        0.0000125396  -0.0000515479  -0.0000360805   0.0000125362   0.0000135352
       -0.0000160853  -0.0000257625   0.0000292189  -0.0001242620   0.0000196385
       -0.0003476733   0.0002572741   0.0001606666   0.0000123952   0.0008074847
       -0.0004018515  -0.0004095356  -0.0006941668   0.0003091320  -0.0588720705
        0.0652984306  -0.0167663038  -0.0068667702   0.0029455269  -0.0028742792
        0.0010170180   0.0006696930   0.0003684914   0.0012978321  -0.0039073612
        0.0000990223  -0.0000222079  -0.0001383029   0.0000195386   0.0006746806
       -0.0002118664  -0.0006144613
        0.0000060029  -0.0000072532   0.0000483479  -0.0000042246  -0.0000174215
        0.0001285390  -0.0000654918  -0.0000011541  -0.0000458734   0.0029371875
        0.0005761055  -0.0016765013   0.0170290455  -0.0021640698   0.0029274903
       -0.0635000865   0.0140314958  -0.0614070268   0.0021887385  -0.0004008176
        0.0016879984   0.0008216467  -0.0004728324  -0.0006216483  -0.0000202339
       -0.0000017265   0.0000112051  -0.0000068863  -0.0000033463  -0.0000074328
       -0.0000239442   0.0000105885   0.0000053267   0.0000290087   0.0000006723
        0.0000025245  -0.0000084150  -0.0000002573  -0.0000154476   0.0000377339
        0.0000497104  -0.0000242256   0.0001014982  -0.0001803278   0.0001082538
        0.0005506201  -0.0004173674  -0.0002195983   0.0014820787  -0.0001612073
        0.0009216576   0.0005771353   0.0003300875  -0.0003424727   0.0687567447
       -0.0167663038   0.0715463006  -0.0320459826   0.0057038278  -0.0139389475
        0.0007724369  -0.0004041241   0.0010483301   0.0001434270   0.0003702301
        0.0001258134   0.0001322770  -0.0000299271  -0.0001193595   0.0001096833
       -0.0000445815  -0.0001432536
        0.0000297848  -0.0000311070  -0.0000276179   0.0000280478   0.0000084474
       -0.0000995571  -0.0003398164  -0.0000866086   0.0001875887  -0.0001966770
        0.0002291806   0.0003298559   0.0024897260   0.0026051781   0.0201086574
       -0.0491476087  -0.0080929818  -0.0342613810   0.0019278200   0.0014263439
        0.0039599025  -0.0010486401   0.0007937504   0.0002385204   0.0000495105
       -0.0000035622  -0.0000260909  -0.0000041064   0.0000034271   0.0000111454
        0.0000158962  -0.0000050808  -0.0000125517  -0.0000011377  -0.0000054290
       -0.0000127885   0.0000459343  -0.0000452886  -0.0000063911  -0.0001074511
       -0.0001456661   0.0000470162  -0.0009054683   0.0006338318  -0.0002086317
       -0.0002138552   0.0000737070  -0.0001163103  -0.0018598170  -0.0013876961
        0.0030291257   0.0010705759   0.0004361693   0.0004685171  -0.0087034369
       -0.0068667702  -0.0320459826   0.0560739471   0.0101122410   0.0373717814
        0.0001374504   0.0000358742   0.0002534544   0.0009251985   0.0002725324
        0.0006062951  -0.0001005275  -0.0000149623   0.0000587704  -0.0001653493
        0.0000544694   0.0001466721
       -0.0000364014   0.0000456999   0.0000237733  -0.0000331865  -0.0000081629
        0.0000841804   0.0000993421   0.0001393458  -0.0002056276  -0.0002077991
        0.0002733727   0.0002746079  -0.0000698427   0.0019637294   0.0144130102
       -0.0078056711  -0.0555813893  -0.0600845026  -0.0031964797  -0.0146290527
       -0.0264243104   0.0004742274  -0.0027052520  -0.0007329725  -0.0000115636
       -0.0000135549   0.0000023402  -0.0000054933  -0.0000008884   0.0000125417
        0.0000000167  -0.0000211429  -0.0000036677   0.0000259760   0.0000012547
        0.0000234900  -0.0000072460  -0.0000596946  -0.0000266829  -0.0000747411
       -0.0001076753   0.0000976356   0.0005709282  -0.0000221939   0.0001375592
       -0.0001129077  -0.0000765652   0.0000277219  -0.0020887733  -0.0007651546
        0.0027733093   0.0001596341   0.0004407637   0.0011485033   0.0014439804
        0.0029455269   0.0057038278   0.0101122410   0.0727278931   0.0659356682
        0.0005727905  -0.0045570798  -0.0014424138  -0.0002539080   0.0002597746
       -0.0013685447   0.0001706900  -0.0000640680  -0.0001005225   0.0002741872
       -0.0001854861  -0.0002689243
       -0.0000143114  -0.0000279010   0.0000871680  -0.0001327369   0.0001038187
        0.0000964109  -0.0003772369   0.0001901632   0.0000499411   0.0001147973
       -0.0000631691  -0.0003918869  -0.0003209987  -0.0010819580  -0.0214533525
       -0.0335849087  -0.0602925634  -0.2552439242  -0.0012735195  -0.0029176378
       -0.0041149585   0.0002072723  -0.0007012181   0.0001273670   0.0000051610
       -0.0000101548  -0.0000014693   0.0000069335   0.0000294986  -0.0000081192
       -0.0000288322   0.0000099567  -0.0000418409   0.0000026554   0.0000184041
        0.0000346440  -0.0000273382  -0.0000201214  -0.0000372565   0.0001676228
        0.0000883441  -0.0000167815   0.0001511642  -0.0003080624   0.0004709646
        0.0000319978  -0.0000743580   0.0000098677   0.0034275941   0.0019176221
       -0.0029301933  -0.0003861402  -0.0001260723   0.0009694623  -0.0062162900
       -0.0028742792  -0.0139389475   0.0373717814   0.0659356682   0.2944816016
        0.0005981146  -0.0009471722  -0.0000649569   0.0001666551   0.0011537564
        0.0019309355  -0.0000192543   0.0000782928   0.0000763451   0.0001298174
       -0.0000808571  -0.0000910205
       -0.0000968760   0.0000280855  -0.0000281564  -0.0000033189  -0.0001247375
       -0.0000107664  -0.0000059178  -0.0001079533   0.0001598377  -0.0036888166
        0.0001660783   0.0025250688   0.0000643902   0.0005577841  -0.0000010475
        0.0033781205   0.0028669878   0.0010408839  -0.1878637089  -0.0865465788
       -0.0782335554  -0.0223926926  -0.0108958289  -0.0062625757  -0.0000166700
        0.0000160003  -0.0000080342   0.0000359953   0.0000095533  -0.0000028150
        0.0000445509  -0.0000110761  -0.0000209286   0.0000091341  -0.0000027142
        0.0000082845   0.0000463575  -0.0000373000   0.0000091006   0.0000209628
        0.0000356274  -0.0000294886   0.0001013741   0.0001090482   0.0001447172
       -0.0004732983  -0.0009275418   0.0001866266  -0.0000586818  -0.0000916877
        0.0001503603  -0.0000083882   0.0000927472   0.0000438162   0.0013632818
        0.0010170180   0.0007724369   0.0001374504   0.0005727905   0.0005981146
        0.2184650317   0.0972982399   0.0863428592  -0.0084082862  -0.0038578945
       -0.0078981151   0.0011308918  -0.0003375981  -0.0003660186  -0.0017808859
        0.0001709503   0.0008793949
        0.0000092314   0.0000484364  -0.0000193526   0.0000202859   0.0000412359
        0.0000318011  -0.0000273276   0.0001422781   0.0000856268  -0.0001134804
       -0.0006967552   0.0002801884  -0.0009053145  -0.0028224392  -0.0002517082
       -0.0196862051  -0.0174880277  -0.0130749097  -0.0854631837  -0.0902386869
       -0.0426005924   0.0011119146   0.0020495415   0.0003986626   0.0000008206
        0.0000075655  -0.0000078361   0.0000112190  -0.0000226637  -0.0000011647
        0.0000064591  -0.0000134797   0.0000052767   0.0000125267  -0.0000142420
       -0.0000133212  -0.0000206530  -0.0000158022   0.0000147238   0.0000958072
        0.0000079956  -0.0000453119  -0.0000231155  -0.0001409291  -0.0000002647
       -0.0000532448  -0.0001209252  -0.0000099868   0.0000557057  -0.0001346736
        0.0000198252  -0.0004439906  -0.0005002180   0.0005938193  -0.0008519054
        0.0006696930  -0.0004041241   0.0000358742  -0.0045570798  -0.0009471722
        0.0972982399   0.1075836297   0.0503503577   0.0089370286   0.0059974532
        0.0055605990  -0.0000317665   0.0006238673   0.0001594888   0.0000250740
       -0.0004057740  -0.0001246248
        0.0000130981   0.0000042251   0.0000400917   0.0000089236   0.0000161123
        0.0000891127  -0.0000076340   0.0000584118  -0.0000507235   0.0027817501
        0.0006492730  -0.0014673621   0.0002096256   0.0000968627  -0.0005235803
       -0.0024267764  -0.0035850097  -0.0009839002  -0.0792795964  -0.0431855835
       -0.0824005513   0.0156632543   0.0072313457   0.0047705078  -0.0000243965
        0.0000029206   0.0000086221  -0.0000053458  -0.0000138990  -0.0000046372
       -0.0000199243  -0.0000053989   0.0000117561   0.0000256542   0.0000259999
       -0.0000072518  -0.0000110872  -0.0000258057  -0.0000568912   0.0000109509
       -0.0000025763   0.0000965993   0.0001066929   0.0000739220   0.0001089506
        0.0002984243   0.0005621791  -0.0001223413   0.0001083161   0.0000724626
       -0.0001176540  -0.0000477759  -0.0000284546  -0.0000016919   0.0003715441
        0.0003684914   0.0010483301   0.0002534544  -0.0014424138  -0.0000649569
        0.0863428592   0.0503503577   0.0962930886  -0.0268404223  -0.0116944214
       -0.0173991662   0.0016022135   0.0006043044   0.0011455988   0.0008661977
       -0.0001333051  -0.0004119501
        0.0000033492   0.0000028812  -0.0000223557  -0.0000870132  -0.0000054446
       -0.0000092542  -0.0002588301  -0.0000573968   0.0001444206  -0.0004166003
       -0.0005804064   0.0006016912  -0.0009041005  -0.0000609129   0.0001503317
       -0.0002246855   0.0045064334  -0.0045105891  -0.0525512937   0.0183343581
       -0.0451031867   0.0025372110  -0.0074960642   0.0228517047   0.0000357383
        0.0000047199  -0.0000215687   0.0000222322   0.0000295150  -0.0000145717
        0.0000291042   0.0000129782  -0.0000195671  -0.0000215726  -0.0000056572
       -0.0000230998  -0.0000449040   0.0000519167   0.0000990853   0.0000789391
        0.0001284299  -0.0000787796  -0.0004525942  -0.0005995402  -0.0002680835
       -0.0002722707  -0.0002329616  -0.0000878474  -0.0000640189  -0.0000123032
        0.0000419153  -0.0000047811   0.0000037628   0.0000416046  -0.0002976393
        0.0012978321   0.0001434270   0.0009251985  -0.0002539080   0.0001666551
       -0.0084082862   0.0089370286  -0.0268404223   0.0619528824  -0.0234277215
        0.0481698505  -0.0027765816  -0.0001981620   0.0036291635   0.0012005170
       -0.0003793772   0.0009594763
        0.0000585932   0.0000181062  -0.0000659049   0.0000444700   0.0001038063
       -0.0000698147  -0.0001028490   0.0000031618   0.0002756636  -0.0000084472
        0.0001227565  -0.0001161551   0.0003334226  -0.0037961290   0.0000462654
        0.0075784024  -0.0181534006   0.0231528745   0.0177281043  -0.0805855188
        0.0868217919   0.0009203017   0.0013061099  -0.0014518486   0.0000216583
        0.0000072422  -0.0000146995  -0.0000055361  -0.0000364164   0.0000140316
        0.0000072537  -0.0000136563   0.0000109819  -0.0000111632  -0.0000145210
       -0.0000225592  -0.0000192651  -0.0000057253   0.0000072413   0.0000946300
       -0.0000039814  -0.0000939008  -0.0007166222  -0.0002836886  -0.0003465480
        0.0000544281  -0.0000955590  -0.0000782403  -0.0001150777  -0.0000849592
        0.0000750095  -0.0004084697  -0.0004840647   0.0003715424   0.0008571603
       -0.0039073612   0.0003702301   0.0002725324   0.0002597746   0.0011537564
       -0.0038578945   0.0059974532  -0.0116944214  -0.0234277215   0.0986563789
       -0.0964997992   0.0004250601   0.0003757656  -0.0008162674   0.0002770289
        0.0006144267  -0.0010292294
       -0.0000167853  -0.0000837913   0.0000998910  -0.0000506980   0.0000347250
        0.0000952068  -0.0002357776  -0.0001959160  -0.0000230847   0.0002283783
        0.0002560848  -0.0006033712   0.0000471917  -0.0000002689   0.0003874100
       -0.0002483529  -0.0010197839   0.0018168599  -0.0445539853   0.0872293048
       -0.2265992871  -0.0000547060   0.0058022961  -0.0203610878   0.0000189840
       -0.0000176165  -0.0000029941  -0.0000170127   0.0000128178   0.0000013688
       -0.0000414830   0.0000073772  -0.0000456535   0.0000069895   0.0000064309
        0.0000162215   0.0001039780  -0.0000394058  -0.0001149842  -0.0000692177
       -0.0000423739  -0.0000059560   0.0000544652   0.0000675733   0.0004621337
        0.0000587344   0.0001581273   0.0000031544  -0.0000287833  -0.0001387826
        0.0000971586   0.0000658853   0.0000701530  -0.0000283459   0.0004099909
        0.0000990223   0.0001258134   0.0006062951  -0.0013685447   0.0019309355
       -0.0078981151   0.0055605990  -0.0173991662   0.0481698505  -0.0964997992
        0.2623296058   0.0038128620   0.0001397891  -0.0030048417  -0.0003686880
       -0.0000380177   0.0008230129
       -0.0001190201  -0.0000321569  -0.0000600102   0.0000466202  -0.0003018108
       -0.0000843778  -0.0011179179  -0.0035401361  -0.0007179372  -0.0067094016
       -0.0051685940  -0.0146068007   0.0003468065   0.0003988377  -0.0000411627
       -0.0006197275   0.0002074663   0.0005370604   0.0029503379   0.0019905630
        0.0238264575  -0.0630657763  -0.0062486353  -0.0689037720   0.0000095083
        0.0000065328   0.0000281954   0.0000450493   0.0000274437   0.0000493905
       -0.0000521777  -0.0000616512   0.0000038339   0.0000522615   0.0000325473
        0.0001070444   0.0002951037   0.0000694898  -0.0000348258  -0.0007002230
       -0.0003353597  -0.0007440211  -0.0000526767   0.0000227106   0.0003492884
       -0.0002494633  -0.0000914895  -0.0005065104   0.0001318587   0.0001425031
        0.0000116407  -0.0001486864  -0.0000461942   0.0000690548  -0.0000612623
       -0.0000222079   0.0001322770  -0.0001005275   0.0001706900  -0.0000192543
        0.0011308918  -0.0000317665   0.0016022135  -0.0027765816   0.0004250601
        0.0038128620   0.0783665908   0.0119290192   0.0759868281  -0.0076015869
        0.0004571385  -0.0207974743
        0.0000171076   0.0001652609   0.0000228539   0.0001561802   0.0000635033
        0.0001679304  -0.0016955235  -0.0046634994  -0.0004417212  -0.0117789945
       -0.0068171038  -0.0249078532  -0.0003309868   0.0000691557  -0.0004099577
        0.0004978571  -0.0002334109   0.0001445088  -0.0014039799   0.0009599809
       -0.0016098972  -0.0060114104  -0.0465220407  -0.0268170526   0.0000128459
        0.0000083274  -0.0000028758   0.0000548610  -0.0000003954  -0.0000330099
       -0.0000264126  -0.0000196419  -0.0000285138  -0.0000115964   0.0000377085
       -0.0000083741  -0.0002333724  -0.0000076084   0.0000286346  -0.0009514266
       -0.0004783485  -0.0012781283   0.0001604917  -0.0000928026   0.0001054680
       -0.0001664472   0.0008227502  -0.0006171293   0.0001930848  -0.0005900421
        0.0001552175   0.0000161841   0.0000400831   0.0002302305   0.0000686119
       -0.0001383029  -0.0000299271  -0.0000149623  -0.0000640680   0.0000782928
       -0.0003375981   0.0006238673   0.0006043044  -0.0001981620   0.0003757656
        0.0001397891   0.0119290192   0.0549865558   0.0306472952   0.0100546292
        0.0014743059   0.0238599149
        0.0000067406  -0.0000083637   0.0000647593   0.0000029313  -0.0001324848
       -0.0000045447  -0.0006094307  -0.0014338339   0.0008109488  -0.0032026239
       -0.0017133113  -0.0045152990  -0.0000555164   0.0003697955   0.0004335687
        0.0004726407  -0.0000198830  -0.0005121014  -0.0010836424  -0.0012251714
       -0.0216669217  -0.0685060380  -0.0270211148  -0.2478834213  -0.0000031863
        0.0000139850  -0.0000013475   0.0000153124  -0.0000224366  -0.0000018923
       -0.0000767398  -0.0000373229   0.0000207086   0.0000760855   0.0000746324
        0.0000266994   0.0001106915  -0.0000207407  -0.0001221913  -0.0003150651
       -0.0001537865  -0.0003607442   0.0001109468   0.0000549916   0.0002415850
        0.0002590939   0.0003806813   0.0010665560   0.0001175373  -0.0002817238
        0.0001892313   0.0000910360   0.0000534183   0.0000773490   0.0001452676
        0.0000195386  -0.0001193595   0.0000587704  -0.0001005225   0.0000763451
       -0.0003660186   0.0001594888   0.0011455988   0.0036291635  -0.0008162674
       -0.0030048417   0.0759868281   0.0306472952   0.2872102972  -0.0068647843
        0.0012131366  -0.0131709826
       -0.0001046855   0.0000242825   0.0000565766  -0.0007714292  -0.0019363446
       -0.0005309224   0.0001722579   0.0002859189  -0.0000118357   0.0082284464
       -0.0096051110   0.0034846868  -0.0007728318  -0.0022437090  -0.0000905828
       -0.0029757709   0.0009062170   0.0016514331  -0.0159184879   0.0178072106
       -0.0030680077  -0.1228622072   0.1072202586  -0.0383667033  -0.0000439529
        0.0000267577  -0.0000111731   0.0000593249   0.0000941559  -0.0000193118
        0.0000497437  -0.0000216054   0.0000573601   0.0001519244   0.0003346125
        0.0000592325  -0.0013841456   0.0001586439  -0.0006514848  -0.0000114215
        0.0001094069   0.0002793826   0.0000253685   0.0001635449   0.0001327438
       -0.0003420312  -0.0002010726   0.0000771635  -0.0000873041  -0.0001185157
        0.0001099093   0.0003794072  -0.0004875365  -0.0000969083  -0.0001903276
        0.0006746806   0.0001096833  -0.0001653493   0.0002741872   0.0001298174
       -0.0017808859   0.0000250740   0.0008661977   0.0012005170   0.0002770289
       -0.0003686880  -0.0076015869   0.0100546292  -0.0068647843   0.1447454276
       -0.1238227144   0.0430662154
       -0.0000369003   0.0001877800   0.0000013759   0.0000898603  -0.0000480806
        0.0000378816   0.0010763493   0.0010471115   0.0007076200   0.0138045660
       -0.0225147636   0.0063366530  -0.0013411799  -0.0058391873  -0.0011254252
        0.0002459398  -0.0007395713  -0.0001821857   0.0020215180  -0.0011300309
        0.0006925100   0.1073198436  -0.1782667407   0.0476661322   0.0000169186
        0.0000222813  -0.0000008764   0.0000846049   0.0000483163   0.0000217658
       -0.0000537571  -0.0001369620   0.0001172423   0.0000494547   0.0001240902
        0.0000764679  -0.0010435680   0.0007924099  -0.0002586019   0.0003598019
        0.0001981732   0.0001142262   0.0001153897  -0.0002061105  -0.0004102252
       -0.0002238209  -0.0009044666   0.0003076983  -0.0000659040   0.0000650121
       -0.0000264045   0.0011286041  -0.0012711884  -0.0002412670  -0.0000281873
       -0.0002118664  -0.0000445815   0.0000544694  -0.0001854861  -0.0000808571
        0.0001709503  -0.0004057740  -0.0001333051  -0.0003793772   0.0006144267
       -0.0000380177   0.0004571385   0.0014743059   0.0012131366  -0.1238227144
        0.2072863215  -0.0547509625
        0.0001108597   0.0000810375   0.0000806009  -0.0003283069  -0.0005504280
       -0.0000811238  -0.0000906733  -0.0006575328   0.0005312420   0.0004876354
       -0.0003674024   0.0008588369   0.0008005251  -0.0003804146  -0.0000525695
        0.0025930438  -0.0017598184  -0.0012404572   0.0116003237  -0.0123199562
        0.0027986728  -0.0395374542   0.0490684116  -0.0596851204   0.0000423421
        0.0000050627  -0.0000302811   0.0000009653  -0.0000020827  -0.0000753241
        0.0000473583   0.0001125812  -0.0001342043  -0.0000142282  -0.0000214037
       -0.0001219528  -0.0006962564  -0.0000050915   0.0004033160   0.0000096266
        0.0000680137  -0.0001092922   0.0001858019  -0.0002054096  -0.0002196195
        0.0000758266   0.0001075014  -0.0001912523   0.0001667880  -0.0001911989
        0.0000409559   0.0000563134  -0.0000535816   0.0001221471   0.0002352247
       -0.0006144613  -0.0001432536   0.0001466721  -0.0002689243  -0.0000910205
        0.0008793949  -0.0001246248  -0.0004119501   0.0009594763  -0.0010292294
        0.0008230129  -0.0207974743   0.0238599149  -0.0131709826   0.0430662154
       -0.0547509625   0.0700996196
