$hessian                                                                        
        0.4604749602  -0.0120900949   0.0025207597  -0.1974969955  -0.0267832751
        0.0055139076  -0.0232427537   0.0035143165   0.0005137959  -0.0013127471
        0.0026323353  -0.0001034974   0.0001708263  -0.0000122523   0.0000016510
       -0.0600887900  -0.0364503309  -0.0507125981  -0.0541972794  -0.0247350472
        0.0453354090  -0.0986124975   0.1027608273  -0.0043140073  -0.0140684891
       -0.0040764101  -0.0020432344  -0.0123807011  -0.0034037606   0.0032012813
        0.0008139320  -0.0008872974   0.0001763742   0.0008612119  -0.0008970570
       -0.0000913695  -0.0009115240   0.0000745150   0.0000283260   0.0000509722
        0.0000939276  -0.0000071549  -0.0000601250   0.0002596039  -0.0000196431
       -0.0120900949   0.5208814390   0.0003412911  -0.0257753081  -0.0690112774
        0.0008406035   0.0251351823   0.0006640353  -0.0008066401   0.0019500698
       -0.0042529506   0.0002034464  -0.0001189813  -0.0003920522   0.0000374181
       -0.0366374512  -0.1204917503  -0.1040063136  -0.0249421094  -0.0972753164
        0.0949280248   0.1024284177  -0.2260395832   0.0074102787  -0.0182146335
       -0.0035703181  -0.0010134551  -0.0152311143  -0.0026809989   0.0022395924
        0.0009230940   0.0008031552  -0.0006801828   0.0010666491   0.0008891060
        0.0005818580   0.0015574160  -0.0001316117  -0.0000328176   0.0000442983
        0.0003099576  -0.0000184769  -0.0000954343   0.0002981658  -0.0000246269
        0.0025207597   0.0003412911   0.5203163474   0.0054550864   0.0008707897
       -0.0683267560  -0.0007312482  -0.0001398040   0.0001006604  -0.0000706438
        0.0001808580   0.0002978689   0.0000082580   0.0000353688   0.0001811961
       -0.0505428600  -0.1039760130  -0.1882937033   0.0451872394   0.0948825732
       -0.2174013887  -0.0042954514   0.0073988976  -0.0449811703  -0.0235817382
       -0.0057509472  -0.0001491636   0.0262427571   0.0061830332  -0.0027267251
       -0.0009662862  -0.0001149860   0.0005845206   0.0008344793   0.0001322166
        0.0004500891  -0.0000583298   0.0000120117   0.0001088769  -0.0000038586
       -0.0000199189   0.0000079578   0.0000018362  -0.0000353708  -0.0001686102
       -0.1974969955  -0.0257753081   0.0054550864   0.4633145715   0.0198713163
        0.0012223221  -0.0914987571   0.0549635621  -0.0025011824  -0.0209197328
        0.0242426069  -0.0007446360   0.0007957739   0.0002973480  -0.0000758050
       -0.0134586729  -0.0047967592  -0.0029207093  -0.0116895225  -0.0040301902
        0.0041140644  -0.0199898494  -0.0004941042   0.0006534412  -0.0562621324
       -0.0348882367  -0.0464515722  -0.0508735791  -0.0239669807   0.0409092187
        0.0019615064  -0.0027759552  -0.0005513310   0.0026468071  -0.0041078133
        0.0007054332  -0.0053705089   0.0004282170   0.0001927695   0.0000567939
        0.0005717837  -0.0000270867  -0.0012157024   0.0004605136   0.0000199872
       -0.0267832751  -0.0690112774   0.0008707897   0.0198713163   0.4887516630
        0.0023614728   0.0527850522  -0.1675077693   0.0040470818   0.0056278336
        0.0015192528  -0.0002311993  -0.0008516357  -0.0000503684  -0.0000340321
       -0.0180026708  -0.0042062592  -0.0010836905  -0.0149490210  -0.0033262669
        0.0023656212   0.0260602747   0.0029376888  -0.0009488942  -0.0345695372
       -0.1170323504  -0.1001065979  -0.0236210000  -0.0949211946   0.0911202252
        0.0082352777  -0.0180647800   0.0044608321   0.0092280784  -0.0211482834
       -0.0029230966  -0.0018369619   0.0014184680   0.0000641646  -0.0004702136
        0.0001302396   0.0000273035  -0.0007235176   0.0005112374   0.0000100194
        0.0055139076   0.0008406035  -0.0683267560   0.0012223221   0.0023614728
        0.5401863580  -0.0023628592   0.0039767297  -0.0697122633   0.0003166462
       -0.0008048943   0.0005209900  -0.0000114251  -0.0000703006  -0.0011012442
       -0.0240490410  -0.0055186720  -0.0001539354   0.0266443214   0.0060606480
       -0.0028038769  -0.0008896044  -0.0001356563   0.0004038168  -0.0463678785
       -0.0994828162  -0.1851813714   0.0407872276   0.0905183728  -0.2126874393
       -0.0112199044   0.0240517068  -0.0029104178   0.0099681971  -0.0217685327
       -0.0005171931   0.0003196526   0.0000010674   0.0016489982   0.0000364361
       -0.0000031794   0.0003532798   0.0000920018  -0.0000265495   0.0002810544
       -0.0232427537   0.0251351823  -0.0007312482  -0.0914987571   0.0527850522
       -0.0023628592   0.4754102720   0.0030964763   0.0004634028  -0.2123080810
       -0.0091851259   0.0051547207  -0.0238382487  -0.0132025198   0.0015153636
        0.0009721689   0.0009061282   0.0004566545   0.0009707443   0.0007990660
       -0.0005859644  -0.0068501230   0.0003401778   0.0002092645   0.0030685284
       -0.0037809142   0.0009938099   0.0023034971  -0.0024671615  -0.0008951992
       -0.0505107303  -0.0223361874   0.0432300199  -0.0563053219  -0.0334167548
       -0.0482523084  -0.0190134596   0.0017960939   0.0005328917   0.0004354429
       -0.0016536058   0.0004976862   0.0004068216   0.0011840927  -0.0002262345
        0.0035143165   0.0006640353  -0.0001398040   0.0549635621  -0.1675077693
        0.0039767297   0.0030964763   0.4830112711   0.0006717595  -0.0109213534
       -0.0661223844   0.0006476507  -0.0267748977  -0.0047713545   0.0011528891
       -0.0010309690   0.0009206067   0.0002178057  -0.0009793579   0.0008095713
       -0.0002031283  -0.0015037888   0.0010323315   0.0000268926   0.0096238724
       -0.0208774909  -0.0026724441   0.0084872242  -0.0178000943   0.0041727461
       -0.0244142265  -0.0923214844   0.0895509364  -0.0358184284  -0.1140662331
       -0.0975098255   0.0247325171  -0.0009770598  -0.0005960963  -0.0026480306
       -0.0030803159   0.0010479908  -0.0003269163   0.0010863706  -0.0003441023
        0.0005137959  -0.0008066401   0.0001006604  -0.0025011824   0.0040470818
       -0.0697122633   0.0004634028   0.0006717595   0.4971843425   0.0052875652
        0.0006008455  -0.0610722059   0.0023418083   0.0007450425   0.0010170930
       -0.0005191156   0.0007103941   0.0004126634   0.0006034432  -0.0008086707
        0.0005228266   0.0003159054  -0.0000322087   0.0006341729   0.0110295414
       -0.0220060773  -0.0004214002  -0.0123330361   0.0242543901  -0.0027255113
        0.0463302537   0.0901187478  -0.2016610178  -0.0511089084  -0.0982091805
       -0.1740638102  -0.0008293509   0.0000897592   0.0014932568   0.0005497872
        0.0010156303   0.0131707507  -0.0001439097  -0.0003908733  -0.0048795576
       -0.0013127471   0.0019500698  -0.0000706438  -0.0209197328   0.0056278336
        0.0003166462  -0.2123080810  -0.0109213534   0.0052875652   0.5936883653
        0.1420885372  -0.0225850109  -0.2104491566  -0.2115947076   0.0180626873
       -0.0000546837   0.0002750712   0.0001715924  -0.0000674924   0.0002503255
       -0.0001930281  -0.0006061068  -0.0002581314   0.0000382418   0.0007831185
       -0.0003795781  -0.0004554692   0.0007830832  -0.0003315880   0.0004672946
       -0.0156177380  -0.0066614616   0.0038686511  -0.0173201369  -0.0073317045
       -0.0020865008  -0.1028409864   0.1045041192  -0.0041685573  -0.0221424770
       -0.0282525857   0.0022734194   0.0083847717   0.0110351537  -0.0009268880
        0.0026323353  -0.0042529506   0.0001808580   0.0242426069   0.0015192528
       -0.0008048943  -0.0091851259  -0.0661223844   0.0006008455   0.1420885372
        0.7761478424  -0.0425869707  -0.2178479275  -0.4394334000   0.0308765969
       -0.0001630883  -0.0000576726   0.0000231227  -0.0001738162  -0.0000616683
       -0.0000001029   0.0015285279   0.0000094379  -0.0000359612   0.0004116370
        0.0003028517  -0.0002833895   0.0003824807   0.0003269417   0.0002490648
       -0.0171224650  -0.0036392502   0.0028178200  -0.0201088010  -0.0044634830
       -0.0012594306   0.1073231751  -0.2273341719   0.0079959689  -0.0026369997
       -0.0025850362   0.0001071141  -0.0113710767  -0.0303563091   0.0021193581
       -0.0001034974   0.0002034464   0.0002978689  -0.0007446360  -0.0002311993
        0.0005209900   0.0051547207   0.0006476507  -0.0610722059  -0.0225850109
       -0.0425869707   0.1325811552   0.0183908928   0.0306598846  -0.0327303089
        0.0001243108   0.0000039524   0.0000331477  -0.0000982511  -0.0000066452
        0.0000524956  -0.0000629317   0.0000202738   0.0002282057   0.0002943696
        0.0000501366   0.0002342888  -0.0003741021  -0.0000384588   0.0002008848
        0.0262191036   0.0054198380  -0.0017390020  -0.0230788445  -0.0045669455
        0.0007785330  -0.0043145645   0.0080878278  -0.0369037564   0.0007714107
        0.0008974459  -0.0020920399   0.0004070299   0.0014397632  -0.0003902567
        0.0001708263  -0.0001189813   0.0000082580   0.0007957739  -0.0008516357
       -0.0000114251  -0.0238382487  -0.0267748977   0.0023418083  -0.2104491566
       -0.2178479275   0.0183908928   0.6383484569   0.1227611187  -0.0239809077
       -0.0000327895  -0.0000127968   0.0001228834  -0.0000485201  -0.0000299764
       -0.0001149178   0.0000379848   0.0000469448  -0.0000031666  -0.0006002887
       -0.0002854101  -0.0000283210  -0.0006088812  -0.0003008465   0.0001176443
       -0.0034004041  -0.0005510545   0.0000275757  -0.0034425218  -0.0005505476
        0.0002384008   0.0060254584   0.0115302721  -0.0008440653  -0.3054541892
        0.0077995438   0.0079616393  -0.0975035004   0.1051861948  -0.0042262992
       -0.0000122523  -0.0003920522   0.0000353688   0.0002973480  -0.0000503684
       -0.0000703006  -0.0132025198  -0.0047713545   0.0007450425  -0.2115947076
       -0.4394334000   0.0306598846   0.1227611187   0.7698354935  -0.0438559468
        0.0001322288   0.0000412420   0.0000516878   0.0001161048   0.0000287723
       -0.0000554466   0.0001257780   0.0000272217  -0.0000044478   0.0002184915
        0.0004652176  -0.0001817114   0.0002212471   0.0004495653   0.0001508092
        0.0009102781   0.0013620187  -0.0008096117   0.0008406131   0.0014122616
        0.0005772568  -0.0130549979  -0.0320444208   0.0023345468   0.0050123028
       -0.0434780644   0.0006204262   0.1072289668  -0.2534521324   0.0098024422
        0.0000016510   0.0000374181   0.0001811961  -0.0000758050  -0.0000340321
       -0.0011012442   0.0015153636   0.0011528891   0.0010170930   0.0180626873
        0.0308765969  -0.0327303089  -0.0239809077  -0.0438559468   0.0955446910
        0.0001020098   0.0000660874   0.0000455391  -0.0001100934  -0.0000614335
        0.0000746746  -0.0000085351  -0.0000027139   0.0000018256   0.0001225366
        0.0003231489   0.0002815349  -0.0000944416  -0.0003252616   0.0002950918
        0.0010469046   0.0001794596  -0.0001708340  -0.0009618945  -0.0003281042
       -0.0001752473   0.0006068316   0.0015813678   0.0005223953   0.0081257736
        0.0005275247  -0.0309074349  -0.0043520808   0.0098629996  -0.0328789721
       -0.0600887900  -0.0366374512  -0.0505428600  -0.0134586729  -0.0180026708
       -0.0240490410   0.0009721689  -0.0010309690  -0.0005191156  -0.0000546837
       -0.0001630883   0.0001243108  -0.0000327895   0.0001322288   0.0001020098
        0.0725958789   0.0443036024   0.0596198172   0.0023392277   0.0033555798
        0.0044064838   0.0041872937   0.0092918470   0.0115684273  -0.0070585350
       -0.0019342082  -0.0005292586   0.0008883035   0.0000017092  -0.0004564647
       -0.0000511925   0.0000102082  -0.0000339543  -0.0004088853   0.0005640933
        0.0003766094   0.0000803450   0.0000039430   0.0000058572   0.0000107136
        0.0000583465  -0.0000128155   0.0000796174   0.0000468291  -0.0000600061
       -0.0364503309  -0.1204917503  -0.1039760130  -0.0047967592  -0.0042062592
       -0.0055186720   0.0009061282   0.0009206067   0.0007103941   0.0002750712
       -0.0000576726   0.0000039524  -0.0000127968   0.0000412420   0.0000660874
        0.0443036024   0.1375442486   0.1224656522   0.0035442798   0.0079175089
        0.0114075991  -0.0057168982  -0.0215095627  -0.0249488991  -0.0020235940
        0.0000558846   0.0000543430   0.0000109452  -0.0002485902  -0.0001517331
       -0.0000877660  -0.0000799119   0.0000434965   0.0000336119   0.0001703906
       -0.0000915318   0.0000142439   0.0000064986  -0.0000225816  -0.0000379671
       -0.0000277555  -0.0000112081   0.0000382297  -0.0000348775  -0.0000308860
       -0.0507125981  -0.1040063136  -0.1882937033  -0.0029207093  -0.0010836905
       -0.0001539354   0.0004566545   0.0002178057   0.0004126634   0.0001715924
        0.0000231227   0.0000331477   0.0001228834   0.0000516878   0.0000455391
        0.0596198172   0.1224656522   0.2158774561  -0.0067174456  -0.0158980119
       -0.0287193713   0.0003966423  -0.0020834206  -0.0009223399  -0.0004256639
       -0.0002428905   0.0011370497   0.0004031255   0.0003168434   0.0007366892
       -0.0000483925  -0.0000507112  -0.0003911011  -0.0003421364   0.0002443985
        0.0003034254  -0.0000134736   0.0000458020  -0.0000205104  -0.0000066503
        0.0000040060  -0.0000157348   0.0000163543  -0.0000042801  -0.0000292744
       -0.0541972794  -0.0249421094   0.0451872394  -0.0116895225  -0.0149490210
        0.0266443214   0.0009707443  -0.0009793579   0.0006034432  -0.0000674924
       -0.0001738162  -0.0000982511  -0.0000485201   0.0001161048  -0.0001100934
        0.0023392277   0.0035442798  -0.0067174456   0.0656174798   0.0304804580
       -0.0539130525   0.0034215883   0.0080447900  -0.0129410508   0.0008928206
        0.0000382278   0.0004459153  -0.0069557864  -0.0018089721   0.0012421543
       -0.0004104925   0.0005022225  -0.0003917995  -0.0000480000   0.0000147532
        0.0000101696   0.0000802813  -0.0000002402  -0.0000129673   0.0000131410
        0.0000588470   0.0000039663   0.0000818104   0.0000538337   0.0000474507
       -0.0247350472  -0.0972753164   0.0948825732  -0.0040301902  -0.0033262669
        0.0060606480   0.0007990660   0.0008095713  -0.0008086707   0.0002503255
       -0.0000616683  -0.0000066452  -0.0000299764   0.0000287723  -0.0000614335
        0.0033555798   0.0079175089  -0.0158980119   0.0304804580   0.1101739942
       -0.1120138136  -0.0041510333  -0.0181321249   0.0273026774  -0.0000238071
       -0.0002534666   0.0002668141  -0.0019288763   0.0001056114   0.0001831577
        0.0000816787   0.0001516694   0.0001052021  -0.0000866435  -0.0000835097
       -0.0000738168   0.0000169793   0.0000029937   0.0000188571  -0.0000363306
       -0.0000267502   0.0000139465   0.0000378172  -0.0000310181   0.0000285156
        0.0453354090   0.0949280248  -0.2174013887   0.0041140644   0.0023656212
       -0.0028038769  -0.0005859644  -0.0002031283   0.0005228266  -0.0001930281
       -0.0000001029   0.0000524956  -0.0001149178  -0.0000554466   0.0000746746
        0.0044064838   0.0114075991  -0.0287193713  -0.0539130525  -0.1120138136
        0.2502223153  -0.0001874424   0.0036055352  -0.0035363993  -0.0004128533
       -0.0002050238   0.0007406190   0.0011484836   0.0004719565   0.0009863998
        0.0003800472  -0.0002602546   0.0003228019   0.0000361655   0.0000135946
       -0.0003920966   0.0000043078  -0.0000483107  -0.0000177574   0.0000101360
       -0.0000070793  -0.0000165126  -0.0000278389   0.0000008284  -0.0000347303
       -0.0986124975   0.1024284177  -0.0042954514  -0.0199898494   0.0260602747
       -0.0008896044  -0.0068501230  -0.0015037888   0.0003159054  -0.0006061068
        0.0015285279  -0.0000629317   0.0000379848   0.0001257780  -0.0000085351
        0.0041872937  -0.0057168982   0.0003966423   0.0034215883  -0.0041510333
       -0.0001874424   0.1178081718  -0.1191817364   0.0047753700   0.0005543012
        0.0004141418  -0.0001559906   0.0005849823   0.0004112782   0.0000750166
        0.0000388615  -0.0002250063   0.0000620816   0.0000308831  -0.0002261968
       -0.0000388749  -0.0005916075   0.0000584129   0.0000121460  -0.0000052850
       -0.0000577346   0.0000020362  -0.0000085975   0.0000355632  -0.0000003675
        0.1027608273  -0.2260395832   0.0073988976  -0.0004941042   0.0029376888
       -0.0001356563   0.0003401778   0.0010323315  -0.0000322087  -0.0002581314
        0.0000094379   0.0000202738   0.0000469448   0.0000272217  -0.0000027139
        0.0092918470  -0.0215095627  -0.0020834206   0.0080447900  -0.0181321249
        0.0036055352  -0.1191817364   0.2604527591  -0.0087147871  -0.0001668555
        0.0004337294   0.0002845799  -0.0001402148   0.0003611313  -0.0003212029
       -0.0001751349   0.0001554336  -0.0002296798  -0.0001700335   0.0001901617
        0.0002201520   0.0000101437  -0.0000140607  -0.0000017131   0.0000537610
        0.0000457966  -0.0000057875   0.0000377193   0.0000496398  -0.0000022685
       -0.0043140073   0.0074102787  -0.0449811703   0.0006534412  -0.0009488942
        0.0004038168   0.0002092645   0.0000268926   0.0006341729   0.0000382418
       -0.0000359612   0.0002282057  -0.0000031666  -0.0000044478   0.0000018256
        0.0115684273  -0.0249488991  -0.0009223399  -0.0129410508   0.0273026774
       -0.0035363993   0.0047753700  -0.0087147871   0.0481949079  -0.0004052350
        0.0002756524  -0.0000182578   0.0003887974  -0.0003460669   0.0000173723
        0.0000853149  -0.0000795751   0.0000219738  -0.0000672711   0.0000724539
       -0.0000065114   0.0000163643  -0.0000027812  -0.0000325786  -0.0000036379
       -0.0000033682  -0.0000289234  -0.0000008527  -0.0000031742   0.0000239056
       -0.0140684891  -0.0182146335  -0.0235817382  -0.0562621324  -0.0345695372
       -0.0463678785   0.0030685284   0.0096238724   0.0110295414   0.0007831185
        0.0004116370   0.0002943696  -0.0006002887   0.0002184915   0.0001225366
       -0.0070585350  -0.0020235940  -0.0004256639   0.0008928206  -0.0000238071
       -0.0004128533   0.0005543012  -0.0001668555  -0.0004052350   0.0722954518
        0.0400449024   0.0542967152   0.0023755534   0.0028984832   0.0047169096
        0.0002633825  -0.0005020901   0.0001135823  -0.0012454078   0.0029820565
        0.0001011744   0.0000561728  -0.0002130154  -0.0001341804   0.0001260374
       -0.0001302573  -0.0001584292  -0.0011805135  -0.0003356529   0.0008111492
       -0.0040764101  -0.0035703181  -0.0057509472  -0.0348882367  -0.1170323504
       -0.0994828162  -0.0037809142  -0.0208774909  -0.0220060773  -0.0003795781
        0.0003028517   0.0000501366  -0.0002854101   0.0004652176   0.0003231489
       -0.0019342082   0.0000558846  -0.0002428905   0.0000382278  -0.0002534666
       -0.0002050238   0.0004141418   0.0004337294   0.0002756524   0.0400449024
        0.1381590933   0.1175590549   0.0030033068   0.0076779097   0.0105088149
       -0.0005277367   0.0003889242  -0.0004483743   0.0028271386  -0.0061248896
       -0.0006497918  -0.0002148851  -0.0000152853   0.0001277750  -0.0000969995
       -0.0000433746  -0.0000602309  -0.0001433385   0.0004335650   0.0000015691
       -0.0020432344  -0.0010134551  -0.0001491636  -0.0464515722  -0.1001065979
       -0.1851813714   0.0009938099  -0.0026724441  -0.0004214002  -0.0004554692
       -0.0002833895   0.0002342888  -0.0000283210  -0.0001817114   0.0002815349
       -0.0005292586   0.0000543430   0.0011370497   0.0004459153   0.0002668141
        0.0007406190  -0.0001559906   0.0002845799  -0.0000182578   0.0542967152
        0.1175590549   0.2109415590  -0.0069865748  -0.0149322318  -0.0288780173
       -0.0000493244   0.0005296314   0.0006627551   0.0002108744  -0.0004733669
        0.0011116903  -0.0000157354   0.0001516386  -0.0000893506  -0.0002404292
        0.0003129940  -0.0001037165   0.0010085951   0.0005041409  -0.0002682195
       -0.0123807011  -0.0152311143   0.0262427571  -0.0508735791  -0.0236210000
        0.0407872276   0.0023034971   0.0084872242  -0.0123330361   0.0007830832
        0.0003824807  -0.0003741021  -0.0006088812   0.0002212471  -0.0000944416
        0.0008883035   0.0000109452   0.0004031255  -0.0069557864  -0.0019288763
        0.0011484836   0.0005849823  -0.0001402148   0.0003887974   0.0023755534
        0.0030033068  -0.0069865748   0.0659704444   0.0271451998  -0.0484558745
       -0.0012754707   0.0030083728  -0.0003065212   0.0002658981  -0.0005410096
       -0.0000281941   0.0000671085  -0.0002069067   0.0001503795   0.0001512414
       -0.0001310545   0.0001592916  -0.0012956934  -0.0004586003  -0.0007013180
       -0.0034037606  -0.0026809989   0.0061830332  -0.0239669807  -0.0949211946
        0.0905183728  -0.0024671615  -0.0178000943   0.0242543901  -0.0003315880
        0.0003269417  -0.0000384588  -0.0003008465   0.0004495653  -0.0003252616
        0.0000017092  -0.0002485902   0.0003168434  -0.0018089721   0.0001056114
        0.0004719565   0.0004112782   0.0003611313  -0.0003460669   0.0028984832
        0.0076779097  -0.0149322318   0.0271451998   0.1120138932  -0.1077855984
        0.0028524289  -0.0059219477   0.0012913159  -0.0004876130   0.0003857833
        0.0005094435  -0.0002196027  -0.0000474618  -0.0001189119  -0.0000652212
       -0.0000732908   0.0000597919  -0.0002573529   0.0003727425  -0.0000586178
        0.0032012813   0.0022395924  -0.0027267251   0.0409092187   0.0911202252
       -0.2126874393  -0.0008951992   0.0041727461  -0.0027255113   0.0004672946
        0.0002490648   0.0002008848   0.0001176443   0.0001508092   0.0002950918
       -0.0004564647  -0.0001517331   0.0007366892   0.0012421543   0.0001831577
        0.0009863998   0.0000750166  -0.0003212029   0.0000173723   0.0047169096
        0.0105088149  -0.0288780173  -0.0484558745  -0.1077855984   0.2434343703
       -0.0003981091   0.0011057325   0.0009401983   0.0001324195  -0.0004683490
        0.0006646834   0.0000308575  -0.0001435466  -0.0000671483   0.0002363568
       -0.0003113900  -0.0000988957  -0.0009235058  -0.0005483228  -0.0000919529
        0.0008139320   0.0009230940  -0.0009662862   0.0019615064   0.0082352777
       -0.0112199044  -0.0505107303  -0.0244142265   0.0463302537  -0.0156177380
       -0.0171224650   0.0262191036  -0.0034004041   0.0009102781   0.0010469046
       -0.0000511925  -0.0000877660  -0.0000483925  -0.0004104925   0.0000816787
        0.0003800472   0.0000388615  -0.0001751349   0.0000853149   0.0002633825
       -0.0005277367  -0.0000493244  -0.0012754707   0.0028524289  -0.0003981091
        0.0652577776   0.0270771872  -0.0516669583   0.0034371688   0.0030700296
       -0.0076752161   0.0002922482  -0.0002600448  -0.0000393570  -0.0007480159
       -0.0009489698  -0.0026382194  -0.0000508328   0.0003863696   0.0006401434
       -0.0008872974   0.0008031552  -0.0001149860  -0.0027759552  -0.0180647800
        0.0240517068  -0.0223361874  -0.0923214844   0.0901187478  -0.0066614616
       -0.0036392502   0.0054198380  -0.0005510545   0.0013620187   0.0001794596
        0.0000102082  -0.0000799119  -0.0000507112   0.0005022225   0.0001516694
       -0.0002602546  -0.0002250063   0.0001554336  -0.0000795751  -0.0005020901
        0.0003889242   0.0005296314   0.0030083728  -0.0059219477   0.0011057325
        0.0270771872   0.1096771284  -0.1059323442   0.0030599476   0.0075594997
       -0.0146171022   0.0003800221   0.0002473137  -0.0001589269  -0.0002585503
       -0.0003112435  -0.0006208721   0.0001596423  -0.0000065252   0.0004296562
        0.0001763742  -0.0006801828   0.0005845206  -0.0005513310   0.0044608321
       -0.0029104178   0.0432300199   0.0895509364  -0.2016610178   0.0038686511
        0.0028178200  -0.0017390020   0.0000275757  -0.0008096117  -0.0001708340
       -0.0000339543   0.0000434965  -0.0003911011  -0.0003917995   0.0001052021
        0.0003228019   0.0000620816  -0.0002296798   0.0000219738   0.0001135823
       -0.0004483743   0.0006627551  -0.0003065212   0.0012913159   0.0009401983
       -0.0516669583  -0.1059323442   0.2339021817   0.0052607296   0.0100717008
       -0.0299914179   0.0001491409  -0.0001869775   0.0002747039   0.0000761302
        0.0001215848   0.0003337398  -0.0000137211  -0.0001757184  -0.0001790845
        0.0008612119   0.0010666491   0.0008344793   0.0026468071   0.0092280784
        0.0099681971  -0.0563053219  -0.0358184284  -0.0511089084  -0.0173201369
       -0.0201088010  -0.0230788445  -0.0034425218   0.0008406131  -0.0009618945
       -0.0004088853   0.0000336119  -0.0003421364  -0.0000480000  -0.0000866435
        0.0000361655   0.0000308831  -0.0001700335  -0.0000672711  -0.0012454078
        0.0028271386   0.0002108744   0.0002658981  -0.0004876130   0.0001324195
        0.0034371688   0.0030599476   0.0052607296   0.0719216306   0.0401652111
        0.0569366732   0.0002805296  -0.0002376500   0.0000724828  -0.0005824496
       -0.0006289845   0.0027923656  -0.0000914057   0.0003169041  -0.0006853321
       -0.0008970570   0.0008891060   0.0001322166  -0.0041078133  -0.0211482834
       -0.0217685327  -0.0334167548  -0.1140662331  -0.0982091805  -0.0073317045
       -0.0044634830  -0.0045669455  -0.0005505476   0.0014122616  -0.0003281042
        0.0005640933   0.0001703906   0.0002443985   0.0000147532  -0.0000835097
        0.0000135946  -0.0002261968   0.0001901617   0.0000724539   0.0029820565
       -0.0061248896  -0.0004733669  -0.0005410096   0.0003857833  -0.0004683490
        0.0030700296   0.0075594997   0.0100717008   0.0401652111   0.1352778529
        0.1149108375   0.0003650960   0.0002804776   0.0001272889  -0.0002220561
       -0.0002385305   0.0006938049   0.0001319000  -0.0000406041  -0.0004518168
       -0.0000913695   0.0005818580   0.0004500891   0.0007054332  -0.0029230966
       -0.0005171931  -0.0482523084  -0.0975098255  -0.1740638102  -0.0020865008
       -0.0012594306   0.0007785330   0.0002384008   0.0005772568  -0.0001752473
        0.0003766094  -0.0000915318   0.0003034254   0.0000101696  -0.0000738168
       -0.0003920966  -0.0000388749   0.0002201520  -0.0000065114   0.0001011744
       -0.0006497918   0.0011116903  -0.0000281941   0.0005094435   0.0006646834
       -0.0076752161  -0.0146171022  -0.0299914179   0.0569366732   0.1149108375
        0.2016034143  -0.0001949284   0.0001998181   0.0002373871   0.0000065022
       -0.0000145362   0.0001009009  -0.0000075707   0.0001397656  -0.0001038470
       -0.0009115240   0.0015574160  -0.0000583298  -0.0053705089  -0.0018369619
        0.0003196526  -0.0190134596   0.0247325171  -0.0008293509  -0.1028409864
        0.1073231751  -0.0043145645   0.0060254584  -0.0130549979   0.0006068316
        0.0000803450   0.0000142439  -0.0000134736   0.0000802813   0.0000169793
        0.0000043078  -0.0005916075   0.0000101437   0.0000163643   0.0000561728
       -0.0002148851  -0.0000157354   0.0000671085  -0.0002196027   0.0000308575
        0.0002922482   0.0003800221   0.0001491409   0.0002805296   0.0003650960
       -0.0001949284   0.1208850463  -0.1149554381   0.0038521639   0.0012463097
       -0.0013694745  -0.0001340764  -0.0002854133  -0.0027482328   0.0005811403
        0.0000745150  -0.0001316117   0.0000120117   0.0004282170   0.0014184680
        0.0000010674   0.0017960939  -0.0009770598   0.0000897592   0.1045041192
       -0.2273341719   0.0080878278   0.0115302721  -0.0320444208   0.0015813678
        0.0000039430   0.0000064986   0.0000458020  -0.0000002402   0.0000029937
       -0.0000483107   0.0000584129  -0.0000140607  -0.0000027812  -0.0002130154
       -0.0000152853   0.0001516386  -0.0002069067  -0.0000474618  -0.0001435466
       -0.0002600448   0.0002473137  -0.0001869775  -0.0002376500   0.0002804776
        0.0001998181  -0.1149554381   0.2624868184  -0.0105460174   0.0006213766
        0.0008282493  -0.0004101888  -0.0031436544  -0.0047067474   0.0011685298
        0.0000283260  -0.0000328176   0.0001088769   0.0001927695   0.0000641646
        0.0016489982   0.0005328917  -0.0005960963   0.0014932568  -0.0041685573
        0.0079959689  -0.0369037564  -0.0008440653   0.0023345468   0.0005223953
        0.0000058572  -0.0000225816  -0.0000205104  -0.0000129673   0.0000188571
       -0.0000177574   0.0000121460  -0.0000017131  -0.0000325786  -0.0001341804
        0.0001277750  -0.0000893506   0.0001503795  -0.0001189119  -0.0000671483
       -0.0000393570  -0.0001589269   0.0002747039   0.0000724828   0.0001272889
        0.0002373871   0.0038521639  -0.0105460174   0.0252673767  -0.0002530947
       -0.0003475982  -0.0057509720   0.0006052053   0.0011560618   0.0133290786
        0.0000509722   0.0000442983  -0.0000038586   0.0000567939  -0.0004702136
        0.0000364361   0.0004354429  -0.0026480306   0.0005497872  -0.0221424770
       -0.0026369997   0.0007714107  -0.3054541892   0.0050123028   0.0081257736
        0.0000107136  -0.0000379671  -0.0000066503   0.0000131410  -0.0000363306
        0.0000101360  -0.0000052850   0.0000537610  -0.0000036379   0.0001260374
       -0.0000969995  -0.0002404292   0.0001512414  -0.0000652212   0.0002363568
       -0.0007480159  -0.0002585503   0.0000761302  -0.0005824496  -0.0002220561
        0.0000065022   0.0012463097   0.0006213766  -0.0002530947   0.3427926736
       -0.0012301031  -0.0097465607  -0.0159509090   0.0019707331   0.0004416986
        0.0000939276   0.0003099576  -0.0000199189   0.0005717837   0.0001302396
       -0.0000031794  -0.0016536058  -0.0030803159   0.0010156303  -0.0282525857
       -0.0025850362   0.0008974459   0.0077995438  -0.0434780644   0.0005275247
        0.0000583465  -0.0000277555   0.0000040060   0.0000588470  -0.0000267502
       -0.0000070793  -0.0000577346   0.0000457966  -0.0000033682  -0.0001302573
       -0.0000433746   0.0003129940  -0.0001310545  -0.0000732908  -0.0003113900
       -0.0009489698  -0.0003112435   0.0001215848  -0.0006289845  -0.0002385305
       -0.0000145362  -0.0013694745   0.0008282493  -0.0003475982  -0.0012301031
        0.0509532947  -0.0016645371   0.0258203211  -0.0024031762  -0.0005075783
       -0.0000071549  -0.0000184769   0.0000079578  -0.0000270867   0.0000273035
        0.0003532798   0.0004976862   0.0010479908   0.0131707507   0.0022734194
        0.0001071141  -0.0020920399   0.0079616393   0.0006204262  -0.0309074349
       -0.0000128155  -0.0000112081  -0.0000157348   0.0000039663   0.0000139465
       -0.0000165126   0.0000020362  -0.0000057875  -0.0000289234  -0.0001584292
       -0.0000602309  -0.0001037165   0.0001592916   0.0000597919  -0.0000988957
       -0.0026382194  -0.0006208721   0.0003337398   0.0027923656   0.0006938049
        0.0001009009  -0.0001340764  -0.0004101888  -0.0057509720  -0.0097465607
       -0.0016645371   0.0226493640  -0.0009660619   0.0002209234   0.0023982368
       -0.0000601250  -0.0000954343   0.0000018362  -0.0012157024  -0.0007235176
        0.0000920018   0.0004068216  -0.0003269163  -0.0001439097   0.0083847717
       -0.0113710767   0.0004070299  -0.0975035004   0.1072289668  -0.0043520808
        0.0000796174   0.0000382297   0.0000163543   0.0000818104   0.0000378172
       -0.0000278389  -0.0000085975   0.0000377193  -0.0000008527  -0.0011805135
       -0.0001433385   0.0010085951  -0.0012956934  -0.0002573529  -0.0009235058
       -0.0000508328   0.0001596423  -0.0000137211  -0.0000914057   0.0001319000
       -0.0000075707  -0.0002854133  -0.0031436544   0.0006052053  -0.0159509090
        0.0258203211  -0.0009660619   0.1086896718  -0.1173933056   0.0043045189
        0.0002596039   0.0002981658  -0.0000353708   0.0004605136   0.0005112374
       -0.0000265495   0.0011840927   0.0010863706  -0.0003908733   0.0110351537
       -0.0303563091   0.0014397632   0.1051861948  -0.2534521324   0.0098629996
        0.0000468291  -0.0000348775  -0.0000042801   0.0000538337  -0.0000310181
        0.0000008284   0.0000355632   0.0000496398  -0.0000031742  -0.0003356529
        0.0004335650   0.0005041409  -0.0004586003   0.0003727425  -0.0005483228
        0.0003863696  -0.0000065252  -0.0001757184   0.0003169041  -0.0000406041
        0.0001397656  -0.0027482328  -0.0047067474   0.0011560618   0.0019707331
       -0.0024031762   0.0002209234  -0.1173933056   0.2882796688  -0.0121401938
       -0.0000196431  -0.0000246269  -0.0001686102   0.0000199872   0.0000100194
        0.0002810544  -0.0002262345  -0.0003441023  -0.0048795576  -0.0009268880
        0.0021193581  -0.0003902567  -0.0042262992   0.0098024422  -0.0328789721
       -0.0000600061  -0.0000308860  -0.0000292744   0.0000474507   0.0000285156
       -0.0000347303  -0.0000003675  -0.0000022685   0.0000239056   0.0008111492
        0.0000015691  -0.0002682195  -0.0007013180  -0.0000586178  -0.0000919529
        0.0006401434   0.0004296562  -0.0001790845  -0.0006853321  -0.0004518168
       -0.0001038470   0.0005811403   0.0011685298   0.0133290786   0.0004416986
       -0.0005075783   0.0023982368   0.0043045189  -0.0121401938   0.0229922299
