           1           2   1.02467592906311     
           2           3   1.93052660390085     
           2           4  0.998665440047891     
           4           5  0.964582656763109     
           4           6  0.981005845958399     
           6           7   1.00641959074795     
           7           8   1.01107322767303     
           8           9   1.76872117512087     
           4          10  0.985021214109830     
           9          10   1.04183509861449     
           8          11   1.07327533410212     
          11          12   1.85372581190314     
           1          13  0.967109313192770     
           1          14  0.973905224134163     
           1          15  0.983234082943400     
           3          16  0.975583784406335     
           3          17  0.975431301553402     
           6          18  0.977442365491826     
           6          19  0.975102627007487     
           7          20  0.956624610658789     
           7          21  0.961974333771952     
           9          22  0.963068930354376     
          10          23  0.959984964496791     
          10          24  0.940149692206818     
          11          25  0.929050061532927     
