   -0.10133988
   -0.06091244
    0.10886973
   -0.32887984
    0.22274551
   -0.35699278
    0.23186327
   -0.31855798
    0.40097713
   -0.56295141
   -0.08714638
   -0.06919808
   -0.07223171
   -0.05957696
   -0.07838179
   -0.07482884
   -0.13459960
    0.06107357
    0.03722606
    0.05055402
    0.08267035
    0.08421815
    0.07849736
    0.08295084
    0.08702751
    0.08291807
    0.09046516
    0.07625280
    0.07364635
    0.07541266
    0.08228190
    0.07229350
    0.07796926
    0.07441882
    0.07126568
