   42
          9          1          9
          9         10         18
          9         19         27
          9         28         36
          9         37         45
          9         46         54
          9         55         63
          8         64         71
          9         72         80
          6         81         86
          9         87         95
          9         96        104
          7        105        111
          9        112        120
          9        121        129
          7        130        136
          7        137        143
          1        144        144
          1        145        145
          4        146        149
          7        150        156
          7        157        163
          7        164        170
          7        171        177
          6        178        183
          9        184        192
          7        193        199
          6        200        205
          1        206        206
          9        207        215
          1        216        216
          8        217        224
          4        225        228
          8        229        236
          6        237        242
          5        243        247
          7        248        254
          1        255        255
          6        256        261
          4        262        265
          2        266        267
          3        268        270
