           1           2  0.984024406100548     
           2           3  0.981664958275817     
           3           4   1.00679489611136     
           2           5  0.991930290434064     
           1           6  0.998270611667227     
           1           7  0.970158204984660     
           1           8  0.969376953042007     
           2           9  0.958955694625069     
           3          10  0.967657655533724     
           3          11  0.972305997225176     
           4          12  0.854380119081676     
           5          13  0.852350248245892     
           6          14  0.847349680464606     
