$coord
         -6.037761365823          1.057864838334          0.019823398874     c 
         -4.335067051634         -0.976431052612         -0.001042300079     o 
         -1.798348322829         -0.449678424957         -0.003387414077     c 
         -0.189398209024         -2.536495610752         -0.004393513244     c 
          2.393760902727         -2.224203862615         -0.014047141595     c 
          3.458832787524          0.188797857829         -0.019668282798     c 
          1.843907206254          2.262525889340         -0.023577969507     c 
         -0.754123295472          1.957140900197         -0.013177277497     c 
          6.057120077684          0.506413117223          0.119331664970     n 
         -5.835547137456          2.241551173609         -1.666808340555     h 
         -5.805904171128          2.231285854574          1.709548150841     h 
         -7.915631221757          0.215511141956          0.033354498453     h 
         -1.017091935697         -4.398911690385         -0.001945882746     h 
          3.616688054207         -3.859454305916         -0.013160209681     h 
          2.631800806596          4.147067565224         -0.030593304595     h 
         -1.934019167037          3.619636773130         -0.018445133111     h 
          7.095469632047         -0.975347340133         -0.475219266036     h 
          6.711299324162          2.190804746032         -0.482246483532     h 
$end
