$coord
         -4.369445891534         -2.799921350551          0.847789401986     c 
         -5.288737594847         -0.620998303102         -0.802542668973     c 
         -4.121225354997          1.736051397409         -0.317161200578     o 
         -1.541390688065          1.894678507727         -0.931936815841     c 
          0.152388147216          1.693105934295          1.421548351114     c 
          2.755601417000          1.639448409971          0.736879963814     o 
          3.684744394534         -0.583216551104         -0.036259934903     c 
          2.460108968779         -2.496253355823         -0.144114296219     o 
          6.426728380581         -0.349614479466         -0.750682953572     c 
         -4.558583328770         -2.313110032355          2.835417001479     h 
         -5.514776982669         -4.461364038394          0.464503745494     h 
         -2.407489178201         -3.261859301739          0.445316275684     h 
         -7.293262623379         -0.265536586549         -0.453156824615     h 
         -5.044121905767         -1.119630500940         -2.806540912586     h 
         -1.007195582063          0.414670681616         -2.280896056267     h 
         -1.232776350216          3.740576564269         -1.820549364309     h 
         -0.311804528600         -0.018689761915          2.481423322310     h 
         -0.089456532391          3.348219387016          2.625318662408     h 
          6.549774409996         -0.048244040948         -2.781933455720     h 
          7.409639068202         -2.092300639298         -0.293329531772     h 
          7.276964013722          1.248024157727          0.213539413239     h 
$end
