$hessian                                                                        
        0.5171418225   0.0134840573  -0.0084194584  -0.0695922658   0.0216023011
       -0.0096724532  -0.0080261143   0.0226886920  -0.0139428812   0.0009334577
       -0.0002623665   0.0004076095   0.0004833567  -0.0005440470   0.0001748347
       -0.0491617732  -0.0253233298  -0.0205485935  -0.1304091624  -0.0170808442
        0.1143737935  -0.2593051079  -0.0000898432  -0.0690122278   0.0011063033
       -0.0009693701   0.0006776431   0.0026817892  -0.0167192056   0.0094094991
        0.0008180304   0.0006751253   0.0007100854  -0.0048455202   0.0016496652
       -0.0033811645  -0.0003206476   0.0001421662  -0.0001629357   0.0000230668
        0.0000486742  -0.0000274521  -0.0001827341   0.0001607334  -0.0000218944
       -0.0002417206   0.0002458817  -0.0001197990  -0.0011027807   0.0002917101
       -0.0004446055
        0.0134840573   0.4732357086   0.0244470535   0.0195171148  -0.1721981186
        0.0526776372   0.0057198779  -0.0038024584   0.0038716298  -0.0004040829
       -0.0002270341  -0.0001479592   0.0003707265  -0.0005860883  -0.0000315940
       -0.0254988502  -0.1764127482  -0.1157975643  -0.0172918207  -0.0459928495
        0.0208729773   0.0002658342  -0.0421358153  -0.0014217079   0.0044644434
       -0.0270713289   0.0095203672   0.0003968753  -0.0080266187   0.0067093760
       -0.0008442106   0.0012789924  -0.0005783985   0.0002541104   0.0009892736
       -0.0001965401   0.0000945621   0.0001772137   0.0000686336  -0.0000610146
        0.0002078078   0.0000142840  -0.0000857140   0.0001582122  -0.0000396596
       -0.0000194986   0.0001120947  -0.0000279778  -0.0003624103   0.0002937572
        0.0000594429
       -0.0084194584   0.0244470535   0.5125579163  -0.0086681714   0.0529672010
       -0.0949326963  -0.0061677524   0.0107992887  -0.0072362399   0.0003685422
       -0.0001800197  -0.0002208112  -0.0004369926  -0.0001417000  -0.0005158586
       -0.0206484284  -0.1157254243  -0.1434165091   0.1147854052   0.0204461878
       -0.1949790875  -0.0693546005  -0.0014869621  -0.0664754289   0.0026047489
       -0.0160481349   0.0078533025  -0.0018668299   0.0233175197  -0.0135564872
        0.0002923645   0.0008738362   0.0005343060  -0.0027140888   0.0005588271
       -0.0006154929   0.0002553756  -0.0003394182   0.0003427900  -0.0000311511
       -0.0000386011   0.0001340480  -0.0000883254   0.0001449270  -0.0000318084
       -0.0000865000   0.0000259090   0.0000148937   0.0001758627   0.0003795103
        0.0005431635
       -0.0695922658   0.0195171148  -0.0086681714   0.4739178662   0.0042265022
       -0.0246322821  -0.1676952390   0.0039477263  -0.0506501890  -0.0257326244
        0.0020734662  -0.0026517826  -0.0010664293   0.0000819404   0.0000727240
        0.0008939853  -0.0022648955   0.0015635717   0.0034723254  -0.0159137131
        0.0087819171  -0.0083845923   0.0259662450  -0.0144254753  -0.0452457882
       -0.0151258422  -0.0109672772  -0.1442197370  -0.0212459899   0.1110931838
       -0.0070499486  -0.0020433210  -0.0053318948  -0.0073446122   0.0021014483
       -0.0047196059   0.0008137008  -0.0001495250  -0.0017573190  -0.0029874620
       -0.0006089994   0.0018648011  -0.0001021873   0.0000125199   0.0001426760
        0.0000620611  -0.0004021045   0.0000923833   0.0002609474  -0.0001725722
        0.0001927404
        0.0216023011  -0.1721981186   0.0529672010   0.0042265022   0.4914993215
        0.0215269536   0.0004226849  -0.0658909417   0.0002456316  -0.0010095401
       -0.0000355525  -0.0016488652  -0.0001657714  -0.0005200709   0.0004009473
        0.0044989983  -0.0271336027   0.0084502972  -0.0009500531  -0.0062456277
        0.0058348516   0.0022082519  -0.0030898644   0.0025750637  -0.0148564737
       -0.1655013857  -0.1121279131  -0.0215737889  -0.0480446014   0.0194678192
       -0.0202430494  -0.0002600382  -0.0119055134   0.0242732936  -0.0036751416
        0.0144064443   0.0009892869   0.0008604200   0.0000441840   0.0007060336
        0.0004116207  -0.0004468143   0.0000330897   0.0001089319  -0.0000097905
        0.0000782299  -0.0000459814   0.0000917950  -0.0002399957  -0.0002393674
        0.0001277079
       -0.0096724532   0.0526776372  -0.0949326963  -0.0246322821   0.0215269536
        0.5169687518  -0.0477918370   0.0005379686  -0.0894273238   0.0152526555
       -0.0013431440   0.0068755063   0.0005878928  -0.0000262533  -0.0005689446
        0.0030272950  -0.0160447139   0.0083832116  -0.0027115917   0.0230652710
       -0.0140082843  -0.0040463652   0.0103622405  -0.0056312570  -0.0107569231
       -0.1116605831  -0.1448938832   0.1110308842   0.0195027599  -0.1628735882
       -0.0202425760  -0.0015922611  -0.0112766555  -0.0155545557   0.0029770384
       -0.0082179394   0.0017097741   0.0002790986   0.0011893599   0.0034821094
       -0.0006518888  -0.0016094041   0.0001331705   0.0001407794   0.0000579394
        0.0002104173   0.0003394311  -0.0000745650  -0.0000256148  -0.0000903341
        0.0000397724
       -0.0080261143   0.0057198779  -0.0061677524  -0.1676952390   0.0004226849
       -0.0477918370   0.4490974915   0.0051884368   0.0041140162  -0.1308538063
       -0.0006545353   0.0581403245  -0.0111603406  -0.0052907708   0.0096962965
        0.0006986684  -0.0006062524   0.0003448192   0.0003573209  -0.0001325631
        0.0003141499   0.0006664158   0.0009801430  -0.0004819544  -0.0073578602
       -0.0018051164  -0.0055100600  -0.0261044312  -0.0002134351  -0.0076497765
       -0.0431527938  -0.0155784284  -0.0141854575  -0.0399362732   0.0114512148
       -0.0069310307   0.0041530193   0.0003402171  -0.0014225912  -0.0213433172
        0.0013977224   0.0168743498   0.0004439561   0.0007570762   0.0004214608
       -0.0003487915  -0.0023881565   0.0005066451   0.0005620955   0.0004118848
       -0.0002716023
        0.0226886920  -0.0038024584   0.0107992887   0.0039477263  -0.0658909417
        0.0005379686   0.0051884368   0.5340709525   0.0079969787  -0.0032866237
       -0.0656580569   0.0028616679  -0.0196307074  -0.0031760970   0.0159089574
        0.0009441294   0.0010698723   0.0006487898   0.0001655953   0.0006353677
       -0.0002065420   0.0021868849  -0.0044744894   0.0032034805  -0.0201919570
       -0.0008984009  -0.0107862024  -0.0029770654   0.0005843593  -0.0010003968
       -0.0156447019  -0.1733935998  -0.1113816525   0.0116643047  -0.2165862202
        0.0961223047   0.0060102587   0.0009017108  -0.0070195055   0.0127232170
       -0.0002627346  -0.0099780878  -0.0002891157   0.0005847224   0.0008631915
       -0.0032926974  -0.0047000779   0.0011563302  -0.0002063766   0.0009960919
        0.0002734288
       -0.0139428812   0.0038716298  -0.0072362399  -0.0506501890   0.0002456316
       -0.0894273238   0.0041140162   0.0079969787   0.4854070571   0.0616740393
        0.0004345608  -0.1222022318   0.0058448551   0.0042992793  -0.0051524733
        0.0007476575  -0.0007399292   0.0008440860  -0.0002319813  -0.0003127734
        0.0000905017  -0.0007878191   0.0024061084  -0.0009812037  -0.0208097792
       -0.0022857074  -0.0113606221   0.0187983844   0.0003186861   0.0066187469
       -0.0137667022  -0.1122252277  -0.1401460062  -0.0074908127   0.0962623627
       -0.0987939591   0.0200099554  -0.0012934836  -0.0226987353  -0.0026244107
        0.0012768923   0.0033516376  -0.0012712871  -0.0005887942   0.0007658395
        0.0002520310   0.0005700283   0.0005783026   0.0001349237  -0.0002362425
        0.0003426238
        0.0009334577  -0.0004040829   0.0003685422  -0.0257326244  -0.0010095401
        0.0152526555  -0.1308538063  -0.0032866237   0.0616740393   0.4884299354
       -0.0175936448   0.0356998100  -0.0865451790  -0.0466685240   0.0007276623
       -0.0001787247   0.0001761153   0.0000242217  -0.0001299786   0.0002628644
       -0.0001166598   0.0002239766  -0.0000326171   0.0000585714   0.0010209163
        0.0005648051   0.0010114817  -0.0051459743   0.0002590152  -0.0016173610
       -0.0001908061   0.0008702456   0.0024733013  -0.0036670447  -0.0008935015
        0.0035668543  -0.0684088187  -0.0198928032  -0.0699512795  -0.1602619152
        0.1044903788  -0.0503186650  -0.0060275305  -0.0132941999  -0.0012103075
       -0.0115671361  -0.0217473325   0.0036588829   0.0081012526   0.0181994455
       -0.0013017498
       -0.0002623665  -0.0002270341  -0.0001800197   0.0020734662  -0.0000355525
       -0.0013431440  -0.0006545353  -0.0656580569   0.0004345608  -0.0175936448
        0.4809647253   0.0059031594  -0.0487142156  -0.1816299806   0.0069505583
        0.0001971205  -0.0000287993  -0.0002630050   0.0002698804   0.0002681924
        0.0002007674  -0.0001354626   0.0000437798  -0.0000489194  -0.0006906793
        0.0002346391   0.0004744725   0.0002197539   0.0008612642  -0.0000232234
        0.0137688921   0.0001008475  -0.0150829413  -0.0174044620  -0.0026897219
        0.0188852022  -0.0200393853  -0.0607228626  -0.0584766245   0.1041002394
       -0.1317023394   0.0409610868  -0.0065130754  -0.0125937776  -0.0027125781
       -0.0025077511  -0.0026501929   0.0011229784  -0.0061137743  -0.0245351305
        0.0031976698
        0.0004076095  -0.0001479592  -0.0002208112  -0.0026517826  -0.0016488652
        0.0068755063   0.0581403245   0.0028616679  -0.1222022318   0.0356998100
        0.0059031594   0.5052802593   0.0018033568   0.0072164352  -0.0660175350
        0.0000753545   0.0000190589  -0.0001236392  -0.0004717497   0.0003688216
        0.0002768055  -0.0001309919   0.0000254840   0.0000757447  -0.0013434456
       -0.0000944033   0.0010071806  -0.0030128812  -0.0003149277   0.0001091590
        0.0165484518  -0.0021654954  -0.0178866410   0.0133549231   0.0025746710
       -0.0118595253  -0.0699094483  -0.0573497583  -0.2279464806  -0.0501004041
        0.0404164609  -0.0643495645  -0.0113688038  -0.0251322817  -0.0000853022
        0.0099307886   0.0186149073  -0.0024495710   0.0030288884   0.0088530246
       -0.0004833535
        0.0004833567   0.0003707265  -0.0004369926  -0.0010664293  -0.0001657714
        0.0005878928  -0.0111603406  -0.0196307074   0.0058448551  -0.0865451790
       -0.0487142156   0.0018033568   0.5102518368  -0.0294589010   0.0023723792
       -0.0001621643  -0.0001521237  -0.0000450526  -0.0011056196  -0.0002342543
        0.0000045487  -0.0001010891  -0.0001294008   0.0001546914  -0.0000890273
       -0.0000560230   0.0001334933  -0.0004140814   0.0000808667  -0.0000788239
        0.0009937899  -0.0009740031  -0.0011204064  -0.0023765029  -0.0011811477
        0.0021101743  -0.0049991552  -0.0127834345  -0.0010104355   0.0069901310
        0.0186214273  -0.0012734975  -0.0782484159  -0.0225099722  -0.0793869091
       -0.1726663962   0.0049030447   0.1175950060  -0.1597847135   0.1120138894
       -0.0472542800
       -0.0005440470  -0.0005860883  -0.0001417000   0.0000819404  -0.0005200709
       -0.0000262533  -0.0052907708  -0.0031760970   0.0042992793  -0.0466685240
       -0.1816299806   0.0072164352  -0.0294589010   0.4734233071   0.0030182347
        0.0001129630   0.0001589392  -0.0001509765   0.0001609756   0.0003788350
        0.0002001545  -0.0001588273   0.0000184990   0.0000419555   0.0000628543
        0.0002099919   0.0001590320  -0.0000213580   0.0000758463  -0.0000035111
        0.0009585337   0.0009637591  -0.0008316033  -0.0007029932   0.0006554102
       -0.0002491175  -0.0067907902  -0.0124347587  -0.0016782355  -0.0066813997
       -0.0266112547   0.0028361032  -0.0227369351  -0.0594604321  -0.0563324746
        0.0047219469  -0.0423321919  -0.0031875213   0.1129553324  -0.1491337136
        0.0448301988
        0.0001748347  -0.0000315940  -0.0005158586   0.0000727240   0.0004009473
       -0.0005689446   0.0096962965   0.0159089574  -0.0051524733   0.0007276623
        0.0069505583  -0.0660175350   0.0023723792   0.0030182347   0.5200697539
       -0.0000889772   0.0001608391   0.0001998272  -0.0004001973  -0.0001668278
        0.0001016258   0.0000084652   0.0000553301   0.0001615559   0.0002527060
        0.0001358287   0.0000944079   0.0003589829  -0.0000460445   0.0002347849
        0.0008392170   0.0017019909   0.0012861597   0.0031677351   0.0012907928
       -0.0024714003  -0.0106691844  -0.0254303951   0.0001477796   0.0027555401
        0.0103228409   0.0002340315  -0.0793538545  -0.0557556625  -0.2306153888
        0.1176825453  -0.0036191178  -0.1531280308  -0.0475968748   0.0451033216
       -0.0640602950
       -0.0491617732  -0.0254988502  -0.0206484284   0.0008939853   0.0044989983
        0.0030272950   0.0006986684   0.0009441294   0.0007476575  -0.0001787247
        0.0001971205   0.0000753545  -0.0001621643   0.0001129630  -0.0000889772
        0.0538442754   0.0289549889   0.0251711636   0.0021620326   0.0145810691
        0.0150136795  -0.0079669462  -0.0242090189  -0.0227578165   0.0004787456
        0.0013912995  -0.0004432697  -0.0000946441  -0.0005081650  -0.0000471051
        0.0000019029   0.0000429448  -0.0003430821  -0.0000639649  -0.0001428590
       -0.0000194035   0.0000504425  -0.0000863810  -0.0000381021  -0.0000092077
       -0.0000987429  -0.0000115329  -0.0000714830  -0.0000253993  -0.0000740920
        0.0001651593  -0.0001120850  -0.0000307780  -0.0005863039  -0.0000420121
        0.0004674376
       -0.0253233298  -0.1764127482  -0.1157254243  -0.0022648955  -0.0271336027
       -0.0160447139  -0.0006062524   0.0010698723  -0.0007399292   0.0001761153
       -0.0000287993   0.0000190589  -0.0001521237   0.0001589392   0.0001608391
        0.0289549889   0.2081674084   0.1336816288   0.0006924571   0.0013439862
       -0.0009690639  -0.0022774959  -0.0016729694  -0.0030893711   0.0008885349
       -0.0065706464   0.0028425780  -0.0002217099   0.0004788573  -0.0004567206
        0.0005387975   0.0001701001   0.0005566321  -0.0003009360   0.0003199951
       -0.0001024616  -0.0001392872  -0.0001332396   0.0000514005  -0.0001116530
       -0.0000520991  -0.0000323310   0.0000427635   0.0000374690   0.0000300031
       -0.0001003490   0.0000101802   0.0000332562   0.0002043754   0.0002472969
       -0.0002153812
       -0.0205485935  -0.1157975643  -0.1434165091   0.0015635717   0.0084502972
        0.0083832116   0.0003448192   0.0006487898   0.0008440860   0.0000242217
       -0.0002630050  -0.0001236392  -0.0000450526  -0.0001509765   0.0001998272
        0.0251711636   0.1336816288   0.1640240399  -0.0021780964  -0.0206242524
       -0.0216624079  -0.0039203938  -0.0092467308  -0.0085294485  -0.0007104052
        0.0027609412   0.0000067152  -0.0000805439   0.0002681503   0.0005778231
        0.0000529892  -0.0000627073   0.0000417898   0.0000286979   0.0000094565
       -0.0000197305  -0.0000567082   0.0000286977  -0.0000895543   0.0000442221
        0.0000650113   0.0000093262  -0.0000704685   0.0000828805   0.0000085465
       -0.0001456795   0.0001095151  -0.0000535035   0.0005262562   0.0000398678
       -0.0002005725
       -0.1304091624  -0.0172918207   0.1147854052   0.0034723254  -0.0009500531
       -0.0027115917   0.0003573209   0.0001655953  -0.0002319813  -0.0001299786
        0.0002698804  -0.0004717497  -0.0011056196   0.0001609756  -0.0004001973
        0.0021620326   0.0006924571  -0.0021780964   0.1515747877   0.0201782522
       -0.1335512264  -0.0254297094  -0.0031851229   0.0256301539   0.0000936180
       -0.0002606669  -0.0000747011   0.0008288453   0.0006515501  -0.0006566464
       -0.0000387854  -0.0000638224   0.0000169086  -0.0001318361  -0.0000060982
        0.0000670870  -0.0000462892   0.0005039065   0.0000922496   0.0000580988
       -0.0000489021   0.0000951254   0.0001038716  -0.0001080061   0.0000749150
       -0.0002032097   0.0000179214   0.0000915217  -0.0011563099  -0.0007260462
       -0.0005771760
       -0.0170808442  -0.0459928495   0.0204461878  -0.0159137131  -0.0062456277
        0.0230652710  -0.0001325631   0.0006353677  -0.0003127734   0.0002628644
        0.0002681924   0.0003688216  -0.0002342543   0.0003788350  -0.0001668278
        0.0145810691   0.0013439862  -0.0206242524   0.0201782522   0.0544362434
       -0.0268985722  -0.0012475316   0.0007442899   0.0004518986  -0.0006043789
        0.0007273127   0.0004160129   0.0005654559  -0.0054019303   0.0040744753
       -0.0000056152  -0.0001351080  -0.0000759757  -0.0000918086   0.0000774687
       -0.0001448074   0.0004832879  -0.0006381800  -0.0002544800  -0.0002087690
       -0.0001352401  -0.0001535753   0.0000446697  -0.0001640723  -0.0000129792
        0.0000695011  -0.0000651433   0.0000268011  -0.0006656224   0.0001664552
       -0.0002052249
        0.1143737935   0.0208729773  -0.1949790875   0.0087819171   0.0058348516
       -0.0140082843   0.0003141499  -0.0002065420   0.0000905017  -0.0001166598
        0.0002007674   0.0002768055   0.0000045487   0.0002001545   0.0001016258
        0.0150136795  -0.0009690639  -0.0216624079  -0.1335512264  -0.0268985722
        0.2239649125  -0.0037428305  -0.0010199131   0.0062881826  -0.0001476447
       -0.0006771991   0.0008469994  -0.0004354207   0.0037630250  -0.0012583918
        0.0001778525  -0.0000198280  -0.0002436774   0.0001101841  -0.0002126036
        0.0000891914  -0.0001784042   0.0002694804   0.0003227613   0.0001273366
       -0.0000743728   0.0000693233   0.0001041356  -0.0001129631   0.0000144200
        0.0002156072  -0.0001635390   0.0000241173  -0.0010510184  -0.0007866595
        0.0000630082
       -0.2593051079   0.0002658342  -0.0693546005  -0.0083845923   0.0022082519
       -0.0040463652   0.0006664158   0.0021868849  -0.0007878191   0.0002239766
       -0.0001354626  -0.0001309919  -0.0001010891  -0.0001588273   0.0000084652
       -0.0079669462  -0.0022774959  -0.0039203938  -0.0254297094  -0.0012475316
       -0.0037428305   0.3000672795  -0.0011143922   0.0818854800  -0.0000313879
        0.0000656981   0.0003377273   0.0007716530  -0.0004396397  -0.0000002117
        0.0001903767   0.0000639096   0.0002634969  -0.0006236349   0.0002950914
       -0.0004008037   0.0000288246  -0.0001745491  -0.0000143208   0.0000333076
        0.0000114656  -0.0000089955   0.0000203536   0.0000831069  -0.0000014519
       -0.0000316058   0.0000597458  -0.0000041552  -0.0001281138   0.0003079100
       -0.0000822296
       -0.0000898432  -0.0421358153  -0.0014869621   0.0259662450  -0.0030898644
        0.0103622405   0.0009801430  -0.0044744894   0.0024061084  -0.0000326171
        0.0000437798   0.0000254840  -0.0001294008   0.0000184990   0.0000553301
       -0.0242090189  -0.0016729694  -0.0092467308  -0.0031851229   0.0007442899
       -0.0010199131  -0.0011143922   0.0498537420  -0.0016119765   0.0003626407
        0.0003172348  -0.0000358365   0.0003499866   0.0007622691  -0.0002295809
       -0.0001497617  -0.0001152101   0.0000182947   0.0013127150  -0.0003200503
        0.0009421614  -0.0000600459  -0.0000237048  -0.0000364087  -0.0000342748
        0.0000094285  -0.0000550081   0.0000033091  -0.0000159790   0.0000214941
       -0.0000623365   0.0000382812  -0.0000082434   0.0000917747   0.0000605586
       -0.0001004530
       -0.0690122278  -0.0014217079  -0.0664754289  -0.0144254753   0.0025750637
       -0.0056312570  -0.0004819544   0.0032034805  -0.0009812037   0.0000585714
       -0.0000489194   0.0000757447   0.0001546914   0.0000419555   0.0001615559
       -0.0227578165  -0.0030893711  -0.0085294485   0.0256301539   0.0004518986
        0.0062881826   0.0818854800  -0.0016119765   0.0754061394   0.0002289485
       -0.0003265166   0.0002625143  -0.0005772308  -0.0001657647  -0.0001330038
        0.0002171120   0.0000388657   0.0001229314  -0.0008291044   0.0003736818
       -0.0004872161  -0.0000471067   0.0001352976  -0.0000085016  -0.0000208338
        0.0000258172   0.0000588243   0.0000948698  -0.0000663866   0.0000195523
       -0.0000162530   0.0000066021   0.0000320379  -0.0001018241  -0.0001220197
       -0.0001814230
        0.0011063033   0.0044644434   0.0026047489  -0.0452457882  -0.0148564737
       -0.0107569231  -0.0073578602  -0.0201919570  -0.0208097792   0.0010209163
       -0.0006906793  -0.0013434456  -0.0000890273   0.0000628543   0.0002527060
        0.0004787456   0.0008885349  -0.0007104052   0.0000936180  -0.0006043789
       -0.0001476447  -0.0000313879   0.0003626407   0.0002289485   0.0543342987
        0.0159110021   0.0164018054   0.0007643214   0.0153974249   0.0169763072
       -0.0054697348  -0.0004905437  -0.0036115033   0.0006170946  -0.0002559601
        0.0001734494  -0.0005178760  -0.0001557830   0.0007767079   0.0001938032
       -0.0000411528  -0.0001180143   0.0000952639   0.0001043862   0.0000888336
        0.0000074814   0.0000517450   0.0000382734  -0.0000001720   0.0000438969
       -0.0000440647
       -0.0009693701  -0.0270713289  -0.0160481349  -0.0151258422  -0.1655013857
       -0.1116605831  -0.0018051164  -0.0008984009  -0.0022857074   0.0005648051
        0.0002346391  -0.0000944033  -0.0000560230   0.0002099919   0.0001358287
        0.0013912995  -0.0065706464   0.0027609412  -0.0002606669   0.0007273127
       -0.0006771991   0.0000656981   0.0003172348  -0.0003265166   0.0159110021
        0.1959838962   0.1286428289   0.0008188611   0.0015838349  -0.0006611370
       -0.0004526973   0.0006488682  -0.0005794088   0.0002314108   0.0004887835
        0.0003194370  -0.0005613866   0.0000282312   0.0004018122   0.0000971576
       -0.0000274493   0.0001113469   0.0000953580  -0.0000098341   0.0000108003
       -0.0000479577  -0.0000195834   0.0000443020   0.0001034680  -0.0001241637
       -0.0000942070
        0.0006776431   0.0095203672   0.0078533025  -0.0109672772  -0.1121279131
       -0.1448938832  -0.0055100600  -0.0107862024  -0.0113606221   0.0010114817
        0.0004744725   0.0010071806   0.0001334933   0.0001590320   0.0000944079
       -0.0004432697   0.0028425780   0.0000067152  -0.0000747011   0.0004160129
        0.0008469994   0.0003377273  -0.0000358365   0.0002625143   0.0164018054
        0.1286428289   0.1689729067   0.0014228402  -0.0192448016  -0.0212624577
       -0.0034287952   0.0001157923  -0.0014208917   0.0001405474  -0.0000504641
       -0.0002773228   0.0001147846  -0.0000317935   0.0003952044   0.0001157700
        0.0000073628  -0.0001434621   0.0001099837   0.0000182838  -0.0000702982
       -0.0000095124   0.0000480991   0.0000472938  -0.0000324611   0.0000321817
       -0.0000575869
        0.0026817892   0.0003968753  -0.0018668299  -0.1442197370  -0.0215737889
        0.1110308842  -0.0261044312  -0.0029770654   0.0187983844  -0.0051459743
        0.0002197539  -0.0030128812  -0.0004140814  -0.0000213580   0.0003589829
       -0.0000946441  -0.0002217099  -0.0000805439   0.0008288453   0.0005654559
       -0.0004354207   0.0007716530   0.0003499866  -0.0005772308   0.0007643214
        0.0008188611   0.0014228402   0.1716737129   0.0223749548  -0.1267412159
        0.0004117488  -0.0002864161   0.0004182918   0.0001255748   0.0003283390
        0.0005226875   0.0001552448  -0.0001155579  -0.0005209687  -0.0013446293
        0.0001814729   0.0007152688  -0.0000116329   0.0000208400  -0.0000294036
       -0.0000804669  -0.0001813482   0.0000426076   0.0000027071   0.0001207048
       -0.0000454525
       -0.0167192056  -0.0080266187   0.0233175197  -0.0212459899  -0.0480446014
        0.0195027599  -0.0002134351   0.0005843593   0.0003186861   0.0002590152
        0.0008612642  -0.0003149277   0.0000808667   0.0000758463  -0.0000460445
       -0.0005081650   0.0004788573   0.0002681503   0.0006515501  -0.0054019303
        0.0037630250  -0.0004396397   0.0007622691  -0.0001657647   0.0153974249
        0.0015838349  -0.0192448016   0.0223749548   0.0571575810  -0.0277398097
       -0.0004285718  -0.0001058650   0.0001547906   0.0008135007   0.0000935548
       -0.0002073053  -0.0000130093  -0.0000751499   0.0001735532  -0.0001257565
        0.0000226443   0.0001741466   0.0000173643   0.0000347062  -0.0000017125
        0.0000243743   0.0000175014  -0.0000013793   0.0000747218  -0.0000182535
        0.0000491139
        0.0094094991   0.0067093760  -0.0135564872   0.1110931838   0.0194678192
       -0.1628735882  -0.0076497765  -0.0010003968   0.0066187469  -0.0016173610
       -0.0000232234   0.0001091590  -0.0000788239  -0.0000035111   0.0002347849
       -0.0000471051  -0.0004567206   0.0005778231  -0.0006566464   0.0040744753
       -0.0012583918  -0.0000002117  -0.0002295809  -0.0001330038   0.0169763072
       -0.0006611370  -0.0212624577  -0.1267412159  -0.0277398097   0.1901904709
       -0.0001729722   0.0001805073   0.0004245169  -0.0002306580  -0.0003718263
        0.0005744258  -0.0000800187   0.0000733949   0.0001212269  -0.0001833076
        0.0000512276   0.0002405977   0.0000603344   0.0000369948   0.0000623618
       -0.0000443552  -0.0000604858   0.0000051875  -0.0000368724  -0.0000471036
       -0.0000753727
        0.0008180304  -0.0008442106   0.0002923645  -0.0070499486  -0.0202430494
       -0.0202425760  -0.0431527938  -0.0156447019  -0.0137667022  -0.0001908061
        0.0137688921   0.0165484518   0.0009937899   0.0009585337   0.0008392170
        0.0000019029   0.0005387975   0.0000529892  -0.0000387854  -0.0000056152
        0.0001778525   0.0001903767  -0.0001497617   0.0002171120  -0.0054697348
       -0.0004526973  -0.0034287952   0.0004117488  -0.0004285718  -0.0001729722
        0.0562890044   0.0206044691   0.0153332411   0.0015470787   0.0016575976
        0.0012504473  -0.0027033376   0.0003123966   0.0024860720  -0.0010813475
        0.0001905106   0.0006769793  -0.0007794186  -0.0003374891  -0.0000956498
        0.0000856144   0.0001193622  -0.0001662592   0.0001286262  -0.0000444622
       -0.0000017720
        0.0006751253   0.0012789924   0.0008738362  -0.0020433210  -0.0002600382
       -0.0015922611  -0.0155784284  -0.1733935998  -0.1122252277   0.0008702456
        0.0001008475  -0.0021654954  -0.0009740031   0.0009637591   0.0017019909
        0.0000429448   0.0001701001  -0.0000627073  -0.0000638224  -0.0001351080
       -0.0000198280   0.0000639096  -0.0001152101   0.0000388657  -0.0004905437
        0.0006488682   0.0001157923  -0.0002864161  -0.0001058650   0.0001805073
        0.0206044691   0.1999369363   0.1302070764  -0.0029221491  -0.0291171540
       -0.0179824923   0.0002494888  -0.0001921620   0.0006531894   0.0001157473
       -0.0001658188  -0.0002338350  -0.0000808716   0.0004278289   0.0001108680
       -0.0002278300  -0.0002051376   0.0002205841   0.0000454550   0.0001627611
        0.0001791362
        0.0007100854  -0.0005783985   0.0005343060  -0.0053318948  -0.0119055134
       -0.0112766555  -0.0141854575  -0.1113816525  -0.1401460062   0.0024733013
       -0.0150829413  -0.0178866410  -0.0011204064  -0.0008316033   0.0012861597
       -0.0003430821   0.0005566321   0.0000417898   0.0000169086  -0.0000759757
       -0.0002436774   0.0002634969   0.0000182947   0.0001229314  -0.0036115033
       -0.0005794088  -0.0014208917   0.0004182918   0.0001547906   0.0004245169
        0.0153332411   0.1302070764   0.1641710713   0.0011997072   0.0103508803
        0.0089993248   0.0033984221  -0.0009639405  -0.0035191993   0.0005803924
       -0.0003640840  -0.0010744131   0.0006833102   0.0002544807   0.0002818968
       -0.0003895869  -0.0001194490   0.0002668517  -0.0000952262   0.0003408123
       -0.0005613642
       -0.0048455202   0.0002541104  -0.0027140888  -0.0073446122   0.0242732936
       -0.0155545557  -0.0399362732   0.0116643047  -0.0074908127  -0.0036670447
       -0.0174044620   0.0133549231  -0.0023765029  -0.0007029932   0.0031677351
       -0.0000639649  -0.0003009360   0.0000286979  -0.0001318361  -0.0000918086
        0.0001101841  -0.0006236349   0.0013127150  -0.0008291044   0.0006170946
        0.0002314108   0.0001405474   0.0001255748   0.0008135007  -0.0002306580
        0.0015470787  -0.0029221491   0.0011997072   0.0581774594  -0.0146936129
        0.0065884569  -0.0006809730  -0.0002361956   0.0006700569  -0.0000962588
       -0.0016136147   0.0014043114   0.0000729751   0.0001697572   0.0000466148
       -0.0006843311  -0.0008825724   0.0001829702  -0.0000892305   0.0001292521
       -0.0000749854
        0.0016496652   0.0009892736   0.0005588271   0.0021014483  -0.0036751416
        0.0029770384   0.0114512148  -0.2165862202   0.0962623627  -0.0008935015
       -0.0026897219   0.0025746710  -0.0011811477   0.0006554102   0.0012907928
       -0.0001428590   0.0003199951   0.0000094565  -0.0000060982   0.0000774687
       -0.0002126036   0.0002950914  -0.0003200503   0.0003736818  -0.0002559601
        0.0004887835  -0.0000504641   0.0003283390   0.0000935548  -0.0003718263
        0.0016575976  -0.0291171540   0.0103508803  -0.0146936129   0.2487021256
       -0.1129118555  -0.0001919692  -0.0003709183  -0.0000396315   0.0001458859
        0.0014397865  -0.0008190337   0.0001415292  -0.0000128667   0.0000817015
       -0.0003954609  -0.0003287421   0.0001796174  -0.0000101619   0.0003344169
       -0.0002536147
       -0.0033811645  -0.0001965401  -0.0006154929  -0.0047196059   0.0144064443
       -0.0082179394  -0.0069310307   0.0961223047  -0.0987939591   0.0035668543
        0.0188852022  -0.0118595253   0.0021101743  -0.0002491175  -0.0024714003
       -0.0000194035  -0.0001024616  -0.0000197305   0.0000670870  -0.0001448074
        0.0000891914  -0.0004008037   0.0009421614  -0.0004872161   0.0001734494
        0.0003194370  -0.0002773228   0.0005226875  -0.0002073053   0.0005744258
        0.0012504473  -0.0179824923   0.0089993248   0.0065884569  -0.1129118555
        0.1135103409   0.0008676702  -0.0000407561  -0.0012968251  -0.0002397473
        0.0005440304   0.0010422173  -0.0000331861  -0.0002319104   0.0000117443
        0.0006098702   0.0009641951  -0.0001026171  -0.0000317552  -0.0001165288
       -0.0000852158
       -0.0003206476   0.0000945621   0.0002553756   0.0008137008   0.0009892869
        0.0017097741   0.0041530193   0.0060102587   0.0200099554  -0.0684088187
       -0.0200393853  -0.0699094483  -0.0049991552  -0.0067907902  -0.0106691844
        0.0000504425  -0.0001392872  -0.0000567082  -0.0000462892   0.0004832879
       -0.0001784042   0.0000288246  -0.0000600459  -0.0000471067  -0.0005178760
       -0.0005613866   0.0001147846   0.0001552448  -0.0000130093  -0.0000800187
       -0.0027033376   0.0002494888   0.0033984221  -0.0006809730  -0.0001919692
        0.0008676702   0.0837020792   0.0265292552   0.0786990445  -0.0107480273
       -0.0040155770  -0.0242174875  -0.0006039378  -0.0031154202   0.0001313511
       -0.0002043510  -0.0000648263  -0.0003237724   0.0003301021   0.0006355577
        0.0002957529
        0.0001421662   0.0001772137  -0.0003394182  -0.0001495250   0.0008604200
        0.0002790986   0.0003402171   0.0009017108  -0.0012934836  -0.0198928032
       -0.0607228626  -0.0573497583  -0.0127834345  -0.0124347587  -0.0254303951
       -0.0000863810  -0.0001332396   0.0000286977   0.0005039065  -0.0006381800
        0.0002694804  -0.0001745491  -0.0000237048   0.0001352976  -0.0001557830
        0.0000282312  -0.0000317935  -0.0001155579  -0.0000751499   0.0000733949
        0.0003123966  -0.0001921620  -0.0009639405  -0.0002361956  -0.0003709183
       -0.0000407561   0.0265292552   0.0724837499   0.0678800125   0.0086305133
        0.0050360256   0.0183081007  -0.0031589638  -0.0062851999  -0.0006073092
        0.0002178362   0.0006556240  -0.0002838889   0.0000769020   0.0007332007
       -0.0006333388
       -0.0001629357   0.0000686336   0.0003427900  -0.0017573190   0.0000441840
        0.0011893599  -0.0014225912  -0.0070195055  -0.0226987353  -0.0699512795
       -0.0584766245  -0.2279464806  -0.0010104355  -0.0016782355   0.0001477796
       -0.0000381021   0.0000514005  -0.0000895543   0.0000922496  -0.0002544800
        0.0003227613  -0.0000143208  -0.0000364087  -0.0000085016   0.0007767079
        0.0004018122   0.0003952044  -0.0005209687   0.0001735532   0.0001212269
        0.0024860720   0.0006531894  -0.0035191993   0.0006700569  -0.0000396315
       -0.0012968251   0.0786990445   0.0678800125   0.2646548612  -0.0080302250
       -0.0016679264  -0.0133398333  -0.0000382524  -0.0004374401   0.0008942065
       -0.0000547759   0.0002741727   0.0005747822   0.0002770751   0.0000632940
        0.0002561574
        0.0000230668  -0.0000610146  -0.0000311511  -0.0029874620   0.0007060336
        0.0034821094  -0.0213433172   0.0127232170  -0.0026244107  -0.1602619152
        0.1041002394  -0.0501004041   0.0069901310  -0.0066813997   0.0027555401
       -0.0000092077  -0.0001116530   0.0000442221   0.0000580988  -0.0002087690
        0.0001273366   0.0000333076  -0.0000342748  -0.0000208338   0.0001938032
        0.0000971576   0.0001157700  -0.0013446293  -0.0001257565  -0.0001833076
       -0.0010813475   0.0001157473   0.0005803924  -0.0000962588   0.0001458859
       -0.0002397473  -0.0107480273   0.0086305133  -0.0080302250   0.1890195718
       -0.1167945454   0.0535263086   0.0005471263  -0.0000433431   0.0003825803
        0.0005949324  -0.0002481960  -0.0000744574   0.0004121271  -0.0022098419
        0.0002902775
        0.0000486742   0.0002078078  -0.0000386011  -0.0006089994   0.0004116207
       -0.0006518888   0.0013977224  -0.0002627346   0.0012768923   0.1044903788
       -0.1317023394   0.0404164609   0.0186214273  -0.0266112547   0.0103228409
       -0.0000987429  -0.0000520991   0.0000650113  -0.0000489021  -0.0001352401
       -0.0000743728   0.0000114656   0.0000094285   0.0000258172  -0.0000411528
       -0.0000274493   0.0000073628   0.0001814729   0.0000226443   0.0000512276
        0.0001905106  -0.0001658188  -0.0003640840  -0.0016136147   0.0014397865
        0.0005440304  -0.0040155770   0.0050360256  -0.0016679264  -0.1167945454
        0.1577887120  -0.0509173512   0.0007427519   0.0006775961   0.0000346722
        0.0003091282   0.0005090545   0.0001290446  -0.0027719975  -0.0071457400
        0.0008408642
       -0.0000274521   0.0000142840   0.0001340480   0.0018648011  -0.0004468143
       -0.0016094041   0.0168743498  -0.0099780878   0.0033516376  -0.0503186650
        0.0409610868  -0.0643495645  -0.0012734975   0.0028361032   0.0002340315
       -0.0000115329  -0.0000323310   0.0000093262   0.0000951254  -0.0001535753
        0.0000693233  -0.0000089955  -0.0000550081   0.0000588243  -0.0001180143
        0.0001113469  -0.0001434621   0.0007152688   0.0001741466   0.0002405977
        0.0006769793  -0.0002338350  -0.0010744131   0.0014043114  -0.0008190337
        0.0010422173  -0.0242174875   0.0183081007  -0.0133398333   0.0535263086
       -0.0509173512   0.0743900907   0.0003937216  -0.0007372250   0.0004304342
       -0.0000562517   0.0003642630  -0.0002727235   0.0004810305   0.0006039300
        0.0008288699
       -0.0001827341  -0.0000857140  -0.0000883254  -0.0001021873   0.0000330897
        0.0001331705   0.0004439561  -0.0002891157  -0.0012712871  -0.0060275305
       -0.0065130754  -0.0113688038  -0.0782484159  -0.0227369351  -0.0793538545
       -0.0000714830   0.0000427635  -0.0000704685   0.0001038716   0.0000446697
        0.0001041356   0.0000203536   0.0000033091   0.0000948698   0.0000952639
        0.0000953580   0.0001099837  -0.0000116329   0.0000173643   0.0000603344
       -0.0007794186  -0.0000808716   0.0006833102   0.0000729751   0.0001415292
       -0.0000331861  -0.0006039378  -0.0031589638  -0.0000382524   0.0005471263
        0.0007427519   0.0003937216   0.0881551647   0.0293367748   0.0925321711
        0.0077470148   0.0060910717   0.0222361324  -0.0111583861  -0.0036840063
       -0.0241236516
        0.0001607334   0.0001582122   0.0001449270   0.0000125199   0.0001089319
        0.0001407794   0.0007570762   0.0005847224  -0.0005887942  -0.0132941999
       -0.0125937776  -0.0251322817  -0.0225099722  -0.0594604321  -0.0557556625
       -0.0000253993   0.0000374690   0.0000828805  -0.0001080061  -0.0001640723
       -0.0001129631   0.0000831069  -0.0000159790  -0.0000663866   0.0001043862
       -0.0000098341   0.0000182838   0.0000208400   0.0000347062   0.0000369948
       -0.0003374891   0.0004278289   0.0002544807   0.0001697572  -0.0000128667
       -0.0002319104  -0.0031154202  -0.0062851999  -0.0004374401  -0.0000433431
        0.0006775961  -0.0007372250   0.0293367748   0.0714722469   0.0662302115
       -0.0000255638   0.0001846104  -0.0028838806   0.0088141991   0.0048558376
        0.0190379865
       -0.0000218944  -0.0000396596  -0.0000318084   0.0001426760  -0.0000097905
        0.0000579394   0.0004214608   0.0008631915   0.0007658395  -0.0012103075
       -0.0027125781  -0.0000853022  -0.0793869091  -0.0563324746  -0.2306153888
       -0.0000740920   0.0000300031   0.0000085465   0.0000749150  -0.0000129792
        0.0000144200  -0.0000014519   0.0000214941   0.0000195523   0.0000888336
        0.0000108003  -0.0000702982  -0.0000294036  -0.0000017125   0.0000623618
       -0.0000956498   0.0001108680   0.0002818968   0.0000466148   0.0000817015
        0.0000117443   0.0001313511  -0.0006073092   0.0008942065   0.0003825803
        0.0000346722   0.0004304342   0.0925321711   0.0662302115   0.2665667529
       -0.0065843292  -0.0064562580  -0.0261886397  -0.0064165652  -0.0012101802
       -0.0121222567
       -0.0002417206  -0.0000194986  -0.0000865000   0.0000620611   0.0000782299
        0.0002104173  -0.0003487915  -0.0032926974   0.0002520310  -0.0115671361
       -0.0025077511   0.0099307886  -0.1726663962   0.0047219469   0.1176825453
        0.0001651593  -0.0001003490  -0.0001456795  -0.0002032097   0.0000695011
        0.0002156072  -0.0000316058  -0.0000623365  -0.0000162530   0.0000074814
       -0.0000479577  -0.0000095124  -0.0000804669   0.0000243743  -0.0000443552
        0.0000856144  -0.0002278300  -0.0003895869  -0.0006843311  -0.0003954609
        0.0006098702  -0.0002043510   0.0002178362  -0.0000547759   0.0005949324
        0.0003091282  -0.0000562517   0.0077470148  -0.0000255638  -0.0065843292
        0.1989805025  -0.0029362099  -0.1386816854  -0.0216147571   0.0041946382
        0.0171676694
        0.0002458817   0.0001120947   0.0000259090  -0.0004021045  -0.0000459814
        0.0003394311  -0.0023881565  -0.0047000779   0.0005700283  -0.0217473325
       -0.0026501929   0.0186149073   0.0049030447  -0.0423321919  -0.0036191178
       -0.0001120850   0.0000101802   0.0001095151   0.0000179214  -0.0000651433
       -0.0001635390   0.0000597458   0.0000382812   0.0000066021   0.0000517450
       -0.0000195834   0.0000480991  -0.0001813482   0.0000175014  -0.0000604858
        0.0001193622  -0.0002051376  -0.0001194490  -0.0008825724  -0.0003287421
        0.0009641951  -0.0000648263   0.0006556240   0.0002741727  -0.0002481960
        0.0005090545   0.0003642630   0.0060910717   0.0001846104  -0.0064562580
       -0.0029362099   0.0503827974   0.0034506004   0.0174740589  -0.0015630931
       -0.0143488737
       -0.0001197990  -0.0000279778   0.0000148937   0.0000923833   0.0000917950
       -0.0000745650   0.0005066451   0.0011563302   0.0005783026   0.0036588829
        0.0011229784  -0.0024495710   0.1175950060  -0.0031875213  -0.1531280308
       -0.0000307780   0.0000332562  -0.0000535035   0.0000915217   0.0000268011
        0.0000241173  -0.0000041552  -0.0000082434   0.0000320379   0.0000382734
        0.0000443020   0.0000472938   0.0000426076  -0.0000013793   0.0000051875
       -0.0001662592   0.0002205841   0.0002668517   0.0001829702   0.0001796174
       -0.0001026171  -0.0003237724  -0.0002838889   0.0005747822  -0.0000744574
        0.0001290446  -0.0002727235   0.0222361324  -0.0028838806  -0.0261886397
       -0.1386816854   0.0034506004   0.1754539713  -0.0050435159  -0.0000624180
        0.0052722129
       -0.0011027807  -0.0003624103   0.0001758627   0.0002609474  -0.0002399957
       -0.0000256148   0.0005620955  -0.0002063766   0.0001349237   0.0081012526
       -0.0061137743   0.0030288884  -0.1597847135   0.1129553324  -0.0475968748
       -0.0005863039   0.0002043754   0.0005262562  -0.0011563099  -0.0006656224
       -0.0010510184  -0.0001281138   0.0000917747  -0.0001018241  -0.0000001720
        0.0001034680  -0.0000324611   0.0000027071   0.0000747218  -0.0000368724
        0.0001286262   0.0000454550  -0.0000952262  -0.0000892305  -0.0000101619
       -0.0000317552   0.0003301021   0.0000769020   0.0002770751   0.0004121271
       -0.0027719975   0.0004810305  -0.0111583861   0.0088141991  -0.0064165652
       -0.0216147571   0.0174740589  -0.0050435159   0.1858229094  -0.1294699485
        0.0558076916
        0.0002917101   0.0002937572   0.0003795103  -0.0001725722  -0.0002393674
       -0.0000903341   0.0004118848   0.0009960919  -0.0002362425   0.0181994455
       -0.0245351305   0.0088530246   0.1120138894  -0.1491337136   0.0451033216
       -0.0000420121   0.0002472969   0.0000398678  -0.0007260462   0.0001664552
       -0.0007866595   0.0003079100   0.0000605586  -0.0001220197   0.0000438969
       -0.0001241637   0.0000321817   0.0001207048  -0.0000182535  -0.0000471036
       -0.0000444622   0.0001627611   0.0003408123   0.0001292521   0.0003344169
       -0.0001165288   0.0006355577   0.0007332007   0.0000632940  -0.0022098419
       -0.0071457400   0.0006039300  -0.0036840063   0.0048558376  -0.0012101802
        0.0041946382  -0.0015630931  -0.0000624180  -0.1294699485   0.1749090856
       -0.0527444558
       -0.0004446055   0.0000594429   0.0005431635   0.0001927404   0.0001277079
        0.0000397724  -0.0002716023   0.0002734288   0.0003426238  -0.0013017498
        0.0031976698  -0.0004833535  -0.0472542800   0.0448301988  -0.0640602950
        0.0004674376  -0.0002153812  -0.0002005725  -0.0005771760  -0.0002052249
        0.0000630082  -0.0000822296  -0.0001004530  -0.0001814230  -0.0000440647
       -0.0000942070  -0.0000575869  -0.0000454525   0.0000491139  -0.0000753727
       -0.0000017720   0.0001791362  -0.0005613642  -0.0000749854  -0.0002536147
       -0.0000852158   0.0002957529  -0.0006333388   0.0002561574   0.0002902775
        0.0008408642   0.0008288699  -0.0241236516   0.0190379865  -0.0121222567
        0.0171676694  -0.0143488737   0.0052722129   0.0558076916  -0.0527444558
        0.0704816322
