$coord
          1.627123847121         -3.450597711625         -0.002852218177     c 
          3.548607699998         -1.688066879896          0.015189855097     c 
          2.994528348025          0.892758539549          0.022001735864     c 
          0.468598525190          1.652787900032          0.018058447750     c 
         -1.422563649844         -0.145717105077         -0.000529732891     c 
         -0.882930184680         -2.706271299148         -0.009735053619     c 
         -4.542475275676          0.839981822159         -0.000827342052     cl
          4.895456411714          2.661132426401         -0.094599324997     n 
          2.082566536967         -5.439238108040         -0.004786722695     h 
          5.498840478141         -2.290368342547          0.020797427690     h 
         -0.000062974550          3.637643947890          0.023764333902     h 
         -2.387413039631         -4.078452426886         -0.019368462847     h 
          6.634959722948          2.089532874863          0.418729709209     h 
          4.447669037781          4.441449321537          0.402510950678     h 
$end
