$hessian                                                                        
        0.5234737582   0.0025960066  -0.0022054977  -0.0658600467   0.0044388392
       -0.0002044520  -0.0054430487   0.0220620061   0.0123798366   0.0003387292
        0.0008124398   0.0011955731  -0.0001946171   0.0003935301  -0.0002034756
        0.0001013509   0.0002052978  -0.0000114107   0.0005341356   0.0000715683
        0.0001013782  -0.0446954438  -0.0010712604   0.0004338150  -0.2171500192
        0.0156454514   0.1078622185  -0.1887273711  -0.0271893362  -0.1118735829
        0.0000197772  -0.0215486462  -0.0102355337   0.0008797739   0.0013467880
        0.0002442689   0.0007116581   0.0005524168  -0.0006672134  -0.0038495773
        0.0016609233   0.0031880918  -0.0000151275   0.0000277801  -0.0000266984
       -0.0000728515  -0.0000174612  -0.0000136035  -0.0000510802   0.0000136566
        0.0000362857
        0.0025960066   0.4697653172  -0.0243220468   0.0045738489  -0.1835015002
       -0.0485190610   0.0056634104  -0.0070730902  -0.0060471911  -0.0003929527
       -0.0004335832   0.0009757405   0.0001168157   0.0003590140  -0.0005363563
        0.0002677525   0.0003708986  -0.0002521366  -0.0000511446  -0.0001154496
       -0.0000342582  -0.0010120250  -0.1552583638   0.1203756813   0.0161634200
       -0.0434418642  -0.0090843544  -0.0276265314  -0.0479340167  -0.0199882734
       -0.0015652789  -0.0087604895  -0.0056549261   0.0014722128  -0.0258435202
       -0.0072399520  -0.0007889718   0.0012479518   0.0006333991   0.0005818349
        0.0006082907  -0.0003155835   0.0000377939   0.0000002811   0.0000033512
       -0.0000288862   0.0000132952  -0.0000167056  -0.0000073051  -0.0000031713
        0.0000226729
       -0.0022054977  -0.0243220468   0.5134746362  -0.0005651912  -0.0486712034
       -0.0881212487   0.0064024899  -0.0161415959  -0.0093986253  -0.0011429608
        0.0008568314  -0.0005689619  -0.0000673904  -0.0005422812   0.0007386843
        0.0002189701  -0.0000800521   0.0000960729  -0.0002400961  -0.0000502352
       -0.0002318368   0.0005866776   0.1200531146  -0.1704592442   0.1079962694
       -0.0087324485  -0.1116368226  -0.1117305819  -0.0196049198  -0.1319150947
       -0.0015147865  -0.0189980814  -0.0088168510  -0.0005396020   0.0183982981
        0.0076729867  -0.0003746068  -0.0010683001   0.0006160908   0.0031938106
       -0.0011076956  -0.0014808035   0.0000048568   0.0000029854   0.0000031176
        0.0000322827  -0.0000109302   0.0000155183  -0.0000546438   0.0000185609
        0.0000123820
       -0.0658600467   0.0045738489  -0.0005651912   0.4900434231   0.0081347006
        0.0422437280  -0.1444048199   0.0121695949   0.0621963465  -0.0339211772
        0.0038791429   0.0037080494   0.0013383461  -0.0035081625   0.0035128632
       -0.0026963228   0.0005668544  -0.0024158502  -0.0009051611  -0.0012900274
       -0.0004043069   0.0002426704   0.0006591962   0.0002905224  -0.0032305272
        0.0232392512   0.0112469557   0.0001322584  -0.0225948061  -0.0107563227
       -0.1905874625  -0.0292089224  -0.1108010754  -0.0437915315   0.0031992055
       -0.0064122632  -0.0034822268  -0.0015517464   0.0044591734  -0.0027622501
        0.0019264773   0.0037130867  -0.0001948432  -0.0000556267  -0.0001573938
        0.0002510543  -0.0000824981   0.0001024717  -0.0001713832  -0.0000564822
        0.0000392063
        0.0044388392  -0.1835015002  -0.0486712034   0.0081347006   0.4866839178
       -0.0275383539   0.0095581030  -0.0623662591  -0.0011777840  -0.0029729674
        0.0002428526  -0.0007198334   0.0007837163  -0.0002266589   0.0013246038
        0.0005107224   0.0006249454  -0.0010935784  -0.0005207424  -0.0004008307
       -0.0003348768   0.0013231554  -0.0265769468  -0.0062118495   0.0019324037
       -0.0051485703  -0.0031902213  -0.0022315350  -0.0085625394  -0.0060708826
       -0.0296711041  -0.0481986070  -0.0190805486   0.0039195705  -0.1489706343
        0.1164486847  -0.0164792560   0.0010416255   0.0119243981   0.0213016854
       -0.0046369105  -0.0156290663  -0.0000178462  -0.0000130235   0.0000152531
        0.0000536905  -0.0000239895   0.0000097064  -0.0000631359   0.0000331288
       -0.0000044476
       -0.0002044520  -0.0485190610  -0.0881212487   0.0422437280  -0.0275383539
        0.5054080867   0.0521945728  -0.0009439061  -0.1040833006  -0.0044402842
        0.0040328695   0.0131567488  -0.0011075436   0.0000042304  -0.0016758283
       -0.0040164660  -0.0028447420  -0.0009361113  -0.0003169539  -0.0010376271
       -0.0003276459  -0.0006785805   0.0193377782   0.0080339182   0.0029182960
       -0.0158838316  -0.0075971927  -0.0011164054  -0.0198730164  -0.0097659167
       -0.1101540781  -0.0191268348  -0.1226439827  -0.0072580498   0.1159070720
       -0.1685943204   0.0186444649   0.0005375414  -0.0137841710   0.0134004566
       -0.0040425919  -0.0090101297  -0.0001672722  -0.0000342465  -0.0001029318
        0.0001032738   0.0000739881   0.0000651858  -0.0000447064  -0.0000492684
       -0.0000211597
       -0.0054430487   0.0056634104   0.0064024899  -0.1444048199   0.0095581030
        0.0521945728   0.4333958540   0.0149865876  -0.0002106560  -0.1303366968
        0.0041840471  -0.0513384360  -0.0051440938   0.0033446004  -0.0178898449
       -0.0425987801  -0.0192850694  -0.0128820364   0.0008123006  -0.0038739616
        0.0009399916   0.0004137725  -0.0005753046  -0.0004232555   0.0008053107
        0.0012177358   0.0006693649   0.0009196297  -0.0003111219  -0.0003693062
       -0.0273117725   0.0014429335   0.0143136078  -0.0034782851  -0.0016680801
        0.0050029521  -0.0427130060  -0.0096118057   0.0091135201  -0.0334913629
       -0.0049591306  -0.0045256209  -0.0009511439  -0.0000326976  -0.0007170278
        0.0002416893   0.0000330977  -0.0000131804  -0.0007155469  -0.0001133439
       -0.0002671352
        0.0220620061  -0.0070730902  -0.0161415959   0.0121695949  -0.0623662591
       -0.0009439061   0.0149865876   0.5317777376  -0.0330481420   0.0029466710
       -0.0659709916  -0.0046949814   0.0164426703   0.0052718786   0.0249578041
       -0.0272620505  -0.0027737028  -0.0061606715  -0.0039305302   0.0015627974
        0.0037819216   0.0008300309   0.0010582555  -0.0010427253   0.0014301779
       -0.0050378608  -0.0031924677   0.0004317341   0.0010140007   0.0004174694
       -0.0013199145   0.0007146065   0.0010521244  -0.0164780178   0.0011662616
        0.0123755261  -0.0120155418  -0.1700793328   0.1175766583  -0.0091441420
       -0.2291806669  -0.0945177712  -0.0008769690   0.0000505777  -0.0004809707
       -0.0009358586  -0.0003075266  -0.0002540218   0.0006635517   0.0001733152
        0.0003157498
        0.0123798366  -0.0060471911  -0.0093986253   0.0621963465  -0.0011777840
       -0.1040833006  -0.0002106560  -0.0330481420   0.4881633352  -0.0536788265
       -0.0041374977  -0.1043977310  -0.0342627327   0.0146983234  -0.0323126468
       -0.0008978501  -0.0005975424   0.0085321489   0.0001478918   0.0041080952
        0.0019486065  -0.0007228754   0.0007346571   0.0008944109   0.0003997340
       -0.0024850862  -0.0007420312   0.0004311361   0.0005800930   0.0004234303
       -0.0114411537   0.0007672665   0.0073880437   0.0212812128   0.0001691493
       -0.0166549369   0.0108193914   0.1186405803  -0.1516622977  -0.0067576567
       -0.0924759291  -0.0882047677   0.0003766111   0.0001069123   0.0002692592
       -0.0006682661  -0.0001323130  -0.0003620469   0.0006078568   0.0002964083
        0.0001991493
        0.0003387292  -0.0003929527  -0.0011429608  -0.0339211772  -0.0029729674
       -0.0044402842  -0.1303366968   0.0029466710  -0.0536788265   0.4501995774
        0.0381875749   0.1322660184  -0.0918068677   0.0596964196  -0.0978814816
       -0.1460223925  -0.0688912305   0.0255237770  -0.0403711888  -0.0240103169
        0.0024477334   0.0000367024   0.0001009486   0.0003829534   0.0002975890
       -0.0004187062  -0.0003972019   0.0004748326   0.0007862963   0.0003188860
       -0.0030274502   0.0008494740   0.0020374465  -0.0004146013   0.0001084546
       -0.0003641565   0.0020159037   0.0008325058  -0.0013176293  -0.0025509470
       -0.0038913696  -0.0025657866  -0.0057756483  -0.0013179564  -0.0028061544
        0.0002012305  -0.0016423550   0.0004033866   0.0006624049   0.0000295100
        0.0012142805
        0.0008124398  -0.0004335832   0.0008568314   0.0038791429   0.0002428526
        0.0040328695   0.0041840471  -0.0659709916  -0.0041374977   0.0381875749
        0.4281738584  -0.2839389414   0.0477506727  -0.2231395886   0.2460985126
       -0.0740284822  -0.1305983781   0.0448709653  -0.0185440800  -0.0056095205
       -0.0055733982   0.0003932173  -0.0005112401   0.0005033971  -0.0003068397
       -0.0001666470  -0.0001116754  -0.0000461924   0.0005178767  -0.0011229697
        0.0010349660   0.0005346630  -0.0003879990  -0.0021724721  -0.0003031293
        0.0008278168   0.0172361574  -0.0017186288   0.0147337367  -0.0209551907
       -0.0032167021  -0.0181913477  -0.0007972350  -0.0006177470   0.0008748858
        0.0034005305   0.0006277874  -0.0006409210  -0.0000282562   0.0021891180
        0.0013057350
        0.0011955731   0.0009757405  -0.0005689619   0.0037080494  -0.0007198334
        0.0131567488  -0.0513384360  -0.0046949814  -0.1043977310   0.1322660184
       -0.2839389414   0.6664468994  -0.0825867908   0.2522048067  -0.4594024249
        0.0334880721   0.0505998109  -0.0961877826  -0.0045710797  -0.0094354129
        0.0091371235  -0.0004059468   0.0002746437  -0.0003362024   0.0003566054
       -0.0007427968  -0.0004783137  -0.0001952441  -0.0012578868  -0.0000185347
        0.0045660961  -0.0001089341  -0.0020910864   0.0015352914   0.0010601165
        0.0001784248  -0.0147895036   0.0026757210  -0.0148298000  -0.0151892499
       -0.0047087586  -0.0098724916  -0.0033421599   0.0005605346  -0.0025925707
       -0.0023344716   0.0004074740   0.0020048388  -0.0023628236  -0.0031513025
       -0.0001481351
       -0.0001946171   0.0001168157  -0.0000673904   0.0013383461   0.0007837163
       -0.0011075436  -0.0051440938   0.0164426703  -0.0342627327  -0.0918068677
        0.0477506727  -0.0825867908   0.0929368168  -0.0334885676   0.0910329609
        0.0042790013  -0.0328446271   0.0278559427   0.0014858732  -0.0010672748
        0.0050090009   0.0000148959  -0.0000047027  -0.0001814764  -0.0000280423
       -0.0000384753   0.0000502416  -0.0002690925  -0.0000932559  -0.0000029799
        0.0002402875  -0.0000483920  -0.0000591048   0.0007437614   0.0001819507
       -0.0002096307  -0.0055668699  -0.0000236136  -0.0051132669  -0.0007622474
        0.0007104929  -0.0007876124   0.0011935703  -0.0000979141   0.0009299070
        0.0010871814   0.0005074441  -0.0007696154   0.0004520968   0.0012130604
        0.0002700909
        0.0003935301   0.0003590140  -0.0005422812  -0.0035081625  -0.0002266589
        0.0000042304   0.0033446004   0.0052718786   0.0146983234   0.0596964196
       -0.2231395886   0.2522048067  -0.0334885676   0.2623693709  -0.3367058038
       -0.0324690141  -0.0448591149   0.0701781853   0.0031400219  -0.0005729495
       -0.0017112906  -0.0001110031   0.0000634605   0.0000796625   0.0000339971
       -0.0001207005  -0.0001585435   0.0002027624  -0.0003632964   0.0001033205
       -0.0001057936   0.0000112476   0.0000240339   0.0005484768   0.0000181820
       -0.0008065428   0.0007841059   0.0011313976   0.0015049868   0.0006568615
       -0.0002659635   0.0021040266   0.0009010198   0.0006947200  -0.0002644504
       -0.0003246556  -0.0000502211   0.0002261697   0.0003054010  -0.0003207776
       -0.0009388337
       -0.0002034756  -0.0005363563   0.0007386843   0.0035128632   0.0013246038
       -0.0016758283  -0.0178898449   0.0249578041  -0.0323126468  -0.0978814816
        0.2460985126  -0.4594024249   0.0910329609  -0.3367058038   0.5386252541
        0.0265212089   0.0686628824  -0.0460459828  -0.0005145607  -0.0045043315
        0.0022261755   0.0002126779  -0.0001878696   0.0000170636  -0.0001170585
        0.0002592836   0.0002297000   0.0000935881   0.0009568090   0.0000942105
       -0.0004740190  -0.0002329619   0.0006049974  -0.0003663172  -0.0009805150
        0.0005090101  -0.0070503475   0.0003993765  -0.0047675787   0.0018467125
        0.0010320513   0.0005119429  -0.0003406713  -0.0009464613   0.0010183076
        0.0011972575  -0.0009198291  -0.0006614761   0.0004205074   0.0013228051
        0.0002905916
        0.0001013509   0.0002677525   0.0002189701  -0.0026963228   0.0005107224
       -0.0040164660  -0.0425987801  -0.0272620505  -0.0008978501  -0.1460223925
       -0.0740284822   0.0334880721   0.0042790013  -0.0324690141   0.0265212089
        0.3957200693   0.1327112974   0.0562014814  -0.1422147540   0.0050258791
       -0.0686893705  -0.0000129999   0.0001235306  -0.0003216026   0.0000624062
       -0.0000030900   0.0001287289  -0.0000989537  -0.0001161877   0.0003126456
       -0.0019228799   0.0000731366   0.0005536760   0.0007881847  -0.0003411932
       -0.0000781680   0.0002328718   0.0004238633   0.0007692087  -0.0032318658
       -0.0009895691  -0.0022394726  -0.0255219242  -0.0057072383  -0.0107364174
       -0.0310197210   0.0052027705  -0.0168342491  -0.0058432901  -0.0034221274
       -0.0143803954
        0.0002052978   0.0003708986  -0.0000800521   0.0005668544   0.0006249454
       -0.0028447420  -0.0192850694  -0.0027737028  -0.0005975424  -0.0688912305
       -0.1305983781   0.0505998109  -0.0328446271  -0.0448591149   0.0686628824
        0.1327112974   0.2356853364  -0.1172873888  -0.0026438279  -0.0600623453
        0.0054680615  -0.0003368768   0.0002495612  -0.0003546045   0.0002393499
        0.0001033979   0.0001265989  -0.0000257205  -0.0002983546   0.0006461829
       -0.0008996921  -0.0000782253   0.0003405815   0.0007463173  -0.0001105803
       -0.0000408947   0.0003074904   0.0002040577  -0.0004646896  -0.0000193698
        0.0001315444  -0.0004349221  -0.0215743149  -0.0027796587  -0.0109810082
        0.0235826831   0.0052711537   0.0144571480  -0.0118385612  -0.0010805354
       -0.0072154216
       -0.0000114107  -0.0002521366   0.0000960729  -0.0024158502  -0.0010935784
       -0.0009361113  -0.0128820364  -0.0061606715   0.0085321489   0.0255237770
        0.0448709653  -0.0961877826   0.0278559427   0.0701781853  -0.0460459828
        0.0562014814  -0.1172873888   0.2662363052  -0.0584347886   0.0107059138
       -0.1100866835   0.0000389885   0.0000010511   0.0000312764  -0.0000923510
        0.0000655028  -0.0000896519   0.0001905695   0.0001192883  -0.0000906092
       -0.0005949399   0.0001450666   0.0004162804  -0.0002279676   0.0000683654
       -0.0001048352  -0.0001861721  -0.0011753411  -0.0000234676  -0.0006518202
       -0.0004840794  -0.0009072461   0.0103132879   0.0002422011   0.0075524940
       -0.0099856087   0.0041618206  -0.0048909536  -0.0346411016  -0.0041051644
       -0.0235012540
        0.0005341356  -0.0000511446  -0.0002400961  -0.0009051611  -0.0005207424
       -0.0003169539   0.0008123006  -0.0039305302   0.0001478918  -0.0403711888
       -0.0185440800  -0.0045710797   0.0014858732   0.0031400219  -0.0005145607
       -0.1422147540  -0.0026438279  -0.0584347886   0.4215739321   0.0038632692
       -0.0581689816  -0.0001558755  -0.0000069901   0.0000266063   0.0000409442
        0.0000361493  -0.0000499186  -0.0001817210   0.0000139162   0.0002047100
       -0.0002095307   0.0000621769   0.0003280877  -0.0001334943   0.0001183101
       -0.0001612907  -0.0000292942  -0.0004776268   0.0005782251  -0.0017228968
       -0.0000473278  -0.0004880221  -0.1052941087  -0.0886267504   0.0741620587
       -0.0833421854   0.0931574870   0.0012127090  -0.0498869753   0.0144576897
        0.0462854034
        0.0000715683  -0.0001154496  -0.0000502352  -0.0012900274  -0.0004008307
       -0.0010376271  -0.0038739616   0.0015627974   0.0041080952  -0.0240103169
       -0.0056095205  -0.0094354129  -0.0010672748  -0.0005729495  -0.0045043315
        0.0050258791  -0.0600623453   0.0107059138   0.0038632692   0.5179103222
       -0.0253374201   0.0000038652  -0.0000005436   0.0000166131   0.0000003873
        0.0000014106  -0.0000197839   0.0000815981  -0.0000125959  -0.0000687402
       -0.0004903805   0.0000559959   0.0002574563   0.0000550831   0.0000553778
       -0.0000727725   0.0000657173   0.0001546082   0.0000433595   0.0003515294
        0.0000754987   0.0001088570  -0.0845554843  -0.1541506523   0.0902623616
        0.0891517855  -0.2324354005   0.0035932535   0.0166167630  -0.0664557228
       -0.0685695866
        0.0001013782  -0.0000342582  -0.0002318368  -0.0004043069  -0.0003348768
       -0.0003276459   0.0009399916   0.0037819216   0.0019486065   0.0024477334
       -0.0055733982   0.0091371235   0.0050090009  -0.0017112906   0.0022261755
       -0.0686893705   0.0054680615  -0.1100866835  -0.0581689816  -0.0253374201
        0.4886892059  -0.0000417385  -0.0000864492   0.0000874535   0.0000148409
        0.0000000156  -0.0000019929   0.0001165377  -0.0000337305   0.0000052896
       -0.0000731534   0.0000088157   0.0001819437  -0.0000977907   0.0001250090
       -0.0000227049  -0.0001659168  -0.0002081213   0.0003176682   0.0004864596
        0.0002247721   0.0005905893   0.0687540517   0.0873646546  -0.1107262671
        0.0000238870   0.0044107138  -0.0412814207   0.0497473774  -0.0680644189
       -0.2405055037
       -0.0446954438  -0.0010120250   0.0005866776   0.0002426704   0.0013231554
       -0.0006785805   0.0004137725   0.0008300309  -0.0007228754   0.0000367024
        0.0003932173  -0.0004059468   0.0000148959  -0.0001110031   0.0002126779
       -0.0000129999  -0.0003368768   0.0000389885  -0.0001558755   0.0000038652
       -0.0000417385   0.0475543336   0.0007182657  -0.0009814998  -0.0023017008
       -0.0188727239   0.0227053472  -0.0018076113   0.0172622772  -0.0216399555
        0.0000421589  -0.0005949196   0.0002666262   0.0006749254   0.0003236956
        0.0001401203  -0.0000191289   0.0001875893   0.0004264462  -0.0000621512
       -0.0001065277   0.0000599121  -0.0000106424  -0.0000007047   0.0000294991
        0.0000441455  -0.0000301255   0.0000128570   0.0000419492   0.0000228098
       -0.0000085556
       -0.0010712604  -0.1552583638   0.1200531146   0.0006591962  -0.0265769468
        0.0193377782  -0.0005753046   0.0010582555   0.0007346571   0.0001009486
       -0.0005112401   0.0002746437  -0.0000047027   0.0000634605  -0.0001878696
        0.0001235306   0.0002495612   0.0000010511  -0.0000069901  -0.0000005436
       -0.0000864492   0.0007182657   0.1836467463  -0.1386746984  -0.0011291688
        0.0006828725   0.0013339752   0.0008219766   0.0023010618  -0.0003670214
       -0.0000237921   0.0006066994   0.0005833002   0.0001308538  -0.0066470076
       -0.0025119241   0.0005557452   0.0000759542  -0.0006076593  -0.0002269630
        0.0003150617   0.0001247432  -0.0000258658   0.0000105821  -0.0000187706
       -0.0000280501   0.0000025619   0.0000108707  -0.0000184191  -0.0000187152
        0.0000002586
        0.0004338150   0.1203756813  -0.1704592442   0.0002905224  -0.0062118495
        0.0080339182  -0.0004232555  -0.0010427253   0.0008944109   0.0003829534
        0.0005033971  -0.0003362024  -0.0001814764   0.0000796625   0.0000170636
       -0.0003216026  -0.0003546045   0.0000312764   0.0000266063   0.0000166131
        0.0000874535  -0.0009814998  -0.1386746984   0.1957920950   0.0026630662
        0.0132119643  -0.0160741038  -0.0025852130   0.0147135339  -0.0187443151
        0.0002087587  -0.0002182558   0.0005834932   0.0004576745  -0.0023947394
        0.0002356617  -0.0000057322   0.0000364289   0.0000460346   0.0000055029
       -0.0000557475  -0.0000763582  -0.0000060042  -0.0000004776   0.0000237746
        0.0000141164  -0.0000132117  -0.0000158290   0.0000217678   0.0000290286
       -0.0000391290
       -0.2171500192   0.0161634200   0.1079962694  -0.0032305272   0.0019324037
        0.0029182960   0.0008053107   0.0014301779   0.0003997340   0.0002975890
       -0.0003068397   0.0003566054  -0.0000280423   0.0000339971  -0.0001170585
        0.0000624062   0.0002393499  -0.0000923510   0.0000409442   0.0000003873
        0.0000148409  -0.0023017008  -0.0011291688   0.0026630662   0.2496887154
       -0.0191189503  -0.1262583863  -0.0285384752   0.0007771300   0.0125459314
        0.0005883211  -0.0003287539  -0.0001410667  -0.0000602279   0.0000909338
       -0.0002369288   0.0001062744   0.0000654507  -0.0002983986  -0.0003347869
        0.0001339995   0.0002301178   0.0000121274   0.0000028750  -0.0000020324
       -0.0000061060   0.0000208613   0.0000001192   0.0000481971  -0.0000072733
        0.0000212419
        0.0156454514  -0.0434418642  -0.0087324485   0.0232392512  -0.0051485703
       -0.0158838316   0.0012177358  -0.0050378608  -0.0024850862  -0.0004187062
       -0.0001666470  -0.0007427968  -0.0000384753  -0.0001207005   0.0002592836
       -0.0000030900   0.0001033979   0.0000655028   0.0000361493   0.0000014106
        0.0000000156  -0.0188727239   0.0006828725   0.0132119643  -0.0191189503
        0.0515015507   0.0129818190  -0.0035703015   0.0010749395   0.0022280301
        0.0002965053   0.0006403106   0.0000843488   0.0004469405   0.0004026690
       -0.0001003541  -0.0001382313  -0.0001456163   0.0000455759   0.0012893227
       -0.0003462265  -0.0009325175  -0.0000059974   0.0000020382  -0.0000092733
       -0.0000090053   0.0000015146  -0.0000010384   0.0000041251  -0.0000032180
        0.0000108063
        0.1078622185  -0.0090843544  -0.1116368226   0.0112469557  -0.0031902213
       -0.0075971927   0.0006693649  -0.0031924677  -0.0007420312  -0.0003972019
       -0.0001116754  -0.0004783137   0.0000502416  -0.0001585435   0.0002297000
        0.0001287289   0.0001265989  -0.0000896519  -0.0000499186  -0.0000197839
       -0.0000019929   0.0227053472   0.0013339752  -0.0160741038  -0.1262583863
        0.0129818190   0.1268346844  -0.0165819130   0.0011870297   0.0094245349
        0.0002541694   0.0001392410  -0.0002339572  -0.0001327408   0.0003562700
        0.0004206971  -0.0002339751  -0.0000649447   0.0002487270   0.0007236795
       -0.0002968631  -0.0003341962  -0.0000117765   0.0000026178   0.0000013694
        0.0000052501  -0.0000135860   0.0000079056   0.0000199565   0.0000048885
        0.0000206437
       -0.1887273711  -0.0276265314  -0.1117305819   0.0001322584  -0.0022315350
       -0.0011164054   0.0009196297   0.0004317341   0.0004311361   0.0004748326
       -0.0000461924  -0.0001952441  -0.0002690925   0.0002027624   0.0000935881
       -0.0000989537  -0.0000257205   0.0001905695  -0.0001817210   0.0000815981
        0.0001165377  -0.0018076113   0.0008219766  -0.0025852130  -0.0285384752
       -0.0035703015  -0.0165819130   0.2173984430   0.0325609455   0.1313152191
        0.0009634275  -0.0004736816   0.0000354942   0.0000079901  -0.0001269111
        0.0002300111  -0.0000804305  -0.0000437544  -0.0000606351  -0.0001224959
        0.0001042477   0.0000350741   0.0000185389  -0.0000268364  -0.0000269327
        0.0000167268  -0.0000142451  -0.0000428370  -0.0001056959  -0.0000175548
       -0.0001078677
       -0.0271893362  -0.0479340167  -0.0196049198  -0.0225948061  -0.0085625394
       -0.0198730164  -0.0003111219   0.0010140007   0.0005800930   0.0007862963
        0.0005178767  -0.0012578868  -0.0000932559  -0.0003632964   0.0009568090
       -0.0001161877  -0.0002983546   0.0001192883   0.0000139162  -0.0000125959
       -0.0000337305   0.0172622772   0.0023010618   0.0147135339   0.0007771300
        0.0010749395   0.0011870297   0.0325609455   0.0573726989   0.0266656972
       -0.0004415907  -0.0059489258  -0.0034657854  -0.0005766287   0.0007716646
       -0.0002682393   0.0000314694  -0.0000851623   0.0000621974  -0.0000899450
        0.0001203396   0.0002420640  -0.0000521882  -0.0000149009   0.0000298107
        0.0000279314  -0.0000373457  -0.0000258775   0.0000050945   0.0000845560
       -0.0000270673
       -0.1118735829  -0.0199882734  -0.1319150947  -0.0107563227  -0.0060708826
       -0.0097659167  -0.0003693062   0.0004174694   0.0004234303   0.0003188860
       -0.0011229697  -0.0000185347  -0.0000029799   0.0001033205   0.0000942105
        0.0003126456   0.0006461829  -0.0000906092   0.0002047100  -0.0000687402
        0.0000052896  -0.0216399555  -0.0003670214  -0.0187443151   0.0125459314
        0.0022280301   0.0094245349   0.1313152191   0.0266656972   0.1507549908
       -0.0001239249  -0.0033821290  -0.0006570674   0.0003643076   0.0006431036
        0.0006691308  -0.0001938543   0.0000572636  -0.0003048678  -0.0000456810
        0.0002480857   0.0001308976  -0.0000040816  -0.0000154356  -0.0000373575
       -0.0000419989   0.0000302989  -0.0000232189  -0.0000100119  -0.0000240002
        0.0000544975
        0.0000197772  -0.0015652789  -0.0015147865  -0.1905874625  -0.0296711041
       -0.1101540781  -0.0273117725  -0.0013199145  -0.0114411537  -0.0030274502
        0.0010349660   0.0045660961   0.0002402875  -0.0001057936  -0.0004740190
       -0.0019228799  -0.0008996921  -0.0005949399  -0.0002095307  -0.0004903805
       -0.0000731534   0.0000421589  -0.0000237921   0.0002087587   0.0005883211
        0.0002965053   0.0002541694   0.0009634275  -0.0004415907  -0.0001239249
        0.2228594206   0.0326908199   0.1244775400  -0.0023585496   0.0006430136
       -0.0041771888   0.0002793018  -0.0001960206  -0.0003850889   0.0004222265
        0.0000422719  -0.0005349001  -0.0000739971  -0.0000205281  -0.0000457496
        0.0000845144   0.0000256977   0.0000192101  -0.0000077930   0.0000008208
       -0.0000067911
       -0.0215486462  -0.0087604895  -0.0189980814  -0.0292089224  -0.0481986070
       -0.0191268348   0.0014429335   0.0007146065   0.0007672665   0.0008494740
        0.0005346630  -0.0001089341  -0.0000483920   0.0000112476  -0.0002329619
        0.0000731366  -0.0000782253   0.0001450666   0.0000621769   0.0000559959
        0.0000088157  -0.0005949196   0.0006066994  -0.0002182558  -0.0003287539
        0.0006403106   0.0001392410  -0.0004736816  -0.0059489258  -0.0033821290
        0.0326908199   0.0578493283   0.0267157339   0.0165847342   0.0023786725
        0.0141877658  -0.0003959103  -0.0000520656  -0.0000654026   0.0008346873
        0.0002430284   0.0001583763   0.0000305776   0.0000115776  -0.0000009480
        0.0000077855   0.0000145730   0.0000126035   0.0000229007  -0.0000223896
       -0.0000013219
       -0.0102355337  -0.0056549261  -0.0088168510  -0.1108010754  -0.0190805486
       -0.1226439827   0.0143136078   0.0010521244   0.0073880437   0.0020374465
       -0.0003879990  -0.0020910864  -0.0000591048   0.0000240339   0.0006049974
        0.0005536760   0.0003405815   0.0004162804   0.0003280877   0.0002574563
        0.0001819437   0.0002666262   0.0005833002   0.0005834932  -0.0001410667
        0.0000843488  -0.0002339572   0.0000354942  -0.0034657854  -0.0006570674
        0.1244775400   0.0267157339   0.1419862423  -0.0211657218  -0.0006879559
       -0.0176379571   0.0001883221  -0.0000668585   0.0003331349   0.0001372552
        0.0002677743   0.0005701408   0.0000361468  -0.0000026969   0.0000324895
       -0.0000262111   0.0000097292  -0.0000200955   0.0000545110   0.0000116878
        0.0000042312
        0.0008797739   0.0014722128  -0.0005396020  -0.0437915315   0.0039195705
       -0.0072580498  -0.0034782851  -0.0164780178   0.0212812128  -0.0004146013
       -0.0021724721   0.0015352914   0.0007437614   0.0005484768  -0.0003663172
        0.0007881847   0.0007463173  -0.0002279676  -0.0001334943   0.0000550831
       -0.0000977907   0.0006749254   0.0001308538   0.0004576745  -0.0000602279
        0.0004469405  -0.0001327408   0.0000079901  -0.0005766287   0.0003643076
       -0.0023585496   0.0165847342  -0.0211657218   0.0510576320  -0.0043972887
        0.0027355592  -0.0044033313  -0.0001128012   0.0035884281   0.0004619627
       -0.0001599872  -0.0001851986   0.0000411637   0.0000302381  -0.0000099472
       -0.0000161759  -0.0000093043   0.0000223756   0.0000008029  -0.0000279269
       -0.0000015137
        0.0013467880  -0.0258435202   0.0183982981   0.0031992055  -0.1489706343
        0.1159070720  -0.0016680801   0.0011662616   0.0001691493   0.0001084546
       -0.0003031293   0.0010601165   0.0001819507   0.0000181820  -0.0009805150
       -0.0003411932  -0.0001105803   0.0000683654   0.0001183101   0.0000553778
        0.0001250090   0.0003236956  -0.0066470076  -0.0023947394   0.0000909338
        0.0004026690   0.0003562700  -0.0001269111   0.0007716646   0.0006431036
        0.0006430136   0.0023786725  -0.0006879559  -0.0043972887   0.1760718985
       -0.1324374859   0.0003574567   0.0006242570   0.0001525995   0.0001325254
        0.0003908467  -0.0003513665   0.0000151530   0.0000064218  -0.0000269469
        0.0000086426   0.0000269123   0.0000101858   0.0000073436  -0.0000382920
       -0.0000111598
        0.0002442689  -0.0072399520   0.0076729867  -0.0064122632   0.1164486847
       -0.1685943204   0.0050029521   0.0123755261  -0.0166549369  -0.0003641565
        0.0008278168   0.0001784248  -0.0002096307  -0.0008065428   0.0005090101
       -0.0000781680  -0.0000408947  -0.0001048352  -0.0001612907  -0.0000727725
       -0.0000227049   0.0001401203  -0.0025119241   0.0002356617  -0.0002369288
       -0.0001003541   0.0004206971   0.0002300111  -0.0002682393   0.0006691308
       -0.0041771888   0.0141877658  -0.0176379571   0.0027355592  -0.1324374859
        0.1955651616   0.0034377285  -0.0004706063  -0.0020469987  -0.0001235507
        0.0001476894  -0.0002091004  -0.0000297548  -0.0000199158  -0.0000057621
        0.0000179415  -0.0000260474  -0.0000011768  -0.0000156494   0.0000072521
        0.0000267196
        0.0007116581  -0.0007889718  -0.0003746068  -0.0034822268  -0.0164792560
        0.0186444649  -0.0427130060  -0.0120155418   0.0108193914   0.0020159037
        0.0172361574  -0.0147895036  -0.0055668699   0.0007841059  -0.0070503475
        0.0002328718   0.0003074904  -0.0001861721  -0.0000292942   0.0000657173
       -0.0001659168  -0.0000191289   0.0005557452  -0.0000057322   0.0001062744
       -0.0001382313  -0.0002339751  -0.0000804305   0.0000314694  -0.0001938543
        0.0002793018  -0.0003959103   0.0001883221  -0.0044033313   0.0003574567
        0.0034377285   0.0512897025   0.0116725087  -0.0110930504   0.0013420317
       -0.0012120265   0.0007799506   0.0000646611  -0.0000240546   0.0000625761
        0.0001496428  -0.0000131228   0.0000305667   0.0001022397   0.0000564639
        0.0001301585
        0.0005524168   0.0012479518  -0.0010683001  -0.0015517464   0.0010416255
        0.0005375414  -0.0096118057  -0.1700793328   0.1186405803   0.0008325058
       -0.0017186288   0.0026757210  -0.0000236136   0.0011313976   0.0003993765
        0.0004238633   0.0002040577  -0.0011753411  -0.0004776268   0.0001546082
       -0.0002081213   0.0001875893   0.0000759542   0.0000364289   0.0000654507
       -0.0001456163  -0.0000649447  -0.0000437544  -0.0000851623   0.0000572636
       -0.0001960206  -0.0000520656  -0.0000668585  -0.0001128012   0.0006242570
       -0.0004706063   0.0116725087   0.1929444166  -0.1373569394  -0.0014914488
       -0.0252976163   0.0181674843  -0.0000611090   0.0000265650  -0.0000321125
       -0.0001078945  -0.0000424734  -0.0000120262  -0.0000565137  -0.0000299381
       -0.0000591459
       -0.0006672134   0.0006333991   0.0006160908   0.0044591734   0.0119243981
       -0.0137841710   0.0091135201   0.1175766583  -0.1516622977  -0.0013176293
        0.0147337367  -0.0148298000  -0.0051132669   0.0015049868  -0.0047675787
        0.0007692087  -0.0004646896  -0.0000234676   0.0005782251   0.0000433595
        0.0003176682   0.0004264462  -0.0006076593   0.0000460346  -0.0002983986
        0.0000455759   0.0002487270  -0.0000606351   0.0000621974  -0.0003048678
       -0.0003850889  -0.0000654026   0.0003331349   0.0035884281   0.0001525995
       -0.0020469987  -0.0110930504  -0.1373569394   0.1772266877  -0.0004044430
       -0.0082396195   0.0084517660   0.0001176015   0.0000102360   0.0001060719
        0.0001814863  -0.0000295069   0.0000282273   0.0001056360   0.0000766702
        0.0000447732
       -0.0038495773   0.0005818349   0.0031938106  -0.0027622501   0.0213016854
        0.0134004566  -0.0334913629  -0.0091441420  -0.0067576567  -0.0025509470
       -0.0209551907  -0.0151892499  -0.0007622474   0.0006568615   0.0018467125
       -0.0032318658  -0.0000193698  -0.0006518202  -0.0017228968   0.0003515294
        0.0004864596  -0.0000621512  -0.0002269630   0.0000055029  -0.0003347869
        0.0012893227   0.0007236795  -0.0001224959  -0.0000899450  -0.0000456810
        0.0004222265   0.0008346873   0.0001372552   0.0004619627   0.0001325254
       -0.0001235507   0.0013420317  -0.0014914488  -0.0004044430   0.0467995825
        0.0067478807   0.0033258827  -0.0001348908   0.0000251894  -0.0000548238
       -0.0002092046  -0.0000826844  -0.0000728355   0.0002088730   0.0000882270
        0.0001803012
        0.0016609233   0.0006082907  -0.0011076956   0.0019264773  -0.0046369105
       -0.0040425919  -0.0049591306  -0.2291806669  -0.0924759291  -0.0038913696
       -0.0032167021  -0.0047087586   0.0007104929  -0.0002659635   0.0010320513
       -0.0009895691   0.0001315444  -0.0004840794  -0.0000473278   0.0000754987
        0.0002247721  -0.0001065277   0.0003150617  -0.0000557475   0.0001339995
       -0.0003462265  -0.0002968631   0.0001042477   0.0001203396   0.0002480857
        0.0000422719   0.0002430284   0.0002677743  -0.0001599872   0.0003908467
        0.0001476894  -0.0012120265  -0.0252976163  -0.0082396195   0.0067478807
        0.2610116419   0.1094364413   0.0000123726   0.0000216132  -0.0000257722
       -0.0000637194   0.0000176899  -0.0000136946   0.0000909918   0.0000085306
        0.0000939373
        0.0031880918  -0.0003155835  -0.0014808035   0.0037130867  -0.0156290663
       -0.0090101297  -0.0045256209  -0.0945177712  -0.0882047677  -0.0025657866
       -0.0181913477  -0.0098724916  -0.0007876124   0.0021040266   0.0005119429
       -0.0022394726  -0.0004349221  -0.0009072461  -0.0004880221   0.0001088570
        0.0005905893   0.0000599121   0.0001247432  -0.0000763582   0.0002301178
       -0.0009325175  -0.0003341962   0.0000350741   0.0002420640   0.0001308976
       -0.0005349001   0.0001583763   0.0005701408  -0.0001851986  -0.0003513665
       -0.0002091004   0.0007799506   0.0181674843   0.0084517660   0.0033258827
        0.1094364413   0.0997854810  -0.0000854432   0.0000432548  -0.0000319629
       -0.0000584882  -0.0000492794   0.0000157863   0.0001384289   0.0000366067
        0.0000704525
       -0.0000151275   0.0000377939   0.0000048568  -0.0001948432  -0.0000178462
       -0.0001672722  -0.0009511439  -0.0008769690   0.0003766111  -0.0057756483
       -0.0007972350  -0.0033421599   0.0011935703   0.0009010198  -0.0003406713
       -0.0255219242  -0.0215743149   0.0103132879  -0.1052941087  -0.0845554843
        0.0687540517  -0.0000106424  -0.0000258658  -0.0000060042   0.0000121274
       -0.0000059974  -0.0000117765   0.0000185389  -0.0000521882  -0.0000040816
       -0.0000739971   0.0000305776   0.0000361468   0.0000411637   0.0000151530
       -0.0000297548   0.0000646611  -0.0000611090   0.0001176015  -0.0001348908
        0.0000123726  -0.0000854432   0.1322983567   0.1042362171  -0.0768039246
        0.0075034646   0.0077437565  -0.0055785882  -0.0031595565  -0.0050098807
        0.0067671206
        0.0000277801   0.0000002811   0.0000029854  -0.0000556267  -0.0000130235
       -0.0000342465  -0.0000326976   0.0000505777   0.0001069123  -0.0013179564
       -0.0006177470   0.0005605346  -0.0000979141   0.0006947200  -0.0009464613
       -0.0057072383  -0.0027796587   0.0002422011  -0.0886267504  -0.1541506523
        0.0873646546  -0.0000007047   0.0000105821  -0.0000004776   0.0000028750
        0.0000020382   0.0000026178  -0.0000268364  -0.0000149009  -0.0000154356
       -0.0000205281   0.0000115776  -0.0000026969   0.0000302381   0.0000064218
       -0.0000199158  -0.0000240546   0.0000265650   0.0000102360   0.0000251894
        0.0000216132   0.0000432548   0.1042362171   0.1725065946  -0.0992426326
       -0.0132289522  -0.0218360582   0.0161312616   0.0048169600   0.0060810691
       -0.0042027918
       -0.0000266984   0.0000033512   0.0000031176  -0.0001573938   0.0000152531
       -0.0001029318  -0.0007170278  -0.0004809707   0.0002692592  -0.0028061544
        0.0008748858  -0.0025925707   0.0009299070  -0.0002644504   0.0010183076
       -0.0107364174  -0.0109810082   0.0075524940   0.0741620587   0.0902623616
       -0.1107262671   0.0000294991  -0.0000187706   0.0000237746  -0.0000020324
       -0.0000092733   0.0000013694  -0.0000269327   0.0000298107  -0.0000373575
       -0.0000457496  -0.0000009480   0.0000324895  -0.0000099472  -0.0000269469
       -0.0000057621   0.0000625761  -0.0000321125   0.0001060719  -0.0000548238
       -0.0000257722  -0.0000319629  -0.0768039246  -0.0992426326   0.1222450133
        0.0005785275   0.0010232244  -0.0001858389   0.0156245337   0.0188739987
       -0.0175692061
       -0.0000728515  -0.0000288862   0.0000322827   0.0002510543   0.0000536905
        0.0001032738   0.0002416893  -0.0009358586  -0.0006682661   0.0002012305
        0.0034005305  -0.0023344716   0.0010871814  -0.0003246556   0.0011972575
       -0.0310197210   0.0235826831  -0.0099856087  -0.0833421854   0.0891517855
        0.0000238870   0.0000441455  -0.0000280501   0.0000141164  -0.0000061060
       -0.0000090053   0.0000052501   0.0000167268   0.0000279314  -0.0000419989
        0.0000845144   0.0000077855  -0.0000262111  -0.0000161759   0.0000086426
        0.0000179415   0.0001496428  -0.0001078945   0.0001814863  -0.0002092046
       -0.0000637194  -0.0000584882   0.0075034646  -0.0132289522   0.0005785275
        0.1075460966  -0.1107637971   0.0082599593  -0.0024595017   0.0092577700
        0.0027010626
       -0.0000174612   0.0000132952  -0.0000109302  -0.0000824981  -0.0000239895
        0.0000739881   0.0000330977  -0.0003075266  -0.0001323130  -0.0016423550
        0.0006277874   0.0004074740   0.0005074441  -0.0000502211  -0.0009198291
        0.0052027705   0.0052711537   0.0041618206   0.0931574870  -0.2324354005
        0.0044107138  -0.0000301255   0.0000025619  -0.0000132117   0.0000208613
        0.0000015146  -0.0000135860  -0.0000142451  -0.0000373457   0.0000302989
        0.0000256977   0.0000145730   0.0000097292  -0.0000093043   0.0000269123
       -0.0000260474  -0.0000131228  -0.0000424734  -0.0000295069  -0.0000826844
        0.0000176899  -0.0000492794   0.0077437565  -0.0218360582   0.0010232244
       -0.1107637971   0.2615608821  -0.0061796745   0.0059644789  -0.0128033553
       -0.0027428709
       -0.0000136035  -0.0000167056   0.0000155183   0.0001024717   0.0000097064
        0.0000651858  -0.0000131804  -0.0002540218  -0.0003620469   0.0004033866
       -0.0006409210   0.0020048388  -0.0007696154   0.0002261697  -0.0006614761
       -0.0168342491   0.0144571480  -0.0048909536   0.0012127090   0.0035932535
       -0.0412814207   0.0000128570   0.0000108707  -0.0000158290   0.0000001192
       -0.0000010384   0.0000079056  -0.0000428370  -0.0000258775  -0.0000232189
        0.0000192101   0.0000126035  -0.0000200955   0.0000223756   0.0000101858
       -0.0000011768   0.0000305667  -0.0000120262   0.0000282273  -0.0000728355
       -0.0000136946   0.0000157863  -0.0055785882   0.0161312616  -0.0001858389
        0.0082599593  -0.0061796745   0.0474293408   0.0132612539  -0.0273072396
       -0.0021247467
       -0.0000510802  -0.0000073051  -0.0000546438  -0.0001713832  -0.0000631359
       -0.0000447064  -0.0007155469   0.0006635517   0.0006078568   0.0006624049
       -0.0000282562  -0.0023628236   0.0004520968   0.0003054010   0.0004205074
       -0.0058432901  -0.0118385612  -0.0346411016  -0.0498869753   0.0166167630
        0.0497473774   0.0000419492  -0.0000184191   0.0000217678   0.0000481971
        0.0000041251   0.0000199565  -0.0001056959   0.0000050945  -0.0000100119
       -0.0000077930   0.0000229007   0.0000545110   0.0000008029   0.0000073436
       -0.0000156494   0.0001022397  -0.0000565137   0.0001056360   0.0002088730
        0.0000909918   0.0001384289  -0.0031595565   0.0048169600   0.0156245337
       -0.0024595017   0.0059644789   0.0132612539   0.0608842594  -0.0164854190
       -0.0428728927
        0.0000136566  -0.0000031713   0.0000185609  -0.0000564822   0.0000331288
       -0.0000492684  -0.0001133439   0.0001733152   0.0002964083   0.0000295100
        0.0021891180  -0.0031513025   0.0012130604  -0.0003207776   0.0013228051
       -0.0034221274  -0.0010805354  -0.0041051644   0.0144576897  -0.0664557228
       -0.0680644189   0.0000228098  -0.0000187152   0.0000290286  -0.0000072733
       -0.0000032180   0.0000048885  -0.0000175548   0.0000845560  -0.0000240002
        0.0000008208  -0.0000223896   0.0000116878  -0.0000279269  -0.0000382920
        0.0000072521   0.0000564639  -0.0000299381   0.0000766702   0.0000882270
        0.0000085306   0.0000366067  -0.0050098807   0.0060810691   0.0188739987
        0.0092577700  -0.0128033553  -0.0273072396  -0.0164854190   0.0722063974
        0.0820234871
        0.0000362857   0.0000226729   0.0000123820   0.0000392063  -0.0000044476
       -0.0000211597  -0.0002671352   0.0003157498   0.0001991493   0.0012142805
        0.0013057350  -0.0001481351   0.0002700909  -0.0009388337   0.0002905916
       -0.0143803954  -0.0072154216  -0.0235012540   0.0462854034  -0.0685695866
       -0.2405055037  -0.0000085556   0.0000002586  -0.0000391290   0.0000212419
        0.0000108063   0.0000206437  -0.0001078677  -0.0000270673   0.0000544975
       -0.0000067911  -0.0000013219   0.0000042312  -0.0000015137  -0.0000111598
        0.0000267196   0.0001301585  -0.0000591459   0.0000447732   0.0001803012
        0.0000939373   0.0000704525   0.0067671206  -0.0042027918  -0.0175692061
        0.0027010626  -0.0027428709  -0.0021247467  -0.0428728927   0.0820234871
        0.2831856939
