           1           2  0.976969561376551     
           2           3  0.985703313060430     
           3           4  0.995280088951741     
           2           5  0.993172634290287     
           1           6   1.00614108888199     
           1           7  0.970858683336142     
           1           8  0.968739534706888     
           2           9  0.957732784934974     
           3          10  0.969568934049217     
           3          11  0.968467995140662     
           4          12  0.849544168324829     
           5          13  0.850571718616493     
           6          14  0.854762314792400     
