$coord
         -3.764396477657         -1.145045713794         -1.172866872246     c 
         -2.828210640419          1.016110026912          0.483627306283     c 
         -0.413276931250          0.306185487827          1.898748430724     c 
          1.698865999457          0.033576073545          0.096896173127     n 
          2.189828383026          1.836853433007         -1.208991483308     o 
          2.794513809607         -1.965589123954          0.056390290845     o 
         -5.500098092461         -0.605020786607         -2.127667070388     h 
         -2.371809009329         -1.630067894452         -2.604804445301     h 
         -4.141235380371         -2.818791605293         -0.040429139945     h 
         -4.273243841204          1.516467537740          1.865953881503     h 
         -2.443715020559          2.678315411361         -0.676519369521     h 
          0.101732747926          1.808477555517          3.218426635717     h 
         -0.613934761104         -1.484694769008          2.901323780806     h 
$end
