           1           2   1.01962196721961     
           2           3   1.00794295736810     
           3           4  0.979395204676287     
           4           5  0.993374485068418     
           4           6  0.994372964015486     
           4           7  0.959921367117117     
           1           8  0.986921717985531     
           1           9  0.982849560615427     
           1          10  0.986587999331169     
           2          11  0.975897372089451     
           2          12  0.977306837360326     
           3          13  0.973846114741217     
           3          14  0.975399441013960     
           5          15  0.983499441393481     
           5          16  0.985272161394379     
           5          17  0.982026788045987     
           6          18  0.983970201967329     
           6          19  0.979249181851466     
           6          20  0.985193792276531     
           7          21  0.868068101521410     
