           1           2   1.02022231103557     
           2           3   1.00841104530848     
           3           4  0.984240163130543     
           4           5  0.964130031023303     
           4           6   1.00473601500012     
           4           7  0.977667738911936     
           1           8  0.986645159242665     
           1           9  0.985589935640988     
           1          10  0.986892519610490     
           2          11  0.977610287178643     
           2          12  0.978001463905037     
           3          13  0.976217048816889     
           3          14  0.975240952131614     
           6          15  0.983913412831626     
           6          16  0.985727447787838     
           6          17  0.981311444569430     
           7          18  0.865921100802797     
