$coord
         -5.739571536577         -2.755680344994          0.001836027497     c 
         -3.287588992014         -1.340589631535          0.000380069242     c 
         -1.033488638193         -2.612755906216         -0.000259603748     c 
          1.304937060221         -1.339408321325         -0.000674997637     c 
          3.635163615307         -2.630812893018         -0.001427888077     c 
          5.864527253873         -1.326226274916         -0.000651844337     c 
          5.864580651482          1.326165628130          0.001141081157     c 
          3.635235159954          2.630804269254          0.001261929509     c 
          1.304980554342          1.339450747184          0.000145069159     c 
         -1.033463939286          2.612734366174         -0.000069805532     c 
         -3.287556164073          1.340513910972         -0.000178770531     c 
         -5.739444378052          2.755770099985         -0.001595693662     c 
         -5.406833337094         -4.782924445771          0.004340901572     h 
         -6.855676530583         -2.273992201592          1.663854798674     h 
         -6.855487659844         -2.278074335243         -1.661467414718     h 
         -1.020991726099         -4.657001789155          0.000095380327     h 
          3.626016856809         -4.673837701756         -0.002376722877     h 
          7.644610263298         -2.326513418396         -0.001166635732     h 
          7.644702159726          2.326372290261          0.002001879106     h 
          3.626072784571          4.673822330914          0.002257628380     h 
         -1.020985574853          4.656979515144         -0.000495553229     h 
         -5.406461761981          4.782914834058         -0.002111778953     h 
         -6.854807310692          2.275773668355         -1.664556183310     h 
         -6.856143061779          2.276890597302          1.660748977951     h 
$end
