$hessian                                                                        
        0.5178443795  -0.0305545762  -0.0113484700  -0.0908268133  -0.0540773931
       -0.0201608853  -0.0331252539  -0.0286546219  -0.0106382338  -0.0052845118
        0.0042975756   0.0010457421   0.0011607699  -0.0009905048  -0.0003282358
       -0.0013303744  -0.0012591560  -0.0002832970  -0.0004285615   0.0003411189
        0.0001094470  -0.0001289828  -0.0000385030  -0.0000191126   0.0000430615
       -0.0000051403  -0.0000015417   0.0000410486  -0.0001013287  -0.0000347321
        0.0001865746  -0.0000711133  -0.0000242586  -0.0573837130   0.0130302366
        0.0562475023  -0.0555466184   0.0436565032  -0.0323503960  -0.2795149981
        0.0520735364   0.0168135386   0.0023983211   0.0018290998  -0.0003145553
        0.0020925986   0.0006882265   0.0013242018   0.0000056931  -0.0000186828
       -0.0000017244  -0.0000996443  -0.0000260096  -0.0000071427  -0.0000623730
       -0.0000144403  -0.0000032877  -0.0000444441   0.0000242389   0.0000077087
        0.0000038416  -0.0001290659  -0.0000322675
       -0.0305545762   0.4860138353  -0.0158554497  -0.0575209873  -0.1618954213
       -0.0349184170  -0.0029101542   0.0053698702   0.0010442206   0.0015893631
       -0.0015834009  -0.0006008081  -0.0011143150   0.0008735852   0.0001751898
        0.0001807356   0.0001908694  -0.0000043160   0.0000372837  -0.0000532796
       -0.0000158180  -0.0000034672   0.0000144547   0.0000120842  -0.0000244456
       -0.0000340668  -0.0000119622  -0.0000028440   0.0000130677   0.0000123737
       -0.0001405396  -0.0000655378  -0.0000030274   0.0137860380  -0.0545381157
       -0.0487168371   0.0446374694  -0.1911182242   0.1130823261   0.0503147503
       -0.0522879365  -0.0031259230  -0.0051255923  -0.0077734069  -0.0052434721
       -0.0131505191  -0.0232899856  -0.0058445853   0.0000163466   0.0000560476
        0.0000152516  -0.0000215943   0.0000114570   0.0000009632  -0.0000144883
        0.0000219401   0.0000042832  -0.0000412310   0.0000361796   0.0000122338
        0.0000627676   0.0000380685  -0.0000183105
       -0.0113484700  -0.0158554497   0.5223319557  -0.0214636257  -0.0349688489
       -0.0817171137  -0.0016152606   0.0006161385   0.0028102363   0.0005711961
       -0.0004063194   0.0001476187  -0.0002379404   0.0001675893   0.0003126824
        0.0000540135   0.0000324448   0.0000826709   0.0000013685  -0.0000187816
       -0.0000034552  -0.0000036960   0.0000110852  -0.0000088847  -0.0000033673
       -0.0000135022   0.0000027370   0.0000052352   0.0000023867  -0.0000129446
       -0.0000504193  -0.0000044744  -0.0000452561   0.0569297441  -0.0474251301
       -0.2646964877  -0.0323779348   0.1118043140  -0.1299605187   0.0161626027
       -0.0030980473  -0.0435030640  -0.0141529761  -0.0241520256  -0.0109397907
        0.0075473708   0.0132845690   0.0051251105   0.0000036015   0.0000208400
        0.0000024592  -0.0000073850   0.0000035160   0.0000022854  -0.0000060523
        0.0000059200   0.0000060813  -0.0000149337   0.0000136117   0.0000005228
        0.0000069287  -0.0000198361   0.0000631551
       -0.0908268133  -0.0575209873  -0.0214636257   0.3830049104   0.0135104013
        0.0023377234  -0.1498457797   0.0410724970   0.0129996167  -0.0444154893
       -0.0182184996  -0.0056519150   0.0020134459   0.0046276735   0.0013316915
        0.0026007615  -0.0031324596  -0.0009133495  -0.0014664627  -0.0002843229
       -0.0000938278  -0.0002925984  -0.0004925352  -0.0001374452  -0.0003099848
       -0.0001721570  -0.0000490782   0.0006421329   0.0003576302   0.0000968374
        0.0004886285   0.0007145994   0.0002212238   0.0026657297   0.0036178657
       -0.0001835701   0.0023820588   0.0021886421   0.0024190844  -0.0186451431
       -0.0215228310  -0.0081114243  -0.0441198014   0.0075019828   0.0386514257
       -0.0428028348   0.0271630039  -0.0216344172  -0.0001299848   0.0002232319
        0.0000721671  -0.0001222957   0.0000936482   0.0000274211  -0.0000070692
       -0.0000006419  -0.0000018077  -0.0001159017  -0.0000204538  -0.0000065931
       -0.0006975089   0.0002937123   0.0000898625
       -0.0540773931  -0.1618954213  -0.0349688489   0.0135104013   0.5037338634
       -0.0046935892   0.0517378640  -0.0843957596  -0.0085675219  -0.0220000411
        0.0087118404   0.0023347866  -0.0054169611   0.0009875699   0.0014615197
       -0.0031886884  -0.0023500121  -0.0024588926  -0.0011001874   0.0005131359
        0.0000417232  -0.0000316866  -0.0003069917   0.0000821943   0.0002113222
        0.0000416564  -0.0000050103  -0.0000821780  -0.0000552605   0.0000520160
        0.0004710580  -0.0005781894  -0.0000792784  -0.0050988062  -0.0089055657
       -0.0068343829  -0.0140350038  -0.0265353296  -0.0055958300   0.0017321226
        0.0033479776   0.0012440103   0.0097168028  -0.0536185393  -0.0453539283
        0.0272753834  -0.1789382303   0.1033896103   0.0000390472   0.0000189348
       -0.0000563427  -0.0001181890   0.0000027470   0.0000109695   0.0000007993
        0.0000301225  -0.0000109394   0.0000316036   0.0000247033   0.0000071107
        0.0004227304   0.0001667484   0.0000006242
       -0.0201608853  -0.0349184170  -0.0817171137   0.0023377234  -0.0046935892
        0.5115448432   0.0159010415  -0.0083283245  -0.0584467654  -0.0067474972
        0.0019523689   0.0013597961  -0.0019033250   0.0017420563  -0.0035177430
       -0.0009696838  -0.0024651748   0.0049964629  -0.0003621807   0.0000495934
        0.0003953279  -0.0000086087   0.0000606866  -0.0005536329   0.0000713065
        0.0000044382   0.0000543187  -0.0000333812   0.0000453898  -0.0002061088
        0.0001695968  -0.0001052556  -0.0003113310  -0.0154669099  -0.0260902690
       -0.0122977641   0.0084926824   0.0139431934   0.0055936591   0.0004478409
        0.0009812756   0.0004220959   0.0364762705  -0.0450584551  -0.2457155197
       -0.0183664414   0.1029196866  -0.1219987486   0.0000143678  -0.0000504897
        0.0001737109  -0.0000376183   0.0000114424  -0.0000278085   0.0000006889
       -0.0000119346   0.0000700186   0.0000100194   0.0000053716   0.0000079345
        0.0001349934   0.0000064069   0.0001743681
       -0.0331252539  -0.0029101542  -0.0016152606  -0.1498457797   0.0517378640
        0.0159010415   0.4339466276   0.0503572188   0.0154927106  -0.1406707759
       -0.0770413284  -0.0234416516   0.0085611069  -0.0241522014  -0.0075295496
       -0.0549777321  -0.0231215999  -0.0070919148  -0.0039878203   0.0060031475
        0.0017805121  -0.0022334806   0.0003910876   0.0001564490   0.0010142975
       -0.0004666639  -0.0001374907  -0.0009409853  -0.0014723355  -0.0003824435
       -0.0016323380  -0.0045350268  -0.0013882594   0.0019673071   0.0011964148
        0.0000615175   0.0019796418   0.0009665507   0.0007682761  -0.0028775873
       -0.0044242726  -0.0016499735  -0.0283078476   0.0097277731   0.0123750816
       -0.0272340200   0.0155016596  -0.0038795689   0.0010202840   0.0001888352
        0.0000268218  -0.0008134411  -0.0000890173  -0.0000244339  -0.0001270083
        0.0000450440   0.0000039691   0.0000709257   0.0001909404   0.0000571571
       -0.0017861206   0.0019060643   0.0005170100
       -0.0286546219   0.0053698702   0.0006161385   0.0410724970  -0.0843957596
       -0.0083283245   0.0503572188   0.3586390294   0.0873153090  -0.0614547196
       -0.1694601303  -0.0349032348  -0.0285331987  -0.1034154591  -0.0391530858
       -0.0174613233   0.0059283052   0.0000119383   0.0041147215   0.0030774136
        0.0004861796  -0.0010801350   0.0019544981   0.0006961939   0.0007438503
       -0.0002226130  -0.0000550959  -0.0011581373  -0.0005552744   0.0001162057
        0.0036944185  -0.0043865914  -0.0015676144   0.0008405290   0.0007908086
        0.0004165991   0.0008728745   0.0013425430   0.0002728876  -0.0047794240
       -0.0038213644  -0.0016530286   0.0101060036  -0.0026379277  -0.0025669921
        0.0289118096  -0.0090138676  -0.0018000714   0.0010460321   0.0000641279
       -0.0000025404   0.0000567263  -0.0000793237  -0.0000008936   0.0000531099
        0.0000289952  -0.0000553678  -0.0000723604   0.0000928355   0.0000262503
        0.0013241290   0.0006998843   0.0001285474
       -0.0106382338   0.0010442206   0.0028102363   0.0129996167  -0.0085675219
       -0.0584467654   0.0154927106   0.0873153090   0.0977373555  -0.0188813793
       -0.0350012224  -0.0641278679  -0.0086694360  -0.0392369601   0.0129979837
       -0.0053248752  -0.0000167965   0.0059871624   0.0012888960   0.0005482859
        0.0015248015  -0.0003474260   0.0007073224  -0.0001941038   0.0002096086
       -0.0000549753  -0.0000603959  -0.0003454702   0.0000911742  -0.0008801739
        0.0010880916  -0.0015902875   0.0004359426   0.0003957012   0.0009510319
        0.0006560362   0.0002421965  -0.0002434293  -0.0000103009  -0.0017338133
       -0.0016159400  -0.0000613190   0.0325876409  -0.0086954051  -0.0017611455
       -0.0190619981   0.0042455351   0.0029404153   0.0003199697   0.0000229342
       -0.0000112938   0.0000106184  -0.0000021008  -0.0000809862   0.0000143831
       -0.0000541541   0.0001966791  -0.0000238664   0.0000286783   0.0000161541
        0.0003770650   0.0001243016   0.0003315856
       -0.0052845118   0.0015893631   0.0005711961  -0.0444154893  -0.0220000411
       -0.0067474972  -0.1406707759  -0.0614547196  -0.0188813793   0.5344480110
       -0.1099622106  -0.0333312885  -0.1308646203   0.1623090758   0.0494138358
       -0.1650747844   0.0278166013   0.0085508704  -0.0407890949  -0.0123105222
       -0.0035200015   0.0009377951  -0.0073938025  -0.0021142632  -0.0029986535
        0.0000527462   0.0000329867   0.0067911214   0.0029701430   0.0008722764
       -0.0135212063   0.0245698924   0.0073317181  -0.0003040738   0.0001606067
        0.0002730263  -0.0002957587   0.0003290422  -0.0001060243  -0.0007116193
       -0.0016673815  -0.0006424850   0.0002476655  -0.0014280997  -0.0010604545
        0.0002824234  -0.0018410344  -0.0000755328  -0.0000882656   0.0011054884
        0.0003185973   0.0001881371   0.0005173673   0.0001627170   0.0005038650
       -0.0001825444  -0.0000636315   0.0006008632  -0.0008600483  -0.0002644489
        0.0010189721  -0.0023199221  -0.0007202173
        0.0042975756  -0.0015834009  -0.0004063194  -0.0182184996   0.0087118404
        0.0019523689  -0.0770413284  -0.1694601303  -0.0350012224  -0.1099622106
        0.7438449248   0.1733945405   0.1535392680  -0.5034896081  -0.1342790726
        0.0347207509  -0.0662354861   0.0001607937  -0.0104368796   0.0084130197
        0.0027811352  -0.0046187288  -0.0007060045  -0.0027462360   0.0006783114
       -0.0013862587  -0.0003070181  -0.0006895150  -0.0045387955  -0.0039342192
        0.0244541364  -0.0128823484  -0.0033763884  -0.0010134813  -0.0001546212
       -0.0000653826  -0.0010550248  -0.0003424753  -0.0000495256   0.0014697430
        0.0003866801   0.0000980071   0.0031424332   0.0019211453  -0.0024555214
        0.0038284054   0.0004724684   0.0028440560  -0.0025883250  -0.0015528629
        0.0004154183  -0.0016041303   0.0000533732  -0.0000120609  -0.0002250892
       -0.0001931504   0.0005984572   0.0009615808  -0.0002250421  -0.0001313010
        0.0003610080  -0.0010532675   0.0005194907
        0.0010457421  -0.0006008081   0.0001476187  -0.0056519150   0.0023347866
        0.0013597961  -0.0234416516  -0.0349032348  -0.0641278679  -0.0333312885
        0.1733945405   0.2257342067   0.0467370351  -0.1344640643  -0.1031000432
        0.0106248825   0.0003856943  -0.0668727435  -0.0028092140   0.0026844327
        0.0001025701  -0.0012889016  -0.0027369251   0.0079953456   0.0002167073
       -0.0002992262  -0.0004330623  -0.0002040588  -0.0039191433   0.0077826091
        0.0071355469  -0.0033492054  -0.0028089411  -0.0004376757  -0.0002597320
       -0.0002694241  -0.0002198693   0.0001785841  -0.0000563208   0.0004051961
        0.0000284803   0.0001363621   0.0023176656   0.0006335375   0.0000227597
       -0.0001284966  -0.0004437299   0.0016896312  -0.0007921148   0.0003734744
       -0.0028066174  -0.0004644580  -0.0000236241   0.0001197672  -0.0000784315
        0.0005989385  -0.0020749290   0.0002732907  -0.0001200901   0.0001612005
        0.0000920094   0.0005073145  -0.0027019178
        0.0011607699  -0.0011143150  -0.0002379404   0.0020134459  -0.0054169611
       -0.0019033250   0.0085611069  -0.0285331987  -0.0086694360  -0.1308646203
        0.1535392680   0.0467370351   0.1478065234  -0.1709747573  -0.0518636330
       -0.0227688821   0.0446745914   0.0135703653   0.0006313814   0.0040650219
        0.0012320090   0.0009910281   0.0010843169   0.0002799932   0.0008004702
        0.0004173781   0.0001147123  -0.0018446482   0.0015130330   0.0004175472
       -0.0071124090  -0.0012881716  -0.0003369383  -0.0001779128  -0.0000348280
       -0.0000058844  -0.0002054950  -0.0000901088  -0.0000333951   0.0003256498
        0.0002720222   0.0000963987   0.0010871794   0.0011288092  -0.0007748133
        0.0009229578   0.0001960206   0.0011672866  -0.0002005024   0.0003226188
        0.0001136166  -0.0000894413  -0.0001052318  -0.0000288963  -0.0001494092
        0.0000872369   0.0000349496  -0.0007895188   0.0004487177   0.0001351105
       -0.0000976736  -0.0001914625  -0.0000447624
       -0.0009905048   0.0008735852   0.0001675893   0.0046276735   0.0009875699
        0.0017420563  -0.0241522014  -0.1034154591  -0.0392369601   0.1623090758
       -0.5034896081  -0.1344640643  -0.1709747573   0.6372354944   0.1864605246
        0.0313472902  -0.0336961308  -0.0150040886  -0.0081968687  -0.0040746576
       -0.0013667598   0.0006335914  -0.0016335268  -0.0000970012  -0.0015825180
        0.0001566188   0.0000419305   0.0034395602  -0.0002455521   0.0003835810
        0.0038128689   0.0049084443   0.0007941494   0.0004693102   0.0000495881
        0.0003270423   0.0004555669   0.0003052287  -0.0002088636  -0.0005151241
        0.0001667763   0.0000781649  -0.0008878248  -0.0002889858   0.0011585014
       -0.0009409518   0.0001349047  -0.0011687316   0.0006656680   0.0014842965
        0.0003955177   0.0003100242   0.0001229380   0.0000253015   0.0001309160
        0.0000347827  -0.0000981124   0.0006221169  -0.0004259145  -0.0000768502
       -0.0005829114   0.0008096070   0.0001470728
       -0.0003282358   0.0001751898   0.0003126824   0.0013316915   0.0014615197
       -0.0035177430  -0.0075295496  -0.0391530858   0.0129979837   0.0494138358
       -0.1342790726  -0.1031000432  -0.0518636330   0.1864605246   0.0825713088
        0.0095307003  -0.0149977945   0.0109291900  -0.0024710638  -0.0013980627
        0.0001797845   0.0001744635  -0.0001497847  -0.0012345308  -0.0004786504
        0.0000349341   0.0000570394   0.0010228885   0.0003230993  -0.0013430768
        0.0012093756   0.0008198922   0.0024365953   0.0001218864   0.0000812772
        0.0001465125   0.0001577391   0.0000028625  -0.0000587294  -0.0001584886
        0.0000688621  -0.0000377723  -0.0002483791  -0.0004524252  -0.0001495958
       -0.0002090695   0.0005197835  -0.0008033256   0.0001861952   0.0004282916
        0.0001933713   0.0000866184   0.0000273810   0.0000357913   0.0000351054
       -0.0000884702   0.0003133257   0.0001897529  -0.0000739302  -0.0001884309
       -0.0001731827   0.0001890082   0.0002596629
       -0.0013303744   0.0001807356   0.0000540135   0.0026007615  -0.0031886884
       -0.0009696838  -0.0549777321  -0.0174613233  -0.0053248752  -0.1650747844
        0.0347207509   0.0106248825  -0.0227688821   0.0313472902   0.0095307003
        0.5990626403   0.0151596103   0.0024815950  -0.1907612788  -0.1324473839
       -0.0378558245  -0.0599802324   0.0010992657   0.0006091781   0.0010478715
       -0.0166013488  -0.0048822110  -0.0093729717   0.0303437840   0.0088682199
       -0.0973503175   0.0696001144   0.0203872507   0.0001439739   0.0000697964
        0.0000860882   0.0001519411   0.0001038705  -0.0000218781  -0.0002496050
       -0.0001585454  -0.0000625466  -0.0003208606   0.0002660578   0.0002268357
       -0.0001918102   0.0003081554   0.0000076327   0.0056063100   0.0026209127
        0.0007043624  -0.0057131902   0.0014474599   0.0004909259   0.0007494705
       -0.0003805227  -0.0001113447  -0.0056364056   0.0021882503   0.0007030317
        0.0043654761  -0.0192182416  -0.0055463527
       -0.0012591560   0.0001908694   0.0000324448  -0.0031324596  -0.0023500121
       -0.0024651748  -0.0231215999   0.0059283052  -0.0000167965   0.0278166013
       -0.0662354861   0.0003856943   0.0446745914  -0.0336961308  -0.0149977945
        0.0151596103   0.6304848732   0.1485444955  -0.0776803640  -0.1959044646
       -0.0423136204  -0.0523976697   0.0431548098   0.0121253576  -0.0167985615
       -0.0538780337  -0.0135908203   0.0848927506  -0.0037924481  -0.0023064222
        0.0147016785  -0.2805514837  -0.0674529693  -0.0000214524   0.0000348887
        0.0000634216   0.0000130833   0.0000901244  -0.0000284693  -0.0002560592
       -0.0003273153  -0.0001173640   0.0004103669  -0.0001768382  -0.0000973514
       -0.0001765650  -0.0002631183  -0.0000644658  -0.0181528567  -0.0232067924
       -0.0069927836   0.0021702848   0.0014428686  -0.0020238989  -0.0003805176
       -0.0005502535  -0.0000585946   0.0015033603   0.0014161559  -0.0020218794
        0.0020349342  -0.0218105184  -0.0066030088
       -0.0002832970  -0.0000043160   0.0000826709  -0.0009133495  -0.0024588926
        0.0049964629  -0.0070919148   0.0000119383   0.0059871624   0.0085508704
        0.0001607937  -0.0668727435   0.0135703653  -0.0150040886   0.0109291900
        0.0024815950   0.1485444955   0.1656752525  -0.0219007066  -0.0420317050
       -0.0619884385  -0.0149928414   0.0119772280   0.0057701635  -0.0049426991
       -0.0136362436  -0.0109106084   0.0248318677  -0.0019746375   0.0019016843
        0.0044054262  -0.0677289655  -0.0687860251   0.0000571015   0.0000481355
        0.0000537116  -0.0000557092  -0.0000206700  -0.0000106538  -0.0000603546
       -0.0000642635  -0.0000595327  -0.0010172226  -0.0000746900  -0.0000468616
        0.0010064595   0.0000112924   0.0000053238  -0.0053069140  -0.0071348207
       -0.0008462269   0.0007144223  -0.0020332107   0.0077960688  -0.0001155091
       -0.0000710489  -0.0003188043   0.0004936021  -0.0020250715   0.0077566415
        0.0005688079  -0.0064912595  -0.0011144374
       -0.0004285615   0.0000372837   0.0000013685  -0.0014664627  -0.0011001874
       -0.0003621807  -0.0039878203   0.0041147215   0.0012888960  -0.0407890949
       -0.0104368796  -0.0028092140   0.0006313814  -0.0081968687  -0.0024710638
       -0.1907612788  -0.0776803640  -0.0219007066   0.6629613224  -0.0219089894
       -0.0090395707  -0.3227137643   0.0205675772   0.0073763384  -0.0038858551
        0.0898361662   0.0262063457  -0.0596301825  -0.0152408320  -0.0041860811
        0.0457748289  -0.0520384516  -0.0153643800  -0.0000287765  -0.0000085634
        0.0000255973  -0.0000288436   0.0000201685  -0.0000223815  -0.0000735744
       -0.0001244007  -0.0000498623   0.0001883161  -0.0000684701  -0.0001928648
        0.0001936650  -0.0001690674   0.0001089266  -0.0624437179   0.0655776802
        0.0192447143  -0.0242066358   0.0034477503   0.0011068187   0.0005783367
        0.0017475745   0.0005476693  -0.0004693638  -0.0003851024  -0.0001063146
        0.0005860814   0.0020092545   0.0005979453
        0.0003411189  -0.0000532796  -0.0000187816  -0.0002843229   0.0005131359
        0.0000495934   0.0060031475   0.0030774136   0.0005482859  -0.0123105222
        0.0084130197   0.0026844327   0.0040650219  -0.0040746576  -0.0013980627
       -0.1324473839  -0.1959044646  -0.0420317050  -0.0219089894   0.6164880686
        0.1453323728   0.0951737889  -0.1053388445  -0.0172005096   0.0328227307
       -0.0050975527  -0.0020510067  -0.0155802006  -0.0007719397   0.0016003289
       -0.0053092547  -0.0498914949  -0.0149772866  -0.0000522041  -0.0000400244
        0.0000088765  -0.0000467569  -0.0000142307  -0.0000296326   0.0000987167
        0.0000390870   0.0000168966   0.0001096065  -0.0000355430  -0.0001377510
        0.0000561084  -0.0000769944   0.0000902203   0.0652144598  -0.2632730200
       -0.0667825810  -0.0191308432   0.0042050067   0.0011415220   0.0019566199
       -0.0044448131  -0.0036657533  -0.0003685025   0.0007544316   0.0002777206
        0.0015976614  -0.0044733040  -0.0034571795
        0.0001094470  -0.0000158180  -0.0000034552  -0.0000938278   0.0000417232
        0.0003953279   0.0017805121   0.0004861796   0.0015248015  -0.0035200015
        0.0027811352   0.0001025701   0.0012320090  -0.0013667598   0.0001797845
       -0.0378558245  -0.0423136204  -0.0619884385  -0.0090395707   0.1453323728
        0.1609936316   0.0291389566  -0.0168758834  -0.0529325635   0.0095897451
       -0.0023158873   0.0006477638  -0.0042780646   0.0016100562  -0.0055130267
       -0.0017774753  -0.0147310193  -0.0027090286  -0.0000146352  -0.0000057101
        0.0000053609  -0.0000144087  -0.0000098447  -0.0000105742   0.0000312054
        0.0000161570  -0.0000025194  -0.0000301732   0.0000150701  -0.0000253558
        0.0000689838  -0.0000523248   0.0000182437   0.0191251004  -0.0667832038
       -0.0548779908  -0.0054531153   0.0010347840   0.0009284609   0.0006093954
       -0.0036603793   0.0070121605  -0.0001057465   0.0002743162  -0.0001014793
        0.0004974883  -0.0034613434   0.0063563266
       -0.0001289828  -0.0000034672  -0.0000036960  -0.0002925984  -0.0000316866
       -0.0000086087  -0.0022334806  -0.0010801350  -0.0003474260   0.0009377951
       -0.0046187288  -0.0012889016   0.0009910281   0.0006335914   0.0001744635
       -0.0599802324  -0.0523976697  -0.0149928414  -0.3227137643   0.0951737889
        0.0291389566   0.6668995924   0.0171226322   0.0022252886  -0.1095077716
        0.0146597422   0.0045718319   0.0512282568  -0.0037761087  -0.0013396851
       -0.0299562990   0.0324775506   0.0095806748   0.0000094425   0.0000251487
        0.0000351731   0.0000097303   0.0000405339  -0.0000100208  -0.0000341591
       -0.0000235466  -0.0000079709  -0.0000614759  -0.0000022387   0.0000073577
       -0.0000558714   0.0000022416  -0.0000037460  -0.0086849780   0.0038243983
        0.0011692733  -0.1745958756  -0.1255634830  -0.0358729721  -0.0095195628
        0.0267358468   0.0078503890  -0.0023495423  -0.0036953356  -0.0010263713
        0.0000387489   0.0004969256   0.0001488313
       -0.0000385030   0.0000144547   0.0000110852  -0.0004925352  -0.0003069917
        0.0000606866   0.0003910876   0.0019544981   0.0007073224  -0.0073938025
       -0.0007060045  -0.0027369251   0.0010843169  -0.0016335268  -0.0001497847
        0.0010992657   0.0431548098   0.0119772280   0.0205675772  -0.1053388445
       -0.0168758834   0.0171226322   0.6169532985   0.1458345946   0.0909273648
       -0.2931691516  -0.0716475620  -0.0580128296  -0.0527834823  -0.0155815644
        0.0321497828  -0.0277170063  -0.0065611724  -0.0000014504  -0.0000118399
        0.0000029154  -0.0000030949  -0.0000092031  -0.0000088556  -0.0000022688
       -0.0000119176  -0.0000048581   0.0000517684  -0.0000237016  -0.0000359445
        0.0000963363  -0.0000351703   0.0000159778   0.0263990711  -0.0083417923
       -0.0030255233  -0.1253891154  -0.1622042219  -0.0364829406   0.0039999519
       -0.0084214674  -0.0029175501  -0.0032362054  -0.0015690619  -0.0027263600
        0.0006806501   0.0002063225   0.0001451141
       -0.0000191126   0.0000120842  -0.0000088847  -0.0001374452   0.0000821943
       -0.0005536329   0.0001564490   0.0006961939  -0.0001941038  -0.0021142632
       -0.0027462360   0.0079953456   0.0002799932  -0.0000970012  -0.0012345308
        0.0006091781   0.0121253576   0.0057701635   0.0073763384  -0.0172005096
       -0.0529325635   0.0022252886   0.1458345946   0.1585412332   0.0267878543
       -0.0712717024  -0.0696976701  -0.0171398443  -0.0158409549  -0.0028999583
        0.0094852547  -0.0065645639  -0.0076809556  -0.0000076944  -0.0000057719
       -0.0000047802   0.0000054304   0.0000015205  -0.0000055124  -0.0000024998
       -0.0000059777   0.0000008369   0.0001185805  -0.0000177030  -0.0000156982
       -0.0000648573  -0.0000009558   0.0000069461   0.0077445769  -0.0029086455
        0.0006970144  -0.0358276283  -0.0364809129  -0.0452287597   0.0012204090
       -0.0030253509   0.0006217884  -0.0008926251  -0.0027280487   0.0070726094
        0.0001966169   0.0001423893  -0.0002488874
        0.0000430615  -0.0000244456  -0.0000033673  -0.0003099848   0.0002113222
        0.0000713065   0.0010142975   0.0007438503   0.0002096086  -0.0029986535
        0.0006783114   0.0002167073   0.0008004702  -0.0015825180  -0.0004786504
        0.0010478715  -0.0167985615  -0.0049426991  -0.0038858551   0.0328227307
        0.0095897451  -0.1095077716   0.0909273648   0.0267878543   0.6733884333
       -0.0067182971  -0.0046997977  -0.2113574676  -0.1495671331  -0.0427548355
       -0.0602240908  -0.0017748348  -0.0002128244   0.0000062004   0.0000061747
        0.0000343054   0.0000099094   0.0000210379  -0.0000256787   0.0000102712
        0.0000042005   0.0000016987  -0.0000286263  -0.0000127865  -0.0000219413
       -0.0000345555  -0.0000211371   0.0000065088  -0.0053678931   0.0018746659
        0.0006206851   0.0041201686  -0.0196498840  -0.0057462248  -0.2858983500
        0.0636527693   0.0197884718   0.0045378993   0.0037407581   0.0010634786
       -0.0053653346   0.0014664119   0.0004956489
       -0.0000051403  -0.0000340668  -0.0000135022  -0.0001721570   0.0000416564
        0.0000044382  -0.0004666639  -0.0002226130  -0.0000549753   0.0000527462
       -0.0013862587  -0.0002992262   0.0004173781   0.0001566188   0.0000349341
       -0.0166013488  -0.0538780337  -0.0136362436   0.0898361662  -0.0050975527
       -0.0023158873   0.0146597422  -0.2931691516  -0.0712717024  -0.0067182971
        0.6059013003   0.1418037420  -0.0733058084  -0.1992026294  -0.0433145145
       -0.0585795006   0.0467855694   0.0134910615   0.0000006973   0.0000274204
        0.0000292305  -0.0000025325   0.0000408651  -0.0000068508  -0.0000061311
       -0.0000028959  -0.0000028568  -0.0000700942   0.0000109232   0.0000213384
       -0.0000737619   0.0000144072  -0.0000194818   0.0015034417   0.0012823037
       -0.0020356474   0.0030125269  -0.0213949761  -0.0065186474   0.0636912152
       -0.0592748583  -0.0072736495  -0.0189882872  -0.0218292018  -0.0065383183
        0.0018158092   0.0012311735  -0.0020832412
       -0.0000015417  -0.0000119622   0.0000027370  -0.0000490782  -0.0000050103
        0.0000543187  -0.0001374907  -0.0000550959  -0.0000603959   0.0000329867
       -0.0003070181  -0.0004330623   0.0001147123   0.0000419305   0.0000570394
       -0.0048822110  -0.0135908203  -0.0109106084   0.0262063457  -0.0020510067
        0.0006477638   0.0045718319  -0.0716475620  -0.0696976701  -0.0046997977
        0.1418037420   0.1605765102  -0.0205511181  -0.0429625796  -0.0615198228
       -0.0167694213   0.0132071957   0.0054149934  -0.0000030091   0.0000048393
        0.0000082164   0.0000016779   0.0000136146   0.0000005246  -0.0000015621
       -0.0000006065  -0.0000020471  -0.0000264616   0.0000032261   0.0000029999
       -0.0000147963   0.0000053543  -0.0000091796   0.0005054660  -0.0020497639
        0.0076777288   0.0008602756  -0.0064021462  -0.0009570613   0.0197945204
       -0.0072820058  -0.0375854535  -0.0055428022  -0.0066327375  -0.0010155494
        0.0005914735  -0.0020815874   0.0077480182
        0.0000410486  -0.0000028440   0.0000052352   0.0006421329  -0.0000821780
       -0.0000333812  -0.0009409853  -0.0011581373  -0.0003454702   0.0067911214
       -0.0006895150  -0.0002040588  -0.0018446482   0.0034395602   0.0010228885
       -0.0093729717   0.0848927506   0.0248318677  -0.0596301825  -0.0155802006
       -0.0042780646   0.0512282568  -0.0580128296  -0.0171398443  -0.2113574676
       -0.0733058084  -0.0205511181   0.6499603828  -0.0095257455  -0.0052931575
       -0.3200952191   0.0218650089   0.0075865339   0.0000229021  -0.0000176418
        0.0000259978   0.0000301755  -0.0000008561  -0.0000318393  -0.0000247024
        0.0000156858   0.0000035570  -0.0000083036   0.0000546141  -0.0000013013
       -0.0000028057   0.0000421817   0.0000358841  -0.0004345936  -0.0001724591
       -0.0000581948   0.0008486106   0.0019105850   0.0005866227  -0.0234782763
       -0.0185830222  -0.0052894767  -0.0597444404   0.0614149680   0.0179994672
       -0.0226300340   0.0034958834   0.0011278524
       -0.0001013287   0.0000130677   0.0000023867   0.0003576302  -0.0000552605
        0.0000453898  -0.0014723355  -0.0005552744   0.0000911742   0.0029701430
       -0.0045387955  -0.0039191433   0.0015130330  -0.0002455521   0.0003230993
        0.0303437840  -0.0037924481  -0.0019746375  -0.0152408320  -0.0007719397
        0.0016100562  -0.0037761087  -0.0527834823  -0.0158409549  -0.1495671331
       -0.1992026294  -0.0429625796  -0.0095257455   0.6314871243   0.1499691403
        0.0968275985  -0.1069344474  -0.0176406526   0.0000536251   0.0000005463
        0.0000434770   0.0000610884   0.0000345178  -0.0000258084  -0.0000447083
        0.0000219417   0.0000056266  -0.0000793439  -0.0000074814   0.0000518973
       -0.0000674635   0.0000464686  -0.0000436276  -0.0002564174   0.0006292033
        0.0002693341   0.0014170248  -0.0044543130  -0.0036293469   0.0041342966
        0.0044594204   0.0008379040   0.0612222411  -0.2676566435  -0.0680745694
       -0.0187690482   0.0043059773   0.0008618346
       -0.0000347321   0.0000123737  -0.0000129446   0.0000968374   0.0000520160
       -0.0002061088  -0.0003824435   0.0001162057  -0.0008801739   0.0008722764
       -0.0039342192   0.0077826091   0.0004175472   0.0003835810  -0.0013430768
        0.0088682199  -0.0023064222   0.0019016843  -0.0041860811   0.0016003289
       -0.0055130267  -0.0013396851  -0.0155815644  -0.0028999583  -0.0427548355
       -0.0433145145  -0.0615198228  -0.0052931575   0.1499691403   0.1599756883
        0.0294693421  -0.0172714949  -0.0530836192   0.0000174166  -0.0000040105
        0.0000092057   0.0000162113   0.0000141459  -0.0000095141  -0.0000140453
        0.0000033327   0.0000061292   0.0000066376   0.0000182477   0.0000311996
       -0.0000435514  -0.0000192501  -0.0000128177  -0.0000754862   0.0002709033
       -0.0002142911   0.0004477141  -0.0036312566   0.0069146302   0.0013286473
        0.0009472099   0.0017868912   0.0179391191  -0.0680827227  -0.0546098279
       -0.0053559515   0.0007579700   0.0018971442
        0.0001865746  -0.0001405396  -0.0000504193   0.0004886285   0.0004710580
        0.0001695968  -0.0016323380   0.0036944185   0.0010880916  -0.0135212063
        0.0244541364   0.0071355469  -0.0071124090   0.0038128689   0.0012093756
       -0.0973503175   0.0147016785   0.0044054262   0.0457748289  -0.0053092547
       -0.0017774753  -0.0299562990   0.0321497828   0.0094852547  -0.0602240908
       -0.0585795006  -0.0167694213  -0.3200952191   0.0968275985   0.0294693421
        0.6767665538   0.0168745161   0.0023438656  -0.0000881909   0.0000448544
       -0.0000353706  -0.0001005614   0.0000257428   0.0000562843   0.0000413255
       -0.0000404519  -0.0000163523  -0.0001282110   0.0000602475  -0.0000646610
       -0.0001303559   0.0000138177   0.0000932331  -0.0029254624  -0.0035809555
       -0.0009855908   0.0001736488   0.0007121479   0.0002115717  -0.0027079361
       -0.0033294511  -0.0009284895  -0.0095883379   0.0044741467   0.0013574549
       -0.1778706249  -0.1273368613  -0.0363972635
       -0.0000711133  -0.0000655378  -0.0000044744   0.0007145994  -0.0005781894
       -0.0001052556  -0.0045350268  -0.0043865914  -0.0015902875   0.0245698924
       -0.0128823484  -0.0033492054  -0.0012881716   0.0049084443   0.0008198922
        0.0696001144  -0.2805514837  -0.0677289655  -0.0520384516  -0.0498914949
       -0.0147310193   0.0324775506  -0.0277170063  -0.0065645639  -0.0017748348
        0.0467855694   0.0132071957   0.0218650089  -0.1069344474  -0.0172714949
        0.0168745161   0.6038101159   0.1414300167  -0.0000471880   0.0000407570
       -0.0001035356  -0.0000422857  -0.0000278046   0.0000999419  -0.0000329454
       -0.0000425419  -0.0000188899  -0.0000122015   0.0000736869   0.0001149442
        0.0000228216   0.0001256365  -0.0000329759  -0.0031385457  -0.0016320918
       -0.0025943659   0.0006892290   0.0001256311   0.0001053140  -0.0035739167
       -0.0014694423  -0.0027317345   0.0270998879  -0.0092289230  -0.0029890661
       -0.1273589392  -0.1604619385  -0.0359614703
       -0.0000242586  -0.0000030274  -0.0000452561   0.0002212238  -0.0000792784
       -0.0003113310  -0.0013882594  -0.0015676144   0.0004359426   0.0073317181
       -0.0033763884  -0.0028089411  -0.0003369383   0.0007941494   0.0024365953
        0.0203872507  -0.0674529693  -0.0687860251  -0.0153643800  -0.0149772866
       -0.0027090286   0.0095806748  -0.0065611724  -0.0076809556  -0.0002128244
        0.0134910615   0.0054149934   0.0075865339  -0.0176406526  -0.0530836192
        0.0023438656   0.1414300167   0.1589351647   0.0000286188   0.0000205163
        0.0000016630  -0.0000484859  -0.0000296319   0.0000321540  -0.0000126969
       -0.0000181618   0.0000159272   0.0000024611   0.0000380290   0.0000701520
       -0.0000050792   0.0000051347   0.0000044731  -0.0008692143  -0.0025920012
        0.0065532785   0.0001990466   0.0001060035  -0.0002214272  -0.0009867523
       -0.0027355179   0.0071830228   0.0079369679  -0.0028722888  -0.0003155450
       -0.0363694722  -0.0359789202  -0.0451212378
       -0.0573837130   0.0137860380   0.0569297441   0.0026657297  -0.0050988062
       -0.0154669099   0.0019673071   0.0008405290   0.0003957012  -0.0003040738
       -0.0010134813  -0.0004376757  -0.0001779128   0.0004693102   0.0001218864
        0.0001439739  -0.0000214524   0.0000571015  -0.0000287765  -0.0000522041
       -0.0000146352   0.0000094425  -0.0000014504  -0.0000076944   0.0000062004
        0.0000006973  -0.0000030091   0.0000229021   0.0000536251   0.0000174166
       -0.0000881909  -0.0000471880   0.0000286188   0.0624465496  -0.0132244885
       -0.0641700757   0.0022643872  -0.0008239764  -0.0068415460  -0.0106404554
        0.0072555877   0.0309854881  -0.0011576371  -0.0028054683  -0.0014940614
        0.0003081629   0.0005809089  -0.0000289816   0.0000104268   0.0000285035
        0.0000107054   0.0000172310   0.0000110686   0.0000034357   0.0000194433
        0.0000078113   0.0000031454   0.0000039270  -0.0000033761  -0.0000010716
       -0.0001049241   0.0000578123  -0.0000875824
        0.0130302366  -0.0545381157  -0.0474251301   0.0036178657  -0.0089055657
       -0.0260902690   0.0011964148   0.0007908086   0.0009510319   0.0001606067
       -0.0001546212  -0.0002597320  -0.0000348280   0.0000495881   0.0000812772
        0.0000697964   0.0000348887   0.0000481355  -0.0000085634  -0.0000400244
       -0.0000057101   0.0000251487  -0.0000118399  -0.0000057719   0.0000061747
        0.0000274204   0.0000048393  -0.0000176418   0.0000005463  -0.0000040105
        0.0000448544   0.0000407570   0.0000205163  -0.0132244885   0.0631087420
        0.0587494839  -0.0054890490   0.0039694495   0.0242144526   0.0033808232
       -0.0009665140  -0.0072482550  -0.0032438519  -0.0040437088  -0.0022853047
        0.0004608486   0.0006062055  -0.0007638497   0.0000058587  -0.0000092574
       -0.0000047158   0.0000051029  -0.0000058308  -0.0000027153  -0.0000033767
       -0.0000027667   0.0000003880   0.0000154645   0.0000007259   0.0000010003
        0.0000026036   0.0000491126   0.0000243390
        0.0562475023  -0.0487168371  -0.2646964877  -0.0001835701  -0.0068343829
       -0.0122977641   0.0000615175   0.0004165991   0.0006560362   0.0002730263
       -0.0000653826  -0.0002694241  -0.0000058844   0.0003270423   0.0001465125
        0.0000860882   0.0000634216   0.0000537116   0.0000255973   0.0000088765
        0.0000053609   0.0000351731   0.0000029154  -0.0000047802   0.0000343054
        0.0000292305   0.0000082164   0.0000259978   0.0000434770   0.0000092057
       -0.0000353706  -0.0001035356   0.0000016630  -0.0641700757   0.0587494839
        0.3035170431   0.0051219791  -0.0010496588  -0.0232905873   0.0034555156
       -0.0011211763  -0.0046506733  -0.0012319142  -0.0023409373   0.0001655619
        0.0003415837   0.0005073868   0.0006543260   0.0000185824   0.0000050217
        0.0000000673   0.0000152559   0.0000033563   0.0000013622   0.0000167266
        0.0000063157   0.0000023871   0.0000015969   0.0000041075   0.0000021646
       -0.0001336331   0.0000646760  -0.0000139023
       -0.0555466184   0.0446374694  -0.0323779348   0.0023820588  -0.0140350038
        0.0084926824   0.0019796418   0.0008728745   0.0002421965  -0.0002957587
       -0.0010550248  -0.0002198693  -0.0002054950   0.0004555669   0.0001577391
        0.0001519411   0.0000130833  -0.0000557092  -0.0000288436  -0.0000467569
       -0.0000144087   0.0000097303  -0.0000030949   0.0000054304   0.0000099094
       -0.0000025325   0.0000016779   0.0000301755   0.0000610884   0.0000162113
       -0.0001005614  -0.0000422857  -0.0000484859   0.0022643872  -0.0054890490
        0.0051219791   0.0603904185  -0.0484480824   0.0379419608  -0.0101001958
        0.0256612759  -0.0190210854   0.0002973756   0.0004417977   0.0003882124
       -0.0011671999  -0.0030693115  -0.0007326448   0.0000126322   0.0000318580
        0.0000071021   0.0000180665   0.0000122274   0.0000022117   0.0000207979
        0.0000094450   0.0000010212   0.0000023093  -0.0000028880  -0.0000011005
       -0.0001247715  -0.0000026571   0.0000928139
        0.0436565032  -0.1911182242   0.1118043140   0.0021886421  -0.0265353296
        0.0139431934   0.0009665507   0.0013425430  -0.0002434293   0.0003290422
       -0.0003424753   0.0001785841  -0.0000901088   0.0003052287   0.0000028625
        0.0001038705   0.0000901244  -0.0000206700   0.0000201685  -0.0000142307
       -0.0000098447   0.0000405339  -0.0000092031   0.0000015205   0.0000210379
        0.0000408651   0.0000136146  -0.0000008561   0.0000345178   0.0000141459
        0.0000257428  -0.0000278046  -0.0000296319  -0.0008239764   0.0039694495
       -0.0010496588  -0.0484480824   0.2230095541  -0.1292125517   0.0047333860
       -0.0068434887   0.0057514816   0.0005569514   0.0004800112   0.0006437414
       -0.0032302316  -0.0044520063  -0.0018217029   0.0000183005  -0.0000053240
       -0.0000003450   0.0000122633  -0.0000029426   0.0000009195   0.0000096778
        0.0000026299  -0.0000002620   0.0000133115   0.0000013373  -0.0000008178
       -0.0001027269   0.0000747678   0.0000345367
       -0.0323503960   0.1130823261  -0.1299605187   0.0024190844  -0.0055958300
        0.0055936591   0.0007682761   0.0002728876  -0.0000103009  -0.0001060243
       -0.0000495256  -0.0000563208  -0.0000333951  -0.0002088636  -0.0000587294
       -0.0000218781  -0.0000284693  -0.0000106538  -0.0000223815  -0.0000296326
       -0.0000105742  -0.0000100208  -0.0000088556  -0.0000055124  -0.0000256787
       -0.0000068508   0.0000005246  -0.0000318393  -0.0000258084  -0.0000095141
        0.0000562843   0.0000999419   0.0000321540  -0.0068415460   0.0242144526
       -0.0232905873   0.0379419608  -0.1292125517   0.1457083288  -0.0006375931
       -0.0001385548   0.0006929879   0.0000214788  -0.0006195337   0.0007606588
       -0.0012068032  -0.0017082138   0.0006323998  -0.0000089311  -0.0000099782
       -0.0000040560  -0.0000066167  -0.0000057643  -0.0000033865  -0.0000129847
       -0.0000063769  -0.0000020627   0.0000091020  -0.0000072183  -0.0000003443
        0.0000999022  -0.0000075806   0.0000018481
       -0.2795149981   0.0503147503   0.0161626027  -0.0186451431   0.0017321226
        0.0004478409  -0.0028775873  -0.0047794240  -0.0017338133  -0.0007116193
        0.0014697430   0.0004051961   0.0003256498  -0.0005151241  -0.0001584886
       -0.0002496050  -0.0002560592  -0.0000603546  -0.0000735744   0.0000987167
        0.0000312054  -0.0000341591  -0.0000022688  -0.0000024998   0.0000102712
       -0.0000061311  -0.0000015621  -0.0000247024  -0.0000447083  -0.0000140453
        0.0000413255  -0.0000329454  -0.0000126969  -0.0106404554   0.0033808232
        0.0034555156  -0.0101001958   0.0047333860  -0.0006375931   0.3220645559
       -0.0566268683  -0.0180879588   0.0001901207   0.0003753020  -0.0000704324
        0.0001722081   0.0002316555   0.0002927555   0.0000115063  -0.0000031338
       -0.0000005697  -0.0000132769  -0.0000021443   0.0000001364  -0.0000044218
       -0.0000021948   0.0000000099   0.0000071239   0.0000000467  -0.0000000541
        0.0000669773  -0.0000655439  -0.0000151938
        0.0520735364  -0.0522879365  -0.0030980473  -0.0215228310   0.0033479776
        0.0009812756  -0.0044242726  -0.0038213644  -0.0016159400  -0.0016673815
        0.0003866801   0.0000284803   0.0002720222   0.0001667763   0.0000688621
       -0.0001585454  -0.0003273153  -0.0000642635  -0.0001244007   0.0000390870
        0.0000161570  -0.0000235466  -0.0000119176  -0.0000059777   0.0000042005
       -0.0000028959  -0.0000006065   0.0000156858   0.0000219417   0.0000033327
       -0.0000404519  -0.0000425419  -0.0000181618   0.0072555877  -0.0009665140
       -0.0011211763   0.0256612759  -0.0068434887  -0.0001385548  -0.0566268683
        0.0594892763   0.0046841624  -0.0002297137   0.0004409189   0.0002193042
       -0.0004169343   0.0004245219   0.0000559642   0.0000115416   0.0000178752
        0.0000058225  -0.0000076309   0.0000017538   0.0000000971   0.0000046362
        0.0000028395   0.0000012046  -0.0000029694   0.0000002245  -0.0000012508
       -0.0000529400  -0.0000358988  -0.0000006842
        0.0168135386  -0.0031259230  -0.0435030640  -0.0081114243   0.0012440103
        0.0004220959  -0.0016499735  -0.0016530286  -0.0000613190  -0.0006424850
        0.0000980071   0.0001363621   0.0000963987   0.0000781649  -0.0000377723
       -0.0000625466  -0.0001173640  -0.0000595327  -0.0000498623   0.0000168966
       -0.0000025194  -0.0000079709  -0.0000048581   0.0000008369   0.0000016987
       -0.0000028568  -0.0000020471   0.0000035570   0.0000056266   0.0000061292
       -0.0000163523  -0.0000188899   0.0000159272   0.0309854881  -0.0072482550
       -0.0046506733  -0.0190210854   0.0057514816   0.0006929879  -0.0180879588
        0.0046841624   0.0468842597  -0.0003954617   0.0000593402   0.0000911406
        0.0001501463   0.0002269455   0.0000946364   0.0000049064   0.0000064747
        0.0000031142  -0.0000018041   0.0000008849   0.0000023173   0.0000020673
        0.0000013852   0.0000010991   0.0000002454  -0.0000017056   0.0000026339
       -0.0000111216  -0.0000004989  -0.0000366128
        0.0023983211  -0.0051255923  -0.0141529761  -0.0441198014   0.0097168028
        0.0364762705  -0.0283078476   0.0101060036   0.0325876409   0.0002476655
        0.0031424332   0.0023176656   0.0010871794  -0.0008878248  -0.0002483791
       -0.0003208606   0.0004103669  -0.0010172226   0.0001883161   0.0001096065
       -0.0000301732  -0.0000614759   0.0000517684   0.0001185805  -0.0000286263
       -0.0000700942  -0.0000264616  -0.0000083036  -0.0000793439   0.0000066376
       -0.0001282110  -0.0000122015   0.0000024611  -0.0011576371  -0.0032438519
       -0.0012319142   0.0002973756   0.0005569514   0.0000214788   0.0001901207
       -0.0002297137  -0.0003954617   0.0667508034  -0.0133820751  -0.0506446784
        0.0029241706  -0.0008527734  -0.0036753665  -0.0000165937  -0.0000057600
       -0.0000344286   0.0000068893  -0.0000057080   0.0000012152  -0.0000021333
       -0.0000029352  -0.0000107522   0.0000063210  -0.0000069310  -0.0000039817
        0.0000543279  -0.0001891278  -0.0000601542
        0.0018290998  -0.0077734069  -0.0241520256   0.0075019828  -0.0536185393
       -0.0450584551   0.0097277731  -0.0026379277  -0.0086954051  -0.0014280997
        0.0019211453   0.0006335375   0.0011288092  -0.0002889858  -0.0004524252
        0.0002660578  -0.0001768382  -0.0000746900  -0.0000684701  -0.0000355430
        0.0000150701  -0.0000022387  -0.0000237016  -0.0000177030  -0.0000127865
        0.0000109232   0.0000032261   0.0000546141  -0.0000074814   0.0000182477
        0.0000602475   0.0000736869   0.0000380290  -0.0028054683  -0.0040437088
       -0.0023409373   0.0004417977   0.0004800112  -0.0006195337   0.0003753020
        0.0004409189   0.0000593402  -0.0133820751   0.0623736772   0.0563872903
       -0.0036241845   0.0033258275   0.0242966994  -0.0000324966  -0.0000151698
        0.0000047666   0.0000036058  -0.0000030667  -0.0000029563  -0.0000018581
       -0.0000087924  -0.0000063725   0.0000044437  -0.0000110394  -0.0000060582
       -0.0000360559   0.0000180107  -0.0000296449
       -0.0003145553  -0.0052434721  -0.0109397907   0.0386514257  -0.0453539283
       -0.2457155197   0.0123750816  -0.0025669921  -0.0017611455  -0.0010604545
       -0.0024555214   0.0000227597  -0.0007748133   0.0011585014  -0.0001495958
        0.0002268357  -0.0000973514  -0.0000468616  -0.0001928648  -0.0001377510
       -0.0000253558   0.0000073577  -0.0000359445  -0.0000156982  -0.0000219413
        0.0000213384   0.0000029999  -0.0000013013   0.0000518973   0.0000311996
       -0.0000646610   0.0001149442   0.0000701520  -0.0014940614  -0.0022853047
        0.0001655619   0.0003882124   0.0006437414   0.0007606588  -0.0000704324
        0.0002193042   0.0000911406  -0.0506446784   0.0563872903   0.2824078455
        0.0029786423  -0.0005188040  -0.0248710288   0.0000171317   0.0000374175
        0.0000087461   0.0000081151   0.0000082482  -0.0000010214   0.0000055615
        0.0000037706  -0.0000008842   0.0000034514  -0.0000082360  -0.0000025826
       -0.0000220514   0.0000568518  -0.0000315798
        0.0020925986  -0.0131505191   0.0075473708  -0.0428028348   0.0272753834
       -0.0183664414  -0.0272340200   0.0289118096  -0.0190619981   0.0002824234
        0.0038284054  -0.0001284966   0.0009229578  -0.0009409518  -0.0002090695
       -0.0001918102  -0.0001765650   0.0010064595   0.0001936650   0.0000561084
        0.0000689838  -0.0000558714   0.0000963363  -0.0000648573  -0.0000345555
       -0.0000737619  -0.0000147963  -0.0000028057  -0.0000674635  -0.0000435514
       -0.0001303559   0.0000228216  -0.0000050792   0.0003081629   0.0004608486
        0.0003415837  -0.0011671999  -0.0032302316  -0.0012068032   0.0001722081
       -0.0004169343   0.0001501463   0.0029241706  -0.0036241845   0.0029786423
        0.0646722104  -0.0387193796   0.0270379414  -0.0000267643  -0.0000262080
        0.0000196934   0.0000102870  -0.0000033186  -0.0000047180  -0.0000007727
       -0.0000088137   0.0000056933   0.0000090192  -0.0000112235   0.0000003212
        0.0000592873  -0.0002021581  -0.0000510246
        0.0006882265  -0.0232899856   0.0132845690   0.0271630039  -0.1789382303
        0.1029196866   0.0155016596  -0.0090138676   0.0042455351  -0.0018410344
        0.0004724684  -0.0004437299   0.0001960206   0.0001349047   0.0005197835
        0.0003081554  -0.0002631183   0.0000112924  -0.0001690674  -0.0000769944
       -0.0000523248   0.0000022416  -0.0000351703  -0.0000009558  -0.0000211371
        0.0000144072   0.0000053543   0.0000421817   0.0000464686  -0.0000192501
        0.0000138177   0.0001256365   0.0000051347   0.0005809089   0.0006062055
        0.0005073868  -0.0030693115  -0.0044520063  -0.0017082138   0.0002316555
        0.0004245219   0.0002269455  -0.0008527734   0.0033258275  -0.0005188040
       -0.0387193796   0.2108936048  -0.1190431263  -0.0000144366   0.0000165243
       -0.0000006417   0.0000048962   0.0000011920   0.0000013253   0.0000036622
       -0.0000052485   0.0000026860   0.0000055551  -0.0000139187  -0.0000018588
       -0.0000548449   0.0000267785   0.0000592059
        0.0013242018  -0.0058445853   0.0051251105  -0.0216344172   0.1033896103
       -0.1219987486  -0.0038795689  -0.0018000714   0.0029404153  -0.0000755328
        0.0028440560   0.0016896312   0.0011672866  -0.0011687316  -0.0008033256
        0.0000076327  -0.0000644658   0.0000053238   0.0001089266   0.0000902203
        0.0000182437  -0.0000037460   0.0000159778   0.0000069461   0.0000065088
       -0.0000194818  -0.0000091796   0.0000358841  -0.0000436276  -0.0000128177
        0.0000932331  -0.0000329759   0.0000044731  -0.0000289816  -0.0007638497
        0.0006543260  -0.0007326448  -0.0018217029   0.0006323998   0.0002927555
        0.0000559642   0.0000946364  -0.0036753665   0.0242966994  -0.0248710288
        0.0270379414  -0.1190431263   0.1365712833  -0.0000346301  -0.0000387633
       -0.0000123801  -0.0000037368  -0.0000076188  -0.0000015070  -0.0000030945
       -0.0000083840  -0.0000038464   0.0000029366  -0.0000034863  -0.0000015413
       -0.0000055881  -0.0000316576  -0.0000284139
        0.0000056931   0.0000163466   0.0000036015  -0.0001299848   0.0000390472
        0.0000143678   0.0010202840   0.0010460321   0.0003199697  -0.0000882656
       -0.0025883250  -0.0007921148  -0.0002005024   0.0006656680   0.0001861952
        0.0056063100  -0.0181528567  -0.0053069140  -0.0624437179   0.0652144598
        0.0191251004  -0.0086849780   0.0263990711   0.0077445769  -0.0053678931
        0.0015034417   0.0005054660  -0.0004345936  -0.0002564174  -0.0000754862
       -0.0029254624  -0.0031385457  -0.0008692143   0.0000104268   0.0000058587
        0.0000185824   0.0000126322   0.0000183005  -0.0000089311   0.0000115063
        0.0000115416   0.0000049064  -0.0000165937  -0.0000324966   0.0000171317
       -0.0000267643  -0.0000144366  -0.0000346301   0.0733320301  -0.0717459333
       -0.0211292208   0.0007248520   0.0007756077   0.0002106958  -0.0005277870
        0.0013679435   0.0003983003  -0.0000244930  -0.0000010055  -0.0000085589
        0.0001473012  -0.0011333017  -0.0003238238
       -0.0000186828   0.0000560476   0.0000208400   0.0002232319   0.0000189348
       -0.0000504897   0.0001888352   0.0000641279   0.0000229342   0.0011054884
       -0.0015528629   0.0003734744   0.0003226188   0.0014842965   0.0004282916
        0.0026209127  -0.0232067924  -0.0071348207   0.0655776802  -0.2632730200
       -0.0667832038   0.0038243983  -0.0083417923  -0.0029086455   0.0018746659
        0.0012823037  -0.0020497639  -0.0001724591   0.0006292033   0.0002709033
       -0.0035809555  -0.0016320918  -0.0025920012   0.0000285035  -0.0000092574
        0.0000050217   0.0000318580  -0.0000053240  -0.0000099782  -0.0000031338
        0.0000178752   0.0000064747  -0.0000057600  -0.0000151698   0.0000374175
       -0.0000262080   0.0000165243  -0.0000387633  -0.0717459333   0.2955141653
        0.0793976808  -0.0006614793   0.0005931268   0.0009552226   0.0000517779
       -0.0005147605  -0.0000562979  -0.0000002662  -0.0000513469   0.0005156421
        0.0003649073  -0.0010741876  -0.0004099386
       -0.0000017244   0.0000152516   0.0000024592   0.0000721671  -0.0000563427
        0.0001737109   0.0000268218  -0.0000025404  -0.0000112938   0.0003185973
        0.0004154183  -0.0028066174   0.0001136166   0.0003955177   0.0001933713
        0.0007043624  -0.0069927836  -0.0008462269   0.0192447143  -0.0667825810
       -0.0548779908   0.0011692733  -0.0030255233   0.0006970144   0.0006206851
       -0.0020356474   0.0076777288  -0.0000581948   0.0002693341  -0.0002142911
       -0.0009855908  -0.0025943659   0.0065532785   0.0000107054  -0.0000047158
        0.0000000673   0.0000071021  -0.0000003450  -0.0000040560  -0.0000005697
        0.0000058225   0.0000031142  -0.0000344286   0.0000047666   0.0000087461
        0.0000196934  -0.0000006417  -0.0000123801  -0.0211292208   0.0793976808
        0.0476530017  -0.0002109259   0.0009441596  -0.0023902352   0.0000172021
       -0.0000633344  -0.0003429012  -0.0000083727   0.0005139154  -0.0016670473
        0.0001040868  -0.0004030453   0.0002105475
       -0.0000996443  -0.0000215943  -0.0000073850  -0.0001222957  -0.0001181890
       -0.0000376183  -0.0008134411   0.0000567263   0.0000106184   0.0001881371
       -0.0016041303  -0.0004644580  -0.0000894413   0.0003100242   0.0000866184
       -0.0057131902   0.0021702848   0.0007144223  -0.0242066358  -0.0191308432
       -0.0054531153  -0.1745958756  -0.1253891154  -0.0358276283   0.0041201686
        0.0030125269   0.0008602756   0.0008486106   0.0014170248   0.0004477141
        0.0001736488   0.0006892290   0.0001990466   0.0000172310   0.0000051029
        0.0000152559   0.0000180665   0.0000122633  -0.0000066167  -0.0000132769
       -0.0000076309  -0.0000018041   0.0000068893   0.0000036058   0.0000081151
        0.0000102870   0.0000048962  -0.0000037368   0.0007248520  -0.0006614793
       -0.0002109259   0.1985232439   0.1381330715   0.0393750908   0.0008580028
        0.0008201681   0.0002207981   0.0001127953   0.0002566960   0.0000719204
        0.0000518680   0.0000413627   0.0000034126
       -0.0000260096   0.0000114570   0.0000035160   0.0000936482   0.0000027470
        0.0000114424  -0.0000890173  -0.0000793237  -0.0000021008   0.0005173673
        0.0000533732  -0.0000236241  -0.0001052318   0.0001229380   0.0000273810
        0.0014474599   0.0014428686  -0.0020332107   0.0034477503   0.0042050067
        0.0010347840  -0.1255634830  -0.1622042219  -0.0364809129  -0.0196498840
       -0.0213949761  -0.0064021462   0.0019105850  -0.0044543130  -0.0036312566
        0.0007121479   0.0001256311   0.0001060035   0.0000110686  -0.0000058308
        0.0000033563   0.0000122274  -0.0000029426  -0.0000057643  -0.0000021443
        0.0000017538   0.0000008849  -0.0000057080  -0.0000030667   0.0000082482
       -0.0000033186   0.0000011920  -0.0000076188   0.0007756077   0.0005931268
        0.0009441596   0.1381330715   0.1824893138   0.0454151602  -0.0006435556
        0.0003298849   0.0008178529  -0.0010375050  -0.0011518991  -0.0003024044
        0.0000649233  -0.0000827190   0.0005162499
       -0.0000071427   0.0000009632   0.0000022854   0.0000274211   0.0000109695
       -0.0000278085  -0.0000244339  -0.0000008936  -0.0000809862   0.0001627170
       -0.0000120609   0.0001197672  -0.0000288963   0.0000253015   0.0000357913
        0.0004909259  -0.0020238989   0.0077960688   0.0011068187   0.0011415220
        0.0009284609  -0.0358729721  -0.0364829406  -0.0452287597  -0.0057462248
       -0.0065186474  -0.0009570613   0.0005866227  -0.0036293469   0.0069146302
        0.0002115717   0.0001053140  -0.0002214272   0.0000034357  -0.0000027153
        0.0000013622   0.0000022117   0.0000009195  -0.0000033865   0.0000001364
        0.0000000971   0.0000023173   0.0000012152  -0.0000029563  -0.0000010214
       -0.0000047180   0.0000013253  -0.0000015070   0.0002106958   0.0009552226
       -0.0023902352   0.0393750908   0.0454151602   0.0372349525  -0.0002008128
        0.0008126240  -0.0022284302  -0.0003024861  -0.0003110390  -0.0001877965
        0.0000088241   0.0005150799  -0.0017072163
       -0.0000623730  -0.0000144883  -0.0000060523  -0.0000070692   0.0000007993
        0.0000006889  -0.0001270083   0.0000531099   0.0000143831   0.0005038650
       -0.0002250892  -0.0000784315  -0.0001494092   0.0001309160   0.0000351054
        0.0007494705  -0.0003805176  -0.0001155091   0.0005783367   0.0019566199
        0.0006093954  -0.0095195628   0.0039999519   0.0012204090  -0.2858983500
        0.0636912152   0.0197945204  -0.0234782763   0.0041342966   0.0013286473
       -0.0027079361  -0.0035739167  -0.0009867523   0.0000194433  -0.0000033767
        0.0000167266   0.0000207979   0.0000096778  -0.0000129847  -0.0000044218
        0.0000046362   0.0000020673  -0.0000021333  -0.0000018581   0.0000055615
       -0.0000007727   0.0000036622  -0.0000030945  -0.0005277870   0.0000517779
        0.0000172021   0.0008580028  -0.0006435556  -0.0002008128   0.3202068348
       -0.0700741136  -0.0218854105   0.0006985330   0.0005726285   0.0001530126
       -0.0011501842   0.0003076245   0.0000913281
       -0.0000144403   0.0000219401   0.0000059200  -0.0000006419   0.0000301225
       -0.0000119346   0.0000450440   0.0000289952  -0.0000541541  -0.0001825444
       -0.0001931504   0.0005989385   0.0000872369   0.0000347827  -0.0000884702
       -0.0003805227  -0.0005502535  -0.0000710489   0.0017475745  -0.0044448131
       -0.0036603793   0.0267358468  -0.0084214674  -0.0030253509   0.0636527693
       -0.0592748583  -0.0072820058  -0.0185830222   0.0044594204   0.0009472099
       -0.0033294511  -0.0014694423  -0.0027355179   0.0000078113  -0.0000027667
        0.0000063157   0.0000094450   0.0000026299  -0.0000063769  -0.0000021948
        0.0000028395   0.0000013852  -0.0000029352  -0.0000087924   0.0000037706
       -0.0000088137  -0.0000052485  -0.0000083840   0.0013679435  -0.0005147605
       -0.0000633344   0.0008201681   0.0003298849   0.0008126240  -0.0700741136
        0.0694374999   0.0136521350  -0.0009050933   0.0004596927   0.0008510621
       -0.0009900660   0.0000777451   0.0001275960
       -0.0000032877   0.0000042832   0.0000060813  -0.0000018077  -0.0000109394
        0.0000700186   0.0000039691  -0.0000553678   0.0001966791  -0.0000636315
        0.0005984572  -0.0020749290   0.0000349496  -0.0000981124   0.0003133257
       -0.0001113447  -0.0000585946  -0.0003188043   0.0005476693  -0.0036657533
        0.0070121605   0.0078503890  -0.0029175501   0.0006217884   0.0197884718
       -0.0072736495  -0.0375854535  -0.0052894767   0.0008379040   0.0017868912
       -0.0009284895  -0.0027317345   0.0071830228   0.0000031454   0.0000003880
        0.0000023871   0.0000010212  -0.0000002620  -0.0000020627   0.0000000099
        0.0000012046   0.0000010991  -0.0000107522  -0.0000063725  -0.0000008842
        0.0000056933   0.0000026860  -0.0000038464   0.0003983003  -0.0000562979
       -0.0003429012   0.0002207981   0.0008178529  -0.0022284302  -0.0218854105
        0.0136521350   0.0278634231  -0.0002780245   0.0008404846  -0.0021971092
       -0.0002821919   0.0001192384  -0.0003024562
       -0.0000444441  -0.0000412310  -0.0000149337  -0.0001159017   0.0000316036
        0.0000100194   0.0000709257  -0.0000723604  -0.0000238664   0.0006008632
        0.0009615808   0.0002732907  -0.0007895188   0.0006221169   0.0001897529
       -0.0056364056   0.0015033603   0.0004936021  -0.0004693638  -0.0003685025
       -0.0001057465  -0.0023495423  -0.0032362054  -0.0008926251   0.0045378993
       -0.0189882872  -0.0055428022  -0.0597444404   0.0612222411   0.0179391191
       -0.0095883379   0.0270998879   0.0079369679   0.0000039270   0.0000154645
        0.0000015969   0.0000023093   0.0000133115   0.0000091020   0.0000071239
       -0.0000029694   0.0000002454   0.0000063210   0.0000044437   0.0000034514
        0.0000090192   0.0000055551   0.0000029366  -0.0000244930  -0.0000002662
       -0.0000083727   0.0001127953  -0.0010375050  -0.0003024861   0.0006985330
       -0.0009050933  -0.0002780245   0.0720775116  -0.0676496669  -0.0199182580
        0.0006352190   0.0008225220   0.0002270309
        0.0000242389   0.0000361796   0.0000136117  -0.0000204538   0.0000247033
        0.0000053716   0.0001909404   0.0000928355   0.0000286783  -0.0008600483
       -0.0002250421  -0.0001200901   0.0004487177  -0.0004259145  -0.0000739302
        0.0021882503   0.0014161559  -0.0020250715  -0.0003851024   0.0007544316
        0.0002743162  -0.0036953356  -0.0015690619  -0.0027280487   0.0037407581
       -0.0218292018  -0.0066327375   0.0614149680  -0.2676566435  -0.0680827227
        0.0044741467  -0.0092289230  -0.0028722888  -0.0000033761   0.0000007259
        0.0000041075  -0.0000028880   0.0000013373  -0.0000072183   0.0000000467
        0.0000002245  -0.0000017056  -0.0000069310  -0.0000110394  -0.0000082360
       -0.0000112235  -0.0000139187  -0.0000034863  -0.0000010055  -0.0000513469
        0.0005139154   0.0002566960  -0.0011518991  -0.0003110390   0.0005726285
        0.0004596927   0.0008404846  -0.0676496669   0.2987629764   0.0802360589
       -0.0006753601   0.0006137285   0.0009500304
        0.0000077087   0.0000122338   0.0000005228  -0.0000065931   0.0000071107
        0.0000079345   0.0000571571   0.0000262503   0.0000161541  -0.0002644489
       -0.0001313010   0.0001612005   0.0001351105  -0.0000768502  -0.0001884309
        0.0007030317  -0.0020218794   0.0077566415  -0.0001063146   0.0002777206
       -0.0001014793  -0.0010263713  -0.0027263600   0.0070726094   0.0010634786
       -0.0065383183  -0.0010155494   0.0179994672  -0.0680745694  -0.0546098279
        0.0013574549  -0.0029890661  -0.0003155450  -0.0000010716   0.0000010003
        0.0000021646  -0.0000011005  -0.0000008178  -0.0000003443  -0.0000000541
       -0.0000012508   0.0000026339  -0.0000039817  -0.0000060582  -0.0000025826
        0.0000003212  -0.0000018588  -0.0000015413  -0.0000085589   0.0005156421
       -0.0016670473   0.0000719204  -0.0003024044  -0.0001877965   0.0001530126
        0.0008510621  -0.0021971092  -0.0199182580   0.0802360589   0.0476351013
       -0.0002119101   0.0009436559  -0.0023677088
        0.0000038416   0.0000627676   0.0000069287  -0.0006975089   0.0004227304
        0.0001349934  -0.0017861206   0.0013241290   0.0003770650   0.0010189721
        0.0003610080   0.0000920094  -0.0000976736  -0.0005829114  -0.0001731827
        0.0043654761   0.0020349342   0.0005688079   0.0005860814   0.0015976614
        0.0004974883   0.0000387489   0.0006806501   0.0001966169  -0.0053653346
        0.0018158092   0.0005914735  -0.0226300340  -0.0187690482  -0.0053559515
       -0.1778706249  -0.1273589392  -0.0363694722  -0.0001049241   0.0000026036
       -0.0001336331  -0.0001247715  -0.0001027269   0.0000999022   0.0000669773
       -0.0000529400  -0.0000111216   0.0000543279  -0.0000360559  -0.0000220514
        0.0000592873  -0.0000548449  -0.0000055881   0.0001473012   0.0003649073
        0.0001040868   0.0000518680   0.0000649233   0.0000088241  -0.0011501842
       -0.0009900660  -0.0002821919   0.0006352190  -0.0006753601  -0.0002119101
        0.2027990757   0.1398907686   0.0398869064
       -0.0001290659   0.0000380685  -0.0000198361   0.0002937123   0.0001667484
        0.0000064069   0.0019060643   0.0006998843   0.0001243016  -0.0023199221
       -0.0010532675   0.0005073145  -0.0001914625   0.0008096070   0.0001890082
       -0.0192182416  -0.0218105184  -0.0064912595   0.0020092545  -0.0044733040
       -0.0034613434   0.0004969256   0.0002063225   0.0001423893   0.0014664119
        0.0012311735  -0.0020815874   0.0034958834   0.0043059773   0.0007579700
       -0.1273368613  -0.1604619385  -0.0359789202   0.0000578123   0.0000491126
        0.0000646760  -0.0000026571   0.0000747678  -0.0000075806  -0.0000655439
       -0.0000358988  -0.0000004989  -0.0001891278   0.0000180107   0.0000568518
       -0.0002021581   0.0000267785  -0.0000316576  -0.0011333017  -0.0010741876
       -0.0004030453   0.0000413627  -0.0000827190   0.0005150799   0.0003076245
        0.0000777451   0.0001192384   0.0008225220   0.0006137285   0.0009436559
        0.1398907686   0.1806739091   0.0450488364
       -0.0000322675  -0.0000183105   0.0000631551   0.0000898625   0.0000006242
        0.0001743681   0.0005170100   0.0001285474   0.0003315856  -0.0007202173
        0.0005194907  -0.0027019178  -0.0000447624   0.0001470728   0.0002596629
       -0.0055463527  -0.0066030088  -0.0011144374   0.0005979453  -0.0034571795
        0.0063563266   0.0001488313   0.0001451141  -0.0002488874   0.0004956489
       -0.0020832412   0.0077480182   0.0011278524   0.0008618346   0.0018971442
       -0.0363972635  -0.0359614703  -0.0451212378  -0.0000875824   0.0000243390
       -0.0000139023   0.0000928139   0.0000345367   0.0000018481  -0.0000151938
       -0.0000006842  -0.0000366128  -0.0000601542  -0.0000296449  -0.0000315798
       -0.0000510246   0.0000592059  -0.0000284139  -0.0003238238  -0.0004099386
        0.0002105475   0.0000034126   0.0005162499  -0.0017072163   0.0000913281
        0.0001275960  -0.0003024562   0.0002270309   0.0009500304  -0.0023677088
        0.0398869064   0.0450488364   0.0366317140
