           1           2  0.966093346735330     
           2           3  0.989406811526528     
           3           4  0.945138562953515     
           4           5  0.971094073872506     
           3           6  0.993918625659212     
           6           7  0.959105409202267     
           3           8  0.933761304134500     
           8           9  0.976175315568983     
           1          10  0.979294848073291     
           1          11  0.980160449740597     
           1          12  0.978282413039725     
           4          13  0.976914470247362     
           4          14  0.976466936370381     
           7          15  0.980975938350090     
           7          16  0.981176818915899     
           7          17  0.980558350552012     
           9          18  0.978961270644803     
           9          19  0.978447420624275     
           9          20  0.979549404062493     
