$hessian                                                                        
        0.5069167061   0.0268799391   0.0069796492  -0.0897772583   0.0520906606
        0.0109676792  -0.0120589837   0.0189350941   0.0062039110   0.0005421655
        0.0003663234  -0.0006781353   0.0002913256  -0.0007202114  -0.0002306251
        0.0000959333   0.0001659118  -0.0000231458   0.0001231746  -0.0000907504
        0.0000231223  -0.0049524765   0.0032860200   0.0047069540  -0.1274633660
       -0.0781268581  -0.0856855376  -0.0523163860   0.0211305893  -0.0381292668
       -0.2223933130  -0.0394596288   0.0975571915   0.0070084013  -0.0149166390
       -0.0035148724  -0.0040273409   0.0098401960   0.0007353034  -0.0015528255
        0.0006636573   0.0008257356  -0.0000170225   0.0000041529   0.0000065951
        0.0000125252   0.0000291114   0.0000223048  -0.0001115423   0.0000347430
        0.0001397987   0.0000071566   0.0000639657  -0.0001002832  -0.0000459361
        0.0000150434   0.0000339865  -0.0001117253   0.0001316868   0.0000174256
       -0.0001692123  -0.0003230072   0.0001422098
        0.0268799391   0.4762454634  -0.0104177278   0.0499158082  -0.1723555757
       -0.0249729042   0.0051114381  -0.0013148259  -0.0032140234  -0.0008869959
        0.0008791556   0.0003183798   0.0002765198  -0.0004240842  -0.0000744806
        0.0000628401  -0.0000724586  -0.0001493146  -0.0001019557  -0.0003459626
        0.0000907057  -0.0005190802   0.0021684355   0.0008824903  -0.0781780749
       -0.1133703921  -0.0773989017   0.0212113834  -0.1043452060   0.1017926580
       -0.0392467314  -0.0496023758   0.0216251365   0.0074401139  -0.0209733049
       -0.0073507469   0.0091080966  -0.0174986026  -0.0013113592  -0.0007672456
        0.0003956532   0.0004000377  -0.0000534669   0.0000258880   0.0000091001
        0.0000270647   0.0000611359  -0.0000604506  -0.0001053833   0.0000492347
        0.0000977707  -0.0000826615   0.0001472194  -0.0000706288  -0.0000077474
        0.0000595333  -0.0000316114   0.0000425622   0.0001364229  -0.0000224734
       -0.0001264231   0.0001346465  -0.0001416560
        0.0069796492  -0.0104177278   0.5205476233   0.0112533028  -0.0260818873
       -0.0726504971   0.0074012487  -0.0119031376  -0.0039761451   0.0005601131
       -0.0011811738   0.0006652324   0.0001930749  -0.0000399096  -0.0002304617
       -0.0000167433  -0.0000386963  -0.0001361844   0.0001208416  -0.0001094971
       -0.0002884282   0.0044753484  -0.0025311857  -0.0028606395  -0.0856140159
       -0.0767860128  -0.1300910187  -0.0382067582   0.1019752144  -0.2136750793
        0.0977873302   0.0217577256  -0.0979916197   0.0058721711  -0.0164562512
       -0.0040534681  -0.0106318226   0.0220205051   0.0043598904  -0.0001829174
       -0.0002505140   0.0003258098   0.0000049361   0.0000128084   0.0000132410
        0.0000327923  -0.0000522727   0.0000819926   0.0000165832  -0.0000370067
       -0.0000256613   0.0000343928  -0.0000806235  -0.0000058909  -0.0000591237
       -0.0000329909   0.0001145952  -0.0000967620   0.0001446657   0.0001748940
        0.0000763587   0.0000879678  -0.0002981848
       -0.0897772583   0.0499158082   0.0112533028   0.4669670301   0.0040445110
        0.0379564119  -0.1315339808  -0.0147739810   0.0495876906   0.0024233954
       -0.0000408732  -0.0004578098  -0.0220402060  -0.0060687966   0.0103713182
       -0.0030202175  -0.0020753528  -0.0019060963   0.0004333480   0.0001125400
       -0.0000841143  -0.0146469947   0.0105745678   0.0147271352   0.0077941837
       -0.0142390019  -0.0034981168  -0.0037475838   0.0083613883  -0.0002112181
       -0.0149103931   0.0241540383   0.0079154602  -0.1394013141  -0.0845750639
       -0.0770053653  -0.0578088422   0.0253807856  -0.0497544812   0.0003718723
        0.0003124422   0.0003291054  -0.0010533483  -0.0002940531   0.0008236500
        0.0000288621   0.0000023137  -0.0000680895   0.0002413972  -0.0000014109
       -0.0001625260  -0.0001221417  -0.0001114894   0.0000888066  -0.0001564525
       -0.0001397268   0.0002539010  -0.0010985392  -0.0002385560  -0.0000962474
        0.0010571835  -0.0003000894  -0.0000627172
        0.0520906606  -0.1723555757  -0.0260818873   0.0040445110   0.4947114903
       -0.0006124301  -0.0202105748  -0.0610912855   0.0183136197  -0.0102781576
       -0.0018539144   0.0104023778  -0.0111457272  -0.0015010205   0.0062294212
       -0.0024467186  -0.0012257028  -0.0011839907  -0.0003017799  -0.0002191099
        0.0002374664   0.0313742616  -0.0139748873  -0.0269125541   0.0059562286
       -0.0197966159  -0.0068401364   0.0094567396  -0.0184977080  -0.0001140797
        0.0006802028   0.0012317864  -0.0007734977  -0.0842378437  -0.1146388151
       -0.0631582257   0.0254545855  -0.0919301376   0.0905829763  -0.0001092229
       -0.0000549720   0.0001317462  -0.0007443012  -0.0001336916   0.0003933038
        0.0000425599   0.0001546068  -0.0002206147   0.0000692624  -0.0002490784
       -0.0001225009  -0.0000711529  -0.0000465206  -0.0000003986  -0.0000249765
       -0.0000688337   0.0001382472   0.0004409264   0.0003812328   0.0001737196
       -0.0000394831   0.0011587528  -0.0005825624
        0.0109676792  -0.0249729042  -0.0726504971   0.0379564119  -0.0006124301
        0.5143007714   0.0465299275   0.0130839628  -0.1048111955   0.0209304588
        0.0064347164  -0.0207637521  -0.0058183462  -0.0001036941   0.0068552393
       -0.0017304694  -0.0013172100  -0.0005674474   0.0005844124   0.0002425391
       -0.0003427565   0.0159124536  -0.0092213222  -0.0092981013   0.0069423076
       -0.0175324761  -0.0049561296  -0.0108297537   0.0223853865   0.0045873854
        0.0088099988  -0.0137821487  -0.0041518972  -0.0767514731  -0.0632649615
       -0.1031797091  -0.0488116838   0.0895276469  -0.2074621028   0.0000184205
        0.0000072924   0.0003600391  -0.0006199716  -0.0002811141   0.0004768105
       -0.0000438673  -0.0001719950   0.0001200189  -0.0001310514   0.0000978671
       -0.0000157866  -0.0002052884   0.0000219994  -0.0000302924  -0.0002995964
        0.0000771147   0.0000347263  -0.0015023963  -0.0005234951  -0.0002506704
       -0.0019081730  -0.0000947743   0.0017453471
       -0.0120589837   0.0051114381   0.0074012487  -0.1315339808  -0.0202105748
        0.0465299275   0.4369287586  -0.0046870733   0.0152621085  -0.0563168218
        0.0251143647  -0.0482446134  -0.1186096685  -0.0346695024  -0.0326957731
       -0.0247821768  -0.0144627214  -0.0039427970  -0.0116546507  -0.0034250946
       -0.0102892142  -0.0593024810   0.0406428983   0.0087072124   0.0003449750
       -0.0006064334  -0.0004968759   0.0003853287  -0.0005848265   0.0003571262
        0.0000585715   0.0014142933   0.0004459512  -0.0240912960  -0.0065668247
        0.0127565546   0.0048091505   0.0003276480  -0.0006322992   0.0054800416
        0.0043483161   0.0029601797  -0.0037896899  -0.0011541077   0.0026597950
        0.0005037234   0.0004277728  -0.0007639503   0.0001485856  -0.0002740150
       -0.0007071875   0.0000221762  -0.0002180734   0.0001059910  -0.0007923672
        0.0009832331  -0.0016097125   0.0002564583  -0.0002530318   0.0009187102
       -0.0060056529   0.0087423145   0.0012776181
        0.0189350941  -0.0013148259  -0.0119031376  -0.0147739810  -0.0610912855
        0.0130839628  -0.0046870733   0.4489416583  -0.0503386113   0.0248327453
       -0.0856625435   0.0872414986  -0.0344021443  -0.0804293449  -0.0154559342
       -0.0095723073  -0.0047782709   0.0013468992   0.0071863756   0.0068480444
        0.0017896439   0.0415242182  -0.1701426475  -0.0310077226  -0.0000060296
        0.0003316415  -0.0003278666   0.0007765854   0.0005909644  -0.0008829322
        0.0024410521  -0.0033740755  -0.0015367939  -0.0160771943  -0.0034008898
        0.0086899308  -0.0110488996  -0.0027484879   0.0105533427  -0.0166079564
       -0.0169237098  -0.0119993377  -0.0002022095   0.0004151416   0.0004859245
       -0.0005627706   0.0001222722  -0.0003322586   0.0010597816  -0.0001254819
       -0.0005315817   0.0008462801  -0.0001199546  -0.0002330498   0.0021572851
       -0.0010158494   0.0032607936  -0.0003164634   0.0006835358   0.0002240873
        0.0084976118  -0.0268058912  -0.0021268574
        0.0062039110  -0.0032140234  -0.0039761451   0.0495876906   0.0183136197
       -0.1048111955   0.0152621085  -0.0503386113   0.4990849138  -0.0470129822
        0.0837587387  -0.1954967421  -0.0355606305  -0.0159485067  -0.0802866473
        0.0117104299   0.0085543316   0.0058151723  -0.0193645735  -0.0088063078
       -0.0148432763   0.0179178788  -0.0578979536  -0.0975236238  -0.0000367029
        0.0000790603  -0.0000208639  -0.0011993468   0.0007504963   0.0008695695
       -0.0005155279  -0.0000759396   0.0005516764  -0.0096941889  -0.0025311824
        0.0067066533   0.0212689398   0.0062260264  -0.0202298825  -0.0057370468
       -0.0061892131  -0.0035302898   0.0042655383   0.0011499791  -0.0023786359
        0.0013054184   0.0008248063   0.0003213397   0.0004844178  -0.0003072293
        0.0005852993   0.0003445099  -0.0004828564   0.0006959912  -0.0022421929
        0.0021184537  -0.0037539904   0.0002889402  -0.0003816214   0.0001650066
       -0.0072765905   0.0243979329   0.0120556705
        0.0005421655  -0.0008869959   0.0005601131   0.0024233954  -0.0102781576
        0.0209304588  -0.0563168218   0.0248327453  -0.0470129822   0.0733908653
       -0.0325537549   0.0539516633  -0.0101289599   0.0079170786  -0.0212242008
        0.0002060102   0.0005921481  -0.0011731840  -0.0031206331  -0.0027980728
       -0.0021087445  -0.0034899269   0.0114028414  -0.0077415276  -0.0000798413
       -0.0000346873  -0.0002104204  -0.0001883057   0.0004342592  -0.0001225832
        0.0000598257  -0.0000576195  -0.0001587258   0.0006353256  -0.0002060269
        0.0003416496  -0.0034066852  -0.0008174582   0.0036003713   0.0004349067
        0.0002756401   0.0001822278   0.0002047909   0.0000819253   0.0001601902
       -0.0006152744  -0.0008632236   0.0003904405  -0.0002108700   0.0002583264
       -0.0000076617   0.0001445551  -0.0000352909   0.0001848234  -0.0006792193
        0.0005683627  -0.0011451634  -0.0000403367  -0.0000941745   0.0002016401
        0.0002350337   0.0022621350   0.0004016154
        0.0003663234   0.0008791556  -0.0011811738  -0.0000408732  -0.0018539144
        0.0064347164   0.0251143647  -0.0856625435   0.0837587387  -0.0325537549
        0.1184829982  -0.1007883921  -0.0050595919   0.0053718870  -0.0089722343
       -0.0003477977   0.0005344439  -0.0009142968  -0.0020738929  -0.0004150439
       -0.0008655254   0.0125504993  -0.0306703993   0.0230096703  -0.0000309554
       -0.0001051048   0.0000086461   0.0002192113   0.0000298370  -0.0000219004
        0.0000343917  -0.0001494797   0.0000103374  -0.0000935925  -0.0002788919
        0.0003076368  -0.0006568411  -0.0001764542   0.0006991400  -0.0001142169
        0.0001927354  -0.0003166317   0.0000539867  -0.0000867797  -0.0000698126
       -0.0002681878  -0.0000371237   0.0002014867   0.0002262904  -0.0002195728
        0.0001384931  -0.0001286918  -0.0001898412  -0.0000899428  -0.0002821519
        0.0002564934  -0.0005256185   0.0000447800  -0.0001696888   0.0000852822
        0.0030407008  -0.0057327125  -0.0009086191
       -0.0006781353   0.0003183798   0.0006652324  -0.0004578098   0.0104023778
       -0.0207637521  -0.0482446134   0.0872414986  -0.1954967421   0.0539516633
       -0.1007883921   0.2249160698  -0.0085917317   0.0059533378  -0.0156728102
        0.0015036255   0.0004284200   0.0010868254  -0.0026109763  -0.0022178269
       -0.0009312875   0.0010587099  -0.0005622829   0.0073308473  -0.0000423125
        0.0000342373  -0.0001848796   0.0005832990  -0.0005924138   0.0001503919
       -0.0002111365  -0.0000653479   0.0002250898  -0.0005683366  -0.0000684794
        0.0006520219   0.0038426245   0.0012695557  -0.0026691053   0.0001341914
       -0.0000211651  -0.0002356750   0.0002923147   0.0000836551  -0.0000270051
       -0.0000874999  -0.0001492231   0.0004207521  -0.0000467576   0.0000371937
       -0.0000486562   0.0001883540  -0.0001770584   0.0000693194  -0.0005170787
        0.0004300501  -0.0008727370   0.0001319177  -0.0000134632   0.0002241201
        0.0003696881  -0.0015430531   0.0011619801
        0.0002913256   0.0002765198   0.0001930749  -0.0220402060  -0.0111457272
       -0.0058183462  -0.1186096685  -0.0344021443  -0.0355606305  -0.0101289599
       -0.0050595919  -0.0085917317   0.4662666787  -0.0405787791  -0.0108840489
       -0.1292521649  -0.0126649498   0.0634026625  -0.0837519024   0.0247117151
       -0.0377619754   0.0063450148   0.0020858270   0.0033782544  -0.0009904377
       -0.0000931312   0.0002386983  -0.0001709786  -0.0000611320  -0.0000289262
       -0.0000119692  -0.0000298491  -0.0001543071  -0.0035713978  -0.0008889099
        0.0023575285   0.0009795474   0.0002882838  -0.0009569984  -0.0696342239
        0.0708128019   0.0227897871  -0.0216408976  -0.0057419822   0.0155737504
        0.0060366298   0.0010002969  -0.0052409688  -0.0103647665   0.0023188016
        0.0101943268  -0.0064689794   0.0092969339  -0.0094790648  -0.0119080207
        0.0091516097  -0.0197178532   0.0076240270  -0.0096862669   0.0160867368
        0.0010013502   0.0004096740  -0.0000199684
       -0.0007202114  -0.0004240842  -0.0000399096  -0.0060687966  -0.0015010205
       -0.0001036941  -0.0346695024  -0.0804293449  -0.0159485067   0.0079170786
        0.0053718870   0.0059533378  -0.0405787791   0.5161471335   0.0150266272
       -0.0116573245  -0.0697215246   0.0108256753   0.0271685147  -0.0983520317
        0.0492160795  -0.0166855497  -0.0353845847  -0.0232774825   0.0009012317
        0.0001046973  -0.0006060678   0.0001123064   0.0000342832   0.0000786770
       -0.0000867239  -0.0001429138   0.0000045701  -0.0001244473   0.0002825157
       -0.0002026168   0.0001224729   0.0001081438  -0.0001305086   0.0715176480
       -0.2191391574  -0.0603014044  -0.0124424716  -0.0028965245   0.0097250925
       -0.0117960589  -0.0037051035   0.0135089327   0.0196039390   0.0028977663
       -0.0185686555   0.0133895738  -0.0171152627   0.0212069699  -0.0065190732
        0.0071708742  -0.0121982211   0.0012610991  -0.0030625031   0.0059325222
       -0.0006449254  -0.0002432453  -0.0001014170
       -0.0002306251  -0.0000744806  -0.0002304617   0.0103713182   0.0062294212
        0.0068552393  -0.0326957731  -0.0154559342  -0.0802866473  -0.0212242008
       -0.0089722343  -0.0156728102  -0.0108840489   0.0150266272   0.4758730297
        0.0648412557   0.0123310644  -0.1247755759  -0.0398787795   0.0460939286
       -0.1421245866  -0.0052387559  -0.0174345411  -0.0062764514   0.0006116652
        0.0000426718  -0.0000130938   0.0000754305  -0.0000417472   0.0000432385
        0.0001970069  -0.0001175835   0.0000294985   0.0038376129   0.0011344276
       -0.0014814528   0.0000509336   0.0003114635   0.0002253802   0.0230862918
       -0.0600342750  -0.0604582656  -0.0070711230  -0.0012556040   0.0069163248
        0.0155842854   0.0056422125  -0.0197185920   0.0114518655  -0.0011867425
       -0.0107713665   0.0015878823  -0.0003911601   0.0060010361  -0.0091809993
        0.0061522969  -0.0140348018  -0.0058656663   0.0112638278  -0.0203119641
        0.0005744240   0.0007363612   0.0002123226
        0.0000959333   0.0000628401  -0.0000167433  -0.0030202175  -0.0024467186
       -0.0017304694  -0.0247821768  -0.0095723073   0.0117104299   0.0002060102
       -0.0003477977   0.0015036255  -0.1292521649  -0.0116573245   0.0648412557
        0.4884384558  -0.0044547074   0.0376063314   0.0046836794   0.0000534857
       -0.0035071716  -0.0003476251   0.0007832788   0.0009663123   0.0000865366
       -0.0000877191  -0.0000719702  -0.0000322325  -0.0001003892   0.0000535469
        0.0000143263   0.0000081194  -0.0000537875  -0.0011172597  -0.0003074448
        0.0006462198  -0.0000937257   0.0000055850  -0.0001148635  -0.0109413656
       -0.0000774481   0.0116317971  -0.1854907738  -0.0865489381  -0.0800859096
       -0.0751718245   0.0495087169  -0.0655046435  -0.0646669364   0.0632695764
        0.0261593902   0.0005898048   0.0000009215  -0.0006673089   0.0008798387
        0.0006389634  -0.0008326592   0.0000875707   0.0011575074  -0.0023822534
       -0.0001658533   0.0001118001  -0.0001511287
        0.0001659118  -0.0000724586  -0.0000386963  -0.0020753528  -0.0012257028
       -0.0013172100  -0.0144627214  -0.0047782709   0.0085543316   0.0005921481
        0.0005344439   0.0004284200  -0.0126649498  -0.0697215246   0.0123310644
       -0.0044547074   0.5207514231   0.0076748516  -0.0092898829  -0.0040782822
        0.0134123873  -0.0013091044   0.0007122420   0.0011017047  -0.0001109238
        0.0000624731   0.0001961941  -0.0000135008   0.0000445941  -0.0000795677
        0.0000234650   0.0001637169   0.0000779920  -0.0007434432  -0.0001715762
        0.0004199844   0.0001225781  -0.0000092369   0.0000124679   0.0190040655
        0.0022801942  -0.0177038016  -0.0867298197  -0.0965586858  -0.0482592013
        0.0497707333  -0.1206755112   0.0989320001   0.0628770265  -0.2273759406
       -0.0789344307  -0.0010076832   0.0008707532   0.0005750550  -0.0001458713
        0.0003243748  -0.0005451423   0.0004220794  -0.0011112614   0.0033044696
        0.0000299532   0.0000342359  -0.0001428728
       -0.0000231458  -0.0001493146  -0.0001361844  -0.0019060963  -0.0011839907
       -0.0005674474  -0.0039427970   0.0013468992   0.0058151723  -0.0011731840
       -0.0009142968   0.0010868254   0.0634026625   0.0108256753  -0.1247755759
        0.0376063314   0.0076748516   0.4911833988   0.0150434160   0.0083865103
       -0.0240962146  -0.0002460318  -0.0008662675   0.0008090822   0.0000218923
        0.0001124015   0.0000954846   0.0000215018  -0.0000082308  -0.0000011852
       -0.0000427347   0.0000985599   0.0001018646  -0.0005684342  -0.0001925393
        0.0002618157  -0.0000705775  -0.0001358408   0.0001415410   0.0114451416
        0.0000469375  -0.0097796513  -0.0799460647  -0.0481360526  -0.0859927432
       -0.0656677086   0.0994240282  -0.1729758357   0.0258331299  -0.0785238001
       -0.0779223721   0.0005156697  -0.0007140318   0.0010431852   0.0011134078
        0.0001294983   0.0004463603  -0.0013664838   0.0027678364  -0.0043966358
       -0.0000498946   0.0000111668  -0.0003408843
        0.0001231746  -0.0001019557   0.0001208416   0.0004333480  -0.0003017799
        0.0005844124  -0.0116546507   0.0071863756  -0.0193645735  -0.0031206331
       -0.0020738929  -0.0026109763  -0.0837519024   0.0271685147  -0.0398787795
        0.0046836794  -0.0092898829   0.0150434160   0.5113097850   0.0126012235
       -0.0279105293  -0.0000147234   0.0007370032  -0.0003419594  -0.0000737672
        0.0000983532  -0.0001062189   0.0000025590   0.0000762081   0.0000437837
       -0.0000492194   0.0000018606  -0.0000335961   0.0000152108   0.0001770145
       -0.0002595767  -0.0013210384   0.0000249757  -0.0011471749  -0.0050023342
        0.0083965737  -0.0100789390   0.0009602996  -0.0001409848   0.0012025470
       -0.0021508617  -0.0013875841   0.0042031123   0.0005217865  -0.0006557134
        0.0003111262  -0.0854291436   0.0846581178   0.0294511874  -0.1638594440
       -0.0991387958  -0.0674078952  -0.1620548668  -0.0285413330   0.1176271125
        0.0004327421   0.0005057019   0.0005526799
       -0.0000907504  -0.0003459626  -0.0001094971   0.0001125400  -0.0002191099
        0.0002425391  -0.0034250946   0.0068480444  -0.0088063078  -0.0027980728
       -0.0004150439  -0.0022178269   0.0247117151  -0.0983520317   0.0460939286
        0.0000534857  -0.0040782822   0.0083865103   0.0126012235   0.5040789314
        0.0244513070  -0.0002224895   0.0013637266  -0.0007225178   0.0000827193
        0.0001510305   0.0001060070  -0.0000811296   0.0001369839  -0.0000816421
        0.0000142713   0.0001162397   0.0000371773  -0.0001176123   0.0001322438
       -0.0000879921  -0.0003433202   0.0001816829  -0.0004925112   0.0126858001
       -0.0168627373   0.0218404478   0.0005274428   0.0002217075   0.0003690853
       -0.0010206197   0.0004390531   0.0010483357  -0.0000017280   0.0008100387
       -0.0008172736   0.0855906148  -0.2197593669  -0.0597998737  -0.0991976455
       -0.1239731372  -0.0570880184  -0.0286980304  -0.0506492078   0.0271602086
       -0.0003833196   0.0001751970   0.0004879139
        0.0000231223   0.0000907057  -0.0002884282  -0.0000841143   0.0002374664
       -0.0003427565  -0.0102892142   0.0017896439  -0.0148432763  -0.0021087445
       -0.0008655254  -0.0009312875  -0.0377619754   0.0492160795  -0.1421245866
       -0.0035071716   0.0134123873  -0.0240962146  -0.0279105293   0.0244513070
        0.4812882702  -0.0006093486   0.0013161635   0.0004714489   0.0000153256
       -0.0000685033   0.0001947808  -0.0000023576  -0.0000171360  -0.0000231547
        0.0000438886   0.0000486795   0.0000209015   0.0001624556   0.0000823923
       -0.0000177609   0.0005823373   0.0002525506   0.0002362341   0.0007803405
       -0.0012843795   0.0034389678  -0.0010434715  -0.0002539030   0.0006770276
        0.0026977720   0.0011478838  -0.0036844867  -0.0009036425   0.0004121203
        0.0005598082   0.0299629300  -0.0601316295  -0.0631567079  -0.0672857937
       -0.0573030684  -0.0807674337   0.1173682894   0.0270770796  -0.1562908027
       -0.0001300981   0.0003896858  -0.0003205428
       -0.0049524765  -0.0005190802   0.0044753484  -0.0146469947   0.0313742616
        0.0159124536  -0.0593024810   0.0415242182   0.0179178788  -0.0034899269
        0.0125504993   0.0010587099   0.0063450148  -0.0166855497  -0.0052387559
       -0.0003476251  -0.0013091044  -0.0002460318  -0.0000147234  -0.0002224895
       -0.0006093486   0.0957238243  -0.1145793015   0.0364872225  -0.0000662748
        0.0001637808   0.0001726952   0.0000800053  -0.0003692754  -0.0000161250
       -0.0011087778   0.0015970547   0.0006848741   0.0022766531   0.0007829195
       -0.0008663843   0.0006195783  -0.0002653058  -0.0006398413  -0.0024454116
       -0.0030179636  -0.0019279977   0.0003417783  -0.0000870732  -0.0004022089
        0.0000810904  -0.0000652184  -0.0000256132   0.0007804936  -0.0004139500
       -0.0005474676   0.0001607683  -0.0009831745   0.0000951877   0.0001489875
       -0.0003357571   0.0001305895   0.0000450006  -0.0000567685  -0.0002067268
       -0.0202285029   0.0509172776  -0.0662084586
        0.0032860200   0.0021684355  -0.0025311857   0.0105745678  -0.0139748873
       -0.0092213222   0.0406428983  -0.1701426475  -0.0578979536   0.0114028414
       -0.0306703993  -0.0005622829   0.0020858270  -0.0353845847  -0.0174345411
        0.0007832788   0.0007122420  -0.0008662675   0.0007370032   0.0013637266
        0.0013161635  -0.1145793015   0.3990012267  -0.0951983935  -0.0002101222
        0.0000532279   0.0002215724  -0.0003699251   0.0001799010   0.0001281842
        0.0011585848  -0.0011900269  -0.0007107933   0.0000926684   0.0005410960
        0.0010510172  -0.0012779236   0.0009180052  -0.0001235661  -0.0052155423
       -0.0049819576  -0.0034053506  -0.0000198784  -0.0000138715  -0.0000466690
        0.0004570620  -0.0004683237   0.0001696533  -0.0001895247   0.0005268999
        0.0001966116  -0.0001626583   0.0004517969   0.0002947925  -0.0000659724
        0.0000320557   0.0000927546   0.0002917302  -0.0003734751  -0.0002162622
        0.0505783668  -0.1487484400   0.1847438386
        0.0047069540   0.0008824903  -0.0028606395   0.0147271352  -0.0269125541
       -0.0092981013   0.0087072124  -0.0310077226  -0.0975236238  -0.0077415276
        0.0230096703   0.0073308473   0.0033782544  -0.0232774825  -0.0062764514
        0.0009663123   0.0011017047   0.0008090822  -0.0003419594  -0.0007225178
        0.0004714489   0.0364872225  -0.0951983935   0.4103503980  -0.0001210584
        0.0000014948  -0.0000034158  -0.0000575958   0.0001420654   0.0000648093
        0.0010351403  -0.0014333079  -0.0005480678  -0.0012364095   0.0000498779
        0.0008430030  -0.0006742265  -0.0004378308   0.0007151539  -0.0031562653
       -0.0036531540  -0.0020351401  -0.0000400688   0.0000409539  -0.0000537859
        0.0000020136  -0.0001211686  -0.0001695625  -0.0000265107   0.0002764934
       -0.0000890210  -0.0002587357  -0.0005255315  -0.0005592229   0.0000514988
       -0.0001993376   0.0000205374   0.0002261829   0.0001399008  -0.0000710983
       -0.0566335688   0.1578443495  -0.3011171498
       -0.1274633660  -0.0781780749  -0.0856140159   0.0077941837   0.0059562286
        0.0069423076   0.0003449750  -0.0000060296  -0.0000367029  -0.0000798413
       -0.0000309554  -0.0000423125  -0.0009904377   0.0009012317   0.0006116652
        0.0000865366  -0.0001109238   0.0000218923  -0.0000737672   0.0000827193
        0.0000153256  -0.0000662748  -0.0002101222  -0.0001210584   0.1485108486
        0.0899586049   0.0987056287  -0.0048149692  -0.0033678111  -0.0060231347
       -0.0223436358  -0.0171744934  -0.0165201136  -0.0000000691   0.0025025348
        0.0010541242   0.0005446920  -0.0002199860   0.0003311952  -0.0015616572
       -0.0001638178   0.0009622591  -0.0000045779  -0.0000039578  -0.0000162469
        0.0000178988   0.0000038659  -0.0000272826   0.0000509058  -0.0000175248
       -0.0000515889   0.0000550345  -0.0000564467  -0.0000358355  -0.0000868300
       -0.0000269553  -0.0000359450   0.0000795897   0.0001254321  -0.0001203532
        0.0000007613   0.0000364815   0.0000001922
       -0.0781268581  -0.1133703921  -0.0767860128  -0.0142390019  -0.0197966159
       -0.0175324761  -0.0006064334   0.0003316415   0.0000790603  -0.0000346873
       -0.0001051048   0.0000342373  -0.0000931312   0.0001046973   0.0000426718
       -0.0000877191   0.0000624731   0.0001124015   0.0000983532   0.0001510305
       -0.0000685033   0.0001637808   0.0000532279   0.0000014948   0.0899586049
        0.1335752164   0.0912723822   0.0087873753   0.0081866963   0.0091675314
       -0.0076953440  -0.0042058180  -0.0043171772   0.0025197418  -0.0060008772
       -0.0020885366  -0.0007286393   0.0006035421  -0.0002035577   0.0002463294
        0.0007522094  -0.0001257562  -0.0000127333   0.0000101119   0.0000266434
       -0.0000257715  -0.0000119474   0.0000246233  -0.0000333995  -0.0000133635
        0.0000015405  -0.0001133808  -0.0000091491   0.0000908254  -0.0000292284
        0.0000114972   0.0000444343   0.0001348941  -0.0003614829   0.0002579580
       -0.0000827519   0.0000324074  -0.0000337843
       -0.0856855376  -0.0773989017  -0.1300910187  -0.0034981168  -0.0068401364
       -0.0049561296  -0.0004968759  -0.0003278666  -0.0000208639  -0.0002104204
        0.0000086461  -0.0001848796   0.0002386983  -0.0006060678  -0.0000130938
       -0.0000719702   0.0001961941   0.0000954846  -0.0001062189   0.0001060070
        0.0001947808   0.0001726952   0.0002215724  -0.0000034158   0.0987056287
        0.0912723822   0.1470769035  -0.0199253512  -0.0137540404  -0.0214927996
        0.0086951491   0.0073938470   0.0082722371   0.0008577716  -0.0017390059
        0.0003973292   0.0001533784   0.0008485121   0.0006934919   0.0013874848
        0.0004388846   0.0000901989   0.0000032951   0.0000108467   0.0000335596
       -0.0000064588   0.0000189948  -0.0001113724  -0.0000982379   0.0000372002
        0.0000506167  -0.0000297777   0.0000845106  -0.0000935003  -0.0000233716
        0.0000170109  -0.0000107165   0.0000279406   0.0000127431   0.0000351285
       -0.0000897045  -0.0000013331   0.0000380595
       -0.0523163860   0.0212113834  -0.0382067582  -0.0037475838   0.0094567396
       -0.0108297537   0.0003853287   0.0007765854  -0.0011993468  -0.0001883057
        0.0002192113   0.0005832990  -0.0001709786   0.0001123064   0.0000754305
       -0.0000322325  -0.0000135008   0.0000215018   0.0000025590  -0.0000811296
       -0.0000023576   0.0000800053  -0.0003699251  -0.0000575958  -0.0048149692
        0.0087873753  -0.0199253512   0.0580536510  -0.0278694843   0.0437880903
        0.0033088767  -0.0145477355   0.0251989096   0.0002283321  -0.0005945789
        0.0001362561  -0.0007944913   0.0033048667   0.0004353508  -0.0002558099
       -0.0000932308  -0.0003501144   0.0000525222   0.0000039372  -0.0000007863
       -0.0000528236  -0.0000333374   0.0000911527   0.0000480184  -0.0000242819
       -0.0000266734   0.0000606471  -0.0000653885   0.0000443792   0.0000421108
       -0.0000201983   0.0000370184   0.0000463204  -0.0000461463   0.0000658980
        0.0000652090  -0.0001134677   0.0001214510
        0.0211305893  -0.1043452060   0.1019752144   0.0083613883  -0.0184977080
        0.0223853865  -0.0005848265   0.0005909644   0.0007504963   0.0004342592
        0.0000298370  -0.0005924138  -0.0000611320   0.0000342832  -0.0000417472
       -0.0001003892   0.0000445941  -0.0000082308   0.0000762081   0.0001369839
       -0.0000171360  -0.0003692754   0.0001799010   0.0001420654  -0.0033678111
        0.0081866963  -0.0137540404  -0.0278694843   0.1229292142  -0.1190236779
       -0.0003303451  -0.0038501418   0.0086561668  -0.0001973376   0.0002771764
        0.0005357972   0.0029487255  -0.0058715976  -0.0008797832   0.0001068096
        0.0001221623   0.0000106703  -0.0000310199  -0.0000115353   0.0000122963
        0.0000050684   0.0000366201  -0.0000079274   0.0000079800  -0.0000281846
        0.0000161246  -0.0000664769  -0.0000150320   0.0000421382   0.0000158195
        0.0000349356  -0.0000269792  -0.0000206643  -0.0001229595  -0.0000576392
       -0.0000880856   0.0001389962  -0.0001167808
       -0.0381292668   0.1017926580  -0.2136750793  -0.0002112181  -0.0001140797
        0.0045873854   0.0003571262  -0.0008829322   0.0008695695  -0.0001225832
       -0.0000219004   0.0001503919  -0.0000289262   0.0000786770   0.0000432385
        0.0000535469  -0.0000795677  -0.0000011852   0.0000437837  -0.0000816421
       -0.0000231547  -0.0000161250   0.0001281842   0.0000648093  -0.0060231347
        0.0091675314  -0.0214927996   0.0437880903  -0.1190236779   0.2458815922
       -0.0005663064   0.0098496360  -0.0173559491   0.0002692731  -0.0000694705
        0.0003854359   0.0007709921  -0.0005628525   0.0008275658  -0.0003596246
       -0.0000354290  -0.0002427999  -0.0000238778  -0.0000001295  -0.0000278739
       -0.0000054492  -0.0000070260   0.0000477552   0.0000175030   0.0000011010
       -0.0000258422   0.0000108896  -0.0000081552   0.0000462892   0.0000072954
       -0.0000153874  -0.0000278586   0.0000695189  -0.0000724042   0.0000124711
        0.0000984928  -0.0000431336  -0.0000439616
       -0.2223933130  -0.0392467314   0.0977873302  -0.0149103931   0.0006802028
        0.0088099988   0.0000585715   0.0024410521  -0.0005155279   0.0000598257
        0.0000343917  -0.0002111365  -0.0000119692  -0.0000867239   0.0001970069
        0.0000143263   0.0000234650  -0.0000427347  -0.0000492194   0.0000142713
        0.0000438886  -0.0011087778   0.0011585848   0.0010351403  -0.0223436358
       -0.0076953440   0.0086951491   0.0033088767  -0.0003303451  -0.0005663064
        0.2566158776   0.0434553445  -0.1149807105   0.0008912675  -0.0004528401
       -0.0000691443  -0.0001674513  -0.0001425214  -0.0002218573   0.0000229746
        0.0002197216   0.0000160620  -0.0000062484  -0.0000141527  -0.0000196835
        0.0000316419   0.0000224402  -0.0000449206   0.0000077450   0.0000406429
        0.0000162561   0.0000369709   0.0000303832  -0.0000037136   0.0000397795
       -0.0000085102  -0.0000021858  -0.0000808518  -0.0000257709   0.0000543684
       -0.0000159974  -0.0001175607   0.0000227208
       -0.0394596288  -0.0496023758   0.0217577256   0.0241540383   0.0012317864
       -0.0137821487   0.0014142933  -0.0033740755  -0.0000759396  -0.0000576195
       -0.0001494797  -0.0000653479  -0.0000298491  -0.0001429138  -0.0001175835
        0.0000081194   0.0001637169   0.0000985599   0.0000018606   0.0001162397
        0.0000486795   0.0015970547  -0.0011900269  -0.0014333079  -0.0171744934
       -0.0042058180   0.0073938470  -0.0145477355  -0.0038501418   0.0098496360
        0.0434553445   0.0596348713  -0.0232966549   0.0005233568   0.0008071563
       -0.0002031659   0.0000823279   0.0003758582  -0.0000963788   0.0001261768
        0.0001312467   0.0000146736   0.0000268827   0.0000094694  -0.0000011327
        0.0000058110  -0.0000123891  -0.0000292656  -0.0000579450   0.0000021746
        0.0000266145  -0.0000477720   0.0000281721  -0.0000193939   0.0000097207
        0.0000045014  -0.0000074780   0.0000030056  -0.0000499666  -0.0000056619
       -0.0000329491   0.0000719941  -0.0000562768
        0.0975571915   0.0216251365  -0.0979916197   0.0079154602  -0.0007734977
       -0.0041518972   0.0004459512  -0.0015367939   0.0005516764  -0.0001587258
        0.0000103374   0.0002250898  -0.0001543071   0.0000045701   0.0000294985
       -0.0000537875   0.0000779920   0.0001018646  -0.0000335961   0.0000371773
        0.0000209015   0.0006848741  -0.0007107933  -0.0005480678  -0.0165201136
       -0.0043171772   0.0082722371   0.0251989096   0.0086561668  -0.0173559491
       -0.1149807105  -0.0232966549   0.1108687405   0.0002863294   0.0000722701
       -0.0001917061  -0.0003349339   0.0001789982   0.0002697010   0.0001130125
       -0.0000160730  -0.0001955259   0.0000280168   0.0000102109   0.0000132231
       -0.0000423219  -0.0000011462   0.0000016500  -0.0000266177  -0.0000137260
        0.0000120975  -0.0000098501  -0.0000206913  -0.0000056515   0.0000208180
        0.0000122130   0.0000110982   0.0000224715  -0.0000420638   0.0000240160
        0.0000419293   0.0000435451   0.0000386231
        0.0070084013   0.0074401139   0.0058721711  -0.1394013141  -0.0842378437
       -0.0767514731  -0.0240912960  -0.0160771943  -0.0096941889   0.0006353256
       -0.0000935925  -0.0005683366  -0.0035713978  -0.0001244473   0.0038376129
       -0.0011172597  -0.0007434432  -0.0005684342   0.0000152108  -0.0001176123
        0.0001624556   0.0022766531   0.0000926684  -0.0012364095  -0.0000000691
        0.0025197418   0.0008577716   0.0002283321  -0.0001973376   0.0002692731
        0.0008912675   0.0005233568   0.0002863294   0.1653085820   0.0962305584
        0.0857088407  -0.0073238380  -0.0053013172  -0.0086647099   0.0001397361
        0.0002787265   0.0000956272  -0.0003805801  -0.0001126209   0.0002709323
        0.0000516692  -0.0000026595  -0.0000426064   0.0000198404  -0.0000016580
       -0.0000637750  -0.0000319663  -0.0000392171   0.0000372486   0.0000642187
        0.0000278182   0.0000337656   0.0001038439  -0.0000246313   0.0001397290
       -0.0008253596  -0.0000394091   0.0000181765
       -0.0149166390  -0.0209733049  -0.0164562512  -0.0845750639  -0.1146388151
       -0.0632649615  -0.0065668247  -0.0034008898  -0.0025311824  -0.0002060269
       -0.0002788919  -0.0000684794  -0.0008889099   0.0002825157   0.0011344276
       -0.0003074448  -0.0001715762  -0.0001925393   0.0001770145   0.0001322438
        0.0000823923   0.0007829195   0.0005410960   0.0000498779   0.0025025348
       -0.0060008772  -0.0017390059  -0.0005945789   0.0002771764  -0.0000694705
       -0.0004528401   0.0008071563   0.0000722701   0.0962305584   0.1360663271
        0.0759362859   0.0082788908   0.0075058006   0.0070612074   0.0001700376
       -0.0000489375  -0.0000449800  -0.0001045192  -0.0000467519   0.0000666631
        0.0000212805  -0.0000403341  -0.0000080278   0.0000307113   0.0000347715
       -0.0000272289   0.0000131700   0.0000056291   0.0000258822   0.0000550807
       -0.0000036653  -0.0000709503  -0.0001136289  -0.0001191864  -0.0000826221
        0.0004642783   0.0000705139   0.0001266929
       -0.0035148724  -0.0073507469  -0.0040534681  -0.0770053653  -0.0631582257
       -0.1031797091   0.0127565546   0.0086899308   0.0067066533   0.0003416496
        0.0003076368   0.0006520219   0.0023575285  -0.0002026168  -0.0014814528
        0.0006462198   0.0004199844   0.0002618157  -0.0002595767  -0.0000879921
       -0.0000177609  -0.0008663843   0.0010510172   0.0008430030   0.0010541242
       -0.0020885366   0.0003973292   0.0001362561   0.0005357972   0.0003854359
       -0.0000691443  -0.0002031659  -0.0001917061   0.0857088407   0.0759362859
        0.1184919559  -0.0212470234  -0.0139512775  -0.0188345466  -0.0000811885
        0.0000821615  -0.0001247896   0.0002169964   0.0000794278  -0.0001109797
       -0.0000202282  -0.0000290895   0.0000444644  -0.0000522272   0.0000383882
        0.0000461890  -0.0000305404  -0.0000155384   0.0000281750   0.0000335773
       -0.0000007603   0.0001162192   0.0001402048   0.0000097447   0.0001759917
       -0.0002454013  -0.0000624248  -0.0001548412
       -0.0040273409   0.0091080966  -0.0106318226  -0.0578088422   0.0254545855
       -0.0488116838   0.0048091505  -0.0110488996   0.0212689398  -0.0034066852
       -0.0006568411   0.0038426245   0.0009795474   0.0001224729   0.0000509336
       -0.0000937257   0.0001225781  -0.0000705775  -0.0013210384  -0.0003433202
        0.0005823373   0.0006195783  -0.0012779236  -0.0006742265   0.0005446920
       -0.0007286393   0.0001533784  -0.0007944913   0.0029487255   0.0007709921
       -0.0001674513   0.0000823279  -0.0003349339  -0.0073238380   0.0082788908
       -0.0212470234   0.0690056690  -0.0323880110   0.0568998424   0.0000180853
        0.0000176885  -0.0000051412   0.0000116791   0.0000056467  -0.0000526030
        0.0000587513   0.0000985066  -0.0000933648   0.0000652724  -0.0000403257
        0.0000110022  -0.0001478160   0.0001821104   0.0001087470   0.0002390520
        0.0000248401  -0.0001037235  -0.0015192484  -0.0005840820  -0.0013725498
        0.0002590002   0.0006215730  -0.0002911474
        0.0098401960  -0.0174986026   0.0220205051   0.0253807856  -0.0919301376
        0.0895276469   0.0003276480  -0.0027484879   0.0062260264  -0.0008174582
       -0.0001764542   0.0012695557   0.0002882838   0.0001081438   0.0003114635
        0.0000055850  -0.0000092369  -0.0001358408   0.0000249757   0.0001816829
        0.0002525506  -0.0002653058   0.0009180052  -0.0004378308  -0.0002199860
        0.0006035421   0.0008485121   0.0033048667  -0.0058715976  -0.0005628525
       -0.0001425214   0.0003758582   0.0001789982  -0.0053013172   0.0075058006
       -0.0139512775  -0.0323880110   0.1086496671  -0.1047230918   0.0000373029
       -0.0003351024   0.0001254072  -0.0000319173  -0.0000299405  -0.0000197504
        0.0000345393   0.0000065218  -0.0000166136   0.0000707978   0.0000118036
       -0.0000328583   0.0001615406  -0.0000512024  -0.0001163062   0.0000894025
        0.0000008698  -0.0000759873  -0.0007691755   0.0003556936  -0.0006643358
        0.0003697683  -0.0000668264  -0.0000239204
        0.0007353034  -0.0013113592   0.0043598904  -0.0497544812   0.0905829763
       -0.2074621028  -0.0006322992   0.0105533427  -0.0202298825   0.0036003713
        0.0006991400  -0.0026691053  -0.0009569984  -0.0001305086   0.0002253802
       -0.0001148635   0.0000124679   0.0001415410  -0.0011471749  -0.0004925112
        0.0002362341  -0.0006398413  -0.0001235661   0.0007151539   0.0003311952
       -0.0002035577   0.0006934919   0.0004353508  -0.0008797832   0.0008275658
       -0.0002218573  -0.0000963788   0.0002697010  -0.0086647099   0.0070612074
       -0.0188345466   0.0568998424  -0.1047230918   0.2413153691   0.0000181299
        0.0000486988  -0.0001514683   0.0000095507   0.0000009802   0.0000857925
       -0.0000359185  -0.0000808051   0.0000150348  -0.0000520330   0.0000038297
       -0.0000439635   0.0002084421  -0.0000549992  -0.0000294131  -0.0000251109
       -0.0001515072  -0.0000684057  -0.0006682616  -0.0000724186   0.0004864045
        0.0006753639  -0.0006421564   0.0001173286
       -0.0015528255  -0.0007672456  -0.0001829174   0.0003718723  -0.0001092229
        0.0000184205   0.0054800416  -0.0166079564  -0.0057370468   0.0004349067
       -0.0001142169   0.0001341914  -0.0696342239   0.0715176480   0.0230862918
       -0.0109413656   0.0190040655   0.0114451416  -0.0050023342   0.0126858001
        0.0007803405  -0.0024454116  -0.0052155423  -0.0031562653  -0.0015616572
        0.0002463294   0.0013874848  -0.0002558099   0.0001068096  -0.0003596246
        0.0000229746   0.0001261768   0.0001130125   0.0001397361   0.0001700376
       -0.0000811885   0.0000180853   0.0000373029   0.0000181299   0.0884933541
       -0.0831360024  -0.0286482379   0.0000757007   0.0004682351  -0.0001957898
        0.0007171113   0.0000915137  -0.0005491218  -0.0036919150  -0.0004110487
        0.0037786692  -0.0007540214   0.0018698724  -0.0023597447  -0.0001765603
        0.0004043886   0.0002353913   0.0003048025  -0.0003958109   0.0002620733
       -0.0000424605   0.0000288664   0.0000107898
        0.0006636573   0.0003956532  -0.0002505140   0.0003124422  -0.0000549720
        0.0000072924   0.0043483161  -0.0169237098  -0.0061892131   0.0002756401
        0.0001927354  -0.0000211651   0.0708128019  -0.2191391574  -0.0600342750
       -0.0000774481   0.0022801942   0.0000469375   0.0083965737  -0.0168627373
       -0.0012843795  -0.0030179636  -0.0049819576  -0.0036531540  -0.0001638178
        0.0007522094   0.0004388846  -0.0000932308   0.0001221623  -0.0000354290
        0.0002197216   0.0001312467  -0.0000160730   0.0002787265  -0.0000489375
        0.0000821615   0.0000176885  -0.0003351024   0.0000486988  -0.0831360024
        0.2537079572   0.0678869327   0.0001183999   0.0002975941   0.0002012567
       -0.0003369910   0.0005780263  -0.0000118805  -0.0001795381   0.0007219128
        0.0002036948   0.0018507523  -0.0019203442   0.0033312662  -0.0001707230
        0.0007187072  -0.0003805038  -0.0002039588  -0.0000411814  -0.0002084832
        0.0000849532   0.0004097012  -0.0001620550
        0.0008257356   0.0004000377   0.0003258098   0.0003291054   0.0001317462
        0.0003600391   0.0029601797  -0.0119993377  -0.0035302898   0.0001822278
       -0.0003166317  -0.0002356750   0.0227897871  -0.0603014044  -0.0604582656
        0.0116317971  -0.0177038016  -0.0097796513  -0.0100789390   0.0218404478
        0.0034389678  -0.0019279977  -0.0034053506  -0.0020351401   0.0009622591
       -0.0001257562   0.0000901989  -0.0003501144   0.0000106703  -0.0002427999
        0.0000160620   0.0000146736  -0.0001955259   0.0000956272  -0.0000449800
       -0.0001247896  -0.0000051412   0.0001254072  -0.0001514683  -0.0286482379
        0.0678869327   0.0773557137  -0.0004891876  -0.0000401898   0.0003844310
       -0.0000352359  -0.0006308943   0.0000206387   0.0041484152   0.0001768742
       -0.0031254983  -0.0024032744   0.0033172175  -0.0034292707   0.0001419152
        0.0002721128   0.0007219398  -0.0000607591   0.0001926968   0.0005595320
       -0.0000842243   0.0001995295   0.0000511036
       -0.0000170225  -0.0000534669   0.0000049361  -0.0010533483  -0.0007443012
       -0.0006199716  -0.0037896899  -0.0002022095   0.0042655383   0.0002047909
        0.0000539867   0.0002923147  -0.0216408976  -0.0124424716  -0.0070711230
       -0.1854907738  -0.0867298197  -0.0799460647   0.0009602996   0.0005274428
       -0.0010434715   0.0003417783  -0.0000198784  -0.0000400688  -0.0000045779
       -0.0000127333   0.0000032951   0.0000525222  -0.0000310199  -0.0000238778
       -0.0000062484   0.0000268827   0.0000280168  -0.0003805801  -0.0001045192
        0.0002169964   0.0000116791  -0.0000319173   0.0000095507   0.0000757007
        0.0001183999  -0.0004891876   0.2164729947   0.1022410249   0.0912573354
       -0.0123710611  -0.0055368030  -0.0096483211   0.0062804971   0.0028183701
        0.0024765291  -0.0000454525  -0.0001145198   0.0000579580   0.0003238884
       -0.0000403407   0.0005715552   0.0001123062   0.0001835826  -0.0002745369
       -0.0000368053   0.0000943108  -0.0000274029
        0.0000041529   0.0000258880   0.0000128084  -0.0002940531  -0.0001336916
       -0.0002811141  -0.0011541077   0.0004151416   0.0011499791   0.0000819253
       -0.0000867797   0.0000836551  -0.0057419822  -0.0028965245  -0.0012556040
       -0.0865489381  -0.0965586858  -0.0481360526  -0.0001409848   0.0002217075
       -0.0002539030  -0.0000870732  -0.0000138715   0.0000409539  -0.0000039578
        0.0000101119   0.0000108467   0.0000039372  -0.0000115353  -0.0000001295
       -0.0000141527   0.0000094694   0.0000102109  -0.0001126209  -0.0000467519
        0.0000794278   0.0000056467  -0.0000299405   0.0000009802   0.0004682351
        0.0002975941  -0.0000401898   0.1022410249   0.1088773701   0.0553552736
        0.0138319185   0.0078655046   0.0084813515  -0.0225991996  -0.0178393371
       -0.0156852086  -0.0001098612  -0.0004148741  -0.0000786770  -0.0000432690
        0.0002184310   0.0006287162   0.0002218259  -0.0000098262  -0.0001053479
       -0.0000084664   0.0001006004  -0.0000179769
        0.0000065951   0.0000091001   0.0000132410   0.0008236500   0.0003933038
        0.0004768105   0.0026597950   0.0004859245  -0.0023786359   0.0001601902
       -0.0000698126  -0.0000270051   0.0155737504   0.0097250925   0.0069163248
       -0.0800859096  -0.0482592013  -0.0859927432   0.0012025470   0.0003690853
        0.0006770276  -0.0004022089  -0.0000466690  -0.0000537859  -0.0000162469
        0.0000266434   0.0000335596  -0.0000007863   0.0000122963  -0.0000278739
       -0.0000196835  -0.0000011327   0.0000132231   0.0002709323   0.0000666631
       -0.0001109797  -0.0000526030  -0.0000197504   0.0000857925  -0.0001957898
        0.0002012567   0.0003844310   0.0912573354   0.0553552736   0.1003080888
       -0.0211591250  -0.0102656841  -0.0134769033  -0.0100594948  -0.0080354389
       -0.0062550025  -0.0001024839  -0.0000812334  -0.0000726983   0.0001140703
        0.0001514031  -0.0006782112  -0.0000434003  -0.0000801613   0.0000463255
        0.0000688663   0.0000630414   0.0001190145
        0.0000125252   0.0000270647   0.0000327923   0.0000288621   0.0000425599
       -0.0000438673   0.0005037234  -0.0005627706   0.0013054184  -0.0006152744
       -0.0002681878  -0.0000874999   0.0060366298  -0.0117960589   0.0155842854
       -0.0751718245   0.0497707333  -0.0656677086  -0.0021508617  -0.0010206197
        0.0026977720   0.0000810904   0.0004570620   0.0000020136   0.0000178988
       -0.0000257715  -0.0000064588  -0.0000528236   0.0000050684  -0.0000054492
        0.0000316419   0.0000058110  -0.0000423219   0.0000516692   0.0000212805
       -0.0000202282   0.0000587513   0.0000345393  -0.0000359185   0.0007171113
       -0.0003369910  -0.0000352359  -0.0123710611   0.0138319185  -0.0211591250
        0.0870223435  -0.0574010263   0.0741237254  -0.0042576362   0.0077675381
       -0.0077479154  -0.0001022411  -0.0001321251   0.0000218118  -0.0001002458
        0.0001154564   0.0000923124   0.0003650861  -0.0005077684   0.0010278733
       -0.0001053644  -0.0000277129  -0.0000362760
        0.0000291114   0.0000611359  -0.0000522727   0.0000023137   0.0001546068
       -0.0001719950   0.0004277728   0.0001222722   0.0008248063  -0.0008632236
       -0.0000371237  -0.0001492231   0.0010002969  -0.0037051035   0.0056422125
        0.0495087169  -0.1206755112   0.0994240282  -0.0013875841   0.0004390531
        0.0011478838  -0.0000652184  -0.0004683237  -0.0001211686   0.0000038659
       -0.0000119474   0.0000189948  -0.0000333374   0.0000366201  -0.0000070260
        0.0000224402  -0.0000123891  -0.0000011462  -0.0000026595  -0.0000403341
       -0.0000290895   0.0000985066   0.0000065218  -0.0000808051   0.0000915137
        0.0005780263  -0.0006308943  -0.0055368030   0.0078655046  -0.0102656841
       -0.0574010263   0.1367609202  -0.1171264704   0.0140808444  -0.0213594929
        0.0215253348  -0.0000842689   0.0002176624  -0.0001757037  -0.0000367502
       -0.0000361301  -0.0000693817   0.0001225688  -0.0000590930   0.0005417577
        0.0000229200   0.0001631253  -0.0002441580
        0.0000223048  -0.0000604506   0.0000819926  -0.0000680895  -0.0002206147
        0.0001200189  -0.0007639503  -0.0003322586   0.0003213397   0.0003904405
        0.0002014867   0.0004207521  -0.0052409688   0.0135089327  -0.0197185920
       -0.0655046435   0.0989320001  -0.1729758357   0.0042031123   0.0010483357
       -0.0036844867  -0.0000256132   0.0001696533  -0.0001695625  -0.0000272826
        0.0000246233  -0.0001113724   0.0000911527  -0.0000079274   0.0000477552
       -0.0000449206  -0.0000292656   0.0000016500  -0.0000426064  -0.0000080278
        0.0000444644  -0.0000933648  -0.0000166136   0.0000150348  -0.0005491218
       -0.0000118805   0.0000206387  -0.0096483211   0.0084813515  -0.0134769033
        0.0741237254  -0.1171264704   0.2022360283   0.0032012385  -0.0050250381
        0.0077480432   0.0001316769  -0.0002573536   0.0000779025   0.0001763569
        0.0000116959   0.0002510666  -0.0003258920   0.0008716645  -0.0014629787
       -0.0000052331  -0.0001538428   0.0002130443
       -0.0001115423  -0.0001053833   0.0000165832   0.0002413972   0.0000692624
       -0.0001310514   0.0001485856   0.0010597816   0.0004844178  -0.0002108700
        0.0002262904  -0.0000467576  -0.0103647665   0.0196039390   0.0114518655
       -0.0646669364   0.0628770265   0.0258331299   0.0005217865  -0.0000017280
       -0.0009036425   0.0007804936  -0.0001895247  -0.0000265107   0.0000509058
       -0.0000333995  -0.0000982379   0.0000480184   0.0000079800   0.0000175030
        0.0000077450  -0.0000579450  -0.0000266177   0.0000198404   0.0000307113
       -0.0000522272   0.0000652724   0.0000707978  -0.0000520330  -0.0036919150
       -0.0001795381   0.0041484152   0.0062804971  -0.0225991996  -0.0100594948
       -0.0042576362   0.0140808444   0.0032012385   0.0752453374  -0.0743476437
       -0.0338403007   0.0002641840  -0.0001368118   0.0000648373  -0.0001013885
       -0.0001293406   0.0000191583   0.0000250867   0.0000377876  -0.0001435048
       -0.0002940951  -0.0002839066   0.0001432296
        0.0000347430   0.0000492347  -0.0000370067  -0.0000014109  -0.0002490784
        0.0000978671  -0.0002740150  -0.0001254819  -0.0003072293   0.0002583264
       -0.0002195728   0.0000371937   0.0023188016   0.0028977663  -0.0011867425
        0.0632695764  -0.2273759406  -0.0785238001  -0.0006557134   0.0008100387
        0.0004121203  -0.0004139500   0.0005268999   0.0002764934  -0.0000175248
       -0.0000133635   0.0000372002  -0.0000242819  -0.0000281846   0.0000011010
        0.0000406429   0.0000021746  -0.0000137260  -0.0000016580   0.0000347715
        0.0000383882  -0.0000403257   0.0000118036   0.0000038297  -0.0004110487
        0.0007219128   0.0001768742   0.0028183701  -0.0178393371  -0.0080354389
        0.0077675381  -0.0213594929  -0.0050250381  -0.0743476437   0.2623456778
        0.0916449399   0.0000002984   0.0002386992  -0.0000763778   0.0000222743
       -0.0002639130  -0.0000482827  -0.0000837362  -0.0000596795   0.0001170015
       -0.0002592629  -0.0001049348   0.0004106327
        0.0001397987   0.0000977707  -0.0000256613  -0.0001625260  -0.0001225009
       -0.0000157866  -0.0007071875  -0.0005315817   0.0005852993  -0.0000076617
        0.0001384931  -0.0000486562   0.0101943268  -0.0185686555  -0.0107713665
        0.0261593902  -0.0789344307  -0.0779223721   0.0003111262  -0.0008172736
        0.0005598082  -0.0005474676   0.0001966116  -0.0000890210  -0.0000515889
        0.0000015405   0.0000506167  -0.0000266734   0.0000161246  -0.0000258422
        0.0000162561   0.0000266145   0.0000120975  -0.0000637750  -0.0000272289
        0.0000461890   0.0000110022  -0.0000328583  -0.0000439635   0.0037786692
        0.0002036948  -0.0031254983   0.0024765291  -0.0156852086  -0.0062550025
       -0.0077479154   0.0215253348   0.0077480432  -0.0338403007   0.0916449399
        0.0896823142  -0.0000389659   0.0006334967  -0.0003560553  -0.0000358951
       -0.0000974110  -0.0000969969  -0.0002189528   0.0000967222   0.0002341890
        0.0003618114   0.0002358057  -0.0001423347
        0.0000071566  -0.0000826615   0.0000343928  -0.0001221417  -0.0000711529
       -0.0002052884   0.0000221762   0.0008462801   0.0003445099   0.0001445551
       -0.0001286918   0.0001883540  -0.0064689794   0.0133895738   0.0015878823
        0.0005898048  -0.0010076832   0.0005156697  -0.0854291436   0.0855906148
        0.0299629300   0.0001607683  -0.0001626583  -0.0002587357   0.0000550345
       -0.0001133808  -0.0000297777   0.0000606471  -0.0000664769   0.0000108896
        0.0000369709  -0.0000477720  -0.0000098501  -0.0000319663   0.0000131700
       -0.0000305404  -0.0001478160   0.0001615406   0.0002084421  -0.0007540214
        0.0018507523  -0.0024032744  -0.0000454525  -0.0001098612  -0.0001024839
       -0.0001022411  -0.0000842689   0.0001316769   0.0002641840   0.0000002984
       -0.0000389659   0.0964774405  -0.0999610378  -0.0322037603   0.0083311384
       -0.0202524448  -0.0074569807  -0.0120083311   0.0214068906   0.0105611247
       -0.0010397830  -0.0011710302  -0.0008062145
        0.0000639657   0.0001472194  -0.0000806235  -0.0001114894  -0.0000465206
        0.0000219994  -0.0002180734  -0.0001199546  -0.0004828564  -0.0000352909
       -0.0001898412  -0.0001770584   0.0092969339  -0.0171152627  -0.0003911601
        0.0000009215   0.0008707532  -0.0007140318   0.0846581178  -0.2197593669
       -0.0601316295  -0.0009831745   0.0004517969  -0.0005255315  -0.0000564467
       -0.0000091491   0.0000845106  -0.0000653885  -0.0000150320  -0.0000081552
        0.0000303832   0.0000281721  -0.0000206913  -0.0000392171   0.0000056291
       -0.0000155384   0.0001821104  -0.0000512024  -0.0000549992   0.0018698724
       -0.0019203442   0.0033172175  -0.0001145198  -0.0004148741  -0.0000812334
       -0.0001321251   0.0002176624  -0.0002573536  -0.0001368118   0.0002386992
        0.0006334967  -0.0999610378   0.2566018367   0.0689662045   0.0063841279
       -0.0222711530  -0.0096059980  -0.0005137113   0.0029359140  -0.0002997530
       -0.0001191464   0.0004150176  -0.0001768154
       -0.0001002832  -0.0000706288  -0.0000058909   0.0000888066  -0.0000003986
       -0.0000302924   0.0001059910  -0.0002330498   0.0006959912   0.0001848234
       -0.0000899428   0.0000693194  -0.0094790648   0.0212069699   0.0060010361
       -0.0006673089   0.0005750550   0.0010431852   0.0294511874  -0.0597998737
       -0.0631567079   0.0000951877   0.0002947925  -0.0005592229  -0.0000358355
        0.0000908254  -0.0000935003   0.0000443792   0.0000421382   0.0000462892
       -0.0000037136  -0.0000193939  -0.0000056515   0.0000372486   0.0000258822
        0.0000281750   0.0001087470  -0.0001163062  -0.0000294131  -0.0023597447
        0.0033312662  -0.0034292707   0.0000579580  -0.0000786770  -0.0000726983
        0.0000218118  -0.0001757037   0.0000779025   0.0000648373  -0.0000763778
       -0.0003560553  -0.0322037603   0.0689662045   0.0723189256   0.0045225761
       -0.0135462437  -0.0044531807   0.0109925649  -0.0196741938  -0.0084545102
       -0.0009264079  -0.0006523439   0.0003655701
       -0.0000459361  -0.0000077474  -0.0000591237  -0.0001564525  -0.0000249765
       -0.0002995964  -0.0007923672   0.0021572851  -0.0022421929  -0.0006792193
       -0.0002821519  -0.0005170787  -0.0119080207  -0.0065190732  -0.0091809993
        0.0008798387  -0.0001458713   0.0011134078  -0.1638594440  -0.0991976455
       -0.0672857937   0.0001489875  -0.0000659724   0.0000514988  -0.0000868300
       -0.0000292284  -0.0000233716   0.0000421108   0.0000158195   0.0000072954
        0.0000397795   0.0000097207   0.0000208180   0.0000642187   0.0000550807
        0.0000335773   0.0002390520   0.0000894025  -0.0000251109  -0.0001765603
       -0.0001707230   0.0001419152   0.0003238884  -0.0000432690   0.0001140703
       -0.0001002458  -0.0000367502   0.0001763569  -0.0001013885   0.0000222743
       -0.0000358951   0.0083311384   0.0063841279   0.0045225761   0.1895473592
        0.1148198120   0.0804966701  -0.0216868399  -0.0172065534  -0.0071607778
       -0.0000230686   0.0001764394   0.0001517543
        0.0000150434   0.0000595333  -0.0000329909  -0.0001397268  -0.0000688337
        0.0000771147   0.0009832331  -0.0010158494   0.0021184537   0.0005683627
        0.0002564934   0.0004300501   0.0091516097   0.0071708742   0.0061522969
        0.0006389634   0.0003243748   0.0001294983  -0.0991387958  -0.1239731372
       -0.0573030684  -0.0003357571   0.0000320557  -0.0001993376  -0.0000269553
        0.0000114972   0.0000170109  -0.0000201983   0.0000349356  -0.0000153874
       -0.0000085102   0.0000045014   0.0000122130   0.0000278182  -0.0000036653
       -0.0000007603   0.0000248401   0.0000008698  -0.0001515072   0.0004043886
        0.0007187072   0.0002721128  -0.0000403407   0.0002184310   0.0001514031
        0.0001154564  -0.0000361301   0.0000116959  -0.0001293406  -0.0002639130
       -0.0000974110  -0.0202524448  -0.0222711530  -0.0135462437   0.1148198120
        0.1428587057   0.0638217020  -0.0067851426  -0.0044206130  -0.0018775666
        0.0001276848   0.0003623153   0.0000307217
        0.0000339865  -0.0000316114   0.0001145952   0.0002539010   0.0001382472
        0.0000347263  -0.0016097125   0.0032607936  -0.0037539904  -0.0011451634
       -0.0005256185  -0.0008727370  -0.0197178532  -0.0121982211  -0.0140348018
       -0.0008326592  -0.0005451423   0.0004463603  -0.0674078952  -0.0570880184
       -0.0807674337   0.0001305895   0.0000927546   0.0000205374  -0.0000359450
        0.0000444343  -0.0000107165   0.0000370184  -0.0000269792  -0.0000278586
       -0.0000021858  -0.0000074780   0.0000110982   0.0000337656  -0.0000709503
        0.0001162192  -0.0001037235  -0.0000759873  -0.0000684057   0.0002353913
       -0.0003805038   0.0007219398   0.0005715552   0.0006287162  -0.0006782112
        0.0000923124  -0.0000693817   0.0002510666   0.0000191583  -0.0000482827
       -0.0000969969  -0.0074569807  -0.0096059980  -0.0044531807   0.0804966701
        0.0638217020   0.0949592010   0.0161978172   0.0126168326   0.0078706400
        0.0002099530   0.0000706922   0.0002179486
       -0.0001117253   0.0000425622  -0.0000967620  -0.0010985392   0.0004409264
       -0.0015023963   0.0002564583  -0.0003164634   0.0002889402  -0.0000403367
        0.0000447800   0.0001319177   0.0076240270   0.0012610991  -0.0058656663
        0.0000875707   0.0004220794  -0.0013664838  -0.1620548668  -0.0286980304
        0.1173682894   0.0000450006   0.0002917302   0.0002261829   0.0000795897
        0.0001348941   0.0000279406   0.0000463204  -0.0000206643   0.0000695189
       -0.0000808518   0.0000030056   0.0000224715   0.0001038439  -0.0001136289
        0.0001402048  -0.0015192484  -0.0007691755  -0.0006682616   0.0003048025
       -0.0002039588  -0.0000607591   0.0001123062   0.0002218259  -0.0000434003
        0.0003650861   0.0001225688  -0.0003258920   0.0000250867  -0.0000837362
       -0.0002189528  -0.0120083311  -0.0005137113   0.0109925649  -0.0216868399
       -0.0067851426   0.0161978172   0.1895182201   0.0345177635  -0.1353887811
        0.0000324269   0.0000012762   0.0000715071
        0.0001316868   0.0001364229   0.0001446657  -0.0002385560   0.0003812328
       -0.0005234951  -0.0002530318   0.0006835358  -0.0003816214  -0.0000941745
       -0.0001696888  -0.0000134632  -0.0096862669  -0.0030625031   0.0112638278
        0.0011575074  -0.0011112614   0.0027678364  -0.0285413330  -0.0506492078
        0.0270770796  -0.0000567685  -0.0003734751   0.0001399008   0.0001254321
       -0.0003614829   0.0000127431  -0.0000461463  -0.0001229595  -0.0000724042
       -0.0000257709  -0.0000499666  -0.0000420638  -0.0000246313  -0.0001191864
        0.0000097447  -0.0005840820   0.0003556936  -0.0000724186  -0.0003958109
       -0.0000411814   0.0001926968   0.0001835826  -0.0000098262  -0.0000801613
       -0.0005077684  -0.0000590930   0.0008716645   0.0000377876  -0.0000596795
        0.0000967222   0.0214068906   0.0029359140  -0.0196741938  -0.0172065534
       -0.0044206130   0.0126168326   0.0345177635   0.0561297493  -0.0338130579
        0.0001002431  -0.0000124237  -0.0005208350
        0.0000174256  -0.0000224734   0.0001748940  -0.0000962474   0.0001737196
       -0.0002506704   0.0009187102   0.0002240873   0.0001650066   0.0002016401
        0.0000852822   0.0002241201   0.0160867368   0.0059325222  -0.0203119641
       -0.0023822534   0.0033044696  -0.0043966358   0.1176271125   0.0271602086
       -0.1562908027  -0.0002067268  -0.0002162622  -0.0000710983  -0.0001203532
        0.0002579580   0.0000351285   0.0000658980  -0.0000576392   0.0000124711
        0.0000543684  -0.0000056619   0.0000240160   0.0001397290  -0.0000826221
        0.0001759917  -0.0013725498  -0.0006643358   0.0004864045   0.0002620733
       -0.0002084832   0.0005595320  -0.0002745369  -0.0001053479   0.0000463255
        0.0010278733   0.0005417577  -0.0014629787  -0.0001435048   0.0001170015
        0.0002341890   0.0105611247  -0.0002997530  -0.0084545102  -0.0071607778
       -0.0018775666   0.0078706400  -0.1353887811  -0.0338130579   0.1815404713
        0.0001830393  -0.0004438035  -0.0003105301
       -0.0001692123  -0.0001264231   0.0000763587   0.0010571835  -0.0000394831
       -0.0019081730  -0.0060056529   0.0084976118  -0.0072765905   0.0002350337
        0.0030407008   0.0003696881   0.0010013502  -0.0006449254   0.0005744240
       -0.0001658533   0.0000299532  -0.0000498946   0.0004327421  -0.0003833196
       -0.0001300981  -0.0202285029   0.0505783668  -0.0566335688   0.0000007613
       -0.0000827519  -0.0000897045   0.0000652090  -0.0000880856   0.0000984928
       -0.0000159974  -0.0000329491   0.0000419293  -0.0008253596   0.0004642783
       -0.0002454013   0.0002590002   0.0003697683   0.0006753639  -0.0000424605
        0.0000849532  -0.0000842243  -0.0000368053  -0.0000084664   0.0000688663
       -0.0001053644   0.0000229200  -0.0000052331  -0.0002940951  -0.0002592629
        0.0003618114  -0.0010397830  -0.0001191464  -0.0009264079  -0.0000230686
        0.0001276848   0.0002099530   0.0000324269   0.0001002431   0.0001830393
        0.0258684482  -0.0615316667   0.0646893691
       -0.0003230072   0.0001346465   0.0000879678  -0.0003000894   0.0011587528
       -0.0000947743   0.0087423145  -0.0268058912   0.0243979329   0.0022621350
       -0.0057327125  -0.0015430531   0.0004096740  -0.0002432453   0.0007363612
        0.0001118001   0.0000342359   0.0000111668   0.0005057019   0.0001751970
        0.0003896858   0.0509172776  -0.1487484400   0.1578443495   0.0000364815
        0.0000324074  -0.0000013331  -0.0001134677   0.0001389962  -0.0000431336
       -0.0001175607   0.0000719941   0.0000435451  -0.0000394091   0.0000705139
       -0.0000624248   0.0006215730  -0.0000668264  -0.0006421564   0.0000288664
        0.0004097012   0.0001995295   0.0000943108   0.0001006004   0.0000630414
       -0.0000277129   0.0001631253  -0.0001538428  -0.0002839066  -0.0001049348
        0.0002358057  -0.0011710302   0.0004150176  -0.0006523439   0.0001764394
        0.0003623153   0.0000706922   0.0000012762  -0.0000124237  -0.0004438035
       -0.0615316667   0.1784469704  -0.1804432124
        0.0001422098  -0.0001416560  -0.0002981848  -0.0000627172  -0.0005825624
        0.0017453471   0.0012776181  -0.0021268574   0.0120556705   0.0004016154
       -0.0009086191   0.0011619801  -0.0000199684  -0.0001014170   0.0002123226
       -0.0001511287  -0.0001428728  -0.0003408843   0.0005526799   0.0004879139
       -0.0003205428  -0.0662084586   0.1847438386  -0.3011171498   0.0000001922
       -0.0000337843   0.0000380595   0.0001214510  -0.0001167808  -0.0000439616
        0.0000227208  -0.0000562768   0.0000386231   0.0000181765   0.0001266929
       -0.0001548412  -0.0002911474  -0.0000239204   0.0001173286   0.0000107898
       -0.0001620550   0.0000511036  -0.0000274029  -0.0000179769   0.0001190145
       -0.0000362760  -0.0002441580   0.0002130443   0.0001432296   0.0004106327
       -0.0001423347  -0.0008062145  -0.0001768154   0.0003655701   0.0001517543
        0.0000307217   0.0002179486   0.0000715071  -0.0005208350  -0.0003105301
        0.0646893691  -0.1804432124   0.2863924166
