$hessian                                                                        
        0.5157162430  -0.0214261446  -0.0171559664  -0.0829256179  -0.0341646585
       -0.0290402486  -0.0109088525  -0.0136635837  -0.0177270878   0.0005842749
        0.0005131454   0.0005853848   0.0001386343  -0.0001038495  -0.0000570613
        0.0003246345   0.0000891297   0.0002185239  -0.0019713805   0.0002883531
       -0.0004472094  -0.0720933957  -0.0628011516   0.0421178077  -0.1767792491
        0.0727966871  -0.0919588629  -0.1717984079   0.0539833720   0.1095867609
        0.0065336237   0.0142897549   0.0134998655  -0.0040664505  -0.0098105611
       -0.0066525760   0.0007034909  -0.0004804843   0.0008845862  -0.0030556502
        0.0008336105  -0.0034310341  -0.0003579643  -0.0001703644  -0.0000849495
       -0.0000050345  -0.0000242989  -0.0000336777  -0.0000620409  -0.0000209794
       -0.0000259255   0.0000231428  -0.0001279766  -0.0002783300
       -0.0214261446   0.4957487162  -0.0244890684  -0.0328317445  -0.1332416559
       -0.0603353059   0.0003746934   0.0059365176   0.0034741633  -0.0001423904
       -0.0007994343  -0.0001246978   0.0000271074   0.0001649122   0.0000136354
        0.0002114629  -0.0003013359   0.0000124472   0.0011605977   0.0010189807
        0.0004495680  -0.0629220175  -0.1917436003   0.0971673859   0.0725676448
       -0.0818781288   0.0514493896   0.0540869452  -0.0664550235  -0.0444624371
       -0.0025630983  -0.0088520909  -0.0102128067  -0.0110873712  -0.0216669597
       -0.0156555891   0.0009016431   0.0012830667   0.0005734161   0.0019795571
        0.0004696602   0.0020832537  -0.0001109998   0.0001326246  -0.0000387722
       -0.0000275684   0.0000938289  -0.0000309529   0.0000361691   0.0001459209
       -0.0000276187  -0.0002344859  -0.0000559986   0.0001539895
       -0.0171559664  -0.0244890684   0.4971633581  -0.0276017157  -0.0603336720
       -0.1219009322  -0.0105376539  -0.0095577167  -0.0147797791   0.0007408240
       -0.0000169397   0.0004730794  -0.0000885334   0.0000124797   0.0001037248
       -0.0000034598  -0.0002262450  -0.0003817764  -0.0011253547   0.0008053060
       -0.0001650028   0.0417283900   0.0966944464  -0.1061216365  -0.0923050624
        0.0520631512  -0.1081713375   0.1112980057  -0.0452788072  -0.1367126572
       -0.0052848571  -0.0177599780  -0.0167574822   0.0034044755   0.0081440233
        0.0081777292   0.0000590947  -0.0010107918   0.0006714837  -0.0030641807
        0.0007963390  -0.0018166909   0.0001592384   0.0002209706   0.0002092952
        0.0000551893  -0.0000560618   0.0000963641  -0.0000713442  -0.0000174217
       -0.0000356651  -0.0002070893   0.0000099861  -0.0000520747
       -0.0829256179  -0.0328317445  -0.0276017157   0.4850035236   0.0112227407
       -0.0363543827  -0.1330655208   0.0329809943  -0.0539404089  -0.0243643695
        0.0091054284  -0.0103458778  -0.0041338709   0.0014375750   0.0017735868
        0.0007579714   0.0000124669  -0.0002961315   0.0006158064  -0.0000312931
       -0.0000891517  -0.0048324341  -0.0103940057  -0.0068933431  -0.0106848374
       -0.0154632423  -0.0170756333   0.0076653891   0.0143587284   0.0134328943
       -0.1642079016   0.0436959240   0.1055302538  -0.0649057925  -0.0564817538
        0.0379948663   0.0041279647  -0.0004205410   0.0023578587  -0.0084993264
        0.0025323206  -0.0082432478  -0.0009262243   0.0001226146   0.0001223315
        0.0001269527   0.0002888721  -0.0004183671  -0.0001592446  -0.0000444219
        0.0001160472   0.0004075319  -0.0000906627  -0.0000695792
       -0.0341646585  -0.1332416559  -0.0603336720   0.0112227407   0.5017192078
       -0.0158388342   0.0336967464  -0.0838980696   0.0287704494   0.0077521768
       -0.0028780532   0.0013817596   0.0004324438   0.0007037054  -0.0002406685
        0.0003065790  -0.0004651391  -0.0001066252  -0.0002116348   0.0008496405
        0.0002150744  -0.0113343082  -0.0224753607  -0.0151069843   0.0034299489
        0.0067126192   0.0061435273  -0.0019641159  -0.0085197480  -0.0096441180
        0.0436868244  -0.0602127271  -0.0357257051  -0.0569486701  -0.1919306184
        0.0946931374   0.0182873916  -0.0125030542   0.0179634144  -0.0132706180
        0.0058197625  -0.0125745593  -0.0002252521   0.0005569511   0.0003172148
       -0.0000625227  -0.0001623768   0.0002385265  -0.0003610176   0.0000486633
       -0.0001696261  -0.0002720538  -0.0001237466   0.0000176889
       -0.0290402486  -0.0603353059  -0.1219009322  -0.0363543827  -0.0158388342
        0.4984422220  -0.0490783631   0.0263803039  -0.1074262178   0.0062661572
       -0.0040502191   0.0100456535   0.0037215197  -0.0007381568  -0.0000057818
       -0.0003927849  -0.0000182910  -0.0001113464  -0.0001146251   0.0005525509
        0.0004006039   0.0043457454   0.0082367823   0.0088493829  -0.0087462089
       -0.0116179383  -0.0128888477  -0.0052358807  -0.0161381612  -0.0162062928
        0.1050439357  -0.0356154389  -0.1299970483   0.0381839947   0.0942381674
       -0.1027104992  -0.0118335381   0.0091068464  -0.0107804294  -0.0178178375
        0.0060377644  -0.0156657044   0.0008132352  -0.0001997880  -0.0000234451
        0.0002122275   0.0000039853   0.0001161246   0.0001539693   0.0000051987
        0.0000543226  -0.0001269150  -0.0000094660  -0.0001917644
       -0.0109088525   0.0003746934  -0.0105376539  -0.1330655208   0.0336967464
       -0.0490783631   0.4576699110   0.0225136470   0.0093867819  -0.1480567918
        0.0203456510   0.0414786808  -0.0267202505   0.0063993776   0.0088766433
       -0.0114064463  -0.0027639916   0.0087932495   0.0026818856   0.0048371758
        0.0045868416   0.0002789916   0.0006297211   0.0000921680  -0.0001232828
       -0.0016168459  -0.0016356337   0.0006190933   0.0001086428   0.0004021463
       -0.0235484369   0.0117835228  -0.0126181938   0.0052754631  -0.0008126223
        0.0019319100  -0.0629003567  -0.0598090676   0.0305613943  -0.0507460541
       -0.0340631806  -0.0327488421   0.0003493517   0.0002788906  -0.0004085774
       -0.0001248351  -0.0014389061   0.0013725237   0.0001188189   0.0004009458
        0.0000917901   0.0006073124  -0.0008644003  -0.0005468655
       -0.0136635837   0.0059365176  -0.0095577167   0.0329809943  -0.0838980696
        0.0263803039   0.0225136470   0.5350235596   0.0092217735   0.0154610627
       -0.0661977844  -0.0061337826   0.0082389477  -0.0004721349  -0.0026101689
       -0.0168180001   0.0023292437   0.0091144402   0.0241788002  -0.0132596325
       -0.0194687163  -0.0006809208   0.0010415373  -0.0009511933  -0.0025771849
       -0.0020228877  -0.0035913412  -0.0000617393   0.0006956969   0.0002319000
        0.0085155641  -0.0035296234   0.0045017637   0.0184156819  -0.0120938267
        0.0161937126  -0.0588669082  -0.2072320936   0.0849529360  -0.0351353701
       -0.1504385127  -0.1088983243   0.0000017278   0.0004062491  -0.0001348389
       -0.0022018250  -0.0029274658   0.0035401756  -0.0005427246   0.0005236156
        0.0003519285   0.0002418308  -0.0038843885  -0.0031428520
       -0.0177270878   0.0034741633  -0.0147797791  -0.0539404089   0.0287704494
       -0.1074262178   0.0093867819   0.0092217735   0.4787700053   0.0459992357
       -0.0087969581  -0.0912978223  -0.0157260216   0.0031800892   0.0061082235
        0.0173434762  -0.0002418517  -0.0096181872   0.0171374017  -0.0110827275
       -0.0117359907   0.0007954794   0.0005674734   0.0007871740  -0.0019477959
       -0.0026423003  -0.0025484203  -0.0001031024   0.0005383144   0.0005699754
        0.0119297142  -0.0062308604   0.0074499501  -0.0126512253   0.0093947689
       -0.0109792186   0.0306967328   0.0852922733  -0.0879964192  -0.0334920323
       -0.1092413465  -0.1542898220  -0.0000397550  -0.0005597056   0.0001618906
        0.0013711228   0.0022558729  -0.0018566040  -0.0002441593  -0.0007026677
        0.0006613031   0.0012116439  -0.0031967603  -0.0019800408
        0.0005842749  -0.0001423904   0.0007408240  -0.0243643695   0.0077521768
        0.0062661572  -0.1480567918   0.0154610627   0.0459992357   0.4772917962
       -0.0054525194   0.0077952046  -0.1354815943   0.0260765935  -0.0909263093
       -0.0773079980  -0.0225240917   0.0207910261  -0.0788107585  -0.0378431975
       -0.0164847831  -0.0002372312  -0.0000588102  -0.0000014152   0.0003943168
       -0.0001141363   0.0000716023   0.0000519765  -0.0003268136  -0.0008593662
       -0.0029987450   0.0014493415  -0.0022907591   0.0009142444  -0.0006252527
        0.0005484398  -0.0125895240  -0.0000931296   0.0095838978   0.0020636704
       -0.0005551818  -0.0020891225   0.0056172440   0.0133835528  -0.0118346960
       -0.0119452293  -0.0210535642   0.0190097472  -0.0000450658  -0.0010168064
       -0.0000308893   0.0049197840   0.0256831664   0.0137112059
        0.0005131454  -0.0007994343  -0.0000169397   0.0091054284  -0.0028780532
       -0.0040502191   0.0203456510  -0.0661977844  -0.0087969581  -0.0054525194
        0.4279593672  -0.0184991280   0.0285603655  -0.0451375762   0.0304658230
       -0.0263489976  -0.1196385487   0.0590176029  -0.0197138087  -0.1561987943
       -0.0693957383  -0.0003513459  -0.0000155718   0.0002689226   0.0000976585
       -0.0000898780   0.0001019851  -0.0005672577   0.0007337534  -0.0007423084
        0.0018249410  -0.0001460110   0.0011917409   0.0002634140  -0.0000832501
       -0.0000205353  -0.0210583731   0.0024823755   0.0142249808   0.0160491907
       -0.0059602206  -0.0133901841   0.0010875512  -0.0042909865   0.0051575366
        0.0001969421   0.0025040446  -0.0011268505  -0.0070285430  -0.0209269020
        0.0117912166   0.0024765575  -0.0113165297  -0.0061809470
        0.0005853848  -0.0001246978   0.0004730794  -0.0103458778   0.0013817596
        0.0100456535   0.0414786808  -0.0061337826  -0.0912978223   0.0077952046
       -0.0184991280   0.4704022041  -0.0911286744   0.0271913002  -0.1311396962
        0.0208315049   0.0551620904  -0.1138352389  -0.0038563097  -0.0564627423
       -0.0875480517  -0.0000073123  -0.0000416966  -0.0000490873   0.0001792228
       -0.0000916237  -0.0001125671  -0.0008028563  -0.0001426679  -0.0008561465
       -0.0035200075   0.0019748426  -0.0010469288   0.0001037386   0.0003970962
        0.0005825610   0.0155678643  -0.0007113458  -0.0095218152   0.0170863874
       -0.0065474173  -0.0133772409   0.0044692467   0.0202090832  -0.0190163011
        0.0062548156   0.0089674218  -0.0084428901  -0.0039833395  -0.0111492547
        0.0077167767  -0.0007076731  -0.0153792372  -0.0129764888
        0.0001386343   0.0000271074  -0.0000885334  -0.0041338709   0.0004324438
        0.0037215197  -0.0267202505   0.0082389477  -0.0157260216  -0.1354815943
        0.0285603655  -0.0911286744   0.1642384307  -0.0246233880   0.1089422916
        0.0038309183  -0.0013800381   0.0043547863  -0.0037641192  -0.0113346998
       -0.0125955501   0.0000254762   0.0000311902   0.0000317933  -0.0000417810
       -0.0000047017  -0.0000374856   0.0000696160   0.0000537647   0.0002254638
       -0.0015639480   0.0008593220  -0.0005956393   0.0002371591  -0.0002051812
        0.0001982642   0.0000289078  -0.0002731338  -0.0003872419   0.0003650919
        0.0004038466  -0.0005228615   0.0006078456  -0.0009716029   0.0011229679
        0.0007725777  -0.0005390874   0.0006627336  -0.0000479688   0.0003714738
        0.0000164159   0.0014388750   0.0003533712   0.0018057715
       -0.0001038495   0.0001649122   0.0000124797   0.0014375750   0.0007037054
       -0.0007381568   0.0063993776  -0.0004721349   0.0031800892   0.0260765935
       -0.0451375762   0.0271913002  -0.0246233880   0.0655276387  -0.0217649068
        0.0134006800  -0.0066811140   0.0197979094  -0.0223987892  -0.0111492737
       -0.0304159363   0.0000435240  -0.0000457283  -0.0000707173  -0.0000559761
        0.0000370115   0.0000476343   0.0001004659  -0.0002275003   0.0000175418
        0.0002969189  -0.0001887982   0.0001405697  -0.0002153907   0.0000753165
       -0.0000204309  -0.0004841104  -0.0000442061   0.0000491976   0.0011242654
       -0.0002488155   0.0001711734  -0.0013136239  -0.0037662993   0.0037035657
        0.0004343860   0.0007548485  -0.0004666695   0.0002460672   0.0001053683
        0.0001017855  -0.0003647257   0.0005926455  -0.0009364290
       -0.0000570613   0.0000136354   0.0001037248   0.0017735868  -0.0002406685
       -0.0000057818   0.0088766433  -0.0026101689   0.0061082235  -0.0909263093
        0.0304658230  -0.1311396962   0.1089422916  -0.0217649068   0.1688419144
       -0.0133481027   0.0102851779  -0.0186191357  -0.0170197520  -0.0192711133
       -0.0238335849   0.0000417090  -0.0000200849  -0.0000045424  -0.0000107578
        0.0000819609   0.0000202927   0.0001900647  -0.0000353503   0.0000947000
        0.0002690339  -0.0001615199   0.0001669674   0.0000922916   0.0000024270
       -0.0001715574  -0.0000821774  -0.0002741028   0.0001538749   0.0009578137
       -0.0000326386   0.0007214774   0.0011883889   0.0041491820  -0.0029329301
       -0.0003907569  -0.0005633236   0.0000637609  -0.0001041596   0.0000255466
        0.0001457933  -0.0003927467  -0.0000498752   0.0002864990
        0.0003246345   0.0002114629  -0.0000034598   0.0007579714   0.0003065790
       -0.0003927849  -0.0114064463  -0.0168180001   0.0173434762  -0.0773079980
       -0.0263489976   0.0208315049   0.0038309183   0.0134006800  -0.0133481027
        0.5144452966  -0.0165669343   0.0171306142   0.0013834134  -0.0085059090
        0.0033746059  -0.0000829009  -0.0001436514  -0.0000398523  -0.0000640538
       -0.0000374415   0.0000297750  -0.0002231101  -0.0001226785   0.0000987123
        0.0000391079  -0.0004438207   0.0003327171  -0.0012381016  -0.0005519849
        0.0009554363  -0.0041995960   0.0000433886   0.0035554585  -0.0000697424
       -0.0003271624  -0.0001409166  -0.1352987426   0.0117991426  -0.1174710934
       -0.2485769738   0.0433038842   0.0697726125  -0.0427959826  -0.0002861706
       -0.0011500274   0.0004823059   0.0010876135  -0.0008786758
        0.0000891297  -0.0003013359  -0.0002262450   0.0000124669  -0.0004651391
       -0.0000182910  -0.0027639916   0.0023292437  -0.0002418517  -0.0225240917
       -0.1196385487   0.0551620904  -0.0013800381  -0.0066811140   0.0102851779
       -0.0165669343   0.4848628882   0.0392159056  -0.0139362282  -0.0450456593
        0.0072590130   0.0000282220   0.0001326473   0.0000549523  -0.0000899923
        0.0000803275   0.0000447192   0.0000157236  -0.0000111407   0.0001782115
        0.0001706274   0.0002142215  -0.0000256350   0.0003308840   0.0005254635
       -0.0001598560   0.0012674752   0.0003988034  -0.0009466974   0.0004120825
        0.0003560133  -0.0001846031   0.0115722187  -0.0447785875   0.0146143729
        0.0438212872  -0.0523204697  -0.0160855256  -0.0002370354  -0.2210774003
       -0.1086745697  -0.0002218057   0.0014197866  -0.0002511684
        0.0002185239   0.0000124472  -0.0003817764  -0.0002961315  -0.0001066252
       -0.0001113464   0.0087932495   0.0091144402  -0.0096181872   0.0207910261
        0.0590176029  -0.1138352389   0.0043547863   0.0197979094  -0.0186191357
        0.0171306142   0.0392159056   0.5011912634  -0.0048693760  -0.0167337458
        0.0092386927  -0.0000579167  -0.0000286040  -0.0000173754   0.0000307025
        0.0000133628   0.0000965193  -0.0001619101  -0.0002519038   0.0001596522
       -0.0001141466   0.0001942976  -0.0000160092   0.0001880203   0.0002099812
        0.0004217263   0.0024094629  -0.0005525209  -0.0011122989   0.0000887850
        0.0005556968   0.0002999343  -0.1175025489   0.0138828648  -0.1931315959
        0.0703112928  -0.0159261730  -0.0674134118  -0.0008865491  -0.1080915543
       -0.1078915245  -0.0004278847  -0.0003233816   0.0007401120
       -0.0019713805   0.0011605977  -0.0011253547   0.0006158064  -0.0002116348
       -0.0001146251   0.0026818856   0.0241788002   0.0171374017  -0.0788107585
       -0.0197138087  -0.0038563097  -0.0037641192  -0.0223987892  -0.0170197520
        0.0013834134  -0.0139362282  -0.0048693760   0.4231928191  -0.0162411802
       -0.1502056548   0.0000351011  -0.0001204492   0.0000896489  -0.0005586927
        0.0003573007   0.0000994967  -0.0017476159   0.0003961278  -0.0001935323
       -0.0000536197  -0.0001333241   0.0001939460   0.0001013231   0.0000448127
       -0.0000299866   0.0009318570   0.0000512250  -0.0005941001  -0.0044226945
        0.0026993894   0.0045009944   0.0003624293   0.0006618214   0.0002430795
        0.0002239879   0.0000098853  -0.0005251112  -0.0004891292  -0.0023053277
        0.0015928970  -0.3377106125   0.0455007818   0.1546763384
        0.0002883531   0.0010189807   0.0008053060  -0.0000312931   0.0008496405
        0.0005525509   0.0048371758  -0.0132596325  -0.0110827275  -0.0378431975
       -0.1561987943  -0.0564627423  -0.0113346998  -0.0111492737  -0.0192711133
       -0.0085059090  -0.0450456593  -0.0167337458  -0.0162411802   0.2703292192
        0.1531302306   0.0002703746  -0.0001400780  -0.0002037433   0.0002720461
       -0.0002488223  -0.0003253787   0.0003437487  -0.0005437281   0.0001333298
        0.0000880479  -0.0002159062  -0.0002185011  -0.0003217737  -0.0001241003
       -0.0002028085  -0.0004176798   0.0009970230   0.0004975181   0.0019178784
       -0.0005206282  -0.0016463538   0.0008320738   0.0026995339  -0.0015643786
        0.0000955979   0.0013885217  -0.0007266757  -0.0036136038  -0.0084646811
        0.0046140284   0.0693640406  -0.0413716149  -0.0512947952
       -0.0004472094   0.0004495680  -0.0001650028  -0.0000891517   0.0002150744
        0.0004006039   0.0045868416  -0.0194687163  -0.0117359907  -0.0164847831
       -0.0693957383  -0.0875480517  -0.0125955501  -0.0304159363  -0.0238335849
        0.0033746059   0.0072590130   0.0092386927  -0.1502056548   0.1531302306
        0.2060818117  -0.0001261458   0.0000906103  -0.0000280186  -0.0001474784
        0.0000446945   0.0000780741  -0.0001500364   0.0001435521   0.0008011052
       -0.0000117275   0.0000319514   0.0001438447  -0.0000443584  -0.0004131163
       -0.0000551221  -0.0016343140   0.0004968654   0.0006660313   0.0034491682
       -0.0013916897  -0.0022838978   0.0004520235  -0.0009400031   0.0016563709
       -0.0005273953   0.0006600286  -0.0001306417   0.0005856838   0.0023828956
       -0.0000962228   0.1700154820  -0.0428792840  -0.0931900013
       -0.0720933957  -0.0629220175   0.0417283900  -0.0048324341  -0.0113343082
        0.0043457454   0.0002789916  -0.0006809208   0.0007954794  -0.0002372312
       -0.0003513459  -0.0000073123   0.0000254762   0.0000435240   0.0000417090
       -0.0000829009   0.0000282220  -0.0000579167   0.0000351011   0.0002703746
       -0.0001261458   0.0801888696   0.0758851395  -0.0474839335   0.0070178806
        0.0195391931  -0.0135586471  -0.0106889924  -0.0194485913   0.0166856505
        0.0004473533   0.0007760117   0.0001091059  -0.0003325805  -0.0023555780
       -0.0018225510  -0.0001920449   0.0001648540  -0.0006195009   0.0001037168
        0.0002113895   0.0000578092   0.0001065173   0.0000888025  -0.0000561794
        0.0000175943   0.0000410489  -0.0000313953   0.0000366726   0.0000632879
       -0.0000116006   0.0002014063  -0.0000190861   0.0000112930
       -0.0628011516  -0.1917436003   0.0966944464  -0.0103940057  -0.0224753607
        0.0082367823   0.0006297211   0.0010415373   0.0005674734  -0.0000588102
       -0.0000155718  -0.0000416966   0.0000311902  -0.0000457283  -0.0000200849
       -0.0001436514   0.0001326473  -0.0000286040  -0.0001204492  -0.0001400780
        0.0000906103   0.0758851395   0.2247203536  -0.1107804587  -0.0032666275
       -0.0140330163   0.0111509168   0.0017792241   0.0059512279  -0.0025958194
        0.0002232808   0.0002447652   0.0005917134  -0.0020969070  -0.0040611635
       -0.0035942432  -0.0003345905   0.0003935665  -0.0003425553   0.0002838406
        0.0000764398   0.0001780381   0.0000287425  -0.0001197422  -0.0000864701
       -0.0000107633   0.0000497662   0.0000051996   0.0001084311  -0.0000000097
        0.0000616053   0.0002573865   0.0000239668  -0.0000868536
        0.0421178077   0.0971673859  -0.1061216365  -0.0068933431  -0.0151069843
        0.0088493829   0.0000921680  -0.0009511933   0.0007871740  -0.0000014152
        0.0002689226  -0.0000490873   0.0000317933  -0.0000707173  -0.0000045424
       -0.0000398523   0.0000549523  -0.0000173754   0.0000896489  -0.0002037433
       -0.0000280186  -0.0474839335  -0.1107804587   0.1221806232   0.0046083226
        0.0161006830  -0.0111736033   0.0098571839   0.0170621699  -0.0136873718
       -0.0003266488  -0.0001845521   0.0008447108  -0.0019349129  -0.0034527167
       -0.0015633904  -0.0000476628   0.0001384990  -0.0000832662   0.0000840336
        0.0000174127   0.0000249413  -0.0001176832  -0.0001066223  -0.0000343548
        0.0000215549   0.0000182723   0.0000041933   0.0000419570  -0.0000118711
        0.0000540054  -0.0000990182   0.0000405613   0.0000176158
       -0.1767792491   0.0725676448  -0.0923050624  -0.0106848374   0.0034299489
       -0.0087462089  -0.0001232828  -0.0025771849  -0.0019477959   0.0003943168
        0.0000976585   0.0001792228  -0.0000417810  -0.0000559761  -0.0000107578
       -0.0000640538  -0.0000899923   0.0000307025  -0.0005586927   0.0002720461
       -0.0001474784   0.0070178806  -0.0032666275   0.0046083226   0.2039057659
       -0.0836355726   0.1101877286  -0.0225895347   0.0129488955  -0.0116019622
        0.0005973321   0.0002156122   0.0002769118  -0.0001809184   0.0001062684
        0.0001540764   0.0000572339  -0.0001818624   0.0002065606  -0.0007396965
        0.0001210954  -0.0007513072  -0.0001507063   0.0000956991  -0.0000718403
        0.0000440268   0.0000136691   0.0000236475   0.0000227542   0.0000028623
       -0.0000403750  -0.0001265576  -0.0000641844  -0.0000443847
        0.0727966871  -0.0818781288   0.0520631512  -0.0154632423   0.0067126192
       -0.0116179383  -0.0016168459  -0.0020228877  -0.0026423003  -0.0001141363
       -0.0000898780  -0.0000916237  -0.0000047017   0.0000370115   0.0000819609
       -0.0000374415   0.0000803275   0.0000133628   0.0003573007  -0.0002488223
        0.0000446945   0.0195391931  -0.0140330163   0.0161006830  -0.0836355726
        0.0947059846  -0.0579215711   0.0092285894  -0.0045971706   0.0049469393
       -0.0002371625   0.0004378664   0.0002653356  -0.0002735534   0.0005850696
       -0.0002568558   0.0000151575  -0.0000430646  -0.0001713040  -0.0007185818
        0.0002951721  -0.0008088434   0.0000248139  -0.0000342304   0.0000084085
        0.0000116942  -0.0000035835  -0.0000193340   0.0000186722   0.0000437101
       -0.0000055779   0.0001091300   0.0000530210   0.0000108126
       -0.0919588629   0.0514493896  -0.1081713375  -0.0170756333   0.0061435273
       -0.0128888477  -0.0016356337  -0.0035913412  -0.0025484203   0.0000716023
        0.0001019851  -0.0001125671  -0.0000374856   0.0000476343   0.0000202927
        0.0000297750   0.0000447192   0.0000965193   0.0000994967  -0.0003253787
        0.0000780741  -0.0135586471   0.0111509168  -0.0111736033   0.1101877286
       -0.0579215711   0.1253905496   0.0145935914  -0.0077876981   0.0096485492
       -0.0001086007   0.0004958320  -0.0001191672   0.0001998131   0.0003306125
        0.0005654009   0.0001971749  -0.0002236114   0.0001736520  -0.0010741017
        0.0001118517  -0.0009479351  -0.0000447192  -0.0000532167   0.0000239510
        0.0000003812   0.0000126245   0.0000109525   0.0000333954   0.0000151563
       -0.0000231858   0.0000807255  -0.0000014322  -0.0000228774
       -0.1717984079   0.0540869452   0.1112980057   0.0076653891  -0.0019641159
       -0.0052358807   0.0006190933  -0.0000617393  -0.0001031024   0.0000519765
       -0.0005672577  -0.0008028563   0.0000696160   0.0001004659   0.0001900647
       -0.0002231101   0.0000157236  -0.0001619101  -0.0017476159   0.0003437487
       -0.0001500364  -0.0106889924   0.0017792241   0.0098571839  -0.0225895347
        0.0092285894   0.0145935914   0.1986523298  -0.0614778900  -0.1273660486
        0.0005609531  -0.0017141499  -0.0020747246   0.0003113052   0.0001493852
       -0.0002295941  -0.0000644011  -0.0000058173   0.0000940141  -0.0001218098
       -0.0000013223   0.0000199885   0.0000154010  -0.0003953169   0.0001011421
       -0.0000864429  -0.0000052638   0.0000236235   0.0000581027   0.0000787274
        0.0000917879  -0.0006838521   0.0004100635  -0.0001452485
        0.0539833720  -0.0664550235  -0.0452788072   0.0143587284  -0.0085197480
       -0.0161381612   0.0001086428   0.0006956969   0.0005383144  -0.0003268136
        0.0007337534  -0.0001426679   0.0000537647  -0.0002275003  -0.0000353503
       -0.0001226785  -0.0000111407  -0.0002519038   0.0003961278  -0.0005437281
        0.0001435521  -0.0194485913   0.0059512279   0.0170621699   0.0129488955
       -0.0045971706  -0.0077876981  -0.0614778900   0.0764512100   0.0551380497
       -0.0013054273  -0.0031782603  -0.0039065907   0.0006418004   0.0002678015
       -0.0000971670  -0.0000985674  -0.0001043884   0.0000683993   0.0001566252
       -0.0000160490   0.0001995985  -0.0004294173  -0.0004571936   0.0002686152
        0.0001247101  -0.0000278535   0.0001185579   0.0000713818  -0.0000821029
        0.0000816968   0.0003653366   0.0001204692   0.0000193925
        0.1095867609  -0.0444624371  -0.1367126572   0.0134328943  -0.0096441180
       -0.0162062928   0.0004021463   0.0002319000   0.0005699754  -0.0008593662
       -0.0007423084  -0.0008561465   0.0002254638   0.0000175418   0.0000947000
        0.0000987123   0.0001782115   0.0001596522  -0.0001935323   0.0001333298
        0.0008011052   0.0166856505  -0.0025958194  -0.0136873718  -0.0116019622
        0.0049469393   0.0096485492  -0.1273660486   0.0551380497   0.1584614971
       -0.0013635974  -0.0041996433  -0.0031322682   0.0001535046   0.0005970968
        0.0006529291   0.0001999476   0.0000397810  -0.0002841412   0.0001820760
        0.0002044634   0.0002214172  -0.0001080658  -0.0001909398   0.0002733894
        0.0000651743   0.0000125983  -0.0000048893   0.0000429607   0.0000707581
       -0.0000460247   0.0004172812   0.0002645963   0.0000465769
        0.0065336237  -0.0025630983  -0.0052848571  -0.1642079016   0.0436868244
        0.1050439357  -0.0235484369   0.0085155641   0.0119297142  -0.0029987450
        0.0018249410  -0.0035200075  -0.0015639480   0.0002969189   0.0002690339
        0.0000391079   0.0001706274  -0.0001141466  -0.0000536197   0.0000880479
       -0.0000117275   0.0004473533   0.0002232808  -0.0003266488   0.0005973321
       -0.0002371625  -0.0001086007   0.0005609531  -0.0013054273  -0.0013635974
        0.1939656767  -0.0513196780  -0.1177347766  -0.0102224446   0.0008743139
        0.0106893014   0.0004762133  -0.0000148509   0.0003702632  -0.0002744708
       -0.0002760628   0.0004178990   0.0000710951   0.0000168319  -0.0002297598
        0.0000724561   0.0000344769  -0.0000816559   0.0000044917   0.0000569661
        0.0000345307   0.0001012636  -0.0000725134   0.0000210998
        0.0142897549  -0.0088520909  -0.0177599780   0.0436959240  -0.0602127271
       -0.0356154389   0.0117835228  -0.0035296234  -0.0062308604   0.0014493415
       -0.0001460110   0.0019748426   0.0008593220  -0.0001887982  -0.0001615199
       -0.0004438207   0.0002142215   0.0001942976  -0.0001333241  -0.0002159062
        0.0000319514   0.0007760117   0.0002447652  -0.0001845521   0.0002156122
        0.0004378664   0.0004958320  -0.0017141499  -0.0031782603  -0.0041996433
       -0.0513196780   0.0703308411   0.0450322509  -0.0191235072   0.0048241713
        0.0171534996   0.0002888314  -0.0002092362  -0.0003331809  -0.0006506672
        0.0005024753  -0.0001978380   0.0000244356  -0.0001560912  -0.0002112377
       -0.0000819828   0.0000338896  -0.0001109038   0.0000708188   0.0000569733
        0.0001284279   0.0000135550   0.0000435406  -0.0000059489
        0.0134998655  -0.0102128067  -0.0167574822   0.1055302538  -0.0357257051
       -0.1299970483  -0.0126181938   0.0045017637   0.0074499501  -0.0022907591
        0.0011917409  -0.0010469288  -0.0005956393   0.0001405697   0.0001669674
        0.0003327171  -0.0000256350  -0.0000160092   0.0001939460  -0.0002185011
        0.0001438447   0.0001091059   0.0005917134   0.0008447108   0.0002769118
        0.0002653356  -0.0001191672  -0.0020747246  -0.0039065907  -0.0031322682
       -0.1177347766   0.0450322509   0.1548410096   0.0162042331  -0.0018382536
       -0.0136505275  -0.0001273257  -0.0002097201   0.0003401552  -0.0005322664
        0.0003726827   0.0007488248  -0.0000384554   0.0000007210   0.0001512583
        0.0000198963  -0.0000537132   0.0000614798  -0.0000471693  -0.0000248110
       -0.0000913796  -0.0001076194   0.0001189586   0.0000626103
       -0.0040664505  -0.0110873712   0.0034044755  -0.0649057925  -0.0569486701
        0.0381839947   0.0052754631   0.0184156819  -0.0126512253   0.0009142444
        0.0002634140   0.0001037386   0.0002371591  -0.0002153907   0.0000922916
       -0.0012381016   0.0003308840   0.0001880203   0.0001013231  -0.0003217737
       -0.0000443584  -0.0003325805  -0.0020969070  -0.0019349129  -0.0001809184
       -0.0002735534   0.0001998131   0.0003113052   0.0006418004   0.0001535046
       -0.0102224446  -0.0191235072   0.0162042331   0.0788423239   0.0674111232
       -0.0415941207  -0.0029597781   0.0025997031  -0.0033871363   0.0003531955
        0.0000967780   0.0002081519  -0.0013248926   0.0006128938   0.0013697502
        0.0000684063  -0.0000192783  -0.0000664282  -0.0007817588  -0.0003505012
       -0.0004267748  -0.0000907028   0.0000646745  -0.0000030170
       -0.0098105611  -0.0216669597   0.0081440233  -0.0564817538  -0.1919306184
        0.0942381674  -0.0008126223  -0.0120938267   0.0093947689  -0.0006252527
       -0.0000832501   0.0003970962  -0.0002051812   0.0000753165   0.0000024270
       -0.0005519849   0.0005254635   0.0002099812   0.0000448127  -0.0001241003
       -0.0004131163  -0.0023555780  -0.0040611635  -0.0034527167   0.0001062684
        0.0005850696   0.0003306125   0.0001493852   0.0002678015   0.0005970968
        0.0008743139   0.0048241713  -0.0018382536   0.0674111232   0.2239053358
       -0.1091200192   0.0021751965  -0.0009407415   0.0025492443  -0.0001865966
        0.0003329440  -0.0002099635   0.0005418252   0.0001849308  -0.0008009437
       -0.0002750290   0.0000742029  -0.0001478411  -0.0000137668   0.0001669437
        0.0000022850   0.0000154013  -0.0000415195   0.0001171513
       -0.0066525760  -0.0156555891   0.0081777292   0.0379948663   0.0946931374
       -0.1027104992   0.0019319100   0.0161937126  -0.0109792186   0.0005484398
       -0.0000205353   0.0005825610   0.0001982642  -0.0000204309  -0.0001715574
        0.0009554363  -0.0001598560   0.0004217263  -0.0000299866  -0.0002028085
       -0.0000551221  -0.0018225510  -0.0035942432  -0.0015633904   0.0001540764
       -0.0002568558   0.0005654009  -0.0002295941  -0.0000971670   0.0006529291
        0.0106893014   0.0171534996  -0.0136505275  -0.0415941207  -0.1091200192
        0.1215595518  -0.0031640370   0.0016816411  -0.0022659912   0.0002339318
        0.0001451481  -0.0001870473   0.0010722867  -0.0002912509  -0.0001370558
        0.0000376508  -0.0001782149  -0.0001491852  -0.0003643748  -0.0002061768
       -0.0000352072   0.0000410764  -0.0000639912  -0.0000550964
        0.0007034909   0.0009016431   0.0000590947   0.0041279647   0.0182873916
       -0.0118335381  -0.0629003567  -0.0588669082   0.0306967328  -0.0125895240
       -0.0210583731   0.0155678643   0.0000289078  -0.0004841104  -0.0000821774
       -0.0041995960   0.0012674752   0.0024094629   0.0009318570  -0.0004176798
       -0.0016343140  -0.0001920449  -0.0003345905  -0.0000476628   0.0000572339
        0.0000151575   0.0001971749  -0.0000644011  -0.0000985674   0.0001999476
        0.0004762133   0.0002888314  -0.0001273257  -0.0029597781   0.0021751965
       -0.0031640370   0.0785897267   0.0669169634  -0.0353529739  -0.0017239831
       -0.0078503061   0.0024462953  -0.0001515328   0.0001385142  -0.0001408203
       -0.0005766972  -0.0008887293   0.0010408692   0.0000326763   0.0003842740
       -0.0001005381   0.0004098433  -0.0003761823  -0.0001340544
       -0.0004804843   0.0012830667  -0.0010107918  -0.0004205410  -0.0125030542
        0.0091068464  -0.0598090676  -0.2072320936   0.0852922733  -0.0000931296
        0.0024823755  -0.0007113458  -0.0002731338  -0.0000442061  -0.0002741028
        0.0000433886   0.0003988034  -0.0005525209   0.0000512250   0.0009970230
        0.0004968654   0.0001648540   0.0003935665   0.0001384990  -0.0001818624
       -0.0000430646  -0.0002236114  -0.0000058173  -0.0001043884   0.0000397810
       -0.0000148509  -0.0002092362  -0.0002097201   0.0025997031  -0.0009407415
        0.0016816411   0.0669169634   0.2395855391  -0.1012986495  -0.0092340012
       -0.0242669636   0.0079516929   0.0000212019   0.0000081592  -0.0001486259
        0.0000643254   0.0001544970   0.0000039846   0.0001507364   0.0001154768
        0.0000149344   0.0005004902  -0.0000747591  -0.0002971500
        0.0008845862   0.0005734161   0.0006714837   0.0023578587   0.0179634144
       -0.0107804294   0.0305613943   0.0849529360  -0.0879964192   0.0095838978
        0.0142249808  -0.0095218152  -0.0003872419   0.0000491976   0.0001538749
        0.0035554585  -0.0009466974  -0.0011122989  -0.0005941001   0.0004975181
        0.0006660313  -0.0006195009  -0.0003425553  -0.0000832662   0.0002065606
       -0.0001713040   0.0001736520   0.0000940141   0.0000683993  -0.0002841412
        0.0003702632  -0.0003331809   0.0003401552  -0.0033871363   0.0025492443
       -0.0022659912  -0.0353529739  -0.1012986495   0.1017464946  -0.0069511493
       -0.0186235814   0.0086279336  -0.0000881412  -0.0000134961   0.0001490742
        0.0004395953   0.0007789425  -0.0007413235  -0.0000559664  -0.0001212183
       -0.0000109747  -0.0006174188   0.0001926338   0.0002679600
       -0.0030556502   0.0019795571  -0.0030641807  -0.0084993264  -0.0132706180
       -0.0178178375  -0.0507460541  -0.0351353701  -0.0334920323   0.0020636704
        0.0160491907   0.0170863874   0.0003650919   0.0011242654   0.0009578137
       -0.0000697424   0.0004120825   0.0000887850  -0.0044226945   0.0019178784
        0.0034491682   0.0001037168   0.0002838406   0.0000840336  -0.0007396965
       -0.0007185818  -0.0010741017  -0.0001218098   0.0001566252   0.0001820760
       -0.0002744708  -0.0006506672  -0.0005322664   0.0003531955  -0.0001865966
        0.0002339318  -0.0017239831  -0.0092340012  -0.0069511493   0.0669664738
        0.0362811473   0.0400824716  -0.0000849763   0.0000095188  -0.0001941930
       -0.0000184739   0.0000722225  -0.0001082756  -0.0000092742  -0.0002134373
        0.0002156559  -0.0000859961   0.0011229439   0.0008537133
        0.0008336105   0.0004696602   0.0007963390   0.0025323206   0.0058197625
        0.0060377644  -0.0340631806  -0.1504385127  -0.1092413465  -0.0005551818
       -0.0059602206  -0.0065474173   0.0004038466  -0.0002488155  -0.0000326386
       -0.0003271624   0.0003560133   0.0005556968   0.0026993894  -0.0005206282
       -0.0013916897   0.0002113895   0.0000764398   0.0000174127   0.0001210954
        0.0002951721   0.0001118517  -0.0000013223  -0.0000160490   0.0002044634
       -0.0002760628   0.0005024753   0.0003726827   0.0000967780   0.0003329440
        0.0001451481  -0.0078503061  -0.0242669636  -0.0186235814   0.0362811473
        0.1740699960   0.1276714211   0.0000137661  -0.0001578034   0.0000909161
       -0.0000096209  -0.0001222146   0.0000540684  -0.0001555669   0.0001787931
        0.0002437817   0.0000450604  -0.0003700488  -0.0004648724
       -0.0034310341   0.0020832537  -0.0018166909  -0.0082432478  -0.0125745593
       -0.0156657044  -0.0327488421  -0.1088983243  -0.1542898220  -0.0020891225
       -0.0133901841  -0.0133772409  -0.0005228615   0.0001711734   0.0007214774
       -0.0001409166  -0.0001846031   0.0002999343   0.0045009944  -0.0016463538
       -0.0022838978   0.0000578092   0.0001780381   0.0000249413  -0.0007513072
       -0.0008088434  -0.0009479351   0.0000199885   0.0001995985   0.0002214172
        0.0004178990  -0.0001978380   0.0007488248   0.0002081519  -0.0002099635
       -0.0001870473   0.0024462953   0.0079516929   0.0086279336   0.0400824716
        0.1276714211   0.1784603138   0.0000174875  -0.0000795580  -0.0000363115
       -0.0000955158   0.0000768465   0.0001129872   0.0004519113   0.0005113121
       -0.0002654759  -0.0001801610  -0.0008531089  -0.0003477037
       -0.0003579643  -0.0001109998   0.0001592384  -0.0009262243  -0.0002252521
        0.0008132352   0.0003493517   0.0000017278  -0.0000397550   0.0056172440
        0.0010875512   0.0044692467   0.0006078456  -0.0013136239   0.0011883889
       -0.1352987426   0.0115722187  -0.1175025489   0.0003624293   0.0008320738
        0.0004520235   0.0001065173   0.0000287425  -0.0001176832  -0.0001507063
        0.0000248139  -0.0000447192   0.0000154010  -0.0004294173  -0.0001080658
        0.0000710951   0.0000244356  -0.0000384554  -0.0013248926   0.0005418252
        0.0010722867  -0.0001515328   0.0000212019  -0.0000881412  -0.0000849763
        0.0000137661   0.0000174875   0.1566734790  -0.0146186905   0.1360177071
       -0.0245093962   0.0030718775  -0.0240643493  -0.0007246145  -0.0007786720
       -0.0018194755  -0.0002743130   0.0002564213  -0.0003664204
       -0.0001703644   0.0001326246   0.0002209706   0.0001226146   0.0005569511
       -0.0001997880   0.0002788906   0.0004062491  -0.0005597056   0.0133835528
       -0.0042909865   0.0202090832  -0.0009716029  -0.0037662993   0.0041491820
        0.0117991426  -0.0447785875   0.0138828648   0.0006618214   0.0026995339
       -0.0009400031   0.0000888025  -0.0001197422  -0.0001066223   0.0000956991
       -0.0000342304  -0.0000532167  -0.0003953169  -0.0004571936  -0.0001909398
        0.0000168319  -0.0001560912   0.0000007210   0.0006128938   0.0001849308
       -0.0002912509   0.0001385142   0.0000081592  -0.0000134961   0.0000095188
       -0.0001578034  -0.0000795580  -0.0146186905   0.0496219197  -0.0187583815
        0.0061308589   0.0000184326   0.0054400153  -0.0173286831   0.0005929119
       -0.0231104950   0.0001455166  -0.0004607786   0.0004006200
       -0.0000849495  -0.0000387722   0.0002092952   0.0001223315   0.0003172148
       -0.0000234451  -0.0004085774  -0.0001348389   0.0001618906  -0.0118346960
        0.0051575366  -0.0190163011   0.0011229679   0.0037035657  -0.0029329301
       -0.1174710934   0.0146143729  -0.1931315959   0.0002430795  -0.0015643786
        0.0016563709  -0.0000561794  -0.0000864701  -0.0000343548  -0.0000718403
        0.0000084085   0.0000239510   0.0001011421   0.0002686152   0.0002733894
       -0.0002297598  -0.0002112377   0.0001512583   0.0013697502  -0.0008009437
       -0.0001370558  -0.0001408203  -0.0001486259   0.0001490742  -0.0001941930
        0.0000909161  -0.0000363115   0.1360177071  -0.0187583815   0.2225460003
        0.0040041833  -0.0007557995   0.0065802055  -0.0125340660  -0.0017168609
       -0.0163782381   0.0000450133   0.0000556791  -0.0000612031
       -0.0000050345  -0.0000275684   0.0000551893   0.0001269527  -0.0000625227
        0.0002122275  -0.0001248351  -0.0022018250   0.0013711228  -0.0119452293
        0.0001969421   0.0062548156   0.0007725777   0.0004343860  -0.0003907569
       -0.2485769738   0.0438212872   0.0703112928   0.0002239879   0.0000955979
       -0.0005273953   0.0000175943  -0.0000107633   0.0000215549   0.0000440268
        0.0000116942   0.0000003812  -0.0000864429   0.0001247101   0.0000651743
        0.0000724561  -0.0000819828   0.0000198963   0.0000684063  -0.0002750290
        0.0000376508  -0.0005766972   0.0000643254   0.0004395953  -0.0000184739
       -0.0000096209  -0.0000955158  -0.0245093962   0.0061308589   0.0040041833
        0.2868805913  -0.0501208360  -0.0836176404  -0.0026005168   0.0025783818
        0.0018180992   0.0002370067  -0.0006680355   0.0000201251
       -0.0000242989   0.0000938289  -0.0000560618   0.0002888721  -0.0001623768
        0.0000039853  -0.0014389061  -0.0029274658   0.0022558729  -0.0210535642
        0.0025040446   0.0089674218  -0.0005390874   0.0007548485  -0.0005633236
        0.0433038842  -0.0523204697  -0.0159261730   0.0000098853   0.0013885217
        0.0006600286   0.0000410489   0.0000497662   0.0000182723   0.0000136691
       -0.0000035835   0.0000126245  -0.0000052638  -0.0000278535   0.0000125983
        0.0000344769   0.0000338896  -0.0000537132  -0.0000192783   0.0000742029
       -0.0001782149  -0.0008887293   0.0001544970   0.0007789425   0.0000722225
       -0.0001222146   0.0000768465   0.0030718775   0.0000184326  -0.0007557995
       -0.0501208360   0.0594043201   0.0158901825   0.0271499595  -0.0084195733
       -0.0108172327   0.0001040680  -0.0004928151  -0.0003262563
       -0.0000336777  -0.0000309529   0.0000963641  -0.0004183671   0.0002385265
        0.0001161246   0.0013725237   0.0035401756  -0.0018566040   0.0190097472
       -0.0011268505  -0.0084428901   0.0006627336  -0.0004666695   0.0000637609
        0.0697726125  -0.0160855256  -0.0674134118  -0.0005251112  -0.0007266757
       -0.0001306417  -0.0000313953   0.0000051996   0.0000041933   0.0000236475
       -0.0000193340   0.0000109525   0.0000236235   0.0001185579  -0.0000048893
       -0.0000816559  -0.0001109038   0.0000614798  -0.0000664282  -0.0001478411
       -0.0001491852   0.0010408692   0.0000039846  -0.0007413235  -0.0001082756
        0.0000540684   0.0001129872  -0.0240643493   0.0054400153   0.0065802055
       -0.0836176404   0.0158901825   0.0775968837   0.0171132586  -0.0064894997
       -0.0064214338  -0.0000721150  -0.0000864577   0.0005174279
       -0.0000620409   0.0000361691  -0.0000713442  -0.0001592446  -0.0003610176
        0.0001539693   0.0001188189  -0.0005427246  -0.0002441593  -0.0000450658
       -0.0070285430  -0.0039833395  -0.0000479688   0.0002460672  -0.0001041596
       -0.0427959826  -0.0002370354  -0.0008865491  -0.0004891292  -0.0036136038
        0.0005856838   0.0000366726   0.0001084311   0.0000419570   0.0000227542
        0.0000186722   0.0000333954   0.0000581027   0.0000713818   0.0000429607
        0.0000044917   0.0000708188  -0.0000471693  -0.0007817588  -0.0000137668
       -0.0003643748   0.0000326763   0.0001507364  -0.0000559664  -0.0000092742
       -0.0001555669   0.0004519113  -0.0007246145  -0.0173286831  -0.0125340660
       -0.0026005168   0.0271499595   0.0171132586   0.0474444860   0.0014203251
       -0.0002235456  -0.0000024063   0.0000083800   0.0000915376
       -0.0000209794   0.0001459209  -0.0000174217  -0.0000444219   0.0000486633
        0.0000051987   0.0004009458   0.0005236156  -0.0007026677  -0.0010168064
       -0.0209269020  -0.0111492547   0.0003714738   0.0001053683   0.0000255466
       -0.0002861706  -0.2210774003  -0.1080915543  -0.0023053277  -0.0084646811
        0.0023828956   0.0000632879  -0.0000000097  -0.0000118711   0.0000028623
        0.0000437101   0.0000151563   0.0000787274  -0.0000821029   0.0000707581
        0.0000569661   0.0000569733  -0.0000248110  -0.0003505012   0.0001669437
       -0.0002061768   0.0003842740   0.0001154768  -0.0001212183  -0.0002134373
        0.0001787931   0.0005113121  -0.0007786720   0.0005929119  -0.0017168609
        0.0025783818  -0.0084195733  -0.0064894997   0.0014203251   0.2567217400
        0.1252083168  -0.0003409276   0.0002705522   0.0003121518
       -0.0000259255  -0.0000276187  -0.0000356651   0.0001160472  -0.0001696261
        0.0000543226   0.0000917901   0.0003519285   0.0006613031  -0.0000308893
        0.0117912166   0.0077167767   0.0000164159   0.0001017855   0.0001457933
       -0.0011500274  -0.1086745697  -0.1078915245   0.0015928970   0.0046140284
       -0.0000962228  -0.0000116006   0.0000616053   0.0000540054  -0.0000403750
       -0.0000055779  -0.0000231858   0.0000917879   0.0000816968  -0.0000460247
        0.0000345307   0.0001284279  -0.0000913796  -0.0004267748   0.0000022850
       -0.0000352072  -0.0001005381   0.0000149344  -0.0000109747   0.0002156559
        0.0002437817  -0.0002654759  -0.0018194755  -0.0231104950  -0.0163782381
        0.0018180992  -0.0108172327  -0.0064214338  -0.0002235456   0.1252083168
        0.1227430057  -0.0001480721   0.0002051131  -0.0000798746
        0.0000231428  -0.0002344859  -0.0002070893   0.0004075319  -0.0002720538
       -0.0001269150   0.0006073124   0.0002418308   0.0012116439   0.0049197840
        0.0024765575  -0.0007076731   0.0014388750  -0.0003647257  -0.0003927467
        0.0004823059  -0.0002218057  -0.0004278847  -0.3377106125   0.0693640406
        0.1700154820   0.0002014063   0.0002573865  -0.0000990182  -0.0001265576
        0.0001091300   0.0000807255  -0.0006838521   0.0003653366   0.0004172812
        0.0001012636   0.0000135550  -0.0001076194  -0.0000907028   0.0000154013
        0.0000410764   0.0004098433   0.0005004902  -0.0006174188  -0.0000859961
        0.0000450604  -0.0001801610  -0.0002743130   0.0001455166   0.0000450133
        0.0002370067   0.0001040680  -0.0000721150  -0.0000024063  -0.0003409276
       -0.0001480721   0.3301459686  -0.0722043748  -0.1687245090
       -0.0001279766  -0.0000559986   0.0000099861  -0.0000906627  -0.0001237466
       -0.0000094660  -0.0008644003  -0.0038843885  -0.0031967603   0.0256831664
       -0.0113165297  -0.0153792372   0.0003533712   0.0005926455  -0.0000498752
        0.0010876135   0.0014197866  -0.0003233816   0.0455007818  -0.0413716149
       -0.0428792840  -0.0000190861   0.0000239668   0.0000405613  -0.0000641844
        0.0000530210  -0.0000014322   0.0004100635   0.0001204692   0.0002645963
       -0.0000725134   0.0000435406   0.0001189586   0.0000646745  -0.0000415195
       -0.0000639912  -0.0003761823  -0.0000747591   0.0001926338   0.0011229439
       -0.0003700488  -0.0008531089   0.0002564213  -0.0004607786   0.0000556791
       -0.0006680355  -0.0004928151  -0.0000864577   0.0000083800   0.0002705522
        0.0002051131  -0.0722043748   0.0556682176   0.0619554661
       -0.0002783300   0.0001539895  -0.0000520747  -0.0000695792   0.0000176889
       -0.0001917644  -0.0005468655  -0.0031428520  -0.0019800408   0.0137112059
       -0.0061809470  -0.0129764888   0.0018057715  -0.0009364290   0.0002864990
       -0.0008786758  -0.0002511684   0.0007401120   0.1546763384  -0.0512947952
       -0.0931900013   0.0000112930  -0.0000868536   0.0000176158  -0.0000443847
        0.0000108126  -0.0000228774  -0.0001452485   0.0000193925   0.0000465769
        0.0000210998  -0.0000059489   0.0000626103  -0.0000030170   0.0001171513
       -0.0000550964  -0.0001340544  -0.0002971500   0.0002679600   0.0008537133
       -0.0004648724  -0.0003477037  -0.0003664204   0.0004006200  -0.0000612031
        0.0000201251  -0.0003262563   0.0005174279   0.0000915376   0.0003121518
       -0.0000798746  -0.1687245090   0.0619554661   0.1070183233
