           1           2   1.01867784851588     
           2           3   1.00834857161817     
           3           4  0.996369985793177     
           4           5   1.00964893635976     
           4           6   1.00808252163799     
           1           7  0.987652814727249     
           1           8  0.988079487511267     
           1           9  0.987954155813625     
           2          10  0.976663714389985     
           2          11  0.978522148058249     
           3          12  0.975840735067257     
           3          13  0.976564544398594     
           4          14  0.969202193125852     
           5          15  0.986353149005549     
           5          16  0.984916202820186     
           5          17  0.986788403702281     
           6          18  0.986607207456463     
           6          19  0.986868194856670     
           6          20  0.987133622113717     
