           1           2   1.00913923415451     
           2           3  0.979019369511166     
           3           4   1.67931934466537     
           3           5   1.17976520471364     
           4           5  0.171590419521826     
           5           6  0.918311142371995     
           6           7   1.01656642994588     
           1           8  0.984126089618673     
           1           9  0.987825328472005     
           1          10  0.984844191484028     
           2          11  0.940836634204503     
           2          12  0.970021450270047     
           6          13  0.966289341444813     
           6          14  0.969030009765215     
           7          15  0.984992028439390     
           7          16  0.983285689416897     
           7          17  0.979817117957311     
