   2770
         15          1         15
         11         16         26
          6         27         32
          5         33         37
          2         38         39
          3         40         42
          1         43         43
         11         44         54
          3         55         57
          1         58         58
          1         59         59
          1         60         60
          2         61         62
         12         63         74
          2         75         76
         12         77         88
          4         89         92
          2         93         94
          1         95         95
          1         96         96
          2         97         98
          8         99        106
          2        107        108
          2        109        110
          3        111        113
          3        114        116
          8        117        124
          4        125        128
          8        129        136
          1        137        137
          2        138        139
          2        140        141
         10        142        151
          4        152        155
          4        156        159
          4        160        163
          3        164        166
          5        167        171
          7        172        178
          1        179        179
          5        180        184
          1        185        185
          5        186        190
          1        191        191
          1        192        192
          5        193        197
          3        198        200
          1        201        201
          6        202        207
          2        208        209
          6        210        215
          1        216        216
          6        217        222
          5        223        227
          2        228        229
          4        230        233
          1        234        234
          2        235        236
          5        237        241
          1        242        242
          1        243        243
          2        244        245
          2        246        247
          1        248        248
          7        249        255
          1        256        256
          1        257        257
          1        258        258
          1        259        259
          5        260        264
          2        265        266
          1        267        267
         10        268        277
          4        278        281
         14        282        295
          1        296        296
          1        297        297
          1        298        298
          2        299        300
          1        301        301
          2        302        303
          1        304        304
          2        305        306
          3        307        309
          1        310        310
          2        311        312
          1        313        313
          2        314        315
          8        316        323
          1        324        324
          1        325        325
          3        326        328
          1        329        329
          2        330        331
          2        332        333
          3        334        336
          1        337        337
          2        338        339
          3        340        342
          2        343        344
          1        345        345
          1        346        346
          1        347        347
          2        348        349
          2        350        351
          4        352        355
          1        356        356
          1        357        357
          1        358        358
          1        359        359
          1        360        360
          2        361        362
          8        363        370
          3        371        373
          1        374        374
          3        375        377
          4        378        381
          1        382        382
          1        383        383
          7        384        390
          1        391        391
          2        392        393
          3        394        396
          4        397        400
          4        401        404
          7        405        411
          5        412        416
          1        417        417
          4        418        421
          2        422        423
          3        424        426
          2        427        428
          1        429        429
          1        430        430
          8        431        438
          2        439        440
          3        441        443
          1        444        444
          1        445        445
          1        446        446
          1        447        447
          5        448        452
          2        453        454
          2        455        456
          1        457        457
          2        458        459
          1        460        460
          1        461        461
          3        462        464
          2        465        466
          1        467        467
          1        468        468
          7        469        475
          5        476        480
          1        481        481
          1        482        482
          1        483        483
          1        484        484
          6        485        490
          7        491        497
          2        498        499
          1        500        500
          3        501        503
          4        504        507
          1        508        508
          2        509        510
          3        511        513
          3        514        516
          1        517        517
          1        518        518
          2        519        520
          1        521        521
          4        522        525
          2        526        527
          2        528        529
          4        530        533
          5        534        538
          1        539        539
          3        540        542
          1        543        543
          2        544        545
          1        546        546
          1        547        547
          1        548        548
          2        549        550
          1        551        551
          4        552        555
          3        556        558
          4        559        562
          1        563        563
          2        564        565
          1        566        566
          1        567        567
          1        568        568
          1        569        569
          1        570        570
          1        571        571
          6        572        577
          4        578        581
          3        582        584
          3        585        587
          3        588        590
          1        591        591
          1        592        592
          1        593        593
          1        594        594
          1        595        595
          2        596        597
          1        598        598
          1        599        599
          2        600        601
          6        602        607
          2        608        609
          3        610        612
          3        613        615
          1        616        616
          2        617        618
          3        619        621
          1        622        622
          1        623        623
          1        624        624
          1        625        625
          1        626        626
          2        627        628
          2        629        630
          2        631        632
          1        633        633
          3        634        636
          3        637        639
          4        640        643
          2        644        645
          6        646        651
          2        652        653
          3        654        656
          1        657        657
          1        658        658
          1        659        659
          2        660        661
          2        662        663
          6        664        669
          1        670        670
          2        671        672
          1        673        673
          1        674        674
          2        675        676
          1        677        677
          2        678        679
          1        680        680
          2        681        682
          1        683        683
          1        684        684
          3        685        687
          1        688        688
          1        689        689
          2        690        691
          1        692        692
          1        693        693
          4        694        697
          1        698        698
          9        699        707
          1        708        708
          2        709        710
          1        711        711
          1        712        712
          1        713        713
          3        714        716
          1        717        717
          1        718        718
          1        719        719
          1        720        720
          2        721        722
          1        723        723
          1        724        724
          3        725        727
          6        728        733
          1        734        734
          2        735        736
          2        737        738
          1        739        739
          1        740        740
          1        741        741
          2        742        743
          5        744        748
          3        749        751
          3        752        754
          1        755        755
          1        756        756
          2        757        758
          4        759        762
          1        763        763
          1        764        764
          1        765        765
          1        766        766
          2        767        768
          4        769        772
          1        773        773
          3        774        776
          2        777        778
          1        779        779
          1        780        780
          4        781        784
          1        785        785
          1        786        786
          1        787        787
          1        788        788
          6        789        794
          3        795        797
          2        798        799
          1        800        800
          4        801        804
          1        805        805
          3        806        808
          1        809        809
          3        810        812
          1        813        813
          1        814        814
          1        815        815
          1        816        816
          3        817        819
          5        820        824
          7        825        831
          2        832        833
          2        834        835
          1        836        836
          3        837        839
          1        840        840
          1        841        841
          2        842        843
          2        844        845
          1        846        846
          1        847        847
          2        848        849
          2        850        851
          1        852        852
          2        853        854
          1        855        855
          1        856        856
          1        857        857
          2        858        859
          2        860        861
          1        862        862
          2        863        864
          1        865        865
          1        866        866
          2        867        868
          1        869        869
          6        870        875
          1        876        876
          1        877        877
          2        878        879
          1        880        880
          1        881        881
          1        882        882
          4        883        886
          2        887        888
          1        889        889
          1        890        890
          2        891        892
          3        893        895
          3        896        898
          1        899        899
          1        900        900
          1        901        901
          1        902        902
          1        903        903
          1        904        904
          5        905        909
          6        910        915
          1        916        916
          1        917        917
          1        918        918
          1        919        919
          2        920        921
          1        922        922
          3        923        925
          1        926        926
          1        927        927
          5        928        932
          1        933        933
          1        934        934
          1        935        935
          1        936        936
          2        937        938
          2        939        940
          1        941        941
          1        942        942
          3        943        945
          2        946        947
          2        948        949
          1        950        950
          6        951        956
          2        957        958
          1        959        959
          1        960        960
          1        961        961
          1        962        962
          2        963        964
          1        965        965
          1        966        966
          1        967        967
          1        968        968
          1        969        969
          2        970        971
          2        972        973
          1        974        974
          7        975        981
          1        982        982
          1        983        983
          3        984        986
          1        987        987
          1        988        988
          1        989        989
          1        990        990
          1        991        991
          1        992        992
          1        993        993
          4        994        997
          7        998       1004
          1       1005       1005
          1       1006       1006
          4       1007       1010
          3       1011       1013
          2       1014       1015
          1       1016       1016
          3       1017       1019
          3       1020       1022
          1       1023       1023
          1       1024       1024
          3       1025       1027
          1       1028       1028
          2       1029       1030
          1       1031       1031
          1       1032       1032
          2       1033       1034
          3       1035       1037
          3       1038       1040
          1       1041       1041
          1       1042       1042
          5       1043       1047
          1       1048       1048
          1       1049       1049
          1       1050       1050
          2       1051       1052
          1       1053       1053
          1       1054       1054
          2       1055       1056
          1       1057       1057
          1       1058       1058
          1       1059       1059
          6       1060       1065
          1       1066       1066
          1       1067       1067
          1       1068       1068
          1       1069       1069
          2       1070       1071
          3       1072       1074
          1       1075       1075
          1       1076       1076
          1       1077       1077
          1       1078       1078
          1       1079       1079
          1       1080       1080
          1       1081       1081
          1       1082       1082
          1       1083       1083
          2       1084       1085
          1       1086       1086
          1       1087       1087
          1       1088       1088
          1       1089       1089
          3       1090       1092
          1       1093       1093
          4       1094       1097
          1       1098       1098
          1       1099       1099
          1       1100       1100
          1       1101       1101
          2       1102       1103
          1       1104       1104
          1       1105       1105
          1       1106       1106
          1       1107       1107
          1       1108       1108
          2       1109       1110
          1       1111       1111
          8       1112       1119
          1       1120       1120
          1       1121       1121
          2       1122       1123
          3       1124       1126
          4       1127       1130
          2       1131       1132
          6       1133       1138
          1       1139       1139
          1       1140       1140
          1       1141       1141
          1       1142       1142
          2       1143       1144
          2       1145       1146
          2       1147       1148
          1       1149       1149
          3       1150       1152
          1       1153       1153
          4       1154       1157
          3       1158       1160
          3       1161       1163
          2       1164       1165
          3       1166       1168
          1       1169       1169
          1       1170       1170
          2       1171       1172
          3       1173       1175
          3       1176       1178
          2       1179       1180
          1       1181       1181
          3       1182       1184
          2       1185       1186
          1       1187       1187
          1       1188       1188
          1       1189       1189
          4       1190       1193
          1       1194       1194
          1       1195       1195
          1       1196       1196
          2       1197       1198
          6       1199       1204
          4       1205       1208
          2       1209       1210
          1       1211       1211
          1       1212       1212
          3       1213       1215
          2       1216       1217
          2       1218       1219
          2       1220       1221
          1       1222       1222
          2       1223       1224
          1       1225       1225
          1       1226       1226
          4       1227       1230
          3       1231       1233
          1       1234       1234
          2       1235       1236
          2       1237       1238
          4       1239       1242
          2       1243       1244
          3       1245       1247
          1       1248       1248
          7       1249       1255
          2       1256       1257
          3       1258       1260
          1       1261       1261
          2       1262       1263
          2       1264       1265
          2       1266       1267
          2       1268       1269
          1       1270       1270
          2       1271       1272
          1       1273       1273
          1       1274       1274
          3       1275       1277
          1       1278       1278
          1       1279       1279
          2       1280       1281
          1       1282       1282
          1       1283       1283
          1       1284       1284
          2       1285       1286
          1       1287       1287
          4       1288       1291
          1       1292       1292
          2       1293       1294
          3       1295       1297
          1       1298       1298
          2       1299       1300
          3       1301       1303
          1       1304       1304
          1       1305       1305
          1       1306       1306
          2       1307       1308
          7       1309       1315
          3       1316       1318
          1       1319       1319
          1       1320       1320
          1       1321       1321
          1       1322       1322
          1       1323       1323
          2       1324       1325
          3       1326       1328
          5       1329       1333
          5       1334       1338
          1       1339       1339
          3       1340       1342
          1       1343       1343
          1       1344       1344
          1       1345       1345
          1       1346       1346
          1       1347       1347
          7       1348       1354
          1       1355       1355
          1       1356       1356
          3       1357       1359
          3       1360       1362
          1       1363       1363
          2       1364       1365
          2       1366       1367
          2       1368       1369
          1       1370       1370
          3       1371       1373
          1       1374       1374
          1       1375       1375
          4       1376       1379
          1       1380       1380
          1       1381       1381
          3       1382       1384
          1       1385       1385
          2       1386       1387
          2       1388       1389
          1       1390       1390
          3       1391       1393
          1       1394       1394
          3       1395       1397
          1       1398       1398
          1       1399       1399
          1       1400       1400
          1       1401       1401
          1       1402       1402
          1       1403       1403
          3       1404       1406
          2       1407       1408
          3       1409       1411
          2       1412       1413
          1       1414       1414
          2       1415       1416
          1       1417       1417
          5       1418       1422
          1       1423       1423
          1       1424       1424
          1       1425       1425
          1       1426       1426
          1       1427       1427
          1       1428       1428
          1       1429       1429
          2       1430       1431
          1       1432       1432
          4       1433       1436
          1       1437       1437
          1       1438       1438
          2       1439       1440
          1       1441       1441
          6       1442       1447
          1       1448       1448
          4       1449       1452
          4       1453       1456
          1       1457       1457
          2       1458       1459
          2       1460       1461
          1       1462       1462
          4       1463       1466
          1       1467       1467
          1       1468       1468
          1       1469       1469
          1       1470       1470
          1       1471       1471
          2       1472       1473
          1       1474       1474
          1       1475       1475
          1       1476       1476
          1       1477       1477
          7       1478       1484
          1       1485       1485
          1       1486       1486
          3       1487       1489
          4       1490       1493
          1       1494       1494
          1       1495       1495
          6       1496       1501
          1       1502       1502
          1       1503       1503
          2       1504       1505
          1       1506       1506
          1       1507       1507
          1       1508       1508
          1       1509       1509
          1       1510       1510
          1       1511       1511
          1       1512       1512
          1       1513       1513
          1       1514       1514
          1       1515       1515
          1       1516       1516
          5       1517       1521
          1       1522       1522
          1       1523       1523
          3       1524       1526
          1       1527       1527
          1       1528       1528
          6       1529       1534
          2       1535       1536
          3       1537       1539
          1       1540       1540
          2       1541       1542
          1       1543       1543
          1       1544       1544
          1       1545       1545
          1       1546       1546
          2       1547       1548
          1       1549       1549
          1       1550       1550
          1       1551       1551
          7       1552       1558
          4       1559       1562
          1       1563       1563
          1       1564       1564
          2       1565       1566
          2       1567       1568
          5       1569       1573
          3       1574       1576
          1       1577       1577
          1       1578       1578
          1       1579       1579
          2       1580       1581
          1       1582       1582
          2       1583       1584
          1       1585       1585
          1       1586       1586
          1       1587       1587
          1       1588       1588
          1       1589       1589
          1       1590       1590
          1       1591       1591
          2       1592       1593
          2       1594       1595
          2       1596       1597
          2       1598       1599
          1       1600       1600
          1       1601       1601
          1       1602       1602
          1       1603       1603
          1       1604       1604
          1       1605       1605
          1       1606       1606
          1       1607       1607
          2       1608       1609
          4       1610       1613
          1       1614       1614
          2       1615       1616
          1       1617       1617
          2       1618       1619
          3       1620       1622
          1       1623       1623
          2       1624       1625
          2       1626       1627
          3       1628       1630
          5       1631       1635
          1       1636       1636
          1       1637       1637
          1       1638       1638
          2       1639       1640
          1       1641       1641
          1       1642       1642
          1       1643       1643
          4       1644       1647
          1       1648       1648
          1       1649       1649
          2       1650       1651
          1       1652       1652
          1       1653       1653
          1       1654       1654
          3       1655       1657
          1       1658       1658
          1       1659       1659
          1       1660       1660
          2       1661       1662
          1       1663       1663
          2       1664       1665
          2       1666       1667
          2       1668       1669
          2       1670       1671
          1       1672       1672
          1       1673       1673
          4       1674       1677
          2       1678       1679
          1       1680       1680
          1       1681       1681
          3       1682       1684
          3       1685       1687
          1       1688       1688
          1       1689       1689
          1       1690       1690
          2       1691       1692
          2       1693       1694
          2       1695       1696
          2       1697       1698
          1       1699       1699
          2       1700       1701
          1       1702       1702
          3       1703       1705
          2       1706       1707
          1       1708       1708
          1       1709       1709
          1       1710       1710
          1       1711       1711
          2       1712       1713
          1       1714       1714
          2       1715       1716
          1       1717       1717
          1       1718       1718
          1       1719       1719
          1       1720       1720
          1       1721       1721
          1       1722       1722
          1       1723       1723
          2       1724       1725
          1       1726       1726
          2       1727       1728
          2       1729       1730
          1       1731       1731
          1       1732       1732
          1       1733       1733
          3       1734       1736
          1       1737       1737
          2       1738       1739
          1       1740       1740
          2       1741       1742
          1       1743       1743
          1       1744       1744
          2       1745       1746
          4       1747       1750
          2       1751       1752
          1       1753       1753
          1       1754       1754
          1       1755       1755
          3       1756       1758
          1       1759       1759
          1       1760       1760
          1       1761       1761
          1       1762       1762
          3       1763       1765
          1       1766       1766
          1       1767       1767
          2       1768       1769
          1       1770       1770
          3       1771       1773
          1       1774       1774
          5       1775       1779
          1       1780       1780
          1       1781       1781
          4       1782       1785
          1       1786       1786
          2       1787       1788
          2       1789       1790
          1       1791       1791
          1       1792       1792
          1       1793       1793
          2       1794       1795
          1       1796       1796
          2       1797       1798
          1       1799       1799
          2       1800       1801
          1       1802       1802
          2       1803       1804
          1       1805       1805
          1       1806       1806
          2       1807       1808
          4       1809       1812
          2       1813       1814
          1       1815       1815
          1       1816       1816
          3       1817       1819
          1       1820       1820
          2       1821       1822
          1       1823       1823
          1       1824       1824
          1       1825       1825
          3       1826       1828
          2       1829       1830
          1       1831       1831
          1       1832       1832
          2       1833       1834
          3       1835       1837
          1       1838       1838
          1       1839       1839
          2       1840       1841
          4       1842       1845
          1       1846       1846
          1       1847       1847
          3       1848       1850
          3       1851       1853
          1       1854       1854
          1       1855       1855
          1       1856       1856
          1       1857       1857
          2       1858       1859
          1       1860       1860
          1       1861       1861
          1       1862       1862
          1       1863       1863
          2       1864       1865
          1       1866       1866
          4       1867       1870
          2       1871       1872
          1       1873       1873
          2       1874       1875
          3       1876       1878
          1       1879       1879
          1       1880       1880
          1       1881       1881
          2       1882       1883
          3       1884       1886
          3       1887       1889
          1       1890       1890
          1       1891       1891
          1       1892       1892
          1       1893       1893
          1       1894       1894
          2       1895       1896
          1       1897       1897
          1       1898       1898
          1       1899       1899
          1       1900       1900
          1       1901       1901
          1       1902       1902
          1       1903       1903
          2       1904       1905
          1       1906       1906
          1       1907       1907
          1       1908       1908
          1       1909       1909
          7       1910       1916
          2       1917       1918
          3       1919       1921
          4       1922       1925
          1       1926       1926
          1       1927       1927
          1       1928       1928
          1       1929       1929
          3       1930       1932
          1       1933       1933
          3       1934       1936
          2       1937       1938
          4       1939       1942
          1       1943       1943
          1       1944       1944
          1       1945       1945
          1       1946       1946
          2       1947       1948
          1       1949       1949
          2       1950       1951
          1       1952       1952
          2       1953       1954
          1       1955       1955
          2       1956       1957
          2       1958       1959
          2       1960       1961
          1       1962       1962
          2       1963       1964
          1       1965       1965
          1       1966       1966
          1       1967       1967
          1       1968       1968
          2       1969       1970
          1       1971       1971
          3       1972       1974
          1       1975       1975
          1       1976       1976
          3       1977       1979
          1       1980       1980
          6       1981       1986
          1       1987       1987
          3       1988       1990
          3       1991       1993
          1       1994       1994
          1       1995       1995
          1       1996       1996
          1       1997       1997
          3       1998       2000
          1       2001       2001
          1       2002       2002
          2       2003       2004
          1       2005       2005
          2       2006       2007
          2       2008       2009
          1       2010       2010
          1       2011       2011
          1       2012       2012
          1       2013       2013
          2       2014       2015
          1       2016       2016
          1       2017       2017
          2       2018       2019
          1       2020       2020
          1       2021       2021
          1       2022       2022
          1       2023       2023
          2       2024       2025
          2       2026       2027
          1       2028       2028
          2       2029       2030
          2       2031       2032
          2       2033       2034
          1       2035       2035
          1       2036       2036
          1       2037       2037
          1       2038       2038
          1       2039       2039
          1       2040       2040
          1       2041       2041
          1       2042       2042
          1       2043       2043
          1       2044       2044
          1       2045       2045
          1       2046       2046
          3       2047       2049
          1       2050       2050
          7       2051       2057
          1       2058       2058
          3       2059       2061
          1       2062       2062
          1       2063       2063
          3       2064       2066
          1       2067       2067
          1       2068       2068
          2       2069       2070
          4       2071       2074
          1       2075       2075
          1       2076       2076
          7       2077       2083
          1       2084       2084
          1       2085       2085
          1       2086       2086
          1       2087       2087
          1       2088       2088
          1       2089       2089
          2       2090       2091
          1       2092       2092
          5       2093       2097
          1       2098       2098
          1       2099       2099
          1       2100       2100
          2       2101       2102
          1       2103       2103
          3       2104       2106
          2       2107       2108
          1       2109       2109
          1       2110       2110
          1       2111       2111
          1       2112       2112
          2       2113       2114
          1       2115       2115
          5       2116       2120
          1       2121       2121
          2       2122       2123
          1       2124       2124
          6       2125       2130
          2       2131       2132
          1       2133       2133
          1       2134       2134
          1       2135       2135
          2       2136       2137
          1       2138       2138
          3       2139       2141
          1       2142       2142
          2       2143       2144
          1       2145       2145
          1       2146       2146
          1       2147       2147
          2       2148       2149
          1       2150       2150
          3       2151       2153
          2       2154       2155
          1       2156       2156
          3       2157       2159
          1       2160       2160
          1       2161       2161
          1       2162       2162
          1       2163       2163
          3       2164       2166
          1       2167       2167
          1       2168       2168
          1       2169       2169
          2       2170       2171
          1       2172       2172
          1       2173       2173
          1       2174       2174
          1       2175       2175
          3       2176       2178
          2       2179       2180
          1       2181       2181
          1       2182       2182
          1       2183       2183
          1       2184       2184
          2       2185       2186
          1       2187       2187
          1       2188       2188
          4       2189       2192
          2       2193       2194
          3       2195       2197
          1       2198       2198
          4       2199       2202
          1       2203       2203
          1       2204       2204
          1       2205       2205
          1       2206       2206
          1       2207       2207
          2       2208       2209
          1       2210       2210
          1       2211       2211
          1       2212       2212
          3       2213       2215
          1       2216       2216
          1       2217       2217
          1       2218       2218
          3       2219       2221
          1       2222       2222
          2       2223       2224
          1       2225       2225
          1       2226       2226
          1       2227       2227
          1       2228       2228
          3       2229       2231
          1       2232       2232
          1       2233       2233
          1       2234       2234
          1       2235       2235
          2       2236       2237
          1       2238       2238
          1       2239       2239
          1       2240       2240
          1       2241       2241
          1       2242       2242
          1       2243       2243
          1       2244       2244
          1       2245       2245
          1       2246       2246
          2       2247       2248
          3       2249       2251
          1       2252       2252
          1       2253       2253
          1       2254       2254
          2       2255       2256
          2       2257       2258
          1       2259       2259
          4       2260       2263
          1       2264       2264
          2       2265       2266
          2       2267       2268
          4       2269       2272
          1       2273       2273
          1       2274       2274
          3       2275       2277
          1       2278       2278
          1       2279       2279
          1       2280       2280
          4       2281       2284
          1       2285       2285
          1       2286       2286
          1       2287       2287
          2       2288       2289
          4       2290       2293
          2       2294       2295
          3       2296       2298
          1       2299       2299
          2       2300       2301
          1       2302       2302
          1       2303       2303
          1       2304       2304
          1       2305       2305
          4       2306       2309
          1       2310       2310
          2       2311       2312
          1       2313       2313
          2       2314       2315
          1       2316       2316
          1       2317       2317
          1       2318       2318
          1       2319       2319
          3       2320       2322
          2       2323       2324
          1       2325       2325
          2       2326       2327
          1       2328       2328
          1       2329       2329
          1       2330       2330
          2       2331       2332
          8       2333       2340
          1       2341       2341
          1       2342       2342
          1       2343       2343
          1       2344       2344
          1       2345       2345
          5       2346       2350
          2       2351       2352
          1       2353       2353
          1       2354       2354
          1       2355       2355
          1       2356       2356
          7       2357       2363
          3       2364       2366
          2       2367       2368
          1       2369       2369
          1       2370       2370
          1       2371       2371
          1       2372       2372
          3       2373       2375
          1       2376       2376
          1       2377       2377
          2       2378       2379
          2       2380       2381
          2       2382       2383
          1       2384       2384
          1       2385       2385
          2       2386       2387
          1       2388       2388
          1       2389       2389
          5       2390       2394
          1       2395       2395
          2       2396       2397
          5       2398       2402
          3       2403       2405
          2       2406       2407
          1       2408       2408
          1       2409       2409
          1       2410       2410
          1       2411       2411
          1       2412       2412
          1       2413       2413
          6       2414       2419
          1       2420       2420
          3       2421       2423
          2       2424       2425
          3       2426       2428
          1       2429       2429
          1       2430       2430
          1       2431       2431
          1       2432       2432
          2       2433       2434
          1       2435       2435
          1       2436       2436
          1       2437       2437
          1       2438       2438
          1       2439       2439
          1       2440       2440
          1       2441       2441
          1       2442       2442
          1       2443       2443
          1       2444       2444
          1       2445       2445
          1       2446       2446
          1       2447       2447
          1       2448       2448
          1       2449       2449
          3       2450       2452
          1       2453       2453
          1       2454       2454
          1       2455       2455
          1       2456       2456
          3       2457       2459
          1       2460       2460
          1       2461       2461
          1       2462       2462
          1       2463       2463
          1       2464       2464
          5       2465       2469
          2       2470       2471
          1       2472       2472
          1       2473       2473
          1       2474       2474
          6       2475       2480
          2       2481       2482
          1       2483       2483
          1       2484       2484
          1       2485       2485
          1       2486       2486
          1       2487       2487
          3       2488       2490
          1       2491       2491
          1       2492       2492
          1       2493       2493
          2       2494       2495
          1       2496       2496
          2       2497       2498
          1       2499       2499
          1       2500       2500
          1       2501       2501
          1       2502       2502
          1       2503       2503
          3       2504       2506
          2       2507       2508
          4       2509       2512
          4       2513       2516
          1       2517       2517
          1       2518       2518
          3       2519       2521
          1       2522       2522
          1       2523       2523
          1       2524       2524
          1       2525       2525
          1       2526       2526
          1       2527       2527
          1       2528       2528
          1       2529       2529
          3       2530       2532
          1       2533       2533
          1       2534       2534
          1       2535       2535
          1       2536       2536
          1       2537       2537
          2       2538       2539
          1       2540       2540
          7       2541       2547
          3       2548       2550
          1       2551       2551
          1       2552       2552
          1       2553       2553
          1       2554       2554
          1       2555       2555
          2       2556       2557
          1       2558       2558
          1       2559       2559
          3       2560       2562
          1       2563       2563
          1       2564       2564
          1       2565       2565
          1       2566       2566
          1       2567       2567
          1       2568       2568
          1       2569       2569
          2       2570       2571
          2       2572       2573
          3       2574       2576
          2       2577       2578
          1       2579       2579
          1       2580       2580
          1       2581       2581
          5       2582       2586
          1       2587       2587
          2       2588       2589
          1       2590       2590
          1       2591       2591
          3       2592       2594
          2       2595       2596
          2       2597       2598
          1       2599       2599
          1       2600       2600
          1       2601       2601
          4       2602       2605
          1       2606       2606
          1       2607       2607
          2       2608       2609
          1       2610       2610
          2       2611       2612
          1       2613       2613
          1       2614       2614
          3       2615       2617
          1       2618       2618
          4       2619       2622
          2       2623       2624
          2       2625       2626
          3       2627       2629
          1       2630       2630
          1       2631       2631
          1       2632       2632
          1       2633       2633
          2       2634       2635
          1       2636       2636
          1       2637       2637
          1       2638       2638
          1       2639       2639
          2       2640       2641
          1       2642       2642
          1       2643       2643
          1       2644       2644
          1       2645       2645
          1       2646       2646
          1       2647       2647
          1       2648       2648
          3       2649       2651
          1       2652       2652
          1       2653       2653
          1       2654       2654
          1       2655       2655
          1       2656       2656
          1       2657       2657
          2       2658       2659
          1       2660       2660
          1       2661       2661
          1       2662       2662
          1       2663       2663
          2       2664       2665
          1       2666       2666
          1       2667       2667
          2       2668       2669
          1       2670       2670
          2       2671       2672
          1       2673       2673
          1       2674       2674
          3       2675       2677
          1       2678       2678
          1       2679       2679
          3       2680       2682
          4       2683       2686
          1       2687       2687
          2       2688       2689
          2       2690       2691
          1       2692       2692
          1       2693       2693
          1       2694       2694
          2       2695       2696
          2       2697       2698
          2       2699       2700
          1       2701       2701
          1       2702       2702
          1       2703       2703
          1       2704       2704
          1       2705       2705
          1       2706       2706
          1       2707       2707
          2       2708       2709
          1       2710       2710
          1       2711       2711
          2       2712       2713
          1       2714       2714
          1       2715       2715
          2       2716       2717
          1       2718       2718
          1       2719       2719
          1       2720       2720
          1       2721       2721
          2       2722       2723
          1       2724       2724
          1       2725       2725
          1       2726       2726
          1       2727       2727
          1       2728       2728
          1       2729       2729
          1       2730       2730
          5       2731       2735
          1       2736       2736
          1       2737       2737
          2       2738       2739
          1       2740       2740
          1       2741       2741
          1       2742       2742
          1       2743       2743
          1       2744       2744
          1       2745       2745
          2       2746       2747
          2       2748       2749
          1       2750       2750
          2       2751       2752
          1       2753       2753
          1       2754       2754
          1       2755       2755
          1       2756       2756
          1       2757       2757
          1       2758       2758
          1       2759       2759
          1       2760       2760
          1       2761       2761
          1       2762       2762
          1       2763       2763
          5       2764       2768
          1       2769       2769
          1       2770       2770
          1       2771       2771
          3       2772       2774
          2       2775       2776
          1       2777       2777
          1       2778       2778
          1       2779       2779
          2       2780       2781
          1       2782       2782
          3       2783       2785
          1       2786       2786
          1       2787       2787
          1       2788       2788
          2       2789       2790
          1       2791       2791
          4       2792       2795
          3       2796       2798
          1       2799       2799
          1       2800       2800
          2       2801       2802
          2       2803       2804
          1       2805       2805
          1       2806       2806
          2       2807       2808
          1       2809       2809
          1       2810       2810
          1       2811       2811
          1       2812       2812
          1       2813       2813
          1       2814       2814
          1       2815       2815
          1       2816       2816
          3       2817       2819
          2       2820       2821
          1       2822       2822
          2       2823       2824
          1       2825       2825
          1       2826       2826
          1       2827       2827
          1       2828       2828
          1       2829       2829
          2       2830       2831
          1       2832       2832
          1       2833       2833
          6       2834       2839
          1       2840       2840
          1       2841       2841
          1       2842       2842
          1       2843       2843
          1       2844       2844
          1       2845       2845
          2       2846       2847
          2       2848       2849
          1       2850       2850
          1       2851       2851
          1       2852       2852
          1       2853       2853
          1       2854       2854
          1       2855       2855
          1       2856       2856
          1       2857       2857
          1       2858       2858
          1       2859       2859
          1       2860       2860
          1       2861       2861
          1       2862       2862
          1       2863       2863
          1       2864       2864
          1       2865       2865
          2       2866       2867
          1       2868       2868
          2       2869       2870
          1       2871       2871
          1       2872       2872
          1       2873       2873
          2       2874       2875
          1       2876       2876
          1       2877       2877
          1       2878       2878
          2       2879       2880
          1       2881       2881
          2       2882       2883
          1       2884       2884
          1       2885       2885
          1       2886       2886
          2       2887       2888
          1       2889       2889
          1       2890       2890
          2       2891       2892
          1       2893       2893
          1       2894       2894
          1       2895       2895
          3       2896       2898
          1       2899       2899
          1       2900       2900
          2       2901       2902
          1       2903       2903
          1       2904       2904
          1       2905       2905
          1       2906       2906
          1       2907       2907
          2       2908       2909
          2       2910       2911
          1       2912       2912
          1       2913       2913
          1       2914       2914
          1       2915       2915
          1       2916       2916
          1       2917       2917
          2       2918       2919
          2       2920       2921
          1       2922       2922
          1       2923       2923
          1       2924       2924
          3       2925       2927
          2       2928       2929
          1       2930       2930
          2       2931       2932
          1       2933       2933
          1       2934       2934
          1       2935       2935
          1       2936       2936
          2       2937       2938
          1       2939       2939
          1       2940       2940
          1       2941       2941
          3       2942       2944
          1       2945       2945
          1       2946       2946
          3       2947       2949
          1       2950       2950
          1       2951       2951
          1       2952       2952
          2       2953       2954
          1       2955       2955
          1       2956       2956
          2       2957       2958
          1       2959       2959
          2       2960       2961
          1       2962       2962
          1       2963       2963
          1       2964       2964
          2       2965       2966
          1       2967       2967
          2       2968       2969
          1       2970       2970
          1       2971       2971
          1       2972       2972
          1       2973       2973
          2       2974       2975
          3       2976       2978
          2       2979       2980
          2       2981       2982
          1       2983       2983
          1       2984       2984
          2       2985       2986
          1       2987       2987
          1       2988       2988
          2       2989       2990
          1       2991       2991
          2       2992       2993
          1       2994       2994
          1       2995       2995
          1       2996       2996
          1       2997       2997
          1       2998       2998
          1       2999       2999
          1       3000       3000
          1       3001       3001
          4       3002       3005
          2       3006       3007
          1       3008       3008
          1       3009       3009
          1       3010       3010
          1       3011       3011
          1       3012       3012
          1       3013       3013
          1       3014       3014
          1       3015       3015
          1       3016       3016
          1       3017       3017
          2       3018       3019
          1       3020       3020
          3       3021       3023
          2       3024       3025
          2       3026       3027
          1       3028       3028
          3       3029       3031
          1       3032       3032
          2       3033       3034
          1       3035       3035
          1       3036       3036
          1       3037       3037
          2       3038       3039
          3       3040       3042
          2       3043       3044
          2       3045       3046
          1       3047       3047
          1       3048       3048
          1       3049       3049
          2       3050       3051
          1       3052       3052
          1       3053       3053
          1       3054       3054
          1       3055       3055
          1       3056       3056
          1       3057       3057
          1       3058       3058
          1       3059       3059
          3       3060       3062
          1       3063       3063
          1       3064       3064
          1       3065       3065
          1       3066       3066
          1       3067       3067
          2       3068       3069
          1       3070       3070
          1       3071       3071
          1       3072       3072
          1       3073       3073
          1       3074       3074
          4       3075       3078
          1       3079       3079
          1       3080       3080
          2       3081       3082
          2       3083       3084
          2       3085       3086
          3       3087       3089
          1       3090       3090
          3       3091       3093
          1       3094       3094
          1       3095       3095
          1       3096       3096
          1       3097       3097
          1       3098       3098
          1       3099       3099
          1       3100       3100
          1       3101       3101
          1       3102       3102
          1       3103       3103
          1       3104       3104
          1       3105       3105
          1       3106       3106
          2       3107       3108
          3       3109       3111
          1       3112       3112
          1       3113       3113
          1       3114       3114
          1       3115       3115
          1       3116       3116
          1       3117       3117
          2       3118       3119
          3       3120       3122
          2       3123       3124
          3       3125       3127
          1       3128       3128
          1       3129       3129
          1       3130       3130
          1       3131       3131
          2       3132       3133
          3       3134       3136
          2       3137       3138
          2       3139       3140
          1       3141       3141
          2       3142       3143
          1       3144       3144
          1       3145       3145
          1       3146       3146
          1       3147       3147
          1       3148       3148
          1       3149       3149
          1       3150       3150
          1       3151       3151
          1       3152       3152
          1       3153       3153
          2       3154       3155
          1       3156       3156
          1       3157       3157
          1       3158       3158
          2       3159       3160
          1       3161       3161
          1       3162       3162
          2       3163       3164
          1       3165       3165
          1       3166       3166
          1       3167       3167
          1       3168       3168
          1       3169       3169
          1       3170       3170
          1       3171       3171
          2       3172       3173
          1       3174       3174
          1       3175       3175
          1       3176       3176
          1       3177       3177
          1       3178       3178
          1       3179       3179
          1       3180       3180
          1       3181       3181
          1       3182       3182
          1       3183       3183
          1       3184       3184
          2       3185       3186
          1       3187       3187
          1       3188       3188
          1       3189       3189
          2       3190       3191
          1       3192       3192
          1       3193       3193
          1       3194       3194
          2       3195       3196
          2       3197       3198
          1       3199       3199
          1       3200       3200
          1       3201       3201
          1       3202       3202
          1       3203       3203
          1       3204       3204
          1       3205       3205
          1       3206       3206
          1       3207       3207
          1       3208       3208
          3       3209       3211
          2       3212       3213
          4       3214       3217
          2       3218       3219
          1       3220       3220
          1       3221       3221
          3       3222       3224
          2       3225       3226
          1       3227       3227
          2       3228       3229
          1       3230       3230
          1       3231       3231
          1       3232       3232
          1       3233       3233
          5       3234       3238
          2       3239       3240
          4       3241       3244
          1       3245       3245
          1       3246       3246
          1       3247       3247
          1       3248       3248
          1       3249       3249
          2       3250       3251
          1       3252       3252
          1       3253       3253
          2       3254       3255
          3       3256       3258
          1       3259       3259
          1       3260       3260
          1       3261       3261
          1       3262       3262
          2       3263       3264
          2       3265       3266
          1       3267       3267
          1       3268       3268
          2       3269       3270
          1       3271       3271
          1       3272       3272
          1       3273       3273
          1       3274       3274
          1       3275       3275
          1       3276       3276
          1       3277       3277
          1       3278       3278
          2       3279       3280
          1       3281       3281
          1       3282       3282
          1       3283       3283
          1       3284       3284
          1       3285       3285
          3       3286       3288
          1       3289       3289
          1       3290       3290
          1       3291       3291
          1       3292       3292
          1       3293       3293
          1       3294       3294
          3       3295       3297
          1       3298       3298
          1       3299       3299
          1       3300       3300
          1       3301       3301
          1       3302       3302
          1       3303       3303
          2       3304       3305
          1       3306       3306
          1       3307       3307
          1       3308       3308
          2       3309       3310
          1       3311       3311
          2       3312       3313
          2       3314       3315
          1       3316       3316
          2       3317       3318
          1       3319       3319
          1       3320       3320
          1       3321       3321
          1       3322       3322
          1       3323       3323
          1       3324       3324
          1       3325       3325
          1       3326       3326
          1       3327       3327
          1       3328       3328
          1       3329       3329
          1       3330       3330
          1       3331       3331
          1       3332       3332
          1       3333       3333
          1       3334       3334
          1       3335       3335
          3       3336       3338
          1       3339       3339
          2       3340       3341
          2       3342       3343
          1       3344       3344
          1       3345       3345
          1       3346       3346
          1       3347       3347
          1       3348       3348
          2       3349       3350
          1       3351       3351
          2       3352       3353
          1       3354       3354
          1       3355       3355
          2       3356       3357
          1       3358       3358
          2       3359       3360
          1       3361       3361
          1       3362       3362
          2       3363       3364
          1       3365       3365
          2       3366       3367
          1       3368       3368
          1       3369       3369
          1       3370       3370
          1       3371       3371
          1       3372       3372
          2       3373       3374
          2       3375       3376
          1       3377       3377
          1       3378       3378
          2       3379       3380
          1       3381       3381
          1       3382       3382
          1       3383       3383
          1       3384       3384
          1       3385       3385
          1       3386       3386
          2       3387       3388
          1       3389       3389
          1       3390       3390
          1       3391       3391
          1       3392       3392
          1       3393       3393
          1       3394       3394
          2       3395       3396
          1       3397       3397
          1       3398       3398
          1       3399       3399
          1       3400       3400
          2       3401       3402
          1       3403       3403
          1       3404       3404
          1       3405       3405
          1       3406       3406
          1       3407       3407
          1       3408       3408
          1       3409       3409
          2       3410       3411
          1       3412       3412
          1       3413       3413
          1       3414       3414
          1       3415       3415
          1       3416       3416
          3       3417       3419
          1       3420       3420
          1       3421       3421
          2       3422       3423
          1       3424       3424
          1       3425       3425
          1       3426       3426
          1       3427       3427
          2       3428       3429
          1       3430       3430
          2       3431       3432
          1       3433       3433
          1       3434       3434
          1       3435       3435
          6       3436       3441
          1       3442       3442
          1       3443       3443
          1       3444       3444
          2       3445       3446
          1       3447       3447
          1       3448       3448
          1       3449       3449
          1       3450       3450
          2       3451       3452
          2       3453       3454
          1       3455       3455
          4       3456       3459
          1       3460       3460
          1       3461       3461
          1       3462       3462
          2       3463       3464
          1       3465       3465
          1       3466       3466
          1       3467       3467
          1       3468       3468
          1       3469       3469
          1       3470       3470
          1       3471       3471
          1       3472       3472
          2       3473       3474
          1       3475       3475
          1       3476       3476
          2       3477       3478
          1       3479       3479
          1       3480       3480
          1       3481       3481
          1       3482       3482
          1       3483       3483
          2       3484       3485
          1       3486       3486
          1       3487       3487
          1       3488       3488
          1       3489       3489
          1       3490       3490
          1       3491       3491
          1       3492       3492
          1       3493       3493
          1       3494       3494
          1       3495       3495
          3       3496       3498
          1       3499       3499
          1       3500       3500
          1       3501       3501
          1       3502       3502
          1       3503       3503
          1       3504       3504
          1       3505       3505
          1       3506       3506
          1       3507       3507
          1       3508       3508
          4       3509       3512
          1       3513       3513
          1       3514       3514
          1       3515       3515
          1       3516       3516
          1       3517       3517
          1       3518       3518
          1       3519       3519
          1       3520       3520
          1       3521       3521
          2       3522       3523
          1       3524       3524
          1       3525       3525
          1       3526       3526
          1       3527       3527
          1       3528       3528
          1       3529       3529
          1       3530       3530
          1       3531       3531
          1       3532       3532
          1       3533       3533
          1       3534       3534
          2       3535       3536
          1       3537       3537
          1       3538       3538
          2       3539       3540
          2       3541       3542
          1       3543       3543
          1       3544       3544
          1       3545       3545
          1       3546       3546
          1       3547       3547
          1       3548       3548
          1       3549       3549
          1       3550       3550
          1       3551       3551
          2       3552       3553
          2       3554       3555
          2       3556       3557
          2       3558       3559
          1       3560       3560
          1       3561       3561
          1       3562       3562
          1       3563       3563
          1       3564       3564
          1       3565       3565
          2       3566       3567
          2       3568       3569
          1       3570       3570
          1       3571       3571
          2       3572       3573
          2       3574       3575
          1       3576       3576
          1       3577       3577
          1       3578       3578
          1       3579       3579
          1       3580       3580
          1       3581       3581
          1       3582       3582
          1       3583       3583
          1       3584       3584
          3       3585       3587
          1       3588       3588
          1       3589       3589
          1       3590       3590
          1       3591       3591
          1       3592       3592
          2       3593       3594
          1       3595       3595
          1       3596       3596
          1       3597       3597
          1       3598       3598
          2       3599       3600
          1       3601       3601
          1       3602       3602
          1       3603       3603
          1       3604       3604
          2       3605       3606
          1       3607       3607
          2       3608       3609
          1       3610       3610
          1       3611       3611
          1       3612       3612
          1       3613       3613
          1       3614       3614
          1       3615       3615
          1       3616       3616
          1       3617       3617
          1       3618       3618
          1       3619       3619
          1       3620       3620
          1       3621       3621
          1       3622       3622
          1       3623       3623
          1       3624       3624
          1       3625       3625
          1       3626       3626
          1       3627       3627
          1       3628       3628
          2       3629       3630
          1       3631       3631
          1       3632       3632
          1       3633       3633
          1       3634       3634
          1       3635       3635
          1       3636       3636
          1       3637       3637
          2       3638       3639
          1       3640       3640
          1       3641       3641
          1       3642       3642
          1       3643       3643
          1       3644       3644
          2       3645       3646
          1       3647       3647
          1       3648       3648
          2       3649       3650
          2       3651       3652
          1       3653       3653
          2       3654       3655
          2       3656       3657
          1       3658       3658
          1       3659       3659
          1       3660       3660
          1       3661       3661
          2       3662       3663
          1       3664       3664
          2       3665       3666
          1       3667       3667
          2       3668       3669
          1       3670       3670
          2       3671       3672
          1       3673       3673
          2       3674       3675
          2       3676       3677
          1       3678       3678
          3       3679       3681
          2       3682       3683
          1       3684       3684
          1       3685       3685
          1       3686       3686
          1       3687       3687
          2       3688       3689
          1       3690       3690
          1       3691       3691
          1       3692       3692
          4       3693       3696
          1       3697       3697
          2       3698       3699
          1       3700       3700
          1       3701       3701
          1       3702       3702
          3       3703       3705
          2       3706       3707
          1       3708       3708
          1       3709       3709
          1       3710       3710
          1       3711       3711
          2       3712       3713
          1       3714       3714
          1       3715       3715
          1       3716       3716
          1       3717       3717
          1       3718       3718
          1       3719       3719
          1       3720       3720
          1       3721       3721
          1       3722       3722
          1       3723       3723
          1       3724       3724
          1       3725       3725
          1       3726       3726
          2       3727       3728
          1       3729       3729
          1       3730       3730
          1       3731       3731
          2       3732       3733
          1       3734       3734
          2       3735       3736
          1       3737       3737
          1       3738       3738
          1       3739       3739
          1       3740       3740
          1       3741       3741
          1       3742       3742
          1       3743       3743
          1       3744       3744
          4       3745       3748
          1       3749       3749
          1       3750       3750
          1       3751       3751
          1       3752       3752
          2       3753       3754
          2       3755       3756
          1       3757       3757
          2       3758       3759
          3       3760       3762
          1       3763       3763
          1       3764       3764
          1       3765       3765
          1       3766       3766
          1       3767       3767
          2       3768       3769
          1       3770       3770
          1       3771       3771
          1       3772       3772
          1       3773       3773
          1       3774       3774
          1       3775       3775
          1       3776       3776
          1       3777       3777
          1       3778       3778
          4       3779       3782
          1       3783       3783
          2       3784       3785
          1       3786       3786
          1       3787       3787
          1       3788       3788
          1       3789       3789
          1       3790       3790
          1       3791       3791
          1       3792       3792
          1       3793       3793
          1       3794       3794
          1       3795       3795
          2       3796       3797
          1       3798       3798
          2       3799       3800
          1       3801       3801
          1       3802       3802
          2       3803       3804
          1       3805       3805
          2       3806       3807
          1       3808       3808
          1       3809       3809
          2       3810       3811
          2       3812       3813
          1       3814       3814
          1       3815       3815
          1       3816       3816
          1       3817       3817
          1       3818       3818
          1       3819       3819
          1       3820       3820
          1       3821       3821
          1       3822       3822
          4       3823       3826
          3       3827       3829
          1       3830       3830
          1       3831       3831
          1       3832       3832
          1       3833       3833
          2       3834       3835
          1       3836       3836
          1       3837       3837
          2       3838       3839
          1       3840       3840
          2       3841       3842
          1       3843       3843
          1       3844       3844
          1       3845       3845
          1       3846       3846
          1       3847       3847
          1       3848       3848
          1       3849       3849
          2       3850       3851
          1       3852       3852
          1       3853       3853
          1       3854       3854
          1       3855       3855
          1       3856       3856
          3       3857       3859
          3       3860       3862
          1       3863       3863
          2       3864       3865
          1       3866       3866
          1       3867       3867
          1       3868       3868
          1       3869       3869
          1       3870       3870
          2       3871       3872
          1       3873       3873
          1       3874       3874
          1       3875       3875
          1       3876       3876
          1       3877       3877
          1       3878       3878
          1       3879       3879
          1       3880       3880
          1       3881       3881
          2       3882       3883
          2       3884       3885
          1       3886       3886
          4       3887       3890
          1       3891       3891
          3       3892       3894
          1       3895       3895
          1       3896       3896
          1       3897       3897
          1       3898       3898
          1       3899       3899
          1       3900       3900
          1       3901       3901
          1       3902       3902
          2       3903       3904
          2       3905       3906
          1       3907       3907
          1       3908       3908
          1       3909       3909
          1       3910       3910
          1       3911       3911
          1       3912       3912
          1       3913       3913
          1       3914       3914
          1       3915       3915
          1       3916       3916
          1       3917       3917
          1       3918       3918
          1       3919       3919
          1       3920       3920
          1       3921       3921
          1       3922       3922
          2       3923       3924
          1       3925       3925
          2       3926       3927
          1       3928       3928
          1       3929       3929
          2       3930       3931
          1       3932       3932
          2       3933       3934
          2       3935       3936
          1       3937       3937
          1       3938       3938
          1       3939       3939
          1       3940       3940
          1       3941       3941
          1       3942       3942
          1       3943       3943
          1       3944       3944
          1       3945       3945
          3       3946       3948
          1       3949       3949
          1       3950       3950
          1       3951       3951
          1       3952       3952
          1       3953       3953
          1       3954       3954
          1       3955       3955
          1       3956       3956
          1       3957       3957
          4       3958       3961
          1       3962       3962
          1       3963       3963
          1       3964       3964
          1       3965       3965
          1       3966       3966
          1       3967       3967
          1       3968       3968
          1       3969       3969
          1       3970       3970
          1       3971       3971
          2       3972       3973
          2       3974       3975
          3       3976       3978
          1       3979       3979
          1       3980       3980
          1       3981       3981
          1       3982       3982
          1       3983       3983
          1       3984       3984
          1       3985       3985
          1       3986       3986
          1       3987       3987
          1       3988       3988
          1       3989       3989
          2       3990       3991
          1       3992       3992
          1       3993       3993
          3       3994       3996
          3       3997       3999
          1       4000       4000
          1       4001       4001
          1       4002       4002
          1       4003       4003
          1       4004       4004
          1       4005       4005
          1       4006       4006
          1       4007       4007
          1       4008       4008
          1       4009       4009
          1       4010       4010
          1       4011       4011
          1       4012       4012
          1       4013       4013
          1       4014       4014
          1       4015       4015
          2       4016       4017
          2       4018       4019
          1       4020       4020
          1       4021       4021
          1       4022       4022
          3       4023       4025
          1       4026       4026
          1       4027       4027
          1       4028       4028
          1       4029       4029
          1       4030       4030
          1       4031       4031
          1       4032       4032
          1       4033       4033
          1       4034       4034
          1       4035       4035
          2       4036       4037
          1       4038       4038
          1       4039       4039
          1       4040       4040
          3       4041       4043
          1       4044       4044
          1       4045       4045
          1       4046       4046
          1       4047       4047
          1       4048       4048
          1       4049       4049
          1       4050       4050
          1       4051       4051
          1       4052       4052
          1       4053       4053
          1       4054       4054
          1       4055       4055
          1       4056       4056
          1       4057       4057
          1       4058       4058
          1       4059       4059
          1       4060       4060
          2       4061       4062
          1       4063       4063
          1       4064       4064
          1       4065       4065
          1       4066       4066
          1       4067       4067
          1       4068       4068
          1       4069       4069
          1       4070       4070
          2       4071       4072
          1       4073       4073
          1       4074       4074
          1       4075       4075
          1       4076       4076
          1       4077       4077
          1       4078       4078
          1       4079       4079
          2       4080       4081
          1       4082       4082
          1       4083       4083
          1       4084       4084
          2       4085       4086
          1       4087       4087
          1       4088       4088
          1       4089       4089
          2       4090       4091
          1       4092       4092
          1       4093       4093
          1       4094       4094
          1       4095       4095
          1       4096       4096
          1       4097       4097
          1       4098       4098
          1       4099       4099
          1       4100       4100
          3       4101       4103
          1       4104       4104
          1       4105       4105
          1       4106       4106
          1       4107       4107
          1       4108       4108
          1       4109       4109
          1       4110       4110
          2       4111       4112
          1       4113       4113
          1       4114       4114
          1       4115       4115
          1       4116       4116
          1       4117       4117
          1       4118       4118
          1       4119       4119
          1       4120       4120
          1       4121       4121
          1       4122       4122
          2       4123       4124
          1       4125       4125
          1       4126       4126
          1       4127       4127
          1       4128       4128
          1       4129       4129
          1       4130       4130
          1       4131       4131
          1       4132       4132
          1       4133       4133
          2       4134       4135
          1       4136       4136
          1       4137       4137
          1       4138       4138
          1       4139       4139
          1       4140       4140
          1       4141       4141
          1       4142       4142
          1       4143       4143
          1       4144       4144
          1       4145       4145
          1       4146       4146
          1       4147       4147
          1       4148       4148
          1       4149       4149
          3       4150       4152
          1       4153       4153
          2       4154       4155
          1       4156       4156
          1       4157       4157
          1       4158       4158
          1       4159       4159
          2       4160       4161
          1       4162       4162
          1       4163       4163
          1       4164       4164
          1       4165       4165
          1       4166       4166
          3       4167       4169
          1       4170       4170
          2       4171       4172
          1       4173       4173
          1       4174       4174
          3       4175       4177
          1       4178       4178
          1       4179       4179
          1       4180       4180
          1       4181       4181
          1       4182       4182
          2       4183       4184
          1       4185       4185
          1       4186       4186
          1       4187       4187
          1       4188       4188
          1       4189       4189
          1       4190       4190
          1       4191       4191
          1       4192       4192
          1       4193       4193
          1       4194       4194
          1       4195       4195
          3       4196       4198
          1       4199       4199
          1       4200       4200
          1       4201       4201
          1       4202       4202
          1       4203       4203
          1       4204       4204
          1       4205       4205
          1       4206       4206
          1       4207       4207
          1       4208       4208
          1       4209       4209
          1       4210       4210
          1       4211       4211
          1       4212       4212
          1       4213       4213
          1       4214       4214
          1       4215       4215
          1       4216       4216
          1       4217       4217
          1       4218       4218
          1       4219       4219
          1       4220       4220
          1       4221       4221
          1       4222       4222
          1       4223       4223
          1       4224       4224
          1       4225       4225
          1       4226       4226
          2       4227       4228
          1       4229       4229
          1       4230       4230
          1       4231       4231
          1       4232       4232
          1       4233       4233
          2       4234       4235
          1       4236       4236
          1       4237       4237
          1       4238       4238
          1       4239       4239
          1       4240       4240
          1       4241       4241
          2       4242       4243
          1       4244       4244
          1       4245       4245
          2       4246       4247
          1       4248       4248
          1       4249       4249
          2       4250       4251
          1       4252       4252
          1       4253       4253
          1       4254       4254
          1       4255       4255
          2       4256       4257
          1       4258       4258
          1       4259       4259
          2       4260       4261
          1       4262       4262
          1       4263       4263
          1       4264       4264
          1       4265       4265
          1       4266       4266
          1       4267       4267
          1       4268       4268
          1       4269       4269
          1       4270       4270
          1       4271       4271
          1       4272       4272
          1       4273       4273
          2       4274       4275
          1       4276       4276
          1       4277       4277
          1       4278       4278
          1       4279       4279
          1       4280       4280
          3       4281       4283
          1       4284       4284
          1       4285       4285
          1       4286       4286
          1       4287       4287
          1       4288       4288
          1       4289       4289
          2       4290       4291
          2       4292       4293
          1       4294       4294
          2       4295       4296
          1       4297       4297
          1       4298       4298
          1       4299       4299
          1       4300       4300
          1       4301       4301
          1       4302       4302
          1       4303       4303
          1       4304       4304
          2       4305       4306
          2       4307       4308
          1       4309       4309
          1       4310       4310
          3       4311       4313
          1       4314       4314
          1       4315       4315
          1       4316       4316
          1       4317       4317
          1       4318       4318
          1       4319       4319
          1       4320       4320
          3       4321       4323
          2       4324       4325
          1       4326       4326
          1       4327       4327
          1       4328       4328
          1       4329       4329
          1       4330       4330
          1       4331       4331
          1       4332       4332
          1       4333       4333
          1       4334       4334
          1       4335       4335
          1       4336       4336
          1       4337       4337
          1       4338       4338
          1       4339       4339
          2       4340       4341
          1       4342       4342
          1       4343       4343
          2       4344       4345
          1       4346       4346
          1       4347       4347
          1       4348       4348
          1       4349       4349
          1       4350       4350
          1       4351       4351
          1       4352       4352
          1       4353       4353
          1       4354       4354
          1       4355       4355
          1       4356       4356
          1       4357       4357
          1       4358       4358
          1       4359       4359
          1       4360       4360
          1       4361       4361
          1       4362       4362
          1       4363       4363
          1       4364       4364
          2       4365       4366
          1       4367       4367
          1       4368       4368
          1       4369       4369
          1       4370       4370
          1       4371       4371
          1       4372       4372
          1       4373       4373
          1       4374       4374
          1       4375       4375
          1       4376       4376
          1       4377       4377
          1       4378       4378
          2       4379       4380
          1       4381       4381
          1       4382       4382
          1       4383       4383
          1       4384       4384
          3       4385       4387
          1       4388       4388
          1       4389       4389
          1       4390       4390
          1       4391       4391
          1       4392       4392
          1       4393       4393
          1       4394       4394
          1       4395       4395
          1       4396       4396
          1       4397       4397
          1       4398       4398
          1       4399       4399
          1       4400       4400
          1       4401       4401
          1       4402       4402
          1       4403       4403
          1       4404       4404
          1       4405       4405
          1       4406       4406
          1       4407       4407
          1       4408       4408
          1       4409       4409
          1       4410       4410
          1       4411       4411
          1       4412       4412
          1       4413       4413
          1       4414       4414
          1       4415       4415
          1       4416       4416
          1       4417       4417
          1       4418       4418
          1       4419       4419
          1       4420       4420
          1       4421       4421
          1       4422       4422
          1       4423       4423
          2       4424       4425
          1       4426       4426
          1       4427       4427
          1       4428       4428
          1       4429       4429
          1       4430       4430
          1       4431       4431
          1       4432       4432
          1       4433       4433
          1       4434       4434
          1       4435       4435
