$hessian                                                                        
        0.5174733975   0.0094649490  -0.0161187815  -0.0686057567   0.0081149779
       -0.0210021691  -0.0038671634   0.0087546813  -0.0176943597   0.0003488398
       -0.0005492857  -0.0004469846   0.0005263642  -0.0003938722   0.0004595068
        0.0002334267  -0.0003585991   0.0003429495   0.0001890467  -0.0008926346
        0.0006190067  -0.0035201807   0.0052588434  -0.0039631782  -0.1643779952
       -0.1156421968   0.0390254102  -0.0443624974  -0.0041848931  -0.0023235286
       -0.2333815044   0.0969265714   0.0062468660   0.0022726593  -0.0098684012
        0.0211626363  -0.0000160178   0.0015503682  -0.0052908087   0.0001822247
        0.0001123196  -0.0001370378  -0.0000780306   0.0000571027  -0.0001010232
       -0.0006310697   0.0000618891  -0.0004744050  -0.0000249050   0.0000549179
       -0.0000541334  -0.0017702915   0.0011492807  -0.0000469350  -0.0002971045
        0.0003029697  -0.0002156017  -0.0001032717   0.0000539062  -0.0001276566
       -0.0001901704   0.0000271056   0.0001402277
        0.0094649490   0.5155469708   0.0206092206   0.0070587752  -0.0877014918
        0.0490922761   0.0038869177  -0.0080935674   0.0141174990   0.0001323423
        0.0006627908   0.0011101887  -0.0004156006   0.0002179616  -0.0002323277
        0.0000801917  -0.0003935429   0.0003086331   0.0005000340  -0.0003959902
       -0.0003537550   0.0039029552  -0.0037687821   0.0031974427  -0.1156773580
       -0.1534626012   0.0355770314  -0.0039652588  -0.1675840978  -0.1200835819
        0.0974671406  -0.0943238326  -0.0043092784   0.0005119563  -0.0087872133
        0.0189060513  -0.0028198748   0.0077394815  -0.0178802483   0.0000380174
        0.0000347517   0.0000824175   0.0000730696  -0.0000448144   0.0000829569
       -0.0004260867   0.0000833301  -0.0005542190  -0.0000761310   0.0001068330
        0.0000153089  -0.0002337621   0.0003510698   0.0004105613   0.0001899552
       -0.0001440074   0.0000801804   0.0001439069  -0.0000746537   0.0001195934
        0.0001638609   0.0000314053  -0.0002959510
       -0.0161187815   0.0206092206   0.4715172889  -0.0181200223   0.0480612804
       -0.1785847759  -0.0047841468   0.0051448241  -0.0047805421   0.0008892894
       -0.0008384490   0.0012860622   0.0000646488  -0.0002433738  -0.0001315167
        0.0002668110  -0.0001639395  -0.0004054148  -0.0004375400   0.0003772649
       -0.0003285480  -0.0005453213  -0.0003186962   0.0017888897   0.0393133918
        0.0361499815  -0.0546923783  -0.0021197453  -0.1195119792  -0.1578029966
        0.0059574639  -0.0042022577  -0.0415984950  -0.0000205413   0.0079803297
       -0.0127663698  -0.0046046837   0.0073016102  -0.0243856318  -0.0000196299
       -0.0000189525   0.0001335961  -0.0000607336   0.0001602976   0.0001116940
       -0.0001030352  -0.0000009303   0.0001687605  -0.0000349839   0.0000411800
        0.0000656257   0.0005002376  -0.0002808991   0.0001224443   0.0000323404
       -0.0000647009   0.0000727500   0.0001016849  -0.0000023975   0.0001614330
       -0.0001567028  -0.0001794130   0.0000481246
       -0.0686057567   0.0070587752  -0.0181200223   0.4722046647   0.0356923696
        0.0044918116  -0.1303470935   0.0557922211   0.0017490881  -0.0001513375
        0.0013427753   0.0007644984  -0.0226264692   0.0128814702  -0.0015641761
        0.0005341879   0.0003802992   0.0003141603  -0.0001594350   0.0001061954
       -0.0001719003  -0.0038594846   0.0073225499  -0.0045081311   0.0035152864
       -0.0091573362   0.0191940466  -0.0000025917   0.0001388513  -0.0028034576
       -0.0072064693   0.0122738842  -0.0247846798  -0.1904742949  -0.0944702986
        0.0473632022  -0.0493779771  -0.0270173970  -0.0233857736  -0.0043882580
       -0.0008620878   0.0006739868  -0.0001739978  -0.0001290338   0.0001378813
       -0.0008371485  -0.0002304038  -0.0001931227  -0.0000447156   0.0005398464
        0.0002469037   0.0002290307  -0.0002733629   0.0001620799   0.0000738302
       -0.0001177547   0.0003140370  -0.0001179603   0.0000631693   0.0000354289
        0.0018159898  -0.0013347323   0.0000841386
        0.0081149779  -0.0877014918   0.0480612804   0.0356923696   0.5042361867
        0.0190982370   0.0483402552  -0.1091710289  -0.0079349272   0.0196354067
       -0.0208559204  -0.0053202154  -0.0044688699   0.0084595569  -0.0002419690
        0.0004170665  -0.0000749263   0.0000347145  -0.0001048920  -0.0002112679
       -0.0000984658   0.0152889977  -0.0162037685   0.0157893230   0.0018948288
       -0.0099055631   0.0197904742  -0.0032338633   0.0082132239  -0.0183700120
        0.0052228723  -0.0076018548   0.0153752971  -0.0954180689  -0.1037659495
        0.0276920839  -0.0270855850  -0.1657036629  -0.1140490156  -0.0032300408
       -0.0000965838  -0.0000550493  -0.0004232614   0.0000219010  -0.0001287040
       -0.0008385030   0.0000318547   0.0001364719  -0.0001583473  -0.0000348973
       -0.0000904552   0.0000045279   0.0000337741  -0.0000407676  -0.0001206731
       -0.0000195654   0.0002186598  -0.0000795558  -0.0000275628   0.0001039583
        0.0005503580   0.0003775464   0.0000290809
       -0.0210021691   0.0490922761  -0.1785847759   0.0044918116   0.0190982370
        0.4996998641   0.0077977798  -0.0113322288  -0.0588887118   0.0136216139
       -0.0154280412  -0.0014547433   0.0033280118  -0.0022623298   0.0010161563
        0.0002030617  -0.0000522185  -0.0004566409  -0.0002924398   0.0001902676
       -0.0001670690  -0.0254063196   0.0321093401  -0.0179592620   0.0010628287
        0.0064253357  -0.0101240288  -0.0049682630   0.0060450991  -0.0259957994
       -0.0022393439   0.0028276737  -0.0032822788   0.0481192618   0.0272629768
       -0.0574682378  -0.0241481208  -0.1143312089  -0.1473421207   0.0006179756
        0.0005603115   0.0000471864  -0.0004313559   0.0001958496  -0.0000547545
       -0.0000689618   0.0000845906   0.0004918225  -0.0000126151  -0.0001837424
       -0.0000189619   0.0001807851   0.0002206925  -0.0002229909  -0.0001197935
        0.0000792982   0.0000342682   0.0000199377  -0.0000506098   0.0001520974
       -0.0007536853  -0.0005515690   0.0005789809
       -0.0038671634   0.0038869177  -0.0047841468  -0.1303470935   0.0483402552
        0.0077977798   0.4685589465   0.0038510002   0.0043879776  -0.0479418321
       -0.0209114365  -0.0181322788  -0.1500975066  -0.0285277330   0.0061044634
       -0.0076097187  -0.0087169134  -0.0031834285  -0.0089853647  -0.0030869501
        0.0061994266  -0.0715277524   0.0065580232  -0.0311727459   0.0003362099
       -0.0005646870   0.0003904883   0.0004514775  -0.0000326053   0.0005254157
        0.0011880737   0.0001583912  -0.0002028205  -0.0283178751   0.0161438914
        0.0030569965   0.0023174185   0.0013079719   0.0009920482  -0.0286350684
       -0.0051451840   0.0000665765   0.0003586429   0.0001145351   0.0002958992
        0.0004235890   0.0007012093  -0.0000098520   0.0004999398  -0.0008612538
       -0.0001998331   0.0005744541   0.0001542229  -0.0005624646   0.0006194689
       -0.0006440891   0.0010114366   0.0005433597  -0.0001763241  -0.0007485733
        0.0014577943  -0.0125492418   0.0281676353
        0.0087546813  -0.0080935674   0.0051448241   0.0557922211  -0.1091710289
       -0.0113322288   0.0038510002   0.4496481817   0.0424328278  -0.0216031655
       -0.1456133444  -0.0980802232  -0.0381338171  -0.0795074642   0.0000619216
       -0.0240940176  -0.0130883839  -0.0003998083  -0.0038095633  -0.0014664151
        0.0027408591  -0.0057139814  -0.0747265664   0.0528779722   0.0000918363
       -0.0000026564  -0.0001199275  -0.0007920912   0.0009255066  -0.0011727740
       -0.0003740314   0.0000016219   0.0006750342  -0.0093940564   0.0068537632
        0.0012548884   0.0183144725  -0.0188541888  -0.0035794736   0.0176484540
        0.0053020760   0.0001171234  -0.0002239377   0.0008170975   0.0002076618
       -0.0001287243   0.0002185115   0.0004333379  -0.0012510229  -0.0044967978
       -0.0023420542  -0.0001735557   0.0000917725   0.0000555661  -0.0000001917
        0.0003236297  -0.0004358190   0.0010132161   0.0002277435  -0.0010140655
        0.0002262746  -0.0093894908   0.0124743574
       -0.0176943597   0.0141174990  -0.0047805421   0.0017490881  -0.0079349272
       -0.0588887118   0.0043879776   0.0424328278   0.4445300777  -0.0185782926
       -0.0942203114  -0.1207561145   0.0108504396   0.0021528760  -0.0610125414
       -0.0117079878  -0.0049667924   0.0006810579   0.0236476845   0.0069817887
       -0.0082061032  -0.0082137612   0.0546922236  -0.1718579290  -0.0002359905
        0.0000736961   0.0002907835  -0.0010818815   0.0012725470   0.0004684806
       -0.0012214982   0.0024946572  -0.0036624193   0.0064354091  -0.0033001585
       -0.0002534906   0.0156372967  -0.0148803435  -0.0017865281  -0.0107178476
       -0.0017149606   0.0015704571  -0.0006611852  -0.0005346879  -0.0004247046
        0.0001555483   0.0002944584   0.0001326193  -0.0009341254  -0.0034396780
       -0.0011601181   0.0003042508   0.0002094387   0.0005591446   0.0019280685
        0.0008711085  -0.0048633017   0.0013687591   0.0006569604   0.0000120343
        0.0045824075   0.0047417781  -0.0105921505
        0.0003488398   0.0001323423   0.0008892894  -0.0001513375   0.0196354067
        0.0136216139  -0.0479418321  -0.0216031655  -0.0185782926   0.0611256636
        0.0233255455   0.0221209451  -0.0084197618  -0.0223365667  -0.0150629347
       -0.0047441150  -0.0016345010   0.0004728162   0.0004974567  -0.0008782566
       -0.0011978270   0.0026582250  -0.0001763095  -0.0043811522  -0.0000793181
       -0.0002252716   0.0000042376   0.0000669951  -0.0001329898  -0.0003967541
        0.0000159132  -0.0001479010   0.0000667079   0.0004485700   0.0002323941
        0.0004044958  -0.0032831837   0.0037060021   0.0003691681  -0.0000532590
        0.0000672211  -0.0001983352  -0.0000192827   0.0003119385   0.0001830568
       -0.0001124295   0.0001662531   0.0000795202  -0.0004359711  -0.0014491949
       -0.0006686557   0.0000330216   0.0000462409   0.0000685695   0.0001486685
        0.0001376876  -0.0001266254  -0.0006260250   0.0002099122   0.0009460584
        0.0005231619   0.0006132127   0.0013840982
       -0.0005492857   0.0006627908  -0.0008384490   0.0013427753  -0.0208559204
       -0.0154280412  -0.0209114365  -0.1456133444  -0.0942203114   0.0233255455
        0.1680393340   0.1091250077  -0.0061125150  -0.0119682919  -0.0093862783
       -0.0037790935  -0.0003049166   0.0000295582   0.0009095266   0.0005905295
       -0.0005723689   0.0021388090   0.0113797333   0.0095510519  -0.0000151509
       -0.0001195221  -0.0000630988   0.0004063871  -0.0000087952   0.0008776449
       -0.0001959150   0.0001933451   0.0001083127  -0.0006943316   0.0006874461
       -0.0000144937   0.0045662691  -0.0032675073  -0.0007029171   0.0001627966
       -0.0000533858  -0.0001309234   0.0001512268   0.0001059465   0.0002917650
        0.0001212286   0.0001887403  -0.0000402939  -0.0003016316  -0.0010233771
       -0.0004419344  -0.0000466977  -0.0004152280   0.0001045565   0.0002915374
        0.0000903582   0.0000226076  -0.0005146567   0.0004288118   0.0005382870
       -0.0002953879   0.0012632530   0.0011903185
       -0.0004469846   0.0011101887   0.0012860622   0.0007644984  -0.0053202154
       -0.0014547433  -0.0181322788  -0.0980802232  -0.1207561145   0.0221209451
        0.1091250077   0.1689448362  -0.0005813927  -0.0013226901   0.0005629392
       -0.0000333779   0.0003767835   0.0004819896   0.0016978180   0.0016437106
        0.0008961395  -0.0066181499  -0.0071467461  -0.0493674130   0.0000269683
       -0.0000863968  -0.0001086188  -0.0000619022  -0.0000349714   0.0000586842
       -0.0000181208  -0.0000286628  -0.0000941647   0.0001140483   0.0001210667
       -0.0001866167   0.0006542534  -0.0003168528   0.0000488678  -0.0001435785
        0.0000504864  -0.0003265354   0.0001138162   0.0001392942  -0.0000413872
        0.0000214663  -0.0000138462  -0.0000183032  -0.0000485439  -0.0000142543
        0.0000078374  -0.0000792117  -0.0000055162  -0.0000108861   0.0001406724
        0.0000471090  -0.0001967451   0.0005010335   0.0000628991  -0.0000359002
        0.0000080211  -0.0003061707   0.0003100722
        0.0005263642  -0.0004156006   0.0000646488  -0.0226264692  -0.0044688699
        0.0033280118  -0.1500975066  -0.0381338171   0.0108504396  -0.0084197618
       -0.0061125150  -0.0005813927   0.4637859616  -0.0182733925   0.0076676096
       -0.0669635251  -0.0104250976  -0.0068940855  -0.0724880308  -0.0008494354
        0.0286905701  -0.0056992419  -0.0052439108   0.0075727506   0.0002547099
        0.0003562792  -0.0002600913  -0.0001197254  -0.0000426413  -0.0001545539
        0.0002521972  -0.0000079258  -0.0000138066  -0.0027532683   0.0022915637
       -0.0001776108   0.0010526516  -0.0008187175  -0.0001900672  -0.1259321915
        0.0893707148  -0.0585751262   0.0012129359   0.0066619466   0.0037762288
        0.0020477166   0.0151874195   0.0072612731  -0.0071322009  -0.0269644758
       -0.0137547554   0.0042978130   0.0016933084  -0.0159051397  -0.0111196342
       -0.0031689858   0.0292640581   0.0006392781   0.0002614484  -0.0025555497
       -0.0007180723  -0.0008972952   0.0005865884
       -0.0003938722   0.0002179616  -0.0002433738   0.0128814702   0.0084595569
       -0.0022623298  -0.0285277330  -0.0795074642   0.0021528760  -0.0223365667
       -0.0119682919  -0.0013226901  -0.0182733925   0.5069500407  -0.0212630584
       -0.0127186778  -0.1676848191  -0.0518351392  -0.0011762616  -0.0651252110
        0.0122305848  -0.0165622214  -0.0089637484   0.0112442933   0.0001038524
       -0.0001667516   0.0003341083  -0.0000509170  -0.0000754652   0.0000588344
       -0.0001194828  -0.0001276479   0.0000850725   0.0040532006  -0.0019132756
       -0.0005444638  -0.0000105978   0.0002773016  -0.0003678732   0.0895392129
       -0.1385738393   0.0627169078   0.0003864806   0.0000518235  -0.0023628751
       -0.0000134598  -0.0258052227  -0.0089951432  -0.0044583568  -0.0109227723
       -0.0050300980  -0.0043728604  -0.0033023798   0.0213742617  -0.0033990105
       -0.0007706652   0.0076419201   0.0058110819  -0.0003703020  -0.0260188565
       -0.0003618883  -0.0006788283   0.0024070424
        0.0004595068  -0.0002323277  -0.0001315167  -0.0015641761  -0.0002419690
        0.0010161563   0.0061044634   0.0000619216  -0.0610125414  -0.0150629347
       -0.0093862783   0.0005629392   0.0076676096  -0.0212630584   0.4932538957
       -0.0085820934  -0.0524022727  -0.0923033790   0.0305536355   0.0113250925
       -0.1876894153   0.0294612059   0.0192728606  -0.0138077841  -0.0000822944
        0.0004662893   0.0000376314  -0.0001985590  -0.0001692899  -0.0000633267
        0.0001898526   0.0000048137  -0.0000246968  -0.0004526966   0.0006713068
        0.0002679140   0.0002605305  -0.0000991545  -0.0000360363  -0.0581051142
        0.0620174990  -0.0806836637  -0.0029824433  -0.0263972104  -0.0180079569
        0.0021742195   0.0099346643   0.0057377700  -0.0006880755  -0.0010002384
       -0.0000689610   0.0014956348   0.0050925542  -0.0185842597   0.0042262215
        0.0012732729  -0.0063060778   0.0034057294  -0.0023276064  -0.0176095545
        0.0017197775   0.0033991307  -0.0045471367
        0.0002334267   0.0000801917   0.0002668110   0.0005341879   0.0004170665
        0.0002030617  -0.0076097187  -0.0240940176  -0.0117079878  -0.0047441150
       -0.0037790935  -0.0000333779  -0.0669635251  -0.0127186778  -0.0085820934
        0.5209411768  -0.0110632397  -0.0062289145   0.0006439340   0.0048056272
        0.0034877975   0.0002025632  -0.0004400875  -0.0002104598  -0.0002992056
       -0.0001200007  -0.0001161007  -0.0001007724  -0.0000521156  -0.0001643968
       -0.0000073136  -0.0000649607  -0.0000626102   0.0002080073  -0.0005427217
       -0.0003736074  -0.0011107257  -0.0010737297  -0.0006419335   0.0013931723
        0.0162863385   0.0069726850  -0.0627451751  -0.0057947419   0.0637956237
       -0.1125138500   0.0924826937  -0.0571570438  -0.2690590025  -0.0548808576
        0.0084356561   0.0001524245  -0.0004203368  -0.0002327227   0.0005927120
        0.0006060746   0.0005009965   0.0001164907   0.0000348884   0.0017473793
        0.0001353082   0.0003317001   0.0001012376
       -0.0003585991  -0.0003935429  -0.0001639395   0.0003802992  -0.0000749263
       -0.0000522185  -0.0087169134  -0.0130883839  -0.0049667924  -0.0016345010
       -0.0003049166   0.0003767835  -0.0104250976  -0.1676848191  -0.0524022727
       -0.0110632397   0.4729990241  -0.0327330939   0.0004959400  -0.0021109700
       -0.0049491351  -0.0002797305   0.0001255713  -0.0005199550   0.0003015881
        0.0002107812   0.0004226039  -0.0000013359  -0.0000403849   0.0000653177
       -0.0000762656   0.0000018620  -0.0000323273   0.0002716612  -0.0000041142
       -0.0000493989  -0.0000801196   0.0002518891  -0.0001812571  -0.0005385566
       -0.0259053069  -0.0106595906  -0.0056147853  -0.0446719652   0.0232423046
        0.0924514350  -0.1660185008   0.0772641423  -0.0551111182  -0.0557560914
        0.0034183315  -0.0002441756   0.0010924260   0.0009504272   0.0000417984
        0.0003466431   0.0005391120  -0.0000143597   0.0009288217   0.0004588951
        0.0002160762   0.0000969036  -0.0000279367
        0.0003429495   0.0003086331  -0.0004054148   0.0003141603   0.0000347145
       -0.0004566409  -0.0031834285  -0.0003998083   0.0006810579   0.0004728162
        0.0000295582   0.0004819896  -0.0068940855  -0.0518351392  -0.0923033790
       -0.0062289145  -0.0327330939   0.5093570323  -0.0012954430  -0.0253752212
       -0.0205295035   0.0007827971   0.0001244464   0.0001602014  -0.0003092916
       -0.0001794889  -0.0002072764  -0.0000870547  -0.0000515440   0.0000632824
       -0.0000724095  -0.0000871544   0.0000333505   0.0001409416   0.0000757136
        0.0001621089   0.0002048835  -0.0001124103   0.0006254820   0.0001288073
        0.0081424861   0.0050690694   0.0640269962   0.0238185543  -0.2631522517
       -0.0570171747   0.0772827366  -0.0911917285   0.0081278488   0.0036199361
       -0.0437070680  -0.0000450275  -0.0010971075   0.0012125995  -0.0007044278
       -0.0005297594   0.0005214345   0.0013358769  -0.0010821230  -0.0063492626
       -0.0000408202   0.0000460711  -0.0000650831
        0.0001890467   0.0005000340  -0.0004375400  -0.0001594350  -0.0001048920
       -0.0002924398  -0.0089853647  -0.0038095633   0.0236476845   0.0004974567
        0.0009095266   0.0016978180  -0.0724880308  -0.0011762616   0.0305536355
        0.0006439340   0.0004959400  -0.0012954430   0.5157375583  -0.0026334717
        0.0230183734  -0.0047808032  -0.0028464053   0.0030860042  -0.0013340144
        0.0000658208   0.0003837815  -0.0000343001   0.0001989901   0.0002328637
       -0.0002805671  -0.0001142252   0.0001856802  -0.0001157288  -0.0000671931
        0.0001265111  -0.0001419943  -0.0000432576   0.0001825069   0.0033669401
        0.0024332339  -0.0162747858   0.0004429697  -0.0007488287  -0.0004131339
        0.0002125951  -0.0002348548   0.0004620323   0.0005941081  -0.0001839486
       -0.0007842139  -0.1167414325   0.0936001973  -0.0619623484  -0.2682662010
       -0.0566371209   0.0127828354  -0.0482874733  -0.0289703196  -0.0158834904
       -0.0000692637  -0.0006334004   0.0009836687
       -0.0008926346  -0.0003959902   0.0003772649   0.0001061954  -0.0002112679
        0.0001902676  -0.0030869501  -0.0014664151   0.0069817887  -0.0008782566
        0.0005905295   0.0016437106  -0.0008494354  -0.0651252110   0.0113250925
        0.0048056272  -0.0021109700  -0.0253752212  -0.0026334717   0.5268127417
        0.0009802624  -0.0025842524  -0.0010857324   0.0014329590   0.0008416134
       -0.0003068022  -0.0004056841   0.0001009764   0.0002841786   0.0000641429
       -0.0000660855   0.0001541600   0.0000156270  -0.0001111098   0.0000458713
       -0.0000142087  -0.0001282379   0.0000652098  -0.0000329730  -0.0026756482
       -0.0022304217   0.0209685672  -0.0004395807  -0.0043102540  -0.0041362466
       -0.0000726555   0.0012734979  -0.0010378539   0.0006897525   0.0005000625
       -0.0003998012   0.0939249056  -0.1634677900   0.0779329817  -0.0569245129
       -0.0587360887   0.0033527975  -0.0287795548  -0.2298694019  -0.0944271242
       -0.0003466845  -0.0004099064   0.0005636511
        0.0006190067  -0.0003537550  -0.0003285480  -0.0001719003  -0.0000984658
       -0.0001670690   0.0061994266   0.0027408591  -0.0082061032  -0.0011978270
       -0.0005723689   0.0008961395   0.0286905701   0.0122305848  -0.1876894153
        0.0034877975  -0.0049491351  -0.0205295035   0.0230183734   0.0009802624
        0.4617530588   0.0013541652  -0.0001034999   0.0007173857  -0.0001761436
        0.0002332080   0.0001971881  -0.0000188588   0.0000406046   0.0001437314
        0.0002443263   0.0000999625  -0.0000208747   0.0000370759   0.0000007756
        0.0000036405   0.0000012095   0.0000893383   0.0000623532   0.0026371244
        0.0040724680  -0.0207077433  -0.0003544671  -0.0027880266  -0.0014157484
       -0.0000006797   0.0010686316   0.0011456391   0.0003398694   0.0006908463
        0.0004017607  -0.0619979082   0.0775221152  -0.0932181165   0.0129439934
        0.0034084215  -0.0425220901  -0.0155994902  -0.0943190953  -0.0902582864
       -0.0000556634   0.0000062688  -0.0002573985
       -0.0035201807   0.0039029552  -0.0005453213  -0.0038594846   0.0152889977
       -0.0254063196  -0.0715277524  -0.0057139814  -0.0082137612   0.0026582250
        0.0021388090  -0.0066181499  -0.0056992419  -0.0165622214   0.0294612059
        0.0002025632  -0.0002797305   0.0007827971  -0.0047808032  -0.0025842524
        0.0013541652   0.4450877221   0.1419746931  -0.0322868620  -0.0001175704
        0.0000983466  -0.0000602348  -0.0001060409   0.0000140154   0.0002700223
       -0.0005482387   0.0007379268  -0.0011542285   0.0011255998   0.0007416643
       -0.0013683483   0.0008280944  -0.0010697289   0.0001735428   0.0006470973
       -0.0002549129   0.0013948521  -0.0001503869   0.0000212201  -0.0004298786
        0.0000457070  -0.0001610664   0.0001488237  -0.0001151669   0.0001745952
       -0.0001491562  -0.0000943316  -0.0000953525   0.0000144866  -0.0007564295
       -0.0001155989   0.0012938961  -0.0000768112   0.0000567035  -0.0002687422
       -0.3592425699  -0.1383130814   0.0416072108
        0.0052588434  -0.0037687821  -0.0003186962   0.0073225499  -0.0162037685
        0.0321093401   0.0065580232  -0.0747265664   0.0546922236  -0.0001763095
        0.0113797333  -0.0071467461  -0.0052439108  -0.0089637484   0.0192728606
       -0.0004400875   0.0001255713   0.0001244464  -0.0028464053  -0.0010857324
       -0.0001034999   0.1419746931   0.1588531776  -0.1349899456  -0.0000182316
       -0.0000698527   0.0000651547  -0.0000274880   0.0001722798  -0.0000666286
        0.0007565853  -0.0009682667   0.0018057805  -0.0013423118   0.0012680600
       -0.0004590429  -0.0013069403   0.0019151292  -0.0000392121   0.0004074616
        0.0002487289  -0.0004461814   0.0003867948   0.0003743309   0.0001868069
        0.0001161607   0.0001836483   0.0001785023  -0.0003038420   0.0001037375
        0.0000687193   0.0000822641   0.0000818740  -0.0001158306  -0.0004922743
       -0.0000963474   0.0008304572   0.0001504728   0.0001823744   0.0001029012
       -0.1508160477  -0.0690055807   0.0342485907
       -0.0039631782   0.0031974427   0.0017888897  -0.0045081311   0.0157893230
       -0.0179592620  -0.0311727459   0.0528779722  -0.1718579290  -0.0043811522
        0.0095510519  -0.0493674130   0.0075727506   0.0112442933  -0.0138077841
       -0.0002104598  -0.0005199550   0.0001602014   0.0030860042   0.0014329590
        0.0007173857  -0.0322868620  -0.1349899456   0.2910450651   0.0001096727
       -0.0000024218  -0.0000360139   0.0004521988  -0.0003886939   0.0006617498
       -0.0008643260   0.0010273278  -0.0013416557   0.0007949429  -0.0022155149
        0.0005241242   0.0003254958   0.0006037391   0.0008016132  -0.0009079956
       -0.0010067379   0.0004626888  -0.0000009399   0.0003998345   0.0006122725
       -0.0000939881   0.0000371631  -0.0001558513   0.0001507954   0.0000579741
        0.0000246473  -0.0002616085  -0.0002466631   0.0001033197   0.0007841645
        0.0002954740  -0.0006466465  -0.0005379561   0.0001611376   0.0004468996
        0.0659133182   0.0426942401  -0.0421763016
       -0.1643779952  -0.1156773580   0.0393133918   0.0035152864   0.0018948288
        0.0010628287   0.0003362099   0.0000918363  -0.0002359905  -0.0000793181
       -0.0000151509   0.0000269683   0.0002547099   0.0001038524  -0.0000822944
       -0.0002992056   0.0003015881  -0.0003092916  -0.0013340144   0.0008416134
       -0.0001761436  -0.0001175704  -0.0000182316   0.0001096727   0.1917697515
        0.1337773532  -0.0461023570  -0.0018924095  -0.0027406734  -0.0003724183
       -0.0274173091  -0.0194706565   0.0066481123   0.0011044925   0.0003463149
       -0.0005163910   0.0002755798   0.0002299826   0.0001564130  -0.0000645930
       -0.0000435904   0.0000405339   0.0000541516  -0.0001033118   0.0001228858
       -0.0000166749  -0.0002599276  -0.0005186931  -0.0000729006  -0.0000532419
        0.0000078427  -0.0015424239   0.0009413441   0.0007841659  -0.0002141551
       -0.0000022189   0.0000030491   0.0001380102  -0.0001688115   0.0000976148
       -0.0000196219   0.0000244588  -0.0000598994
       -0.1156421968  -0.1534626012   0.0361499815  -0.0091573362  -0.0099055631
        0.0064253357  -0.0005646870  -0.0000026564   0.0000736961  -0.0002252716
       -0.0001195221  -0.0000863968   0.0003562792  -0.0001667516   0.0004662893
       -0.0001200007   0.0002107812  -0.0001794889   0.0000658208  -0.0003068022
        0.0002332080   0.0000983466  -0.0000698527  -0.0000024218   0.1337773532
        0.1743637005  -0.0436474488  -0.0197852317  -0.0203416851   0.0024674134
        0.0092464636   0.0087946946  -0.0028550295   0.0004062218  -0.0007652434
        0.0030353843   0.0002244841   0.0008475487  -0.0008302114  -0.0001197715
       -0.0000005179  -0.0001166173  -0.0000083047  -0.0000528806  -0.0000346479
        0.0000445769   0.0004506723   0.0000667676  -0.0000381219  -0.0000094944
        0.0000023297   0.0016360246   0.0003094360  -0.0008298978  -0.0002372371
        0.0001818064  -0.0001553385  -0.0000648005  -0.0000735332  -0.0000962497
        0.0001073889   0.0001184640  -0.0000866574
        0.0390254102   0.0355770314  -0.0546923783   0.0191940466   0.0197904742
       -0.0101240288   0.0003904883  -0.0001199275   0.0002907835   0.0000042376
       -0.0000630988  -0.0001086188  -0.0002600913   0.0003341083   0.0000376314
       -0.0001161007   0.0004226039  -0.0002072764   0.0003837815  -0.0004056841
        0.0001971881  -0.0000602348   0.0000651547  -0.0000360139  -0.0461023570
       -0.0436474488   0.0651938636  -0.0158077465  -0.0159646222   0.0040500512
        0.0027608078   0.0010828595   0.0004499970  -0.0002929057   0.0037342192
       -0.0058770838   0.0007079313   0.0003328206   0.0008523213   0.0001239059
       -0.0000796418  -0.0001076544   0.0000874971  -0.0000722140  -0.0000388333
       -0.0006863401  -0.0006096805  -0.0004049125   0.0001651798  -0.0001602522
        0.0000951757   0.0006576356  -0.0001773544   0.0005308970  -0.0000260086
        0.0000749919  -0.0000499854  -0.0000425252  -0.0000492344  -0.0000818128
       -0.0001066118  -0.0000651052   0.0000306897
       -0.0443624974  -0.0039652588  -0.0021197453  -0.0000025917  -0.0032338633
       -0.0049682630   0.0004514775  -0.0007920912  -0.0010818815   0.0000669951
        0.0004063871  -0.0000619022  -0.0001197254  -0.0000509170  -0.0001985590
       -0.0001007724  -0.0000013359  -0.0000870547  -0.0000343001   0.0001009764
       -0.0000188588  -0.0001060409  -0.0000274880   0.0004521988  -0.0018924095
       -0.0197852317  -0.0158077465   0.0479985013   0.0036987531   0.0040324946
       -0.0019062106   0.0233310777   0.0205133808  -0.0000324152   0.0001365605
        0.0004820556   0.0003910608   0.0004374532  -0.0015382580   0.0000201533
       -0.0000134623   0.0000680120  -0.0000103766   0.0000538334   0.0000689856
        0.0001479223   0.0000052072   0.0001104536   0.0000079358   0.0000430032
        0.0000075180  -0.0005419218  -0.0005670292  -0.0000593826   0.0001739732
       -0.0000380661   0.0001079908  -0.0001849507   0.0002860458   0.0000719669
        0.0000361930  -0.0000245541   0.0000265948
       -0.0041848931  -0.1675840978  -0.1195119792   0.0001388513   0.0082132239
        0.0060450991  -0.0000326053   0.0009255066   0.0012725470  -0.0001329898
       -0.0000087952  -0.0000349714  -0.0000426413  -0.0000754652  -0.0001692899
       -0.0000521156  -0.0000403849  -0.0000515440   0.0001989901   0.0002841786
        0.0000406046   0.0000140154   0.0001722798  -0.0003886939  -0.0027406734
       -0.0203416851  -0.0159646222   0.0036987531   0.1924404265   0.1385396374
        0.0023038444  -0.0139872971  -0.0122361574   0.0002091677   0.0002969260
        0.0001023155   0.0007469029   0.0001124551   0.0021681658  -0.0000086728
        0.0000003028   0.0000578862  -0.0000046885   0.0000097517   0.0000246094
        0.0001659204  -0.0000282275   0.0000588156  -0.0000270377  -0.0000014402
       -0.0000207271  -0.0004122526  -0.0002963002  -0.0000811883   0.0001430834
       -0.0001497486   0.0000836663   0.0000354342   0.0000855002   0.0000106493
       -0.0000163928  -0.0000271096   0.0000551772
       -0.0023235286  -0.1200835819  -0.1578029966  -0.0028034576  -0.0183700120
       -0.0259957994   0.0005254157  -0.0011727740   0.0004684806  -0.0003967541
        0.0008776449   0.0000586842  -0.0001545539   0.0000588344  -0.0000633267
       -0.0001643968   0.0000653177   0.0000632824   0.0002328637   0.0000641429
        0.0001437314   0.0002700223  -0.0000666286   0.0006617498  -0.0003724183
        0.0024674134   0.0040500512   0.0040324946   0.1385396374   0.1863283082
        0.0015799598  -0.0041860297  -0.0019956903   0.0001335959  -0.0004034024
        0.0002858166  -0.0006893357   0.0024850860  -0.0063220257   0.0000711490
       -0.0000175468  -0.0000418845   0.0001173469  -0.0000605908   0.0000724564
        0.0000181377   0.0000026251  -0.0001674310   0.0000011261   0.0000125973
        0.0000583861  -0.0001524840  -0.0001463538   0.0001582502   0.0001289902
       -0.0000205058   0.0000143384  -0.0000730869   0.0000618331   0.0000729984
        0.0000189142  -0.0001077064  -0.0000473798
       -0.2333815044   0.0974671406   0.0059574639  -0.0072064693   0.0052228723
       -0.0022393439   0.0011880737  -0.0003740314  -0.0012214982   0.0000159132
       -0.0001959150  -0.0000181208   0.0002521972  -0.0001194828   0.0001898526
       -0.0000073136  -0.0000762656  -0.0000724095  -0.0002805671  -0.0000660855
        0.0002443263  -0.0005482387   0.0007565853  -0.0008643260  -0.0274173091
        0.0092464636   0.0027608078  -0.0019062106   0.0023038444   0.0015799598
        0.2685578746  -0.1141288237  -0.0065136927   0.0011464850  -0.0002943120
        0.0005179082  -0.0001863996  -0.0001922682  -0.0000641801   0.0000294176
       -0.0000097686  -0.0000212024  -0.0000012339   0.0000507932  -0.0000224831
       -0.0001455039   0.0001573014   0.0000858923   0.0000371648  -0.0000009732
        0.0000232850  -0.0001179166   0.0002120849  -0.0002488996  -0.0000734786
        0.0000830001  -0.0000718032   0.0000120241  -0.0000365009  -0.0000975834
        0.0000329954  -0.0000056586   0.0000960471
        0.0969265714  -0.0943238326  -0.0042022577   0.0122738842  -0.0076018548
        0.0028276737   0.0001583912   0.0000016219   0.0024946572  -0.0001479010
        0.0001933451  -0.0000286628  -0.0000079258  -0.0001276479   0.0000048137
       -0.0000649607   0.0000018620  -0.0000871544  -0.0001142252   0.0001541600
        0.0000999625   0.0007379268  -0.0009682667   0.0010273278  -0.0194706565
        0.0087946946   0.0010828595   0.0233310777  -0.0139872971  -0.0041860297
       -0.1141288237   0.1077847849   0.0014001964   0.0005310479  -0.0001975222
       -0.0001009301  -0.0001441733   0.0002048759  -0.0002080477   0.0000067380
       -0.0000187443  -0.0000076367  -0.0000301897   0.0000067049  -0.0000023875
        0.0000546237   0.0000573601   0.0000855190  -0.0000023567   0.0000267622
       -0.0000159936   0.0001712422  -0.0001801798  -0.0000811390  -0.0000123137
        0.0000704462  -0.0000151907  -0.0001151889   0.0000802273  -0.0000191145
        0.0000472123   0.0000285003  -0.0000684654
        0.0062468660  -0.0043092784  -0.0415984950  -0.0247846798   0.0153752971
       -0.0032822788  -0.0002028205   0.0006750342  -0.0036624193   0.0000667079
        0.0001083127  -0.0000941647  -0.0000138066   0.0000850725  -0.0000246968
       -0.0000626102  -0.0000323273   0.0000333505   0.0001856802   0.0000156270
       -0.0000208747  -0.0011542285   0.0018057805  -0.0013416557   0.0066481123
       -0.0028550295   0.0004499970   0.0205133808  -0.0122361574  -0.0019956903
       -0.0065136927   0.0014001964   0.0503593624  -0.0006404826   0.0001148458
        0.0008439200  -0.0002142531   0.0000179223   0.0001519092  -0.0000165658
       -0.0000083478  -0.0000093708   0.0000260304   0.0000227935   0.0000377647
       -0.0000217415  -0.0000240501  -0.0000359405   0.0000242435   0.0000020350
        0.0000063571  -0.0000649209  -0.0001461590   0.0000726696   0.0000596258
       -0.0000396612   0.0000584347  -0.0000422627   0.0000682583  -0.0000064455
       -0.0000385818  -0.0000401646   0.0000582668
        0.0022726593   0.0005119563  -0.0000205413  -0.1904742949  -0.0954180689
        0.0481192618  -0.0283178751  -0.0093940564   0.0064354091   0.0004485700
       -0.0006943316   0.0001140483  -0.0027532683   0.0040532006  -0.0004526966
        0.0002080073   0.0002716612   0.0001409416  -0.0001157288  -0.0001111098
        0.0000370759   0.0011255998  -0.0013423118   0.0007949429   0.0011044925
        0.0004062218  -0.0002929057  -0.0000324152   0.0002091677   0.0001335959
        0.0011464850   0.0005310479  -0.0006404826   0.2236749152   0.1069684069
       -0.0540848044  -0.0069291622  -0.0071828980   0.0006028449  -0.0015507471
       -0.0002579471   0.0000701133  -0.0000020884  -0.0000240803   0.0000772627
        0.0000572565   0.0001934127  -0.0000612926   0.0000872456   0.0000839895
        0.0000221269  -0.0000178964   0.0000729214  -0.0001422415  -0.0000116959
       -0.0000182840   0.0001092956   0.0000093046   0.0000235875  -0.0000346758
        0.0000706366   0.0011175142  -0.0009272784
       -0.0098684012  -0.0087872133   0.0079803297  -0.0944702986  -0.1037659495
        0.0272629768   0.0161438914   0.0068537632  -0.0033001585   0.0002323941
        0.0006874461   0.0001210667   0.0022915637  -0.0019132756   0.0006713068
       -0.0005427217  -0.0000041142   0.0000757136  -0.0000671931   0.0000458713
        0.0000007756   0.0007416643   0.0012680600  -0.0022155149   0.0003463149
       -0.0007652434   0.0037342192   0.0001365605   0.0002969260  -0.0004034024
       -0.0002943120  -0.0001975222   0.0001148458   0.1069684069   0.1225810375
       -0.0382882283  -0.0223514941  -0.0164914879   0.0035833993   0.0008679297
        0.0001704104  -0.0000845316   0.0000907579  -0.0000871286   0.0001496761
        0.0000369983   0.0001511368  -0.0001369232  -0.0000468538   0.0000847613
        0.0000041665   0.0000526788  -0.0000517892  -0.0000532628  -0.0000037262
        0.0000104661  -0.0000213074  -0.0000080821   0.0000373685   0.0000340071
       -0.0002560777  -0.0001235233   0.0007708462
        0.0211626363   0.0189060513  -0.0127663698   0.0473632022   0.0276920839
       -0.0574682378   0.0030569965   0.0012548884  -0.0002534906   0.0004044958
       -0.0000144937  -0.0001866167  -0.0001776108  -0.0005444638   0.0002679140
       -0.0003736074  -0.0000493989   0.0001621089   0.0001265111  -0.0000142087
        0.0000036405  -0.0013683483  -0.0004590429   0.0005241242  -0.0005163910
        0.0030353843  -0.0058770838   0.0004820556   0.0001023155   0.0002858166
        0.0005179082  -0.0001009301   0.0008439200  -0.0540848044  -0.0382882283
        0.0699495083  -0.0165806181  -0.0125712143   0.0046978130   0.0002426419
        0.0000092656   0.0000457102   0.0000665848  -0.0000862889   0.0001184667
        0.0000127899   0.0001267185  -0.0002339635  -0.0000486417   0.0001112274
       -0.0000125127  -0.0000859713   0.0000284873  -0.0000165446   0.0000190220
       -0.0000076532  -0.0000198869  -0.0000043180   0.0000040634  -0.0000050985
       -0.0002145336   0.0008654376  -0.0000592176
       -0.0000160178  -0.0028198748  -0.0046046837  -0.0493779771  -0.0270855850
       -0.0241481208   0.0023174185   0.0183144725   0.0156372967  -0.0032831837
        0.0045662691   0.0006542534   0.0010526516  -0.0000105978   0.0002605305
       -0.0011107257  -0.0000801196   0.0002048835  -0.0001419943  -0.0001282379
        0.0000012095   0.0008280944  -0.0013069403   0.0003254958   0.0002755798
        0.0002244841   0.0007079313   0.0003910608   0.0007469029  -0.0006893357
       -0.0001863996  -0.0001441733  -0.0002142531  -0.0069291622  -0.0223514941
       -0.0165806181   0.0582087533   0.0312372626   0.0288772926   0.0002572184
       -0.0000975845  -0.0000240312  -0.0010607260   0.0001557372  -0.0009107072
       -0.0012343761  -0.0010219047   0.0008918531   0.0001094488   0.0000315372
       -0.0000527824   0.0000344261   0.0000091933   0.0000104664   0.0000064940
        0.0000114469  -0.0000188123   0.0000459483  -0.0000560534  -0.0001290806
       -0.0001865315  -0.0001947404  -0.0001987877
        0.0015503682   0.0077394815   0.0073016102  -0.0270173970  -0.1657036629
       -0.1143312089   0.0013079719  -0.0188541888  -0.0148803435   0.0037060021
       -0.0032675073  -0.0003168528  -0.0008187175   0.0002773016  -0.0000991545
       -0.0010737297   0.0002518891  -0.0001124103  -0.0000432576   0.0000652098
        0.0000893383  -0.0010697289   0.0019151292   0.0006037391   0.0002299826
        0.0008475487   0.0003328206   0.0004374532   0.0001124551   0.0024850860
       -0.0001922682   0.0002048759   0.0000179223  -0.0071828980  -0.0164914879
       -0.0125712143   0.0312372626   0.1934641612   0.1309644162  -0.0002557564
       -0.0001317302  -0.0000768704   0.0001357823   0.0002582862   0.0002555338
       -0.0008035977   0.0000485024   0.0002754083  -0.0001829076  -0.0000041868
        0.0001673587   0.0000167911  -0.0000135935   0.0000024619   0.0000023934
        0.0000200025   0.0000608138  -0.0000775323   0.0000051763   0.0000892110
        0.0000937837  -0.0007436621  -0.0002576656
       -0.0052908087  -0.0178802483  -0.0243856318  -0.0233857736  -0.1140490156
       -0.1473421207   0.0009920482  -0.0035794736  -0.0017865281   0.0003691681
       -0.0007029171   0.0000488678  -0.0001900672  -0.0003678732  -0.0000360363
       -0.0006419335  -0.0001812571   0.0006254820   0.0001825069  -0.0000329730
        0.0000623532   0.0001735428  -0.0000392121   0.0008016132   0.0001564130
       -0.0008302114   0.0008523213  -0.0015382580   0.0021681658  -0.0063220257
       -0.0000641801  -0.0002080477   0.0001519092   0.0006028449   0.0035833993
        0.0046978130   0.0288772926   0.1309644162   0.1731841387  -0.0001073548
        0.0000628653  -0.0000588497  -0.0004366327  -0.0000211972   0.0000465140
        0.0006306931   0.0006104811  -0.0001998371  -0.0002458542   0.0001865480
       -0.0001430455  -0.0000656393  -0.0000607533  -0.0001808687   0.0000074302
        0.0000197088  -0.0000091636  -0.0000668977   0.0000944888  -0.0000202134
        0.0000414598   0.0002631062   0.0000133085
        0.0001822247   0.0000380174  -0.0000196299  -0.0043882580  -0.0032300408
        0.0006179756  -0.0286350684   0.0176484540  -0.0107178476  -0.0000532590
        0.0001627966  -0.0001435785  -0.1259321915   0.0895392129  -0.0581051142
        0.0013931723  -0.0005385566   0.0001288073   0.0033669401  -0.0026756482
        0.0026371244   0.0006470973   0.0004074616  -0.0009079956  -0.0000645930
       -0.0001197715   0.0001239059   0.0000201533  -0.0000086728   0.0000711490
        0.0000294176   0.0000067380  -0.0000165658  -0.0015507471   0.0008679297
        0.0002426419   0.0002572184  -0.0002557564  -0.0001073548   0.1508873772
       -0.1004487298   0.0644188214  -0.0001353584   0.0001988801   0.0002113644
        0.0008363008  -0.0002906696   0.0001565390   0.0006762360  -0.0008392808
        0.0001249242   0.0008757394  -0.0003990042   0.0010553457   0.0007167792
       -0.0005535748   0.0006231103  -0.0000114757  -0.0001671620  -0.0002895865
        0.0008822949   0.0006573770  -0.0001040363
        0.0001123196   0.0000347517  -0.0000189525  -0.0008620878  -0.0000965838
        0.0005603115  -0.0051451840   0.0053020760  -0.0017149606   0.0000672211
       -0.0000533858   0.0000504864   0.0893707148  -0.1385738393   0.0620174990
        0.0162863385  -0.0259053069   0.0081424861   0.0024332339  -0.0022304217
        0.0040724680  -0.0002549129   0.0002487289  -0.0010067379  -0.0000435904
       -0.0000005179  -0.0000796418  -0.0000134623   0.0000003028  -0.0000175468
       -0.0000097686  -0.0000187443  -0.0000083478  -0.0002579471   0.0001704104
        0.0000092656  -0.0000975845  -0.0001317302   0.0000628653  -0.1004487298
        0.1659058981  -0.0710448994   0.0002529741   0.0004601445   0.0002517270
       -0.0003567284  -0.0062356078  -0.0030307377   0.0002202671   0.0003326269
        0.0006219484  -0.0002766816   0.0005060575   0.0012770367  -0.0001129426
       -0.0001549419   0.0000920635  -0.0001374557   0.0004302776  -0.0004014078
       -0.0007259937   0.0000098049   0.0001650748
       -0.0001370378   0.0000824175   0.0001335961   0.0006739868  -0.0000550493
        0.0000471864   0.0000665765   0.0001171234   0.0015704571  -0.0001983352
       -0.0001309234  -0.0003265354  -0.0585751262   0.0627169078  -0.0806836637
        0.0069726850  -0.0106595906   0.0050690694  -0.0162747858   0.0209685672
       -0.0207077433   0.0013948521  -0.0004461814   0.0004626888   0.0000405339
       -0.0001166173  -0.0001076544   0.0000680120   0.0000578862  -0.0000418845
       -0.0000212024  -0.0000076367  -0.0000093708   0.0000701133  -0.0000845316
        0.0000457102  -0.0000240312  -0.0000768704  -0.0000588497   0.0644188214
       -0.0710448994   0.1004213017   0.0003368381  -0.0003216368   0.0003510759
       -0.0000654534  -0.0029270548  -0.0005826281   0.0003447141   0.0003156791
        0.0003633966   0.0014427929   0.0010648108  -0.0069000118  -0.0004254505
        0.0001979047   0.0008377146  -0.0004554034   0.0001571696   0.0003594640
        0.0003468998   0.0001925254  -0.0002433191
       -0.0000780306   0.0000730696  -0.0000607336  -0.0001739978  -0.0004232614
       -0.0004313559   0.0003586429  -0.0002239377  -0.0006611852  -0.0000192827
        0.0001512268   0.0001138162   0.0012129359   0.0003864806  -0.0029824433
       -0.0627451751  -0.0056147853   0.0640269962   0.0004429697  -0.0004395807
       -0.0003544671  -0.0001503869   0.0003867948  -0.0000009399   0.0000541516
       -0.0000083047   0.0000874971  -0.0000103766  -0.0000046885   0.0001173469
       -0.0000012339  -0.0000301897   0.0000260304  -0.0000020884   0.0000907579
        0.0000665848  -0.0010607260   0.0001357823  -0.0004366327  -0.0001353584
        0.0002529741   0.0003368381   0.0709508100   0.0072374168  -0.0746218515
        0.0045094631   0.0029354830  -0.0172846360  -0.0133486035  -0.0046338715
        0.0323525550  -0.0000520641   0.0000278354   0.0000155797   0.0000905463
       -0.0000511775  -0.0001320293   0.0002267946  -0.0000465252  -0.0001464438
       -0.0000689901  -0.0002014991  -0.0000305263
        0.0000571027  -0.0000448144   0.0001602976  -0.0001290338   0.0000219010
        0.0001958496   0.0001145351   0.0008170975  -0.0005346879   0.0003119385
        0.0001059465   0.0001392942   0.0066619466   0.0000518235  -0.0263972104
       -0.0057947419  -0.0446719652   0.0238185543  -0.0007488287  -0.0043102540
       -0.0027880266   0.0000212201   0.0003743309   0.0003998345  -0.0001033118
       -0.0000528806  -0.0000722140   0.0000538334   0.0000097517  -0.0000605908
        0.0000507932   0.0000067049   0.0000227935  -0.0000240803  -0.0000871286
       -0.0000862889   0.0001557372   0.0002582862  -0.0000211972   0.0001988801
        0.0004601445  -0.0003216368   0.0072374168   0.0513312708  -0.0240289912
       -0.0054724692  -0.0036545898   0.0235721233  -0.0030097536  -0.0002195653
        0.0076370749  -0.0000718879  -0.0001224502   0.0000122571   0.0000097492
       -0.0001189494   0.0000819607   0.0002862272  -0.0001444637  -0.0016704810
        0.0001947270  -0.0000101963  -0.0000587149
       -0.0001010232   0.0000829569   0.0001116940   0.0001378813  -0.0001287040
       -0.0000547545   0.0002958992   0.0002076618  -0.0004247046   0.0001830568
        0.0002917650  -0.0000413872   0.0037762288  -0.0023628751  -0.0180079569
        0.0637956237   0.0232423046  -0.2631522517  -0.0004131339  -0.0041362466
       -0.0014157484  -0.0004298786   0.0001868069   0.0006122725   0.0001228858
       -0.0000346479  -0.0000388333   0.0000689856   0.0000246094   0.0000724564
       -0.0000224831  -0.0000023875   0.0000377647   0.0000772627   0.0001496761
        0.0001184667  -0.0009107072   0.0002555338   0.0000465140   0.0002113644
        0.0002517270   0.0003510759  -0.0746218515  -0.0240289912   0.3050716854
        0.0035917771   0.0049199209  -0.0183726769   0.0036470274   0.0014862412
       -0.0042590270   0.0001252228  -0.0001213989   0.0003903197  -0.0002324703
        0.0000309166   0.0001683423   0.0002766237  -0.0002631757  -0.0012329218
        0.0004217085  -0.0000516932   0.0000196706
       -0.0006310697  -0.0004260867  -0.0001030352  -0.0008371485  -0.0008385030
       -0.0000689618   0.0004235890  -0.0001287243   0.0001555483  -0.0001124295
        0.0001212286   0.0000214663   0.0020477166  -0.0000134598   0.0021742195
       -0.1125138500   0.0924514350  -0.0570171747   0.0002125951  -0.0000726555
       -0.0000006797   0.0000457070   0.0001161607  -0.0000939881  -0.0000166749
        0.0000445769  -0.0006863401   0.0001479223   0.0001659204   0.0000181377
       -0.0001455039   0.0000546237  -0.0000217415   0.0000572565   0.0000369983
        0.0000127899  -0.0012343761  -0.0008035977   0.0006306931   0.0008363008
       -0.0003567284  -0.0000654534   0.0045094631  -0.0054724692   0.0035917771
        0.1305625268  -0.1078957663   0.0671427276  -0.0232063479   0.0231332072
       -0.0159234313   0.0003178752   0.0000202389   0.0003032450  -0.0003328183
        0.0001205803  -0.0000955045  -0.0000498804  -0.0001807954  -0.0000158209
       -0.0000808530  -0.0000761837   0.0000415265
        0.0000618891   0.0000833301  -0.0000009303  -0.0002304038   0.0000318547
        0.0000845906   0.0007012093   0.0002185115   0.0002944584   0.0001662531
        0.0001887403  -0.0000138462   0.0151874195  -0.0258052227   0.0099346643
        0.0924826937  -0.1660185008   0.0772827366  -0.0002348548   0.0012734979
        0.0010686316  -0.0001610664   0.0001836483   0.0000371631  -0.0002599276
        0.0004506723  -0.0006096805   0.0000052072  -0.0000282275   0.0000026251
        0.0001573014   0.0000573601  -0.0000240501   0.0001934127   0.0001511368
        0.0001267185  -0.0010219047   0.0000485024   0.0006104811  -0.0002906696
       -0.0062356078  -0.0029270548   0.0029354830  -0.0036545898   0.0049199209
       -0.1078957663   0.1943876412  -0.0884382318  -0.0016335622   0.0043447270
       -0.0018424590  -0.0001654826   0.0001878725  -0.0006755594   0.0000845253
       -0.0001003416  -0.0000250453  -0.0000628854   0.0002894243   0.0002703396
       -0.0000188709  -0.0000544293  -0.0000754723
       -0.0004744050  -0.0005542190   0.0001687605  -0.0001931227   0.0001364719
        0.0004918225  -0.0000098520   0.0004333379   0.0001326193   0.0000795202
       -0.0000402939  -0.0000183032   0.0072612731  -0.0089951432   0.0057377700
       -0.0571570438   0.0772641423  -0.0911917285   0.0004620323  -0.0010378539
        0.0011456391   0.0001488237   0.0001785023  -0.0001558513  -0.0005186931
        0.0000667676  -0.0004049125   0.0001104536   0.0000588156  -0.0001674310
        0.0000858923   0.0000855190  -0.0000359405  -0.0000612926  -0.0001369232
       -0.0002339635   0.0008918531   0.0002754083  -0.0001998371   0.0001565390
       -0.0030307377  -0.0005826281  -0.0172846360   0.0235721233  -0.0183726769
        0.0671427276  -0.0884382318   0.1035003551  -0.0005061057   0.0000316492
        0.0004901841  -0.0001072262  -0.0001069910  -0.0002180842   0.0000135466
        0.0000525637  -0.0000707523  -0.0000379644   0.0001194637  -0.0000321939
       -0.0000023200   0.0000656290   0.0000171524
       -0.0000249050  -0.0000761310  -0.0000349839  -0.0000447156  -0.0001583473
       -0.0000126151   0.0004999398  -0.0012510229  -0.0009341254  -0.0004359711
       -0.0003016316  -0.0000485439  -0.0071322009  -0.0044583568  -0.0006880755
       -0.2690590025  -0.0551111182   0.0081278488   0.0005941081   0.0006897525
        0.0003398694  -0.0001151669  -0.0003038420   0.0001507954  -0.0000729006
       -0.0000381219   0.0001651798   0.0000079358  -0.0000270377   0.0000011261
        0.0000371648  -0.0000023567   0.0000242435   0.0000872456  -0.0000468538
       -0.0000486417   0.0001094488  -0.0001829076  -0.0002458542   0.0006762360
        0.0002202671   0.0003447141  -0.0133486035  -0.0030097536   0.0036470274
       -0.0232063479  -0.0016335622  -0.0005061057   0.3111872025   0.0654313028
       -0.0100489125  -0.0003029749  -0.0000031092  -0.0000766807   0.0003774326
       -0.0000884240  -0.0002119055   0.0000263318   0.0001624753   0.0001102826
        0.0001397432   0.0001887788  -0.0000546432
        0.0000549179   0.0001068330   0.0000411800   0.0005398464  -0.0000348973
       -0.0001837424  -0.0008612538  -0.0044967978  -0.0034396780  -0.0014491949
       -0.0010233771  -0.0000142543  -0.0269644758  -0.0109227723  -0.0010002384
       -0.0548808576  -0.0557560914   0.0036199361  -0.0001839486   0.0005000625
        0.0006908463   0.0001745952   0.0001037375   0.0000579741  -0.0000532419
       -0.0000094944  -0.0001602522   0.0000430032  -0.0000014402   0.0000125973
       -0.0000009732   0.0000267622   0.0000020350   0.0000839895   0.0000847613
        0.0001112274   0.0000315372  -0.0000041868   0.0001865480  -0.0008392808
        0.0003326269   0.0003156791  -0.0046338715  -0.0002195653   0.0014862412
        0.0231332072   0.0043447270   0.0000316492   0.0654313028   0.0669344728
       -0.0015201707   0.0001127536  -0.0000850383  -0.0000087508   0.0002056991
        0.0000364157  -0.0004230717   0.0000347967   0.0000319330   0.0002009537
        0.0000214494   0.0000513291  -0.0000067086
       -0.0000541334   0.0000153089   0.0000656257   0.0002469037  -0.0000904552
       -0.0000189619  -0.0001998331  -0.0023420542  -0.0011601181  -0.0006686557
       -0.0004419344   0.0000078374  -0.0137547554  -0.0050300980  -0.0000689610
        0.0084356561   0.0034183315  -0.0437070680  -0.0007842139  -0.0003998012
        0.0004017607  -0.0001491562   0.0000687193   0.0000246473   0.0000078427
        0.0000023297   0.0000951757   0.0000075180  -0.0000207271   0.0000583861
        0.0000232850  -0.0000159936   0.0000063571   0.0000221269   0.0000041665
       -0.0000125127  -0.0000527824   0.0001673587  -0.0001430455   0.0001249242
        0.0006219484   0.0003633966   0.0323525550   0.0076370749  -0.0042590270
       -0.0159234313  -0.0018424590   0.0004901841  -0.0100489125  -0.0015201707
        0.0483399137  -0.0000741966   0.0000521619  -0.0000968161   0.0003165690
       -0.0003805879  -0.0004842415   0.0001090004   0.0001562973   0.0000452940
        0.0000636897  -0.0000594157   0.0000521735
       -0.0017702915  -0.0002337621   0.0005002376   0.0002290307   0.0000045279
        0.0001807851   0.0005744541  -0.0001735557   0.0003042508   0.0000330216
       -0.0000466977  -0.0000792117   0.0042978130  -0.0043728604   0.0014956348
        0.0001524245  -0.0002441756  -0.0000450275  -0.1167414325   0.0939249056
       -0.0619979082  -0.0000943316   0.0000822641  -0.0002616085  -0.0015424239
        0.0016360246   0.0006576356  -0.0005419218  -0.0004122526  -0.0001524840
       -0.0001179166   0.0001712422  -0.0000649209  -0.0000178964   0.0000526788
       -0.0000859713   0.0000344261   0.0000167911  -0.0000656393   0.0008757394
       -0.0002766816   0.0014427929  -0.0000520641  -0.0000718879   0.0001252228
        0.0003178752  -0.0001654826  -0.0001072262  -0.0003029749   0.0001127536
       -0.0000741966   0.1359858217  -0.1111181343   0.0711362516  -0.0235013069
        0.0231575108  -0.0145597724   0.0022451180  -0.0020024520   0.0015803745
       -0.0000631641  -0.0000407563   0.0000707810
        0.0011492807   0.0003510698  -0.0002808991  -0.0002733629   0.0000337741
        0.0002206925   0.0001542229   0.0000917725   0.0002094387   0.0000462409
       -0.0004152280  -0.0000055162   0.0016933084  -0.0033023798   0.0050925542
       -0.0004203368   0.0010924260  -0.0010971075   0.0936001973  -0.1634677900
        0.0775221152  -0.0000953525   0.0000818740  -0.0002466631   0.0009413441
        0.0003094360  -0.0001773544  -0.0005670292  -0.0002963002  -0.0001463538
        0.0002120849  -0.0001801798  -0.0001461590   0.0000729214  -0.0000517892
        0.0000284873   0.0000091933  -0.0000135935  -0.0000607533  -0.0003990042
        0.0005060575   0.0010648108   0.0000278354  -0.0001224502  -0.0001213989
        0.0000202389   0.0001878725  -0.0001069910  -0.0000031092  -0.0000850383
        0.0000521619  -0.1111181343   0.1872162764  -0.0909331037  -0.0028174302
        0.0046479988  -0.0026726617   0.0177692917  -0.0265714258   0.0118198768
       -0.0000024008  -0.0000123830  -0.0000151757
       -0.0000469350   0.0004105613   0.0001224443   0.0001620799  -0.0000407676
       -0.0002229909  -0.0005624646   0.0000555661   0.0005591446   0.0000685695
        0.0001045565  -0.0000108861  -0.0159051397   0.0213742617  -0.0185842597
       -0.0002327227   0.0009504272   0.0012125995  -0.0619623484   0.0779329817
       -0.0932181165   0.0000144866  -0.0001158306   0.0001033197   0.0007841659
       -0.0008298978   0.0005308970  -0.0000593826  -0.0000811883   0.0001582502
       -0.0002488996  -0.0000811390   0.0000726696  -0.0001422415  -0.0000532628
       -0.0000165446   0.0000104664   0.0000024619  -0.0001808687   0.0010553457
        0.0012770367  -0.0069000118   0.0000155797   0.0000122571   0.0003903197
        0.0003032450  -0.0006755594  -0.0002180842  -0.0000766807  -0.0000087508
       -0.0000968161   0.0711362516  -0.0909331037   0.1090952941  -0.0014910570
        0.0001218605   0.0008908298   0.0070084931  -0.0094698242   0.0062698207
        0.0001691884   0.0000473536   0.0000429894
       -0.0002971045   0.0001899552   0.0000323404   0.0000738302  -0.0001206731
       -0.0001197935   0.0006194689  -0.0000001917   0.0019280685   0.0001486685
        0.0002915374   0.0001406724  -0.0111196342  -0.0033990105   0.0042262215
        0.0005927120   0.0000417984  -0.0007044278  -0.2682662010  -0.0569245129
        0.0129439934  -0.0007564295  -0.0004922743   0.0007841645  -0.0002141551
       -0.0002372371  -0.0000260086   0.0001739732   0.0001430834   0.0001289902
       -0.0000734786  -0.0000123137   0.0000596258  -0.0000116959  -0.0000037262
        0.0000190220   0.0000064940   0.0000023934   0.0000074302   0.0007167792
       -0.0001129426  -0.0004254505   0.0000905463   0.0000097492  -0.0002324703
       -0.0003328183   0.0000845253   0.0000135466   0.0003774326   0.0002056991
        0.0003165690  -0.0235013069  -0.0028174302  -0.0014910570   0.3098554371
        0.0674788755  -0.0164983346  -0.0081476668  -0.0043224076  -0.0011508291
        0.0000651489  -0.0000048969   0.0000477270
        0.0003029697  -0.0001440074  -0.0000647009  -0.0001177547  -0.0000195654
        0.0000792982  -0.0006440891   0.0003236297   0.0008711085   0.0001376876
        0.0000903582   0.0000471090  -0.0031689858  -0.0007706652   0.0012732729
        0.0006060746   0.0003466431  -0.0005297594  -0.0566371209  -0.0587360887
        0.0034084215  -0.0001155989  -0.0000963474   0.0002954740  -0.0000022189
        0.0001818064   0.0000749919  -0.0000380661  -0.0001497486  -0.0000205058
        0.0000830001   0.0000704462  -0.0000396612  -0.0000182840   0.0000104661
       -0.0000076532   0.0000114469   0.0000200025   0.0000197088  -0.0005535748
       -0.0001549419   0.0001979047  -0.0000511775  -0.0001189494   0.0000309166
        0.0001205803  -0.0001003416   0.0000525637  -0.0000884240   0.0000364157
       -0.0003805879   0.0231575108   0.0046479988   0.0001218605   0.0674788755
        0.0651723703  -0.0047569329  -0.0304647943  -0.0106339038  -0.0006878524
        0.0000019437   0.0000244225   0.0000150234
       -0.0002156017   0.0000801804   0.0000727500   0.0003140370   0.0002186598
        0.0000342682   0.0010114366  -0.0004358190  -0.0048633017  -0.0001266254
        0.0000226076  -0.0001967451   0.0292640581   0.0076419201  -0.0063060778
        0.0005009965   0.0005391120   0.0005214345   0.0127828354   0.0033527975
       -0.0425220901   0.0012938961   0.0008304572  -0.0006466465   0.0000030491
       -0.0001553385  -0.0000499854   0.0001079908   0.0000836663   0.0000143384
       -0.0000718032  -0.0000151907   0.0000584347   0.0001092956  -0.0000213074
       -0.0000198869  -0.0000188123   0.0000608138  -0.0000091636   0.0006231103
        0.0000920635   0.0008377146  -0.0001320293   0.0000819607   0.0001683423
       -0.0000955045  -0.0000250453  -0.0000707523  -0.0002119055  -0.0004230717
       -0.0004842415  -0.0145597724  -0.0026726617   0.0008908298  -0.0164983346
       -0.0047569329   0.0520525492  -0.0142203603  -0.0047386135   0.0008276042
        0.0001400438   0.0002397419  -0.0003093747
       -0.0001032717   0.0001439069   0.0001016849  -0.0001179603  -0.0000795558
        0.0000199377   0.0005433597   0.0010132161   0.0013687591  -0.0006260250
       -0.0005146567   0.0005010335   0.0006392781   0.0058110819   0.0034057294
        0.0001164907  -0.0000143597   0.0013358769  -0.0482874733  -0.0287795548
       -0.0155994902  -0.0000768112   0.0001504728  -0.0005379561   0.0001380102
       -0.0000648005  -0.0000425252  -0.0001849507   0.0000354342  -0.0000730869
        0.0000120241  -0.0001151889  -0.0000422627   0.0000093046  -0.0000080821
       -0.0000043180   0.0000459483  -0.0000775323  -0.0000668977  -0.0000114757
       -0.0001374557  -0.0004554034   0.0002267946   0.0002862272   0.0002766237
       -0.0000498804  -0.0000628854  -0.0000379644   0.0000263318   0.0000347967
        0.0001090004   0.0022451180   0.0177692917   0.0070084931  -0.0081476668
       -0.0304647943  -0.0142203603   0.0536025850   0.0350564782   0.0168900186
        0.0000002700   0.0000179604   0.0000631074
        0.0000539062  -0.0000746537  -0.0000023975   0.0000631693  -0.0000275628
       -0.0000506098  -0.0001763241   0.0002277435   0.0006569604   0.0002099122
        0.0004288118   0.0000628991   0.0002614484  -0.0003703020  -0.0023276064
        0.0000348884   0.0009288217  -0.0010821230  -0.0289703196  -0.2298694019
       -0.0943190953   0.0000567035   0.0001823744   0.0001611376  -0.0001688115
       -0.0000735332  -0.0000492344   0.0002860458   0.0000855002   0.0000618331
       -0.0000365009   0.0000802273   0.0000682583   0.0000235875   0.0000373685
        0.0000040634  -0.0000560534   0.0000051763   0.0000944888  -0.0001671620
        0.0004302776   0.0001571696  -0.0000465252  -0.0001444637  -0.0002631757
       -0.0001807954   0.0002894243   0.0001194637   0.0001624753   0.0000319330
        0.0001562973  -0.0020024520  -0.0265714258  -0.0094698242  -0.0043224076
       -0.0106339038  -0.0047386135   0.0350564782   0.2650455969   0.1107211687
       -0.0000812631  -0.0000080086   0.0000389400
       -0.0001276566   0.0001195934   0.0001614330   0.0000354289   0.0001039583
        0.0001520974  -0.0007485733  -0.0010140655   0.0000120343   0.0009460584
        0.0005382870  -0.0000359002  -0.0025555497  -0.0260188565  -0.0176095545
        0.0017473793   0.0004588951  -0.0063492626  -0.0158834904  -0.0944271242
       -0.0902582864  -0.0002687422   0.0001029012   0.0004468996   0.0000976148
       -0.0000962497  -0.0000818128   0.0000719669   0.0000106493   0.0000729984
       -0.0000975834  -0.0000191145  -0.0000064455  -0.0000346758   0.0000340071
       -0.0000050985  -0.0001290806   0.0000892110  -0.0000202134  -0.0002895865
       -0.0004014078   0.0003594640  -0.0001464438  -0.0016704810  -0.0012329218
       -0.0000158209   0.0002703396  -0.0000321939   0.0001102826   0.0002009537
        0.0000452940   0.0015803745   0.0118198768   0.0062698207  -0.0011508291
       -0.0006878524   0.0008276042   0.0168900186   0.1107211687   0.1072273177
       -0.0000310917  -0.0001346896   0.0000567263
       -0.0001901704   0.0001638609  -0.0001567028   0.0018159898   0.0005503580
       -0.0007536853   0.0014577943   0.0002262746   0.0045824075   0.0005231619
       -0.0002953879   0.0000080211  -0.0007180723  -0.0003618883   0.0017197775
        0.0001353082   0.0002160762  -0.0000408202  -0.0000692637  -0.0003466845
       -0.0000556634  -0.3592425699  -0.1508160477   0.0659133182  -0.0000196219
        0.0001073889  -0.0001066118   0.0000361930  -0.0000163928   0.0000189142
        0.0000329954   0.0000472123  -0.0000385818   0.0000706366  -0.0002560777
       -0.0002145336  -0.0001865315   0.0000937837   0.0000414598   0.0008822949
       -0.0007259937   0.0003468998  -0.0000689901   0.0001947270   0.0004217085
       -0.0000808530  -0.0000188709  -0.0000023200   0.0001397432   0.0000214494
        0.0000636897  -0.0000631641  -0.0000024008   0.0001691884   0.0000651489
        0.0000019437   0.0001400438   0.0000002700  -0.0000812631  -0.0000310917
        0.3554797005   0.1512979327  -0.0720254181
        0.0000271056   0.0000314053  -0.0001794130  -0.0013347323   0.0003775464
       -0.0005515690  -0.0125492418  -0.0093894908   0.0047417781   0.0006132127
        0.0012632530  -0.0003061707  -0.0008972952  -0.0006788283   0.0033991307
        0.0003317001   0.0000969036   0.0000460711  -0.0006334004  -0.0004099064
        0.0000062688  -0.1383130814  -0.0690055807   0.0426942401   0.0000244588
        0.0001184640  -0.0000651052  -0.0000245541  -0.0000271096  -0.0001077064
       -0.0000056586   0.0000285003  -0.0000401646   0.0011175142  -0.0001235233
        0.0008654376  -0.0001947404  -0.0007436621   0.0002631062   0.0006573770
        0.0000098049   0.0001925254  -0.0002014991  -0.0000101963  -0.0000516932
       -0.0000761837  -0.0000544293   0.0000656290   0.0001887788   0.0000513291
       -0.0000594157  -0.0000407563  -0.0000123830   0.0000473536  -0.0000048969
        0.0000244225   0.0002397419   0.0000179604  -0.0000080086  -0.0001346896
        0.1512979327   0.0784614894  -0.0510653551
        0.0001402277  -0.0002959510   0.0000481246   0.0000841386   0.0000290809
        0.0005789809   0.0281676353   0.0124743574  -0.0105921505   0.0013840982
        0.0011903185   0.0003100722   0.0005865884   0.0024070424  -0.0045471367
        0.0001012376  -0.0000279367  -0.0000650831   0.0009836687   0.0005636511
       -0.0002573985   0.0416072108   0.0342485907  -0.0421763016  -0.0000598994
       -0.0000866574   0.0000306897   0.0000265948   0.0000551772  -0.0000473798
        0.0000960471  -0.0000684654   0.0000582668  -0.0009272784   0.0007708462
       -0.0000592176  -0.0001987877  -0.0002576656   0.0000133085  -0.0001040363
        0.0001650748  -0.0002433191  -0.0000305263  -0.0000587149   0.0000196706
        0.0000415265  -0.0000754723   0.0000171524  -0.0000546432  -0.0000067086
        0.0000521735   0.0000707810  -0.0000151757   0.0000429894   0.0000477270
        0.0000150234  -0.0003093747   0.0000631074   0.0000389400   0.0000567263
       -0.0720254181  -0.0510653551   0.0570692068
