$coord
          4.531074689037         -0.000190950382          0.017318113027     c 
          1.859306805625         -0.000172230568         -0.547559070660     n 
          0.609733269529          2.251452687895          0.399555619794     c 
         -2.164131822104          2.240982624423         -0.432597377484     c 
         -3.504032759080         -0.000056707652          0.402938098474     n 
         -2.164115334623         -2.240824721380         -0.433376061927     c 
          0.609160552364         -2.251260279023          0.400320939528     c 
          5.394168393782          1.671549589451         -0.817554606938     h 
          5.393340709123         -1.674040942727         -0.814158032792     h 
          4.925349719676          0.001627749084          2.063437709889     h 
          0.709478422788          2.357867134729          2.489653010600     h 
          1.568070946208          3.908064789481         -0.374823353709     h 
         -3.131764425214          3.910483836550          0.299176977484     h 
         -2.244648389275          2.273335235909         -2.496374571160     h 
         -3.599734108000         -0.000556257463          2.324319927504     h 
         -3.132505391105         -3.910665708689          0.296589854031     h 
         -2.243232666120         -2.271596435947         -2.497231770315     h 
          0.707820960220         -2.356421331295          2.490574642984     h 
          1.567821745402         -3.908365209609         -0.372534933379     h 
$end
