           1           2   1.01689790829323     
           2           3   1.00417804266629     
           3           4   1.00130252751432     
           4           5   1.01554643704202     
           5           6   1.01554497008263     
           2           7   1.00418850810835     
           6           7   1.00130886469768     
           1           8  0.982429698974349     
           1           9  0.973218948445578     
           1          10  0.982425356579770     
           3          11  0.973264602260218     
           3          12  0.963126393515070     
           4          13  0.965518725300262     
           4          14  0.975001756432216     
           5          15  0.959022295032275     
           6          16  0.965523075391004     
           6          17  0.974998511039638     
           7          18  0.973278731195379     
           7          19  0.963098025756954     
