           1           2   1.00038345833262     
           2           3   1.02654142128970     
           3           4  0.929230939955024     
           4           5  0.932893279986489     
           4           6  0.943505374425894     
           4           7  0.941085706036671     
           2           8   1.10246826795931     
           8           9   1.35275658067606     
           9          10   1.46503690978383     
          10          11   1.42351142804803     
           9          12  0.106002837065917     
          11          12   1.43531234564809     
           8          13   1.35911132730926     
          10          13  0.103560155964945     
          12          13   1.45232379773846     
           1          14  0.976170825870055     
           1          15  0.975360582681761     
           1          16  0.977411600223292     
           3          17  0.953402782032717     
           3          18  0.948319045519223     
           9          19  0.963054148653501     
          10          20  0.970986613944171     
          11          21  0.971651981368216     
          12          22  0.970973620548708     
          13          23  0.965763094464364     
