$coord
          8.286542753746          2.009876858087          0.354262589628     c 
          6.734598254468         -0.166979350927         -0.714068668597     c 
          4.137530025194         -0.332421474044          0.530423101892     c 
          2.559501386738         -2.491371840317         -0.547494383073     c 
          0.002099875569         -2.756755316546          0.710433466283     c 
         -2.475499032971          0.410173885023         -0.042988590817     i 
          7.321998502354          3.799273660210          0.049504527840     h 
          8.575305534671          1.767569664086          2.375366924875     h 
         10.126002770414          2.100903176376         -0.556787289953     h 
          7.748862587368         -1.942412297157         -0.423536048582     h 
          6.499534838477          0.093141623659         -2.748507596301     h 
          3.143833079675          1.454881472609          0.245506906325     h 
          4.371326856146         -0.603882737516          2.565424507092     h 
          2.320589810681         -2.226299910922         -2.581453305836     h 
          3.568968877839         -4.276265450447         -0.267728590983     h 
          0.177963970523         -2.858087182167          2.755180324453     h 
         -1.002143071114         -4.412685631465          0.024774684385     h 
$end
