           1           2   1.01746107542973     
           2           3  0.974058198158129     
           3           4  0.980058842652651     
           4           5   1.69672463557123     
           4           6   1.16303945760205     
           5           6  0.170019335226072     
           6           7  0.938921203166362     
           1           8  0.984287920155049     
           1           9  0.986538152935668     
           1          10  0.986811549134218     
           2          11  0.978768661134613     
           2          12  0.978217905796571     
           3          13  0.965654251545278     
           3          14  0.967853401121977     
           7          15  0.976722996746198     
           7          16  0.976323752126663     
           7          17  0.976282836799970     
