$hessian                                                                        
        0.5148586913   0.0198849424  -0.0243705631  -0.0823195541   0.0377812748
       -0.0345133953  -0.0033316296   0.0088247005  -0.0061973808  -0.0116369818
        0.0131451396  -0.0171272724   0.0005434348  -0.0002535589   0.0004555360
        0.0002526092  -0.0001690379   0.0000990580   0.0000780584   0.0001590701
        0.0000665026   0.0016062734  -0.0191656903   0.0234437167  -0.0625457874
        0.0534905560   0.0338030382  -0.1924408198  -0.0730205791  -0.0888998039
       -0.1619223049  -0.0399925761   0.1164037467  -0.0034683212  -0.0012678462
       -0.0033720450   0.0006950709   0.0005978065   0.0008412083  -0.0011832135
        0.0002312788  -0.0010942643  -0.0000530798   0.0000133851  -0.0000380636
        0.0000095304   0.0000256879   0.0000580164  -0.0002043715   0.0001516961
       -0.0001536159  -0.0000739268  -0.0000611006  -0.0001147093   0.0000004898
        0.0000340950  -0.0000255934  -0.0000446530  -0.0000285391   0.0000019055
        0.0011804853  -0.0003807046   0.0007339788
        0.0198849424   0.4870739820   0.0318711357   0.0346984770  -0.1229762564
        0.0465841369   0.0137454939  -0.0236139358   0.0149983721  -0.0011953851
        0.0055233867  -0.0031909840   0.0001631968  -0.0004106125   0.0000851867
       -0.0000301820  -0.0002485035  -0.0001131459   0.0000023517  -0.0000005927
        0.0000890210  -0.0042557240  -0.0084860011   0.0182207895   0.0539036497
       -0.2044105038  -0.0993289985  -0.0732120761  -0.0791662131  -0.0447001703
       -0.0405394550  -0.0560825739   0.0384572783  -0.0020095779   0.0002963379
       -0.0018217789  -0.0009882967   0.0011306018  -0.0005343645  -0.0003655871
        0.0003716235  -0.0004558388   0.0000451326   0.0000977605   0.0000418024
       -0.0001017140   0.0001653242  -0.0000284226   0.0000658337   0.0000707828
        0.0001335719  -0.0000888473   0.0000276598  -0.0001269294   0.0000077698
        0.0000893401   0.0000602169  -0.0000427117  -0.0000052117  -0.0000028716
        0.0003127094   0.0005536052  -0.0002380067
       -0.0243705631   0.0318711357   0.4983982671  -0.0308606884   0.0468024393
       -0.1076420204   0.0034115477  -0.0071989840   0.0065328744  -0.0106620228
        0.0093531794  -0.0133968785  -0.0001254050   0.0001311437  -0.0002890067
       -0.0000772606   0.0000160733  -0.0003259543  -0.0000262851   0.0000273538
       -0.0001157301   0.0029921090   0.0255924233  -0.0286920581   0.0336170970
       -0.0996099518  -0.1048464145  -0.0883901922  -0.0442168924  -0.0960418723
        0.1166844664   0.0379783049  -0.1539477654  -0.0025659037  -0.0004668755
       -0.0018484474   0.0000583718   0.0010564661   0.0005148416   0.0001217466
        0.0002569929   0.0002334514   0.0000276302   0.0000691142   0.0000682265
       -0.0000344018   0.0000256203  -0.0000377685   0.0001516796  -0.0001457494
        0.0002626125  -0.0000156685  -0.0000241887  -0.0000214772  -0.0000226697
        0.0000807847   0.0000354767  -0.0000238691  -0.0000245298   0.0000155095
        0.0001102815  -0.0015738598   0.0011441335
       -0.0823195541   0.0346984770  -0.0308606884   0.4424259288  -0.0210941434
        0.0195231183  -0.0554197376   0.0459497628   0.0226169765  -0.1213554717
       -0.0277217375  -0.0562573691  -0.0204536452  -0.0089716546  -0.0069154746
        0.0005161180   0.0004744162   0.0000492691  -0.0024930981  -0.0009399844
        0.0017201067  -0.1193988560  -0.0242130968   0.0479830495  -0.0042208897
        0.0095341898  -0.0054521246  -0.0122485343   0.0157166929  -0.0177141703
        0.0055305270  -0.0132638859   0.0133904251  -0.0100060910  -0.0027654830
       -0.0101357662   0.0050578404   0.0013187679   0.0033687860   0.0006816791
        0.0003384382  -0.0004709140   0.0002180587  -0.0001034144  -0.0003674841
       -0.0002568370  -0.0000411891   0.0000778998  -0.0011893464  -0.0001197967
        0.0005255111   0.0000653695  -0.0001823155   0.0002621754  -0.0001315301
        0.0001527241   0.0001677349  -0.0005799135  -0.0004245724  -0.0006117660
       -0.0244220169  -0.0083421954   0.0191007049
        0.0377812748  -0.1229762564   0.0468024393  -0.0210941434   0.4835416808
        0.0326295568   0.0483135561  -0.1806592962  -0.0817928293  -0.0270239148
       -0.0824493755  -0.0300324648  -0.0073584063  -0.0030916533  -0.0017911717
       -0.0002321454  -0.0002041378   0.0001415748  -0.0010305374  -0.0001622040
        0.0004628791  -0.0281021062  -0.0586162832   0.0168091128   0.0115960964
       -0.0236778259   0.0147380649  -0.0034352139   0.0066670615  -0.0052897542
        0.0009184321  -0.0047938635   0.0052056765   0.0148573631   0.0060219014
        0.0136160367  -0.0178171335  -0.0135439508  -0.0188118501  -0.0000724125
       -0.0002221535   0.0000652789   0.0000527396  -0.0002485350  -0.0001779135
        0.0002622713  -0.0000857966   0.0001977389   0.0004502596   0.0005115502
       -0.0006391006  -0.0000010292  -0.0001251641   0.0001408254  -0.0000105374
        0.0001109482   0.0000641992  -0.0001664266   0.0001671704  -0.0001837974
       -0.0078879864  -0.0061638170   0.0078454983
       -0.0345133953   0.0465841369  -0.1076420204   0.0195231183   0.0326295568
        0.4637923940   0.0223917217  -0.0792948054  -0.0839839188  -0.0461030883
       -0.0256940184  -0.1049110692   0.0076341573   0.0040200366   0.0088185715
       -0.0004101850  -0.0001848960  -0.0001098390   0.0024435113   0.0011055962
       -0.0012762922   0.0725188827   0.0234713774  -0.1413199756   0.0048832538
       -0.0084820677   0.0090445146  -0.0088290567   0.0105817744  -0.0123906772
       -0.0041606322   0.0132470015  -0.0137062441  -0.0180759589  -0.0052190568
       -0.0158234174  -0.0128042256  -0.0109070698  -0.0129302211   0.0002975406
        0.0004304774   0.0002512045   0.0002621849  -0.0001347201   0.0000055222
        0.0001833702  -0.0000379899   0.0000548005   0.0009897585   0.0000984849
       -0.0004787115   0.0000713160  -0.0000844997   0.0001418659  -0.0000089382
        0.0001101655   0.0000890738   0.0009618028   0.0004283370   0.0004598972
       -0.0072551380  -0.0026678209   0.0119145422
       -0.0033316296   0.0137454939   0.0034115477  -0.0554197376   0.0483135561
        0.0223917217   0.0794148519  -0.0569646744  -0.0389761406   0.0042109511
       -0.0178571348  -0.0118315537   0.0007910367   0.0001191218  -0.0001845096
       -0.0012222725  -0.0004301967  -0.0001013496  -0.0002169934   0.0000587946
        0.0000531599  -0.0194730438   0.0128697386   0.0274596616  -0.0004909481
        0.0022003532  -0.0017139303  -0.0001482802   0.0001490477   0.0003124556
        0.0003266358  -0.0004363440   0.0001784087   0.0006387281  -0.0001952141
        0.0003017823  -0.0031056566  -0.0026248936  -0.0031928614   0.0000339706
        0.0000866260  -0.0000350110   0.0000824641   0.0000561392   0.0000585584
       -0.0003313661   0.0002006427  -0.0003119006  -0.0014782520  -0.0003957160
        0.0012853809   0.0000372863  -0.0000218273  -0.0000117720   0.0000804079
        0.0001381888   0.0000813024  -0.0000274534   0.0000184542   0.0000404289
       -0.0003706990   0.0009698439   0.0007846205
        0.0088247005  -0.0236139358  -0.0071989840   0.0459497628  -0.1806592962
       -0.0792948054  -0.0569646744   0.2086600380   0.0934248379   0.0010657812
       -0.0121875576  -0.0089431382   0.0004547305  -0.0000379254  -0.0002557874
        0.0004037813   0.0004357771  -0.0003285756  -0.0000560422   0.0000622179
        0.0001568651   0.0008638913   0.0092352681   0.0004405384   0.0025158833
       -0.0038763860   0.0034138505  -0.0001693477   0.0006439498  -0.0005487965
       -0.0001771620   0.0000417694  -0.0003195961   0.0004781050   0.0005813692
        0.0004769879  -0.0021709486  -0.0009029252  -0.0023768667   0.0001057623
       -0.0002831902  -0.0000529116   0.0002312435   0.0001164618   0.0000957726
       -0.0000463282   0.0000871327  -0.0000076281  -0.0005197666   0.0003736957
        0.0007621837   0.0000698947   0.0000169006  -0.0000006392   0.0000619006
        0.0000656598   0.0000505600  -0.0000481793  -0.0000170211   0.0000546775
       -0.0008729881   0.0012579973   0.0004514551
       -0.0061973808   0.0149983721   0.0065328744   0.0226169765  -0.0817928293
       -0.0839839188  -0.0389761406   0.0934248379   0.1155904723   0.0011556070
       -0.0167234281  -0.0100316822   0.0003695660   0.0000242216   0.0001554325
        0.0009454860   0.0003784192   0.0002934950  -0.0000885635  -0.0000421418
        0.0001336252   0.0238954934  -0.0122387866  -0.0260173833  -0.0017247732
        0.0032567458  -0.0016177302   0.0001902190   0.0002292421   0.0003742833
       -0.0002222239   0.0000584139   0.0005207443   0.0003739905  -0.0002349859
       -0.0001368647  -0.0025688523  -0.0019294363  -0.0024497805   0.0000092357
        0.0000145253  -0.0001165292   0.0000219724   0.0000906068  -0.0001730161
       -0.0003044516   0.0000796711  -0.0001418027   0.0009361851   0.0001287128
        0.0001240333   0.0000295498  -0.0000069991  -0.0000657876   0.0000206936
        0.0000467307  -0.0000368913  -0.0000402530   0.0000215556   0.0000475985
       -0.0004423362   0.0002165523   0.0009988280
       -0.0116369818  -0.0011953851  -0.0106620228  -0.1213554717  -0.0270239148
       -0.0461030883   0.0042109511   0.0010657812   0.0011556070   0.4729656409
       -0.0236520530  -0.0074171726  -0.1382252944  -0.0271381308   0.0503083993
       -0.0144662136   0.0006614300   0.0102075576  -0.0253749036  -0.0108127218
        0.0068695440  -0.0342579728  -0.0168007464  -0.0076614467   0.0002471743
       -0.0007999145   0.0001669301  -0.0007342010   0.0010902261  -0.0016117681
        0.0002864925  -0.0002581593   0.0001421539  -0.0567787077   0.0438140214
       -0.0378085578  -0.0702157538   0.0643402394   0.0400760451   0.0027867706
       -0.0000499246  -0.0004096342  -0.0011152648   0.0018326836   0.0017753966
        0.0003560759  -0.0008408756  -0.0000416355   0.0003769342  -0.0003702042
       -0.0003596004   0.0005801548  -0.0001073486   0.0010796315   0.0006063992
        0.0005541615   0.0007727384  -0.0038042495  -0.0019439463  -0.0022148424
       -0.0044515789  -0.0023652181   0.0017357654
        0.0131451396   0.0055233867   0.0093531794  -0.0277217375  -0.0824493755
       -0.0256940184  -0.0178571348  -0.0121875576  -0.0167234281  -0.0236520530
        0.5238691872  -0.0074199477  -0.0257778828  -0.0753014892   0.0209345094
        0.0169082060   0.0040468734  -0.0106222933  -0.0121808817  -0.0051682988
        0.0033287590  -0.0150555668  -0.0035869302  -0.0018459254   0.0006694351
        0.0009863743   0.0008257725   0.0024853136  -0.0019710587   0.0034970382
       -0.0000923599   0.0003569024  -0.0001566829   0.0425592012  -0.1606403572
        0.1046097837   0.0643497356  -0.1836495436  -0.0901573101  -0.0175816106
       -0.0085393796   0.0140588424   0.0029307211  -0.0028243362  -0.0032142107
        0.0007014306   0.0010757785  -0.0008094215  -0.0000991172   0.0004341261
        0.0000549291   0.0008382176   0.0006397904   0.0001345208  -0.0008661740
        0.0002414866   0.0005619056  -0.0021434341  -0.0005721624  -0.0015088214
       -0.0015594480  -0.0002834166   0.0007928194
       -0.0171272724  -0.0031909840  -0.0133968785  -0.0562573691  -0.0300324648
       -0.1049110692  -0.0118315537  -0.0089431382  -0.0100316822  -0.0074171726
       -0.0074199477   0.4807954640   0.0540319462   0.0222328938  -0.0994352699
        0.0156659428   0.0007891952  -0.0104031514  -0.0121385248  -0.0050089568
        0.0061028947   0.0182198150   0.0087172366   0.0098310116   0.0007025285
       -0.0006399519   0.0009957321  -0.0015666691   0.0026875732  -0.0025206617
        0.0002163823  -0.0002667480   0.0001306370  -0.0371496099   0.1046701936
       -0.1393355296   0.0403716028  -0.0898634289  -0.1030514637   0.0165522255
        0.0091394284  -0.0127964627   0.0013112582  -0.0024398156  -0.0014673297
       -0.0008557572   0.0005236224   0.0009809798  -0.0001410010   0.0003260934
        0.0001628682  -0.0008287575  -0.0007916189   0.0008278056  -0.0010819270
        0.0000368648   0.0006209675  -0.0038481642  -0.0019103822  -0.0013839076
        0.0031720773   0.0013843355  -0.0017149542
        0.0005434348   0.0001631968  -0.0001254050  -0.0204536452  -0.0073584063
        0.0076341573   0.0007910367   0.0004547305   0.0003695660  -0.1382252944
       -0.0257778828   0.0540319462   0.4674831495  -0.0192131973   0.0093332774
       -0.0845665768   0.0407265813   0.0253670672  -0.1220773474  -0.0304763260
       -0.0571917512  -0.0034071029  -0.0016833302  -0.0024308635  -0.0001370982
       -0.0000505404   0.0000181441   0.0001068725  -0.0001761007   0.0003425132
       -0.0009347832  -0.0001780363  -0.0002927380   0.0034046411  -0.0004855061
       -0.0011455048  -0.0122879090  -0.0016166891   0.0097216003  -0.0556675949
        0.0414739484  -0.0357048176  -0.0143066945   0.0190423173   0.0149009826
       -0.0036767749   0.0077556714   0.0021620010   0.0069078702  -0.0135789284
       -0.0094920715  -0.0084096845  -0.0013340335  -0.0096725363   0.0064622074
        0.0031818689   0.0060071932  -0.0210875809  -0.0106200358  -0.0145406649
       -0.0004611255  -0.0002493018   0.0007079043
       -0.0002535589  -0.0004106125   0.0001311437  -0.0089716546  -0.0030916533
        0.0040200366   0.0001191218  -0.0000379254   0.0000242216  -0.0271381308
       -0.0753014892   0.0222328938  -0.0192131973   0.5056964117  -0.0319445825
        0.0421239974  -0.1434721838  -0.0479327082  -0.0305595991  -0.0823188534
       -0.0274489086  -0.0015960187  -0.0006861287  -0.0012292470   0.0001709913
       -0.0000348645  -0.0000690689   0.0000104730  -0.0002061595   0.0001612007
        0.0005058137   0.0004980057   0.0005284919  -0.0170036805  -0.0090628200
        0.0151869998   0.0176045311   0.0044508319  -0.0133384943   0.0415360393
       -0.1587936613   0.1037491792  -0.0018546384   0.0053056076   0.0025805706
        0.0120592612  -0.0241534282  -0.0094176280   0.0028310207  -0.0095793958
       -0.0075144231   0.0140064724   0.0068860541   0.0137667353  -0.0148847638
       -0.0111542464  -0.0173519807  -0.0089744558  -0.0045181012  -0.0063940784
       -0.0005180241  -0.0000153878   0.0002596464
        0.0004555360   0.0000851867  -0.0002890067  -0.0069154746  -0.0017911717
        0.0088185715  -0.0001845096  -0.0002557874   0.0001554325   0.0503083993
        0.0209345094  -0.0994352699   0.0093332774  -0.0319445825   0.5007692776
        0.0258991843  -0.0471533369  -0.0978478881  -0.0582717543  -0.0284288781
       -0.1187645317  -0.0047990981  -0.0022174698  -0.0005473220  -0.0001414490
        0.0000734271   0.0000474052  -0.0003081078  -0.0000023998   0.0000039227
       -0.0011603559  -0.0002507454  -0.0004394712   0.0161602646   0.0094130153
       -0.0143947493   0.0140155623   0.0022339271  -0.0104028746  -0.0354287396
        0.1040143364  -0.1329620040   0.0087520172  -0.0107737746  -0.0086344336
       -0.0069403958   0.0133327359   0.0087286137   0.0073086980  -0.0184393298
       -0.0135233810  -0.0162434399  -0.0044836884  -0.0174151385  -0.0096835811
       -0.0084925615  -0.0123642156   0.0086480276   0.0045731813   0.0080531463
       -0.0008040609  -0.0004265934   0.0004439166
        0.0002526092  -0.0000301820  -0.0000772606   0.0005161180  -0.0002321454
       -0.0004101850  -0.0012222725   0.0004037813   0.0009454860  -0.0144662136
        0.0169082060   0.0156659428  -0.0845665768   0.0421239974   0.0258991843
        0.5095814345   0.0246596889   0.0166371738   0.0045998095  -0.0132632243
       -0.0090277003  -0.0003898401   0.0000122792   0.0005452278  -0.0000298315
        0.0000561653  -0.0000665363  -0.0000453884   0.0000278061   0.0000315148
       -0.0002085557   0.0001589152   0.0000240759   0.0006639569   0.0004386877
       -0.0007888844  -0.0040762464  -0.0007898988   0.0032232706  -0.0034030420
        0.0090488033   0.0040596002  -0.2179603230  -0.0628374343   0.0849035373
       -0.0525373620   0.0334423624  -0.0285310086  -0.1365114360  -0.0463076255
       -0.1087208331   0.0006124257  -0.0006373153   0.0001252037  -0.0018203142
       -0.0025324961  -0.0033212171   0.0009121792  -0.0006695897  -0.0010267295
        0.0000988692   0.0000192186  -0.0000898622
       -0.0001690379  -0.0002485035   0.0000160733   0.0004744162  -0.0002041378
       -0.0001848960  -0.0004301967   0.0004357771   0.0003784192   0.0006614300
        0.0040468734   0.0007891952   0.0407265813  -0.1434721838  -0.0471533369
        0.0246596889   0.4833637622  -0.0246196868   0.0018590678  -0.0134496824
       -0.0117104217  -0.0003589804   0.0001563405   0.0002009093  -0.0000638655
        0.0001482527  -0.0000344809   0.0000055069   0.0000689127  -0.0000461190
        0.0000573983   0.0001260147  -0.0000347617  -0.0009076700   0.0010797562
        0.0004403444  -0.0015774422   0.0006540573   0.0012655807   0.0116000019
       -0.0226849571  -0.0108423443  -0.0630340227  -0.0652203870   0.0318961367
        0.0332972204  -0.1801456815   0.1126861163  -0.0463471598  -0.0652337120
       -0.0516929616   0.0003771702   0.0010791037   0.0007230242  -0.0017038533
       -0.0005962799  -0.0020361907   0.0007908132   0.0001849279  -0.0000019878
        0.0000829335  -0.0000882535  -0.0000386121
        0.0000990580  -0.0001131459  -0.0003259543   0.0000492691   0.0001415748
       -0.0001098390  -0.0001013496  -0.0003285756   0.0002934950   0.0102075576
       -0.0106222933  -0.0104031514   0.0253670672  -0.0479327082  -0.0978478881
        0.0166371738  -0.0246196868   0.5080247220   0.0042738551  -0.0190702565
       -0.0150467433   0.0001453751  -0.0001614853  -0.0000916066   0.0000381858
       -0.0000421203  -0.0000306898  -0.0000632494  -0.0000685456   0.0000800808
       -0.0001711426   0.0002404301   0.0001969054   0.0001486766  -0.0010669289
        0.0005734030   0.0028931127   0.0001870136  -0.0014687610  -0.0063802752
        0.0126741241   0.0075374437   0.0851216427   0.0320697301  -0.0852569187
       -0.0286681494   0.1131165733  -0.1364580943  -0.1087870496  -0.0514485861
       -0.1678502708   0.0008743628  -0.0007687779   0.0007080011  -0.0022827291
       -0.0026124715  -0.0030168352   0.0006621001   0.0004125770   0.0005448668
       -0.0000634916   0.0000135589  -0.0000521653
        0.0000780584   0.0000023517  -0.0000262851  -0.0024930981  -0.0010305374
        0.0024435113  -0.0002169934  -0.0000560422  -0.0000885635  -0.0253749036
       -0.0121808817  -0.0121385248  -0.1220773474  -0.0305595991  -0.0582717543
        0.0045998095   0.0018590678   0.0042738551   0.4923910184  -0.0173608475
       -0.0329943911  -0.0016768103  -0.0007927614  -0.0002836894  -0.0000294966
       -0.0001033055  -0.0000367347  -0.0000456394   0.0000287122   0.0000163944
       -0.0000454018  -0.0000361311   0.0000836105   0.0006970557   0.0004193778
       -0.0007913825   0.0002385069  -0.0007509244  -0.0012509309  -0.0081512818
       -0.0030132587  -0.0096736578   0.0011116060   0.0009981483   0.0006924400
        0.0004210394   0.0001711177   0.0006102437   0.0001146128   0.0021123177
        0.0018760527  -0.0618455316   0.0472062424  -0.0414271445  -0.0814054605
        0.0739574255   0.0490248234  -0.1959969192  -0.0607469426   0.0977998601
       -0.0002928235  -0.0001235294   0.0001622674
        0.0001590701  -0.0000005927   0.0000273538  -0.0009399844  -0.0001622040
        0.0011055962   0.0000587946   0.0000622179  -0.0000421418  -0.0108127218
       -0.0051682988  -0.0050089568  -0.0304763260  -0.0823188534  -0.0284288781
       -0.0132632243  -0.0134496824  -0.0190702565  -0.0173608475   0.5137335813
       -0.0151458995  -0.0006870807  -0.0002429771  -0.0001910497  -0.0000467475
        0.0000616358   0.0000269586   0.0000339869   0.0000809798  -0.0000750943
       -0.0001050305  -0.0000774765  -0.0001690616  -0.0005277548   0.0003872653
       -0.0009107964   0.0008756649   0.0006681034  -0.0000309365   0.0129381731
        0.0061195725   0.0132964329  -0.0008428662   0.0006997164   0.0005026675
       -0.0008483072   0.0007239846  -0.0006893854   0.0010751787  -0.0038523202
       -0.0033821210   0.0474278293  -0.1646511853   0.1095467443   0.0741686582
       -0.1840695911  -0.0911283658  -0.0607305727  -0.0684492370   0.0396877952
       -0.0000958922  -0.0000946386   0.0000793948
        0.0000665026   0.0000890210  -0.0001157301   0.0017201067   0.0004628791
       -0.0012762922   0.0000531599   0.0001568651   0.0001336252   0.0068695440
        0.0033287590   0.0061028947  -0.0571917512  -0.0274489086  -0.1187645317
       -0.0090277003  -0.0117104217  -0.0150467433  -0.0329943911  -0.0151458995
        0.4945025758   0.0007238352   0.0003336545   0.0004744066  -0.0000086966
       -0.0000274511  -0.0000304726   0.0000125810  -0.0000622714   0.0001607667
       -0.0000005447  -0.0000338434   0.0001907821   0.0010876238   0.0000667047
        0.0009337521   0.0007504116   0.0007988777   0.0007287483  -0.0171302206
       -0.0058984346  -0.0166736705  -0.0011313010  -0.0000300965   0.0003149199
       -0.0000111172   0.0006667968   0.0008142006   0.0009809809  -0.0031825565
       -0.0015912771  -0.0416591423   0.1092941784  -0.1425159179   0.0489621845
       -0.0911988259  -0.1037163326   0.0977051195   0.0394357045  -0.1045066904
        0.0002228155   0.0001052683  -0.0001190136
        0.0016062734  -0.0042557240   0.0029921090  -0.1193988560  -0.0281021062
        0.0725188827  -0.0194730438   0.0008638913   0.0238954934  -0.0342579728
       -0.0150555668   0.0182198150  -0.0034071029  -0.0015960187  -0.0047990981
       -0.0003898401  -0.0003589804   0.0001453751  -0.0016768103  -0.0006870807
        0.0007238352   0.4466752430   0.1573134142   0.0642278628   0.0002426112
       -0.0008793894  -0.0003259508   0.0009681193   0.0013942764  -0.0006107894
        0.0010664076  -0.0004007335   0.0001307051   0.0012501649   0.0011702301
        0.0008890088   0.0016303187  -0.0000320332   0.0003944815   0.0002973213
        0.0000188533   0.0001340930  -0.0002063823  -0.0001827964  -0.0000413147
        0.0001761861   0.0000004951  -0.0000087328   0.0002757199   0.0000200892
       -0.0003731271   0.0000487729   0.0001090889   0.0000179783   0.0001047280
       -0.0000804735  -0.0000128563  -0.0004948569  -0.0002280275  -0.0002247372
       -0.2750370012  -0.1090314081  -0.1778930335
       -0.0191656903  -0.0084860011   0.0255924233  -0.0242130968  -0.0586162832
        0.0234713774   0.0128697386   0.0092352681  -0.0122387866  -0.0168007464
       -0.0035869302   0.0087172366  -0.0016833302  -0.0006861287  -0.0022174698
        0.0000122792   0.0001563405  -0.0001614853  -0.0007927614  -0.0002429771
        0.0003336545   0.1573134142   0.1074215910   0.0236566274  -0.0006605311
        0.0021754213  -0.0011152969  -0.0001965683   0.0008091208  -0.0012159550
        0.0011247986  -0.0042912354   0.0053761535   0.0000974821   0.0003414462
       -0.0002156880   0.0011858978   0.0009305325   0.0010229350   0.0002880353
        0.0001144730  -0.0000332312   0.0000402254   0.0000548236   0.0000754705
       -0.0001699982   0.0001006499  -0.0001106368   0.0000194995  -0.0001271019
        0.0002646976  -0.0000163920   0.0000400806  -0.0000309303   0.0000820882
        0.0000441680   0.0000830833  -0.0002222498  -0.0001169868  -0.0000880686
       -0.1091120941  -0.0452702709  -0.0711661104
        0.0234437167   0.0182207895  -0.0286920581   0.0479830495   0.0168091128
       -0.1413199756   0.0274596616   0.0004405384  -0.0260173833  -0.0076614467
       -0.0018459254   0.0098310116  -0.0024308635  -0.0012292470  -0.0005473220
        0.0005452278   0.0002009093  -0.0000916066  -0.0002836894  -0.0001910497
        0.0004744066   0.0642278628   0.0236566274   0.3388543763   0.0000151887
       -0.0008078356   0.0014799089   0.0008505490  -0.0013797873   0.0010941474
       -0.0022566443   0.0060439916  -0.0057266086   0.0000239202  -0.0004348603
        0.0004633772  -0.0002171112   0.0005200012   0.0004108472  -0.0001426018
       -0.0001790093  -0.0001749902   0.0000969510   0.0001512859   0.0000407831
       -0.0001247235   0.0000130176  -0.0000591725  -0.0002776314   0.0000541796
        0.0003723092   0.0000667794  -0.0000507707  -0.0000241523   0.0000020496
        0.0000832227  -0.0000319767  -0.0001928248  -0.0000798970  -0.0000853724
       -0.1511274199  -0.0599952936  -0.1502505493
       -0.0625457874   0.0539036497   0.0336170970  -0.0042208897   0.0115960964
        0.0048832538  -0.0004909481   0.0025158833  -0.0017247732   0.0002471743
        0.0006694351   0.0007025285  -0.0001370982   0.0001709913  -0.0001414490
       -0.0000298315  -0.0000638655   0.0000381858  -0.0000294966  -0.0000467475
       -0.0000086966   0.0002426112  -0.0006605311   0.0000151887   0.0695289061
       -0.0645776454  -0.0376738706   0.0055161394  -0.0216298934  -0.0139455055
       -0.0080301020   0.0190605123   0.0146659692   0.0001388812  -0.0002160230
        0.0000805076  -0.0000705158  -0.0000501895  -0.0006232429  -0.0003375554
        0.0000343441   0.0003096945   0.0000387938  -0.0000391290  -0.0000257586
        0.0000639352  -0.0000956079  -0.0000067956   0.0000862759  -0.0000786746
       -0.0000427183   0.0000505385  -0.0000234673   0.0000521862  -0.0000354063
       -0.0000513241  -0.0000781169   0.0000415695   0.0000082972   0.0000100072
       -0.0000271941  -0.0004261111  -0.0001036911
        0.0534905560  -0.2044105038  -0.0996099518   0.0095341898  -0.0236778259
       -0.0084820677   0.0022003532  -0.0038763860   0.0032567458  -0.0007999145
        0.0009863743  -0.0006399519  -0.0000505404  -0.0000348645   0.0000734271
        0.0000561653   0.0001482527  -0.0000421203  -0.0001033055   0.0000616358
       -0.0000274511  -0.0008793894   0.0021754213  -0.0008078356  -0.0645776454
        0.2377582167   0.1149502883   0.0017883882  -0.0139796601  -0.0103886679
       -0.0008490245   0.0049839477   0.0015629251  -0.0003422829   0.0001198405
       -0.0002283806   0.0002831477   0.0003401433   0.0004056260   0.0002201534
        0.0000643103  -0.0000798182   0.0000064804   0.0000440924  -0.0000021735
       -0.0000936071  -0.0000124420  -0.0000406631  -0.0000392326  -0.0000892760
        0.0000868512  -0.0000042130  -0.0000327244  -0.0000155224   0.0000011704
        0.0000394928   0.0000148252  -0.0000187128  -0.0000148095  -0.0000212982
        0.0001772637  -0.0005932356   0.0000352135
        0.0338030382  -0.0993289985  -0.1048464145  -0.0054521246   0.0147380649
        0.0090445146  -0.0017139303   0.0034138505  -0.0016177302   0.0001669301
        0.0008257725   0.0009957321   0.0000181441  -0.0000690689   0.0000474052
       -0.0000665363  -0.0000344809  -0.0000306898  -0.0000367347   0.0000269586
       -0.0000304726  -0.0003259508  -0.0011152969   0.0014799089  -0.0376738706
        0.1149502883   0.1184167870   0.0026640618  -0.0147422883  -0.0093480015
        0.0083774767  -0.0186782851  -0.0136490653   0.0000972400  -0.0000605722
        0.0000173655  -0.0001408115  -0.0000314944  -0.0001709761   0.0002368868
       -0.0000540802  -0.0000799057   0.0000059020  -0.0000163474  -0.0000141130
        0.0000280896   0.0000339373   0.0000542168  -0.0000720074   0.0000999580
       -0.0000636812  -0.0000108892   0.0000026630  -0.0000178683  -0.0000119788
        0.0000034258   0.0000257788   0.0000387930  -0.0000013059  -0.0000172761
        0.0000682720   0.0000372998  -0.0001955148
       -0.1924408198  -0.0732120761  -0.0883901922  -0.0122485343  -0.0034352139
       -0.0088290567  -0.0001482802  -0.0001693477   0.0001902190  -0.0007342010
        0.0024853136  -0.0015666691   0.0001068725   0.0000104730  -0.0003081078
       -0.0000453884   0.0000055069  -0.0000632494  -0.0000456394   0.0000339869
        0.0000125810   0.0009681193  -0.0001965683   0.0008505490   0.0055161394
        0.0017883882   0.0026640618   0.2225038651   0.0847041543   0.1051162230
       -0.0233653309  -0.0120513091  -0.0092056124  -0.0006144448  -0.0002044094
       -0.0005714365   0.0000335558   0.0001680261   0.0002094995   0.0001549762
        0.0002019084  -0.0000142372   0.0000416986  -0.0000058657   0.0000149118
        0.0000418827   0.0000060646  -0.0000065781  -0.0000833055  -0.0000805259
       -0.0000530468   0.0000060089   0.0000113427  -0.0000209290   0.0000300173
        0.0000454723   0.0000346430  -0.0000137699  -0.0000135435   0.0000235945
        0.0003365782  -0.0000917773  -0.0000871674
       -0.0730205791  -0.0791662131  -0.0442168924   0.0157166929   0.0066670615
        0.0105817744   0.0001490477   0.0006439498   0.0002292421   0.0010902261
       -0.0019710587   0.0026875732  -0.0001761007  -0.0002061595  -0.0000023998
        0.0000278061   0.0000689127  -0.0000685456   0.0000287122   0.0000809798
       -0.0000622714   0.0013942764   0.0008091208  -0.0013797873  -0.0216298934
       -0.0139796601  -0.0147422883   0.0847041543   0.0899641676   0.0494179233
       -0.0083724639  -0.0034263547  -0.0034013923   0.0007158993   0.0003249030
        0.0007600003   0.0000036219  -0.0000686868   0.0001769829   0.0000773500
        0.0000830646  -0.0001284883  -0.0000084862   0.0000007809   0.0000141518
       -0.0000379694   0.0000416909   0.0000016131  -0.0000202265  -0.0000335254
        0.0000118927  -0.0000400459   0.0000171655  -0.0000296014   0.0000172236
       -0.0000047384   0.0000230075  -0.0000017320   0.0000017059  -0.0000104789
       -0.0006175134   0.0001528937   0.0001379843
       -0.0888998039  -0.0447001703  -0.0960418723  -0.0177141703  -0.0052897542
       -0.0123906772   0.0003124556  -0.0005487965   0.0003742833  -0.0016117681
        0.0034970382  -0.0025206617   0.0003425132   0.0001612007   0.0000039227
        0.0000315148  -0.0000461190   0.0000800808   0.0000163944  -0.0000750943
        0.0001607667  -0.0006107894  -0.0012159550   0.0010941474  -0.0139455055
       -0.0103886679  -0.0093480015   0.1051162230   0.0494179233   0.1104500033
        0.0172678589   0.0083543304   0.0092557687  -0.0010571752  -0.0001863947
       -0.0008454837   0.0001818867   0.0002011568   0.0002361083  -0.0000400936
       -0.0000936188  -0.0001497124  -0.0000044810  -0.0000143837   0.0000064285
        0.0000358537  -0.0000047667  -0.0000146932  -0.0000464590   0.0000707642
       -0.0000018369   0.0000506325   0.0000136994   0.0000181232   0.0000396347
        0.0000164765  -0.0000003663  -0.0000225392  -0.0000127622   0.0000263103
        0.0005578178   0.0008438938  -0.0003926380
       -0.1619223049  -0.0405394550   0.1166844664   0.0055305270   0.0009184321
       -0.0041606322   0.0003266358  -0.0001771620  -0.0002222239   0.0002864925
       -0.0000923599   0.0002163823  -0.0009347832   0.0005058137  -0.0011603559
       -0.0002085557   0.0000573983  -0.0001711426  -0.0000454018  -0.0001050305
       -0.0000005447   0.0010664076   0.0011247986  -0.0022566443  -0.0080301020
       -0.0008490245   0.0083774767  -0.0233653309  -0.0083724639   0.0172678589
        0.1883612211   0.0476406608  -0.1342432758  -0.0000756686   0.0000366375
        0.0001085760  -0.0001021781  -0.0000445628   0.0000539853  -0.0011537896
       -0.0006324749  -0.0009026941  -0.0000952152  -0.0000091229   0.0000324837
        0.0000645192  -0.0000282929   0.0000977816   0.0000820484   0.0002683367
        0.0000973247   0.0000267778  -0.0000111403   0.0000609092   0.0000183052
        0.0000270761   0.0000475269  -0.0000190170  -0.0000039519  -0.0000029984
        0.0001894122   0.0002858876   0.0000757400
       -0.0399925761  -0.0560825739   0.0379783049  -0.0132638859  -0.0047938635
        0.0132470015  -0.0004363440   0.0000417694   0.0000584139  -0.0002581593
        0.0003569024  -0.0002667480  -0.0001780363   0.0004980057  -0.0002507454
        0.0001589152   0.0001260147   0.0002404301  -0.0000361311  -0.0000774765
       -0.0000338434  -0.0004007335  -0.0042912354   0.0060439916   0.0190605123
        0.0049839477  -0.0186782851  -0.0120513091  -0.0034263547   0.0083543304
        0.0476406608   0.0632127550  -0.0461495869  -0.0001720479  -0.0001019695
       -0.0000469947   0.0000655086  -0.0001005728  -0.0000441109  -0.0004953275
        0.0003209970  -0.0001571495  -0.0000841508  -0.0000370681  -0.0000810926
       -0.0000565495  -0.0001183639  -0.0000904256   0.0002555391  -0.0004445443
       -0.0001768925   0.0000216053  -0.0000295541   0.0000577132  -0.0000137851
       -0.0000439075  -0.0000606877  -0.0000238608   0.0000013232  -0.0000116701
        0.0002601556   0.0000057692   0.0000680467
        0.1164037467   0.0384572783  -0.1539477654   0.0133904251   0.0052056765
       -0.0137062441   0.0001784087  -0.0003195961   0.0005207443   0.0001421539
       -0.0001566829   0.0001306370  -0.0002927380   0.0005284919  -0.0004394712
        0.0000240759  -0.0000347617   0.0001969054   0.0000836105  -0.0001690616
        0.0001907821   0.0001307051   0.0053761535  -0.0057266086   0.0146659692
        0.0015629251  -0.0136490653  -0.0092056124  -0.0034013923   0.0092557687
       -0.1342432758  -0.0461495869   0.1768552572   0.0002441600  -0.0000820391
        0.0001497013   0.0001588961   0.0000220259  -0.0002022200  -0.0013679013
       -0.0007993514   0.0000807046   0.0000614274  -0.0000008986   0.0000278869
        0.0000466317  -0.0000688961  -0.0000269931  -0.0001372333   0.0002328177
        0.0002038158   0.0000913081  -0.0000089001   0.0000701453   0.0000275468
       -0.0000339563  -0.0000648282  -0.0000001935  -0.0000008659   0.0000509027
       -0.0004021109  -0.0001593799   0.0000299446
       -0.0034683212  -0.0020095779  -0.0025659037  -0.0100060910   0.0148573631
       -0.0180759589   0.0006387281   0.0004781050   0.0003739905  -0.0567787077
        0.0425592012  -0.0371496099   0.0034046411  -0.0170036805   0.0161602646
        0.0006639569  -0.0009076700   0.0001486766   0.0006970557  -0.0005277548
        0.0010876238   0.0012501649   0.0000974821   0.0000239202   0.0001388812
       -0.0003422829   0.0000972400  -0.0006144448   0.0007158993  -0.0010571752
       -0.0000756686  -0.0001720479   0.0002441600   0.0708217820  -0.0477806637
        0.0452880171  -0.0029462697   0.0109861460  -0.0070152775  -0.0035222466
       -0.0019713869   0.0029614653   0.0000676614  -0.0000217306  -0.0001868212
       -0.0001062572   0.0003695541   0.0000218455  -0.0001066690   0.0000544265
       -0.0001731220  -0.0004980237   0.0000170290  -0.0002616819  -0.0000705833
        0.0000846859  -0.0000901877   0.0001251103   0.0001638805  -0.0000709128
        0.0003853011   0.0003530225   0.0002394470
       -0.0012678462   0.0002963379  -0.0004668755  -0.0027654830   0.0060219014
       -0.0052190568  -0.0001952141   0.0005813692  -0.0002349859   0.0438140214
       -0.1606403572   0.1046701936  -0.0004855061  -0.0090628200   0.0094130153
        0.0004386877   0.0010797562  -0.0010669289   0.0004193778   0.0003872653
        0.0000667047   0.0011702301   0.0003414462  -0.0004348603  -0.0002160230
        0.0001198405  -0.0000605722  -0.0002044094   0.0003249030  -0.0001863947
        0.0000366375  -0.0001019695  -0.0000820391  -0.0477806637   0.1855786931
       -0.1229997105   0.0099479240  -0.0245053058   0.0159715287  -0.0022320613
       -0.0003961701   0.0015460865   0.0001229520  -0.0000867887  -0.0001111214
       -0.0000069995   0.0002997562   0.0000143827  -0.0000353885  -0.0001177970
       -0.0000309909  -0.0007143771   0.0002284404  -0.0002459028   0.0001217801
       -0.0003666412   0.0000479257   0.0002038402   0.0001227588  -0.0002295972
       -0.0003714789  -0.0001046186  -0.0003608012
       -0.0033720450  -0.0018217789  -0.0018484474  -0.0101357662   0.0136160367
       -0.0158234174   0.0003017823   0.0004769879  -0.0001368647  -0.0378085578
        0.1046097837  -0.1393355296  -0.0011455048   0.0151869998  -0.0143947493
       -0.0007888844   0.0004403444   0.0005734030  -0.0007913825  -0.0009107964
        0.0009337521   0.0008890088  -0.0002156880   0.0004633772   0.0000805076
       -0.0002283806   0.0000173655  -0.0005714365   0.0007600003  -0.0008454837
        0.0001085760  -0.0000469947   0.0001497013   0.0452880171  -0.1229997105
        0.1629227230   0.0037991520  -0.0102101754   0.0091578591   0.0031955810
        0.0017862317  -0.0023411874  -0.0002175017  -0.0001342827   0.0001943283
        0.0005852216  -0.0004861381  -0.0000419343  -0.0000358370   0.0000406589
       -0.0002020206   0.0001165995  -0.0000106815   0.0002848218   0.0000915076
        0.0000169621  -0.0000691147  -0.0001763663  -0.0001196171   0.0000130758
        0.0005873289   0.0002502384   0.0003283420
        0.0006950709  -0.0009882967   0.0000583718   0.0050578404  -0.0178171335
       -0.0128042256  -0.0031056566  -0.0021709486  -0.0025688523  -0.0702157538
        0.0643497356   0.0403716028  -0.0122879090   0.0176045311   0.0140155623
       -0.0040762464  -0.0015774422   0.0028931127   0.0002385069   0.0008756649
        0.0007504116   0.0016303187   0.0011858978  -0.0002171112  -0.0000705158
        0.0002831477  -0.0001408115   0.0000335558   0.0000036219   0.0001818867
       -0.0001021781   0.0000655086   0.0001588961  -0.0029462697   0.0099479240
        0.0037991520   0.0857089578  -0.0716282087  -0.0463807770   0.0006613895
        0.0002828740  -0.0002842122  -0.0007528823   0.0009710093   0.0010013160
        0.0001167409  -0.0003558781  -0.0000392029  -0.0000829240  -0.0001631500
       -0.0001653407  -0.0001366943   0.0001222386  -0.0000669457  -0.0007158117
       -0.0009239436  -0.0002884653   0.0002901116   0.0000314618  -0.0001455774
        0.0000603495  -0.0000986138  -0.0001287900
        0.0005978065   0.0011306018   0.0010564661   0.0013187679  -0.0135439508
       -0.0109070698  -0.0026248936  -0.0009029252  -0.0019294363   0.0643402394
       -0.1836495436  -0.0898634289  -0.0016166891   0.0044508319   0.0022339271
       -0.0007898988   0.0006540573   0.0001870136  -0.0007509244   0.0006681034
        0.0007988777  -0.0000320332   0.0009305325   0.0005200012  -0.0000501895
        0.0003401433  -0.0000314944   0.0001680261  -0.0000686868   0.0002011568
       -0.0000445628  -0.0001005728   0.0000220259   0.0109861460  -0.0245053058
       -0.0102101754  -0.0716282087   0.2138926437   0.1072607277  -0.0001886501
        0.0004849788   0.0001054374  -0.0000983734   0.0002065710   0.0000127396
       -0.0002010341   0.0001355705   0.0000054927   0.0000118018  -0.0000821266
        0.0000831451   0.0001789390  -0.0003111003  -0.0000454070  -0.0001910239
        0.0001856928  -0.0000167490  -0.0000761207  -0.0000320621   0.0001211594
        0.0006908756   0.0001165468   0.0003955906
        0.0008412083  -0.0005343645   0.0005148416   0.0033687860  -0.0188118501
       -0.0129302211  -0.0031928614  -0.0023768667  -0.0024497805   0.0400760451
       -0.0901573101  -0.1030514637   0.0097216003  -0.0133384943  -0.0104028746
        0.0032232706   0.0012655807  -0.0014687610  -0.0012509309  -0.0000309365
        0.0007287483   0.0003944815   0.0010229350   0.0004108472  -0.0006232429
        0.0004056260  -0.0001709761   0.0002094995   0.0001769829   0.0002361083
        0.0000539853  -0.0000441109  -0.0002022200  -0.0070152775   0.0159715287
        0.0091578591  -0.0463807770   0.1072607277   0.1199224695  -0.0001097176
       -0.0004146983  -0.0001387652   0.0005761759  -0.0008112981  -0.0006195801
       -0.0000354781   0.0001288529  -0.0000214950  -0.0001268158   0.0000184462
        0.0000620416   0.0000332897   0.0001063895  -0.0000717814  -0.0000104146
        0.0000445763   0.0003382546  -0.0002014778  -0.0000564735  -0.0001086767
        0.0004486515   0.0001747570   0.0002654252
       -0.0011832135  -0.0003655871   0.0001217466   0.0006816791  -0.0000724125
        0.0002975406   0.0000339706   0.0001057623   0.0000092357   0.0027867706
       -0.0175816106   0.0165522255  -0.0556675949   0.0415360393  -0.0354287396
       -0.0034030420   0.0116000019  -0.0063802752  -0.0081512818   0.0129381731
       -0.0171302206   0.0002973213   0.0002880353  -0.0001426018  -0.0003375554
        0.0002201534   0.0002368868   0.0001549762   0.0000773500  -0.0000400936
       -0.0011537896  -0.0004953275  -0.0013679013  -0.0035222466  -0.0022320613
        0.0031955810   0.0006613895  -0.0001886501  -0.0001097176   0.0719757080
       -0.0473326579   0.0428541711  -0.0001808581   0.0001906987  -0.0002776530
       -0.0008179494   0.0024954254   0.0012688544   0.0003903422  -0.0006065039
       -0.0001276041  -0.0030024470  -0.0013072463  -0.0037844669   0.0004828551
        0.0002059160   0.0004681879   0.0000529721   0.0005892972  -0.0001359966
       -0.0000980062  -0.0000647954  -0.0000791589
        0.0002312788   0.0003716235   0.0002569929   0.0003384382  -0.0002221535
        0.0004304774   0.0000866260  -0.0002831902   0.0000145253  -0.0000499246
       -0.0085393796   0.0091394284   0.0414739484  -0.1587936613   0.1040143364
        0.0090488033  -0.0226849571   0.0126741241  -0.0030132587   0.0061195725
       -0.0058984346   0.0000188533   0.0001144730  -0.0001790093   0.0000343441
        0.0000643103  -0.0000540802   0.0002019084   0.0000830646  -0.0000936188
       -0.0006324749   0.0003209970  -0.0007993514  -0.0019713869  -0.0003961701
        0.0017862317   0.0002828740   0.0004849788  -0.0004146983  -0.0473326579
        0.1863847943  -0.1172117394  -0.0000886070   0.0004183259   0.0002701692
        0.0029295625  -0.0048223330  -0.0025929440  -0.0003045686   0.0002488907
        0.0005115189  -0.0013388593   0.0002784914  -0.0014819087  -0.0001969444
        0.0005346979  -0.0001568716   0.0002590457   0.0003394480  -0.0002084211
        0.0000229998  -0.0000218230  -0.0000067269
       -0.0010942643  -0.0004558388   0.0002334514  -0.0004709140   0.0000652789
        0.0002512045  -0.0000350110  -0.0000529116  -0.0001165292  -0.0004096342
        0.0140588424  -0.0127964627  -0.0357048176   0.1037491792  -0.1329620040
        0.0040596002  -0.0108423443   0.0075374437  -0.0096736578   0.0132964329
       -0.0166736705   0.0001340930  -0.0000332312  -0.0001749902   0.0003096945
       -0.0000798182  -0.0000799057  -0.0000142372  -0.0001284883  -0.0001497124
       -0.0009026941  -0.0001571495   0.0000807046   0.0029614653   0.0015460865
       -0.0023411874  -0.0002842122   0.0001054374  -0.0001387652   0.0428541711
       -0.1172117394   0.1595339988  -0.0002112014  -0.0000764740   0.0003214976
        0.0013362528  -0.0026797538  -0.0005038104   0.0001936152  -0.0002020323
        0.0006819095  -0.0037078819  -0.0014193120  -0.0033400499   0.0002919433
        0.0003269369  -0.0001206065   0.0003980068   0.0001757451   0.0006545224
       -0.0000303165   0.0000151541   0.0001029616
       -0.0000530798   0.0000451326   0.0000276302   0.0002180587   0.0000527396
        0.0002621849   0.0000824641   0.0002312435   0.0000219724  -0.0011152648
        0.0029307211   0.0013112582  -0.0143066945  -0.0018546384   0.0087520172
       -0.2179603230  -0.0630340227   0.0851216427   0.0011116060  -0.0008428662
       -0.0011313010  -0.0002063823   0.0000402254   0.0000969510   0.0000387938
        0.0000064804   0.0000059020   0.0000416986  -0.0000084862  -0.0000044810
       -0.0000952152  -0.0000841508   0.0000614274   0.0000676614   0.0001229520
       -0.0002175017  -0.0007528823  -0.0000983734   0.0005761759  -0.0001808581
       -0.0000886070  -0.0002112014   0.2528376937   0.0726768599  -0.1006291729
        0.0033586299  -0.0001138654  -0.0007972760  -0.0234315406  -0.0098755521
        0.0069082229  -0.0000710933   0.0000145254   0.0001275253  -0.0000557003
       -0.0001855662  -0.0002429468   0.0004262983   0.0001025981   0.0000256898
        0.0000461295  -0.0000373494  -0.0000647191
        0.0000133851   0.0000977605   0.0000691142  -0.0001034144  -0.0002485350
       -0.0001347201   0.0000561392   0.0001164618   0.0000906068   0.0018326836
       -0.0028243362  -0.0024398156   0.0190423173   0.0053056076  -0.0107737746
       -0.0628374343  -0.0652203870   0.0320697301   0.0009981483   0.0006997164
       -0.0000300965  -0.0001827964   0.0000548236   0.0001512859  -0.0000391290
        0.0000440924  -0.0000163474  -0.0000058657   0.0000007809  -0.0000143837
       -0.0000091229  -0.0000370681  -0.0000008986  -0.0000217306  -0.0000867887
       -0.0001342827   0.0009710093   0.0002065710  -0.0008112981   0.0001906987
        0.0004183259  -0.0000764740   0.0726768599   0.0757457928  -0.0342111202
       -0.0219043416  -0.0104610347   0.0128591781  -0.0104320511  -0.0033654639
        0.0034625040  -0.0001436446  -0.0001401400   0.0001522743   0.0000761161
        0.0000317003   0.0001399269  -0.0002345258  -0.0003436074  -0.0003701578
        0.0000566989   0.0000057279   0.0000187490
       -0.0000380636   0.0000418024   0.0000682265  -0.0003674841  -0.0001779135
        0.0000055222   0.0000585584   0.0000957726  -0.0001730161   0.0017753966
       -0.0032142107  -0.0014673297   0.0149009826   0.0025805706  -0.0086344336
        0.0849035373   0.0318961367  -0.0852569187   0.0006924400   0.0005026675
        0.0003149199  -0.0000413147   0.0000754705   0.0000407831  -0.0000257586
       -0.0000021735  -0.0000141130   0.0000149118   0.0000141518   0.0000064285
        0.0000324837  -0.0000810926   0.0000278869  -0.0001868212  -0.0001111214
        0.0001943283   0.0010013160   0.0000127396  -0.0006195801  -0.0002776530
        0.0002701692   0.0003214976  -0.1006291729  -0.0342111202   0.0979662067
        0.0188959721   0.0104104352  -0.0109215795  -0.0202995653  -0.0076268076
        0.0084433322   0.0000731705   0.0001528284  -0.0003173898  -0.0001421987
        0.0001963818   0.0001433510  -0.0003532001  -0.0008476657  -0.0001900843
        0.0000124632   0.0000229789   0.0000619620
        0.0000095304  -0.0001017140  -0.0000344018  -0.0002568370   0.0002622713
        0.0001833702  -0.0003313661  -0.0000463282  -0.0003044516   0.0003560759
        0.0007014306  -0.0008557572  -0.0036767749   0.0120592612  -0.0069403958
       -0.0525373620   0.0332972204  -0.0286681494   0.0004210394  -0.0008483072
       -0.0000111172   0.0001761861  -0.0001699982  -0.0001247235   0.0000639352
       -0.0000936071   0.0000280896   0.0000418827  -0.0000379694   0.0000358537
        0.0000645192  -0.0000565495   0.0000466317  -0.0001062572  -0.0000069995
        0.0005852216   0.0001167409  -0.0002010341  -0.0000354781  -0.0008179494
        0.0029295625   0.0013362528   0.0033586299  -0.0219043416   0.0188959721
        0.0584391623  -0.0414498073   0.0324179220  -0.0052968555   0.0157458773
       -0.0165175142   0.0001829983  -0.0000834159  -0.0001286350  -0.0000849199
       -0.0000175804  -0.0000741540  -0.0001034915  -0.0000429810   0.0001438730
       -0.0000188869   0.0000650101   0.0000215911
        0.0000256879   0.0001653242   0.0000256203  -0.0000411891  -0.0000857966
       -0.0000379899   0.0002006427   0.0000871327   0.0000796711  -0.0008408756
        0.0010757785   0.0005236224   0.0077556714  -0.0241534282   0.0133327359
        0.0334423624  -0.1801456815   0.1131165733   0.0001711177   0.0007239846
        0.0006667968   0.0000004951   0.0001006499   0.0000130176  -0.0000956079
       -0.0000124420   0.0000339373   0.0000060646   0.0000416909  -0.0000047667
       -0.0000282929  -0.0001183639  -0.0000688961   0.0003695541   0.0002997562
       -0.0004861381  -0.0003558781   0.0001355705   0.0001288529   0.0024954254
       -0.0048223330  -0.0026797538  -0.0001138654  -0.0104610347   0.0104104352
       -0.0414498073   0.2108208470  -0.1307164074  -0.0010881177   0.0061911609
       -0.0037643518  -0.0002263569   0.0000118037  -0.0007571304  -0.0001128347
        0.0003308654   0.0000869572  -0.0000385934  -0.0001673950   0.0001118206
       -0.0000756022  -0.0000180897  -0.0000146063
        0.0000580164  -0.0000284226  -0.0000377685   0.0000778998   0.0001977389
        0.0000548005  -0.0003119006  -0.0000076281  -0.0001418027  -0.0000416355
       -0.0008094215   0.0009809798   0.0021620010  -0.0094176280   0.0087286137
       -0.0285310086   0.1126861163  -0.1364580943   0.0006102437  -0.0006893854
        0.0008142006  -0.0000087328  -0.0001106368  -0.0000591725  -0.0000067956
       -0.0000406631   0.0000542168  -0.0000065781   0.0000016131  -0.0000146932
        0.0000977816  -0.0000904256  -0.0000269931   0.0000218455   0.0000143827
       -0.0000419343  -0.0000392029   0.0000054927  -0.0000214950   0.0012688544
       -0.0025929440  -0.0005038104  -0.0007972760   0.0128591781  -0.0109215795
        0.0324179220  -0.1307164074   0.1568567824  -0.0069226976   0.0185645507
       -0.0190014809  -0.0000381839  -0.0000283036  -0.0000100221  -0.0000018025
        0.0000547139  -0.0000688644  -0.0000133468   0.0001148229  -0.0001919512
        0.0000045965   0.0000332567   0.0000100683
       -0.0002043715   0.0000658337   0.0001516796  -0.0011893464   0.0004502596
        0.0009897585  -0.0014782520  -0.0005197666   0.0009361851   0.0003769342
       -0.0000991172  -0.0001410010   0.0069078702   0.0028310207   0.0073086980
       -0.1365114360  -0.0463471598  -0.1087870496   0.0001146128   0.0010751787
        0.0009809809   0.0002757199   0.0000194995  -0.0002776314   0.0000862759
       -0.0000392326  -0.0000720074  -0.0000833055  -0.0000202265  -0.0000464590
        0.0000820484   0.0002555391  -0.0001372333  -0.0001066690  -0.0000353885
       -0.0000358370  -0.0000829240   0.0000118018  -0.0001268158   0.0003903422
       -0.0003045686   0.0001936152  -0.0234315406  -0.0104320511  -0.0202995653
       -0.0052968555  -0.0010881177  -0.0069226976   0.1597823844   0.0537831685
        0.1257526445  -0.0000164815  -0.0000328429   0.0002285398   0.0003844428
        0.0002359481   0.0002770523   0.0000797398   0.0002183158  -0.0000210307
       -0.0000791887  -0.0000280940   0.0000481742
        0.0001516961   0.0000707828  -0.0001457494  -0.0001197967   0.0005115502
        0.0000984849  -0.0003957160   0.0003736957   0.0001287128  -0.0003702042
        0.0004341261   0.0003260934  -0.0135789284  -0.0095793958  -0.0184393298
       -0.0463076255  -0.0652337120  -0.0514485861   0.0021123177  -0.0038523202
       -0.0031825565   0.0000200892  -0.0001271019   0.0000541796  -0.0000786746
       -0.0000892760   0.0000999580  -0.0000805259  -0.0000335254   0.0000707642
        0.0002683367  -0.0004445443   0.0002328177   0.0000544265  -0.0001177970
        0.0000406589  -0.0001631500  -0.0000821266   0.0000184462  -0.0006065039
        0.0002488907  -0.0002020323  -0.0098755521  -0.0033654639  -0.0076268076
        0.0157458773   0.0061911609   0.0185645507   0.0537831685   0.0758077989
        0.0625165655   0.0001008319  -0.0000872904   0.0000722640  -0.0008261425
       -0.0007548356  -0.0012555499   0.0002236504   0.0000729371   0.0000764760
       -0.0000575743   0.0000564468   0.0000006397
       -0.0001536159   0.0001335719   0.0002626125   0.0005255111  -0.0006391006
       -0.0004787115   0.0012853809   0.0007621837   0.0001240333  -0.0003596004
        0.0000549291   0.0001628682  -0.0094920715  -0.0075144231  -0.0135233810
       -0.1087208331  -0.0516929616  -0.1678502708   0.0018760527  -0.0033821210
       -0.0015912771  -0.0003731271   0.0002646976   0.0003723092  -0.0000427183
        0.0000868512  -0.0000636812  -0.0000530468   0.0000118927  -0.0000018369
        0.0000973247  -0.0001768925   0.0002038158  -0.0001731220  -0.0000309909
       -0.0002020206  -0.0001653407   0.0000831451   0.0000620416  -0.0001276041
        0.0005115189   0.0006819095   0.0069082229   0.0034625040   0.0084433322
       -0.0165175142  -0.0037643518  -0.0190014809   0.1257526445   0.0625165655
        0.1928708790   0.0001894786   0.0000201024   0.0002999522  -0.0006735213
       -0.0007748963  -0.0007781290   0.0001678675   0.0000981175   0.0000138263
        0.0000496326  -0.0000303417  -0.0000067908
       -0.0000739268  -0.0000888473  -0.0000156685   0.0000653695  -0.0000010292
        0.0000713160   0.0000372863   0.0000698947   0.0000295498   0.0005801548
        0.0008382176  -0.0008287575  -0.0084096845   0.0140064724  -0.0162434399
        0.0006124257   0.0003771702   0.0008743628  -0.0618455316   0.0474278293
       -0.0416591423   0.0000487729  -0.0000163920   0.0000667794   0.0000505385
       -0.0000042130  -0.0000108892   0.0000060089  -0.0000400459   0.0000506325
        0.0000267778   0.0000216053   0.0000913081  -0.0004980237  -0.0007143771
        0.0001165995  -0.0001366943   0.0001789390   0.0000332897  -0.0030024470
       -0.0013388593  -0.0037078819  -0.0000710933  -0.0001436446   0.0000731705
        0.0001829983  -0.0002263569  -0.0000381839  -0.0000164815   0.0001008319
        0.0001894786   0.0710206045  -0.0543288721   0.0516207242  -0.0042639733
        0.0129786948  -0.0083023044   0.0056547931  -0.0191223084   0.0175872013
        0.0000321254   0.0000252907   0.0000018552
       -0.0000611006   0.0000276598  -0.0000241887  -0.0001823155  -0.0001251641
       -0.0000844997  -0.0000218273   0.0000169006  -0.0000069991  -0.0001073486
        0.0006397904  -0.0007916189  -0.0013340335   0.0068860541  -0.0044836884
       -0.0006373153   0.0010791037  -0.0007687779   0.0472062424  -0.1646511853
        0.1092941784   0.0001090889   0.0000400806  -0.0000507707  -0.0000234673
       -0.0000327244   0.0000026630   0.0000113427   0.0000171655   0.0000136994
       -0.0000111403  -0.0000295541  -0.0000089001   0.0000170290   0.0002284404
       -0.0000106815   0.0001222386  -0.0003111003   0.0001063895  -0.0013072463
        0.0002784914  -0.0014193120   0.0000145254  -0.0001401400   0.0001528284
       -0.0000834159   0.0000118037  -0.0000283036  -0.0000328429  -0.0000872904
        0.0000201024  -0.0543288721   0.1895262904  -0.1274793981   0.0091136135
       -0.0233669749   0.0159804195   0.0015689000  -0.0099997296   0.0096036456
       -0.0000320550  -0.0000079175  -0.0000167872
       -0.0001147093  -0.0001269294  -0.0000214772   0.0002621754   0.0001408254
        0.0001418659  -0.0000117720  -0.0000006392  -0.0000657876   0.0010796315
        0.0001345208   0.0008278056  -0.0096725363   0.0137667353  -0.0174151385
        0.0001252037   0.0007230242   0.0007080011  -0.0414271445   0.1095467443
       -0.1425159179   0.0000179783  -0.0000309303  -0.0000241523   0.0000521862
       -0.0000155224  -0.0000178683  -0.0000209290  -0.0000296014   0.0000181232
        0.0000609092   0.0000577132   0.0000701453  -0.0002616819  -0.0002459028
        0.0002848218  -0.0000669457  -0.0000454070  -0.0000717814  -0.0037844669
       -0.0014819087  -0.0033400499   0.0001275253   0.0001522743  -0.0003173898
       -0.0001286350  -0.0007571304  -0.0000100221   0.0002285398   0.0000722640
        0.0002999522   0.0516207242  -0.1274793981   0.1657655293   0.0042017316
       -0.0103819768   0.0094813411  -0.0023412162   0.0159627296  -0.0138270680
        0.0000534317   0.0000385155   0.0000290673
        0.0000004898   0.0000077698  -0.0000226697  -0.0001315301  -0.0000105374
       -0.0000089382   0.0000804079   0.0000619006   0.0000206936   0.0006063992
       -0.0008661740  -0.0010819270   0.0064622074  -0.0148847638  -0.0096835811
       -0.0018203142  -0.0017038533  -0.0022827291  -0.0814054605   0.0741686582
        0.0489621845   0.0001047280   0.0000820882   0.0000020496  -0.0000354063
        0.0000011704  -0.0000119788   0.0000300173   0.0000172236   0.0000396347
        0.0000183052  -0.0000137851   0.0000275468  -0.0000705833   0.0001217801
        0.0000915076  -0.0007158117  -0.0001910239  -0.0000104146   0.0004828551
       -0.0001969444   0.0002919433  -0.0000557003   0.0000761161  -0.0001421987
       -0.0000849199  -0.0001128347  -0.0000018025   0.0003844428  -0.0008261425
       -0.0006735213  -0.0042639733   0.0091136135   0.0042017316   0.0944888650
       -0.0852053962  -0.0554669622  -0.0140686597   0.0203744776   0.0157642432
       -0.0000063583  -0.0000133427  -0.0000148118
        0.0000340950   0.0000893401   0.0000807847   0.0001527241   0.0001109482
        0.0001101655   0.0001381888   0.0000656598   0.0000467307   0.0005541615
        0.0002414866   0.0000368648   0.0031818689  -0.0111542464  -0.0084925615
       -0.0025324961  -0.0005962799  -0.0026124715   0.0739574255  -0.1840695911
       -0.0911988259  -0.0000804735   0.0000441680   0.0000832227  -0.0000513241
        0.0000394928   0.0000034258   0.0000454723  -0.0000047384   0.0000164765
        0.0000270761  -0.0000439075  -0.0000339563   0.0000846859  -0.0003666412
        0.0000169621  -0.0009239436   0.0001856928   0.0000445763   0.0002059160
        0.0005346979   0.0003269369  -0.0001855662   0.0000317003   0.0001963818
       -0.0000175804   0.0003308654   0.0000547139   0.0002359481  -0.0007548356
       -0.0007748963   0.0129786948  -0.0233669749  -0.0103819768  -0.0852053962
        0.2121645421   0.1086641888  -0.0026594500   0.0065077371   0.0037968399
        0.0000599730   0.0000108839   0.0000164179
       -0.0000255934   0.0000602169   0.0000354767   0.0001677349   0.0000641992
        0.0000890738   0.0000813024   0.0000505600  -0.0000368913   0.0007727384
        0.0005619056   0.0006209675   0.0060071932  -0.0173519807  -0.0123642156
       -0.0033212171  -0.0020361907  -0.0030168352   0.0490248234  -0.0911283658
       -0.1037163326  -0.0000128563   0.0000830833  -0.0000319767  -0.0000781169
        0.0000148252   0.0000257788   0.0000346430   0.0000230075  -0.0000003663
        0.0000475269  -0.0000606877  -0.0000648282  -0.0000901877   0.0000479257
       -0.0000691147  -0.0002884653  -0.0000167490   0.0003382546   0.0004681879
       -0.0001568716  -0.0001206065  -0.0002429468   0.0001399269   0.0001433510
       -0.0000741540   0.0000869572  -0.0000688644   0.0002770523  -0.0012555499
       -0.0007781290  -0.0083023044   0.0159804195   0.0094813411  -0.0554669622
        0.1086641888   0.1200122129   0.0109642860  -0.0137774238  -0.0105072834
        0.0000573156   0.0000066033   0.0000289875
       -0.0000446530  -0.0000427117  -0.0000238691  -0.0005799135  -0.0001664266
        0.0009618028  -0.0000274534  -0.0000481793  -0.0000402530  -0.0038042495
       -0.0021434341  -0.0038481642  -0.0210875809  -0.0089744558   0.0086480276
        0.0009121792   0.0007908132   0.0006621001  -0.1959969192  -0.0607305727
        0.0977051195  -0.0004948569  -0.0002222498  -0.0001928248   0.0000415695
       -0.0000187128   0.0000387930  -0.0000137699  -0.0000017320  -0.0000225392
       -0.0000190170  -0.0000238608  -0.0000001935   0.0001251103   0.0002038402
       -0.0001763663   0.0002901116  -0.0000761207  -0.0002014778   0.0000529721
        0.0002590457   0.0003980068   0.0004262983  -0.0002345258  -0.0003532001
       -0.0001034915  -0.0000385934  -0.0000133468   0.0000797398   0.0002236504
        0.0001678675   0.0056547931   0.0015689000  -0.0023412162  -0.0140686597
       -0.0026594500   0.0109642860   0.2287868204   0.0723962902  -0.1123339547
       -0.0001290297  -0.0000615141   0.0000014025
       -0.0000285391  -0.0000052117  -0.0000245298  -0.0004245724   0.0001671704
        0.0004283370   0.0000184542  -0.0000170211   0.0000215556  -0.0019439463
       -0.0005721624  -0.0019103822  -0.0106200358  -0.0045181012   0.0045731813
       -0.0006695897   0.0001849279   0.0004125770  -0.0607469426  -0.0684492370
        0.0394357045  -0.0002280275  -0.0001169868  -0.0000798970   0.0000082972
       -0.0000148095  -0.0000013059  -0.0000135435   0.0000017059  -0.0000127622
       -0.0000039519   0.0000013232  -0.0000008659   0.0001638805   0.0001227588
       -0.0001196171   0.0000314618  -0.0000320621  -0.0000564735   0.0005892972
        0.0003394480   0.0001757451   0.0001025981  -0.0003436074  -0.0008476657
       -0.0000429810  -0.0001673950   0.0001148229   0.0002183158   0.0000729371
        0.0000981175  -0.0191223084  -0.0099997296   0.0159627296   0.0203744776
        0.0065077371  -0.0137774238   0.0723962902   0.0768591358  -0.0443976632
       -0.0000586344  -0.0000208205   0.0000058159
        0.0000019055  -0.0000028716   0.0000155095  -0.0006117660  -0.0001837974
        0.0004598972   0.0000404289   0.0000546775   0.0000475985  -0.0022148424
       -0.0015088214  -0.0013839076  -0.0145406649  -0.0063940784   0.0080531463
       -0.0010267295  -0.0000019878   0.0005448668   0.0977998601   0.0396877952
       -0.1045066904  -0.0002247372  -0.0000880686  -0.0000853724   0.0000100072
       -0.0000212982  -0.0000172761   0.0000235945  -0.0000104789   0.0000263103
       -0.0000029984  -0.0000116701   0.0000509027  -0.0000709128  -0.0002295972
        0.0000130758  -0.0001455774   0.0001211594  -0.0001086767  -0.0001359966
       -0.0002084211   0.0006545224   0.0000256898  -0.0003701578  -0.0001900843
        0.0001438730   0.0001118206  -0.0001919512  -0.0000210307   0.0000764760
        0.0000138263   0.0175872013   0.0096036456  -0.0138270680   0.0157642432
        0.0037968399  -0.0105072834  -0.1123339547  -0.0443976632   0.1208906911
       -0.0000675927  -0.0000235026   0.0000479633
        0.0011804853   0.0003127094   0.0001102815  -0.0244220169  -0.0078879864
       -0.0072551380  -0.0003706990  -0.0008729881  -0.0004423362  -0.0044515789
       -0.0015594480   0.0031720773  -0.0004611255  -0.0005180241  -0.0008040609
        0.0000988692   0.0000829335  -0.0000634916  -0.0002928235  -0.0000958922
        0.0002228155  -0.2750370012  -0.1091120941  -0.1511274199  -0.0000271941
        0.0001772637   0.0000682720   0.0003365782  -0.0006175134   0.0005578178
        0.0001894122   0.0002601556  -0.0004021109   0.0003853011  -0.0003714789
        0.0005873289   0.0000603495   0.0006908756   0.0004486515  -0.0000980062
        0.0000229998  -0.0000303165   0.0000461295   0.0000566989   0.0000124632
       -0.0000188869  -0.0000756022   0.0000045965  -0.0000791887  -0.0000575743
        0.0000496326   0.0000321254  -0.0000320550   0.0000534317  -0.0000063583
        0.0000599730   0.0000573156  -0.0001290297  -0.0000586344  -0.0000675927
        0.3030646584   0.1195956818   0.1548477827
       -0.0003807046   0.0005536052  -0.0015738598  -0.0083421954  -0.0061638170
       -0.0026678209   0.0009698439   0.0012579973   0.0002165523  -0.0023652181
       -0.0002834166   0.0013843355  -0.0002493018  -0.0000153878  -0.0004265934
        0.0000192186  -0.0000882535   0.0000135589  -0.0001235294  -0.0000946386
        0.0001052683  -0.1090314081  -0.0452702709  -0.0599952936  -0.0004261111
       -0.0005932356   0.0000372998  -0.0000917773   0.0001528937   0.0008438938
        0.0002858876   0.0000057692  -0.0001593799   0.0003530225  -0.0001046186
        0.0002502384  -0.0000986138   0.0001165468   0.0001747570  -0.0000647954
       -0.0000218230   0.0000151541  -0.0000373494   0.0000057279   0.0000229789
        0.0000650101  -0.0000180897   0.0000332567  -0.0000280940   0.0000564468
       -0.0000303417   0.0000252907  -0.0000079175   0.0000385155  -0.0000133427
        0.0000108839   0.0000066033  -0.0000615141  -0.0000208205  -0.0000235026
        0.1195956818   0.0505224183   0.0617343793
        0.0007339788  -0.0002380067   0.0011441335   0.0191007049   0.0078454983
        0.0119145422   0.0007846205   0.0004514551   0.0009988280   0.0017357654
        0.0007928194  -0.0017149542   0.0007079043   0.0002596464   0.0004439166
       -0.0000898622  -0.0000386121  -0.0000521653   0.0001622674   0.0000793948
       -0.0001190136  -0.1778930335  -0.0711661104  -0.1502505493  -0.0001036911
        0.0000352135  -0.0001955148  -0.0000871674   0.0001379843  -0.0003926380
        0.0000757400   0.0000680467   0.0000299446   0.0002394470  -0.0003608012
        0.0003283420  -0.0001287900   0.0003955906   0.0002654252  -0.0000791589
       -0.0000067269   0.0001029616  -0.0000647191   0.0000187490   0.0000619620
        0.0000215911  -0.0000146063   0.0000100683   0.0000481742   0.0000006397
       -0.0000067908   0.0000018552  -0.0000167872   0.0000290673  -0.0000148118
        0.0000164179   0.0000289875   0.0000014025   0.0000058159   0.0000479633
        0.1548477827   0.0617343793   0.1373254838
