           1           2  0.972091047770878     
           2           3   1.05168232970977     
           3           4   1.41318292011071     
           4           5   1.40312081160952     
           5           6   1.46534638342171     
           6           7   1.40312079362756     
           3           8   1.26849236068237     
           7           8   1.41318292278682     
           8           9   1.05168231642801     
           9          10  0.972091055313515     
           1          11  0.976335616963387     
           1          12  0.977462991105909     
           1          13  0.976336094301934     
           4          14  0.964350462281993     
           5          15  0.970215472103990     
           6          16  0.970215467145592     
           7          17  0.964350453540653     
          10          18  0.977462995791374     
          10          19  0.976335224763785     
          10          20  0.976336490666879     
