$hessian                                                                        
        0.5162958351   0.0279168204   0.0068058969  -0.0784008084   0.0430764496
        0.0193986057  -0.0009526273   0.0057955785   0.0033642360  -0.0116415977
        0.0225942938   0.0067366249   0.0007113562  -0.0002401128   0.0001773469
       -0.0000124915  -0.0002198307   0.0000318747   0.0004941663  -0.0003434318
       -0.0000290349   0.0007609610  -0.0288874764  -0.0065774613  -0.1550324817
       -0.1196795757   0.0272699055  -0.0497066789  -0.0047913935   0.0348295603
       -0.2184543345   0.0521450805  -0.0905047169  -0.0043595800   0.0027403940
       -0.0019936174   0.0009428653  -0.0004118500   0.0010655581  -0.0005103880
        0.0004028523  -0.0000881204  -0.0000370910   0.0000582842   0.0000766898
       -0.0000065623   0.0000541081  -0.0000563122  -0.0001074886  -0.0000286586
        0.0000067900  -0.0001442701   0.0000399520   0.0000370317  -0.0008649638
        0.0004754162  -0.0003479759  -0.0002067317   0.0001491949   0.0000221900
        0.0012329116  -0.0008460952  -0.0002250715
        0.0279168204   0.4730587665  -0.0285187941   0.0382044562  -0.1458696551
       -0.0414504662   0.0023613726  -0.0017702565  -0.0032985140   0.0087336260
       -0.0116742410  -0.0020174027  -0.0002555688  -0.0003460997  -0.0000743907
        0.0001874135  -0.0000102072  -0.0000263313   0.0004234914  -0.0004001697
        0.0001294684  -0.0051108894  -0.0424963296  -0.0093880720  -0.1203120453
       -0.1680052894   0.0291694738  -0.0043995513  -0.0467164952   0.0275620375
        0.0516112847  -0.0581263580   0.0272881397   0.0015873814  -0.0005588875
        0.0005869977  -0.0007341566   0.0004806095  -0.0006966945  -0.0002164909
        0.0003845643   0.0000973644  -0.0000267165   0.0000320307  -0.0000528787
       -0.0000134892   0.0000353419   0.0000865539   0.0000526347   0.0000019403
       -0.0000088340   0.0000255592  -0.0000176347  -0.0000351693  -0.0002761048
        0.0002292237  -0.0003653095   0.0000154564   0.0000162803   0.0000015601
        0.0002255163   0.0017528665   0.0010112615
        0.0068058969  -0.0285187941   0.5119761134   0.0180415362  -0.0420458635
       -0.0894398010   0.0124471258  -0.0261776581  -0.0179652063  -0.0035650483
        0.0084438750   0.0040934668   0.0000684367   0.0001706771  -0.0004551691
       -0.0001066493  -0.0001715353   0.0000146284   0.0002681469  -0.0000933856
       -0.0005154549  -0.0019169806   0.0016777739   0.0060180258   0.0270770877
        0.0287900426  -0.0495449856   0.0351155983   0.0275124606  -0.2751992528
       -0.0904071087   0.0276469614  -0.0908953879  -0.0024260313   0.0018305844
       -0.0002317428  -0.0007770200   0.0009148169   0.0012408625   0.0001517798
       -0.0002587260   0.0001508270   0.0000590446  -0.0000141168   0.0000325319
       -0.0000842962   0.0001350562   0.0000814053  -0.0000794254  -0.0000032743
        0.0000459757  -0.0001669663   0.0001532005   0.0001440174  -0.0005044147
        0.0001295384   0.0003973389  -0.0001205743   0.0000897936   0.0000704437
        0.0001198622  -0.0002114267  -0.0000186365
       -0.0784008084   0.0382044562   0.0180415362   0.4452818523  -0.0285226767
       -0.0017256560  -0.0443014017   0.0011160547   0.0236716795  -0.1370864455
        0.0416270851  -0.0453732923  -0.0232146720   0.0005610647  -0.0048540290
       -0.0021541985  -0.0011468676   0.0000442862  -0.0007219864   0.0000578215
       -0.0002400289  -0.1153381143  -0.0487591784   0.0066375217   0.0047093683
       -0.0172217642  -0.0069298769  -0.0020549945   0.0054161567   0.0045201917
       -0.0122790304   0.0242839373   0.0090894050  -0.0095495510   0.0073798318
       -0.0045030736   0.0008124088  -0.0001129585  -0.0018889012  -0.0002854554
        0.0009645354  -0.0011348164   0.0000247206  -0.0002471661   0.0002291232
       -0.0000850768  -0.0001848808  -0.0001260504  -0.0004432368   0.0003892158
        0.0002503991  -0.0001086426  -0.0001767667   0.0001206003   0.0001741993
       -0.0002059460   0.0000313982   0.0002005951  -0.0000858009  -0.0001136813
       -0.0251795301  -0.0233361531   0.0042532649
        0.0430764496  -0.1458696551  -0.0420458635  -0.0285226767   0.4437509259
       -0.0082200320   0.0021636925  -0.0396414432   0.0125399938   0.0335697989
       -0.0771605569   0.0183263128  -0.0123890021   0.0040737258  -0.0056364198
       -0.0014035198  -0.0009807758   0.0003314685  -0.0007633303  -0.0010767215
        0.0002803759  -0.0737732285  -0.1448995821   0.0266695958   0.0035302566
       -0.0195500051  -0.0070309270   0.0000567641   0.0008641448  -0.0028396225
        0.0061613445  -0.0105875841  -0.0030836224   0.0258335890  -0.0154953891
        0.0121889529   0.0029395264  -0.0004033759   0.0029995064  -0.0015879173
        0.0004987313  -0.0003535421  -0.0001143018   0.0001216257  -0.0000651361
        0.0000927614   0.0001120668   0.0000239099  -0.0005843221   0.0002717138
        0.0001646373  -0.0000467537  -0.0000500498  -0.0000514172  -0.0001914384
       -0.0001635670  -0.0002959426  -0.0002489958  -0.0003612444  -0.0002670614
        0.0022013034   0.0065470160  -0.0036351669
        0.0193986057  -0.0414504662  -0.0894398010  -0.0017256560  -0.0082200320
        0.4975668626   0.0255895653   0.0158876547  -0.2301282181  -0.0424258730
        0.0212349031  -0.0936812115   0.0023609270  -0.0027173472   0.0019376420
        0.0016647803   0.0010551689  -0.0005860517   0.0000186248  -0.0000476198
       -0.0004520608   0.0126271467   0.0289654340  -0.0595969256  -0.0014523018
        0.0037702260   0.0017493545   0.0110086637  -0.0269506758  -0.0177386132
       -0.0046460090   0.0104019767   0.0049853748   0.0068986102  -0.0040254298
        0.0048646100  -0.0264077540   0.0123660285  -0.0202128304   0.0020816627
        0.0007865126   0.0010545231   0.0000130210  -0.0000729519  -0.0000684925
        0.0001275429  -0.0001692433   0.0000583202   0.0007938646  -0.0001296452
       -0.0001479820  -0.0000458998   0.0000036639   0.0001247477  -0.0000897323
       -0.0004263762  -0.0002272272   0.0003093690   0.0001284646   0.0001436404
       -0.0060991578  -0.0103902455  -0.0002056614
       -0.0009526273   0.0023613726   0.0124471258  -0.0443014017   0.0021636925
        0.0255895653   0.0634406202   0.0068182781  -0.0363144307  -0.0008290253
        0.0034136251  -0.0250266924   0.0008638652   0.0010090491  -0.0015340869
       -0.0000106349  -0.0000385481  -0.0000497165  -0.0000635767  -0.0001704796
        0.0000784562  -0.0139347710  -0.0180159955   0.0247810606   0.0002135422
       -0.0002860795  -0.0003395826  -0.0001896390   0.0021626926   0.0013115794
       -0.0001120962  -0.0001467036   0.0003865054   0.0006805257  -0.0003640869
       -0.0000112781  -0.0041380706   0.0019788253  -0.0032248108  -0.0004953086
       -0.0006911921   0.0000967829   0.0001124262  -0.0000575095   0.0000684257
       -0.0000660659   0.0001448794   0.0000811029   0.0000310547  -0.0000330046
        0.0000215765   0.0000539581  -0.0000263216   0.0001587937  -0.0000188524
        0.0001011660   0.0000445414  -0.0000173260   0.0000055163   0.0000678158
       -0.0002665966  -0.0003291759   0.0013672665
        0.0057955785  -0.0017702565  -0.0261776581   0.0011160547  -0.0396414432
        0.0158876547   0.0068182781   0.0608330621  -0.0253164058   0.0011008733
       -0.0006053160   0.0113952754  -0.0003272517   0.0006083553  -0.0007366312
       -0.0000664722   0.0000253389   0.0000758834  -0.0000934819   0.0000078486
       -0.0000548632  -0.0176533436  -0.0158527584   0.0268503577   0.0000835879
        0.0005296278  -0.0002924133   0.0022293860  -0.0045369694  -0.0032388052
       -0.0002980824   0.0005826117  -0.0001436340  -0.0000750555  -0.0001121160
        0.0005150312   0.0016776496  -0.0005452808   0.0014261707  -0.0004730572
       -0.0000398893  -0.0001331666  -0.0000071933  -0.0000819975   0.0000077901
        0.0000797528  -0.0000738150  -0.0000323029  -0.0000526368  -0.0000113615
       -0.0000254359  -0.0000240183  -0.0000533027   0.0000526214   0.0001085316
       -0.0000132395  -0.0000181974  -0.0000118781  -0.0000058209  -0.0000329567
        0.0000727785   0.0007567224  -0.0000083143
        0.0033642360  -0.0032985140  -0.0179652063   0.0236716795   0.0125399938
       -0.2301282181  -0.0363144307  -0.0253164058   0.2737235275  -0.0025518402
        0.0030080055  -0.0189221497   0.0010457304   0.0003850801   0.0001842540
        0.0001715140  -0.0000834656   0.0002223955  -0.0001003831  -0.0001300049
        0.0003541194   0.0131480269   0.0145548105  -0.0068678329  -0.0002752723
        0.0000820135   0.0000719107   0.0015062279  -0.0034885142  -0.0013703677
        0.0000092800   0.0006410952   0.0004734926   0.0005889296  -0.0000535978
        0.0003776489  -0.0030461100   0.0020733114  -0.0018901213  -0.0006674619
       -0.0007403779   0.0003423182   0.0001118093  -0.0000497862  -0.0000058012
       -0.0000841711   0.0001067984   0.0000335778   0.0000145784  -0.0000427145
       -0.0000247980   0.0001892936   0.0000125386   0.0000816789   0.0001150468
        0.0000752568  -0.0001066861  -0.0000613467  -0.0000613526   0.0000554219
       -0.0008353364  -0.0002141705   0.0013608358
       -0.0116415977   0.0087336260  -0.0035650483  -0.1370864455   0.0335697989
       -0.0424258730  -0.0008290253   0.0011008733  -0.0025518402   0.4536574168
        0.0012399537  -0.0163810476  -0.1328244756  -0.0520403349   0.0179231653
       -0.0269893278  -0.0108811819   0.0071760369  -0.0090565475  -0.0093697264
       -0.0009544268  -0.0358902779  -0.0014622932  -0.0116881323   0.0002581986
       -0.0002191357  -0.0001411854   0.0004187993  -0.0006719816  -0.0004956326
       -0.0004003800   0.0015985309   0.0005257391  -0.0451695973   0.0338277040
        0.0137707505  -0.0476524181  -0.0011053484   0.0367586657   0.0000192212
       -0.0016769729   0.0017254878   0.0009428837  -0.0010483301   0.0002106982
        0.0005747002  -0.0007389617  -0.0005854133  -0.0048473674   0.0021950195
        0.0014068706   0.0004421564   0.0002443347   0.0008308198   0.0004615049
        0.0006015841   0.0003355689  -0.0001642973  -0.0013883761  -0.0011738497
       -0.0042231239  -0.0025087825  -0.0007013535
        0.0225942938  -0.0116742410   0.0084438750   0.0416270851  -0.0771605569
        0.0212349031   0.0034136251  -0.0006053160   0.0030080055   0.0012399537
        0.4987066210   0.0219776693  -0.0543115800  -0.1038417164   0.0164712741
        0.0073534498   0.0058876997  -0.0026540120  -0.0164094851  -0.0143085816
       -0.0004377657  -0.0247866696   0.0042076563  -0.0089987101   0.0000301349
        0.0003752053   0.0003866745  -0.0002956798   0.0008616219   0.0007186915
        0.0024821696  -0.0048063465  -0.0017210410   0.0336574354  -0.2394109931
       -0.0752335390  -0.0014721672  -0.0437922017   0.0133086967  -0.0146290080
       -0.0116746279   0.0068686727   0.0004692951   0.0007008283  -0.0001733254
        0.0009444589   0.0005650143  -0.0002811789   0.0029700187  -0.0007734499
       -0.0009881700   0.0006422341   0.0006028873   0.0006430739  -0.0004882685
        0.0004900468   0.0005384628  -0.0015788721  -0.0020133625  -0.0031347587
       -0.0034524239  -0.0023361875   0.0000225019
        0.0067366249  -0.0020174027   0.0040934668  -0.0453732923   0.0183263128
       -0.0936812115  -0.0250266924   0.0113952754  -0.0189221497  -0.0163810476
        0.0219776693   0.5209691425   0.0188603056   0.0158715904  -0.0709897226
        0.0066860909   0.0022687849  -0.0014096370  -0.0150000632  -0.0115508864
        0.0020196306   0.0005236488  -0.0020319392   0.0045272456   0.0001286463
        0.0002445910   0.0001871692   0.0010789456  -0.0006951165   0.0010445610
        0.0016067690  -0.0022791533   0.0000105202   0.0129939674  -0.0753517394
       -0.0736464723   0.0374193840   0.0122488153  -0.2681655318   0.0169863661
        0.0156237812  -0.0063951994  -0.0005790445  -0.0001441838   0.0005411588
        0.0005892884   0.0005852073   0.0001945877   0.0010565376  -0.0009800324
        0.0006061955  -0.0008516125  -0.0007793917   0.0007725068  -0.0003055134
       -0.0000384354   0.0007081634  -0.0019413951  -0.0032453275  -0.0028861505
        0.0007920864   0.0005715807   0.0004217266
        0.0007113562  -0.0002555688   0.0000684367  -0.0232146720  -0.0123890021
        0.0023609270   0.0008638652  -0.0003272517   0.0010457304  -0.1328244756
       -0.0543115800   0.0188603056   0.4648803373  -0.0098367886   0.0151535710
       -0.1427471615   0.0599910860   0.0225539337  -0.0698408157  -0.0152367074
       -0.0244453587  -0.0049062625   0.0014110167  -0.0020449052  -0.0004088918
        0.0002840778   0.0000163628  -0.0002342242  -0.0000154280   0.0000992629
        0.0002266484  -0.0001776210  -0.0000339296  -0.0003134618  -0.0019122936
       -0.0007705274  -0.0056575771  -0.0050708388   0.0035996739  -0.0497292551
        0.0253064471  -0.0347343041  -0.0083105186   0.0077949519  -0.0010083417
        0.0024554895  -0.0011593270   0.0002701085  -0.0238701979   0.0121349208
        0.0065660162  -0.0024683816  -0.0039143380  -0.0083133940   0.0040417297
        0.0134575559   0.0183015642  -0.0080502288  -0.0149178933  -0.0176623445
       -0.0006033020  -0.0008554179   0.0001172125
       -0.0002401128  -0.0003460997   0.0001706771   0.0005610647   0.0040737258
       -0.0027173472   0.0010090491   0.0006083553   0.0003850801  -0.0520403349
       -0.1038417164   0.0158715904  -0.0098367886   0.4876890895  -0.0289313344
        0.0605593324  -0.1085232666  -0.0146991300  -0.0166269925  -0.1051818795
       -0.0566159580   0.0029468028   0.0009615160   0.0009069225   0.0008040287
       -0.0003197873  -0.0001420520   0.0000575143  -0.0000172683  -0.0000311417
        0.0002284715  -0.0000354026  -0.0000429549  -0.0206816834  -0.0192022029
        0.0039569991  -0.0049236225  -0.0029305739   0.0028774706   0.0249803879
       -0.1188558251   0.1019768410   0.0178315381  -0.0146415902  -0.0015027633
        0.0130827753  -0.0120356602  -0.0063939936  -0.0124458231   0.0083286656
        0.0033852515   0.0035661681   0.0088118682   0.0118300223  -0.0020552789
       -0.0122230066  -0.0155106567  -0.0072292132  -0.0126524927  -0.0149343000
        0.0004527167   0.0003335517   0.0001607771
        0.0001773469  -0.0000743907  -0.0004551691  -0.0048540290  -0.0056364198
        0.0019376420  -0.0015340869  -0.0007366312   0.0001842540   0.0179231653
        0.0164712741  -0.0709897226   0.0151535710  -0.0289313344   0.5087208064
        0.0216613452  -0.0143400938  -0.0719747130  -0.0250832502  -0.0562832943
       -0.1489559073  -0.0037188291  -0.0000406916  -0.0007796918  -0.0002721543
        0.0000824606   0.0006113042   0.0002525578   0.0002115215  -0.0001632930
       -0.0001896904  -0.0000294613  -0.0000238633  -0.0062324501  -0.0062658435
        0.0023815759   0.0220077796   0.0162449651  -0.0083722675  -0.0338631439
        0.1025405570  -0.1758210079  -0.0179732104   0.0137755001   0.0039152117
        0.0191485247  -0.0163310253  -0.0080332228   0.0058435445  -0.0031695623
       -0.0014679973  -0.0077794102  -0.0117628239  -0.0260543723  -0.0001416210
       -0.0071546965  -0.0083059274   0.0001160188   0.0018318306   0.0035884978
       -0.0006419782  -0.0004018404   0.0000578634
       -0.0000124915   0.0001874135  -0.0001066493  -0.0021541985  -0.0014035198
        0.0016647803  -0.0000106349  -0.0000664722   0.0001715140  -0.0269893278
        0.0073534498   0.0066860909  -0.1427471615   0.0605593324   0.0216613452
        0.4788491117   0.0338005455   0.0131531224   0.0012770197   0.0006590963
        0.0019443414  -0.0012947514  -0.0001143564  -0.0004069841  -0.0000551089
       -0.0000838349  -0.0000322967  -0.0000689080  -0.0000081522  -0.0000808243
       -0.0000277577   0.0000550384   0.0000487703  -0.0001161556   0.0020960563
        0.0004798527  -0.0014421761  -0.0004337782   0.0004228390  -0.0087733366
        0.0087811985   0.0010665258  -0.0530207293   0.0288850989  -0.0369259515
       -0.0527734046  -0.0271505458  -0.0405081766  -0.1924432317  -0.1108355772
        0.0328738218   0.0005246090  -0.0006299003  -0.0003273091   0.0006395801
       -0.0009339817  -0.0010301238   0.0008139067  -0.0005577926  -0.0007199663
       -0.0001748532  -0.0001593182  -0.0000347223
       -0.0002198307  -0.0000102072  -0.0001715353  -0.0011468676  -0.0009807758
        0.0010551689  -0.0000385481   0.0000253389  -0.0000834656  -0.0108811819
        0.0058876997   0.0022687849   0.0599910860  -0.1085232666  -0.0143400938
        0.0338005455   0.5024498092  -0.0073144280   0.0136188292  -0.0147700626
       -0.0099734887  -0.0007286336   0.0002499453  -0.0002856146  -0.0000147172
        0.0001725685  -0.0000146596   0.0000198857  -0.0000061694   0.0000346677
       -0.0000687562   0.0001632096  -0.0000154407  -0.0020895418   0.0012340408
        0.0005501375  -0.0010243360  -0.0002873855   0.0005071211   0.0180131951
       -0.0141526928  -0.0023341010   0.0285532116  -0.1345630903   0.1116561409
       -0.0275574156  -0.1114752044  -0.1039763744  -0.1105991520  -0.1244572060
        0.0249296250  -0.0000431728   0.0009946397   0.0008515846  -0.0004149881
       -0.0021187912  -0.0033326517   0.0009854066   0.0003269220   0.0000578733
       -0.0001550182  -0.0001593218  -0.0000692505
        0.0000318747  -0.0000263313   0.0000146284   0.0000442862   0.0003314685
       -0.0005860517  -0.0000497165   0.0000758834   0.0002223955   0.0071760369
       -0.0026540120  -0.0014096370   0.0225539337  -0.0146991300  -0.0719747130
        0.0131531224  -0.0073144280   0.5200925962   0.0174030267  -0.0179730462
       -0.0105518477   0.0001259029  -0.0001074293   0.0002064744   0.0000697295
       -0.0001212935  -0.0001342529  -0.0000725408  -0.0000551632   0.0000551606
        0.0000033055  -0.0000371784   0.0000205943  -0.0005073492  -0.0006216805
        0.0010589863   0.0005862373   0.0002279765  -0.0002058602  -0.0171055339
        0.0142694062   0.0039648052  -0.0370330027   0.1117866226  -0.1816758514
       -0.0410336706  -0.1039085292  -0.2045859639   0.0330032529   0.0251611253
       -0.0519954197   0.0011397755  -0.0007876002   0.0010927105  -0.0001500911
       -0.0039762485  -0.0040036588   0.0006091371   0.0003856979   0.0004000803
        0.0000522835   0.0000438899  -0.0000051753
        0.0004941663   0.0004234914   0.0002681469  -0.0007219864  -0.0007633303
        0.0000186248  -0.0000635767  -0.0000934819  -0.0001003831  -0.0090565475
       -0.0164094851  -0.0150000632  -0.0698408157  -0.0166269925  -0.0250832502
        0.0012770197   0.0136188292   0.0174030267   0.5223140486  -0.0131094886
       -0.0178294967  -0.0008110255  -0.0002271258  -0.0001560696  -0.0009035023
       -0.0001532471  -0.0005147118  -0.0000908436  -0.0000728423  -0.0001420960
       -0.0000558306  -0.0001372978  -0.0000359235  -0.0026459927  -0.0023141637
       -0.0002664660   0.0008770713  -0.0001320941  -0.0014610611  -0.0009022708
       -0.0038774507  -0.0074047279   0.0006177897  -0.0001124045   0.0007874520
       -0.0031635604   0.0038411139   0.0023621011   0.0009175332   0.0009953163
        0.0006109806  -0.0606774674   0.0362398243  -0.0472333651  -0.1931253413
        0.1068556902   0.0500846436  -0.1842742077  -0.1079433085   0.0436621789
       -0.0001646603  -0.0000015523   0.0000304596
       -0.0003434318  -0.0004001697  -0.0000933856   0.0000578215  -0.0010767215
       -0.0000476198  -0.0001704796   0.0000078486  -0.0001300049  -0.0093697264
       -0.0143085816  -0.0115508864  -0.0152367074  -0.1051818795  -0.0562832943
        0.0006590963  -0.0147700626  -0.0179730462  -0.0131094886   0.5025464952
       -0.0291776051  -0.0004018710   0.0002272250  -0.0002187037   0.0003206821
        0.0001276778   0.0003673398   0.0001679990   0.0001292454  -0.0001295958
       -0.0000399040   0.0000398446  -0.0000868702  -0.0026263884  -0.0021109844
       -0.0003560408   0.0002283629   0.0006124890  -0.0018070555   0.0028671909
        0.0078562578   0.0117427135  -0.0008058589   0.0005293945  -0.0008288690
        0.0028271009  -0.0024347407  -0.0018086698  -0.0007506563   0.0005823171
        0.0002494891   0.0364176871  -0.1249983651   0.1074353314   0.1076454768
       -0.1195250649  -0.0343018422  -0.1081783494  -0.1277766331   0.0349998926
       -0.0001585557  -0.0000755920  -0.0000012772
       -0.0000290349   0.0001294684  -0.0005154549  -0.0002400289   0.0002803759
       -0.0004520608   0.0000784562  -0.0000548632   0.0003541194  -0.0009544268
       -0.0004377657   0.0020196306  -0.0244453587  -0.0566159580  -0.1489559073
        0.0019443414  -0.0099734887  -0.0105518477  -0.0178294967  -0.0291776051
        0.4790789392  -0.0000340042  -0.0002039887   0.0002579007  -0.0002780224
       -0.0000748662   0.0002151414  -0.0000379968   0.0001057453   0.0000747458
       -0.0001201595  -0.0001216590   0.0000525302   0.0004269528   0.0011662380
        0.0002329644   0.0012769746   0.0009700429   0.0011905026  -0.0072142318
       -0.0136366620  -0.0253194221  -0.0004642855   0.0007882459   0.0011569687
        0.0015751092  -0.0012679869   0.0000182972  -0.0006022887   0.0000005807
        0.0001705701  -0.0472539522   0.1075968570  -0.1831904602   0.0504403613
       -0.0339963792  -0.0591025395   0.0436790929   0.0345330985  -0.0566841839
        0.0000819988  -0.0000094297  -0.0000504339
        0.0007609610  -0.0051108894  -0.0019169806  -0.1153381143  -0.0737732285
        0.0126271467  -0.0139347710  -0.0176533436   0.0131480269  -0.0358902779
       -0.0247866696   0.0005236488  -0.0049062625   0.0029468028  -0.0037188291
       -0.0012947514  -0.0007286336   0.0001259029  -0.0008110255  -0.0004018710
       -0.0000340042   0.4936321047  -0.0068302285   0.1175737083   0.0010158448
       -0.0004959007  -0.0002948922   0.0000284457   0.0000816769  -0.0007227551
        0.0010328524   0.0012092252   0.0008052297   0.0014324034  -0.0003678685
        0.0013512380   0.0014753955  -0.0003475783  -0.0001352390   0.0006606385
        0.0004465162  -0.0001576439   0.0000204238   0.0000827161  -0.0001158344
        0.0001619156  -0.0000384694   0.0000325092  -0.0004017398   0.0000860495
        0.0001378625  -0.0000157282   0.0001111993  -0.0000964380   0.0000899318
        0.0000185921   0.0000758520  -0.0001173198  -0.0001967875  -0.0001119235
       -0.3276009267   0.1257486906  -0.1390965851
       -0.0288874764  -0.0424963296   0.0016777739  -0.0487591784  -0.1448995821
        0.0289654340  -0.0180159955  -0.0158527584   0.0145548105  -0.0014622932
        0.0042076563  -0.0020319392   0.0014110167   0.0009615160  -0.0000406916
       -0.0001143564   0.0002499453  -0.0001074293  -0.0002271258   0.0002272250
       -0.0002039887  -0.0068302285   0.2816404173  -0.0999742400   0.0022618781
       -0.0098210302  -0.0037307219  -0.0002621726   0.0024471449   0.0007831844
       -0.0006996416   0.0020113236   0.0009219172   0.0003570688   0.0007409187
        0.0002350690   0.0005558354  -0.0001426654  -0.0001192252   0.0005900594
       -0.0000059774   0.0000471133  -0.0000366629  -0.0000292855  -0.0001100271
       -0.0000035728  -0.0000956550   0.0001116490   0.0000805036  -0.0000201704
        0.0000036975  -0.0000268190   0.0000856858  -0.0000547776   0.0001852837
       -0.0000211252   0.0002501135   0.0000454468  -0.0000320249   0.0000701193
        0.0998384305  -0.0791552287   0.0587521590
       -0.0065774613  -0.0093880720   0.0060180258   0.0066375217   0.0266695958
       -0.0595969256   0.0247810606   0.0268503577  -0.0068678329  -0.0116881323
       -0.0089987101   0.0045272456  -0.0020449052   0.0009069225  -0.0007796918
       -0.0004069841  -0.0002856146   0.0002064744  -0.0001560696  -0.0002187037
        0.0002579007   0.1175737083  -0.0999742400   0.1172962201  -0.0000283092
       -0.0027140677  -0.0000445670  -0.0004454144   0.0010080301   0.0015032450
        0.0000155893   0.0004086702  -0.0002783609  -0.0000260688   0.0000327815
       -0.0001779401   0.0010045226  -0.0001844686   0.0011294858  -0.0002267312
       -0.0002899393  -0.0000316774   0.0000690051  -0.0000477187   0.0000271176
       -0.0001048014   0.0000946611   0.0000420980  -0.0001520209   0.0000674557
        0.0000299310   0.0001138912   0.0000084742   0.0000787391   0.0000561073
        0.0001373458  -0.0000046237  -0.0001100345  -0.0000952086  -0.0000194256
       -0.1282844730   0.0660124485  -0.0633154382
       -0.1550324817  -0.1203120453   0.0270770877   0.0047093683   0.0035302566
       -0.0014523018   0.0002135422   0.0000835879  -0.0002752723   0.0002581986
        0.0000301349   0.0001286463  -0.0004088918   0.0008040287  -0.0002721543
       -0.0000551089  -0.0000147172   0.0000697295  -0.0009035023   0.0003206821
       -0.0002780224   0.0010158448   0.0022618781  -0.0000283092   0.1800762444
        0.1390387035  -0.0305886717  -0.0044856238  -0.0048793523   0.0026296447
       -0.0246392049  -0.0208469786   0.0030148310  -0.0000769186  -0.0000367723
        0.0000570928  -0.0000244846  -0.0000877874  -0.0000010468  -0.0003386538
        0.0003227660   0.0005944996   0.0000460186  -0.0000632019   0.0000171583
        0.0000260124  -0.0000497412  -0.0000296451  -0.0000158740   0.0000020018
        0.0000050544   0.0000862626  -0.0000835744  -0.0000012674  -0.0004689727
        0.0000080210  -0.0009471332  -0.0002155781  -0.0000715197   0.0000347888
        0.0002338035   0.0000436299   0.0002452911
       -0.1196795757  -0.1680052894   0.0287900426  -0.0172217642  -0.0195500051
        0.0037702260  -0.0002860795   0.0005296278   0.0000820135  -0.0002191357
        0.0003752053   0.0002445910   0.0002840778  -0.0003197873   0.0000824606
       -0.0000838349   0.0001725685  -0.0001212935  -0.0001532471   0.0001276778
       -0.0000748662  -0.0004959007  -0.0098210302  -0.0027140677   0.1390387035
        0.1946111975  -0.0322512056  -0.0048478478  -0.0038736149   0.0031542381
        0.0029229592   0.0049778128  -0.0009520014  -0.0003359971   0.0002107648
        0.0000218992  -0.0001051622  -0.0002031744   0.0000651617   0.0006592527
        0.0000953609  -0.0006916540  -0.0000739097   0.0000251572  -0.0000001539
       -0.0000226363  -0.0000407884  -0.0000264719  -0.0000045616   0.0000499166
       -0.0000026793  -0.0000563723   0.0000116075  -0.0000297509   0.0003262742
        0.0005355457   0.0005616732  -0.0001540587   0.0000412149   0.0000322750
        0.0005088161   0.0000500327   0.0000595635
        0.0272699055   0.0291694738  -0.0495449856  -0.0069298769  -0.0070309270
        0.0017493545  -0.0003395826  -0.0002924133   0.0000719107  -0.0001411854
        0.0003866745   0.0001871692   0.0000163628  -0.0001420520   0.0006113042
       -0.0000322967  -0.0000146596  -0.0001342529  -0.0005147118   0.0003673398
        0.0002151414  -0.0002948922  -0.0037307219  -0.0000445670  -0.0305886717
       -0.0322512056   0.0544816189   0.0230868017   0.0237760952  -0.0081961936
       -0.0112642568  -0.0097872547   0.0022550784  -0.0000529282  -0.0000242944
       -0.0001444661   0.0001259650   0.0001366453  -0.0001644867   0.0003871302
       -0.0001349679  -0.0001723835  -0.0000371583   0.0000554928  -0.0000252997
        0.0000319775  -0.0000769671  -0.0000599352   0.0000062759   0.0000029496
        0.0000086851   0.0001459721  -0.0001097828  -0.0001527656  -0.0010588537
       -0.0000927893  -0.0008226899   0.0001393345  -0.0001178989  -0.0000510897
        0.0000446892  -0.0000887363  -0.0000671470
       -0.0497066789  -0.0043995513   0.0351155983  -0.0020549945   0.0000567641
        0.0110086637  -0.0001896390   0.0022293860   0.0015062279   0.0004187993
       -0.0002956798   0.0010789456  -0.0002342242   0.0000575143   0.0002525578
       -0.0000689080   0.0000198857  -0.0000725408  -0.0000908436   0.0001679990
       -0.0000379968   0.0000284457  -0.0002621726  -0.0004454144  -0.0044856238
       -0.0048478478   0.0230868017   0.0546382826   0.0034213278  -0.0414820817
        0.0020704935   0.0040863343  -0.0287849641   0.0000698212  -0.0001406228
       -0.0001876076  -0.0001672476   0.0005044941  -0.0002892778   0.0001358632
        0.0000006850  -0.0000672921  -0.0000059193   0.0000145832  -0.0000084041
        0.0000437117  -0.0000579784  -0.0000433059   0.0000382028  -0.0000074308
       -0.0000047606  -0.0000374214   0.0000307005  -0.0000753861  -0.0005644798
       -0.0004392801   0.0000229393   0.0002094639  -0.0000233363  -0.0000662070
       -0.0000471040  -0.0001157739  -0.0005064951
       -0.0047913935  -0.0467164952   0.0275124606   0.0054161567   0.0008641448
       -0.0269506758   0.0021626926  -0.0045369694  -0.0034885142  -0.0006719816
        0.0008616219  -0.0006951165  -0.0000154280  -0.0000172683   0.0002115215
       -0.0000081522  -0.0000061694  -0.0000551632  -0.0000728423   0.0001292454
        0.0001057453   0.0000816769   0.0024471449   0.0010080301  -0.0048793523
       -0.0038736149   0.0237760952   0.0034213278   0.0518217062  -0.0297999707
       -0.0005228982  -0.0005191962   0.0083407179  -0.0001860309   0.0001464998
        0.0000615735   0.0003023100  -0.0001035508   0.0002395717  -0.0000308179
       -0.0001240575  -0.0000423706  -0.0000082066   0.0000199266  -0.0000048992
       -0.0000171128  -0.0000136763  -0.0000211427  -0.0000277915   0.0000031210
        0.0000136324   0.0000725577  -0.0000304179  -0.0000217675  -0.0002769980
        0.0000225030   0.0000307425   0.0000613951  -0.0000787866  -0.0000200784
       -0.0000091110  -0.0002957110  -0.0002003920
        0.0348295603   0.0275620375  -0.2751992528   0.0045201917  -0.0028396225
       -0.0177386132   0.0013115794  -0.0032388052  -0.0013703677  -0.0004956326
        0.0007186915   0.0010445610   0.0000992629  -0.0000311417  -0.0001632930
       -0.0000808243   0.0000346677   0.0000551606  -0.0001420960  -0.0001295958
        0.0000747458  -0.0007227551   0.0007831844   0.0015032450   0.0026296447
        0.0031542381  -0.0081961936  -0.0414820817  -0.0297999707   0.3192046946
       -0.0005488316   0.0036595517  -0.0193346737  -0.0002607983   0.0002555883
        0.0000563686   0.0002858194  -0.0001683826   0.0004198121  -0.0000957203
       -0.0000739507  -0.0001064118  -0.0000036780  -0.0000201674   0.0000404775
       -0.0000417320   0.0000177719  -0.0000243858  -0.0000114273   0.0000286407
       -0.0000110179  -0.0000378006   0.0000275933   0.0000449169   0.0002584575
        0.0002037047   0.0001733277  -0.0001061256   0.0000198624  -0.0000017337
        0.0000949875  -0.0001638958  -0.0004713667
       -0.2184543345   0.0516112847  -0.0904071087  -0.0122790304   0.0061613445
       -0.0046460090  -0.0001120962  -0.0002980824   0.0000092800  -0.0004003800
        0.0024821696   0.0016067690   0.0002266484   0.0002284715  -0.0001896904
       -0.0000277577  -0.0000687562   0.0000033055  -0.0000558306  -0.0000399040
       -0.0001201595   0.0010328524  -0.0006996416   0.0000155893  -0.0246392049
        0.0029229592  -0.0112642568   0.0020704935  -0.0005228982  -0.0005488316
        0.2530105671  -0.0623192746   0.1054491679  -0.0007182469   0.0004659747
       -0.0002919817   0.0001568706  -0.0001619347   0.0003254617   0.0000594349
       -0.0000727568  -0.0001509280   0.0000402099  -0.0000057900   0.0000137773
        0.0000291273   0.0000276289  -0.0000047608  -0.0000270496  -0.0000330501
       -0.0000008910   0.0000035043   0.0000501035   0.0000837317  -0.0001496679
        0.0001703760   0.0001853931  -0.0000223753   0.0000399284   0.0000300479
        0.0002562656   0.0000618477  -0.0000979059
        0.0521450805  -0.0581263580   0.0276469614   0.0242839373  -0.0105875841
        0.0104019767  -0.0001467036   0.0005826117   0.0006410952   0.0015985309
       -0.0048063465  -0.0022791533  -0.0001776210  -0.0000354026  -0.0000294613
        0.0000550384   0.0001632096  -0.0000371784  -0.0001372978   0.0000398446
       -0.0001216590   0.0012092252   0.0020113236   0.0004086702  -0.0208469786
        0.0049778128  -0.0097872547   0.0040863343  -0.0005191962   0.0036595517
       -0.0623192746   0.0677496594  -0.0305646750   0.0013459571  -0.0008027699
        0.0005267203  -0.0002352967   0.0000216219  -0.0002339035   0.0000539681
       -0.0000766046  -0.0001265700  -0.0000549536   0.0000064650  -0.0000109264
       -0.0000356864  -0.0000054086   0.0000296143   0.0000286544   0.0000330094
       -0.0000058573  -0.0000844456   0.0000323796   0.0000124467   0.0000708343
       -0.0000014680   0.0001849251  -0.0000229756   0.0000256944  -0.0000138535
       -0.0008163270  -0.0006824934  -0.0003014692
       -0.0905047169   0.0272881397  -0.0908953879   0.0090894050  -0.0030836224
        0.0049853748   0.0003865054  -0.0001436340   0.0004734926   0.0005257391
       -0.0017210410   0.0000105202  -0.0000339296  -0.0000429549  -0.0000238633
        0.0000487703  -0.0000154407   0.0000205943  -0.0000359235  -0.0000868702
        0.0000525302   0.0008052297   0.0009219172  -0.0002783609   0.0030148310
       -0.0009520014   0.0022550784  -0.0287849641   0.0083407179  -0.0193346737
        0.1054491679  -0.0305646750   0.1018555531   0.0003784679  -0.0002746749
        0.0003603916   0.0000660385  -0.0001615621   0.0000937561  -0.0000860840
        0.0000471321  -0.0000398908  -0.0000030843   0.0000051353  -0.0000181083
       -0.0000099076   0.0000119430   0.0000275131  -0.0000171447  -0.0000014655
       -0.0000012830   0.0000544341  -0.0000272236   0.0000040373   0.0000089277
        0.0001842617  -0.0000554158  -0.0000625173   0.0000151826   0.0000235547
       -0.0002892447   0.0002607362   0.0004845876
       -0.0043595800   0.0015873814  -0.0024260313  -0.0095495510   0.0258335890
        0.0068986102   0.0006805257  -0.0000750555   0.0005889296  -0.0451695973
        0.0336574354   0.0129939674  -0.0003134618  -0.0206816834  -0.0062324501
       -0.0001161556  -0.0020895418  -0.0005073492  -0.0026459927  -0.0026263884
        0.0004269528   0.0014324034   0.0003570688  -0.0000260688  -0.0000769186
       -0.0003359971  -0.0000529282   0.0000698212  -0.0001860309  -0.0002607983
       -0.0007182469   0.0013459571   0.0003784679   0.0627210255  -0.0400492139
       -0.0152315487   0.0003284946   0.0050936986   0.0030710423  -0.0009866070
       -0.0009431215   0.0002727721  -0.0005703305  -0.0001115700  -0.0005588046
       -0.0005645262  -0.0003075698   0.0009278505  -0.0000330559   0.0000661338
       -0.0000017395   0.0000130969   0.0000692587   0.0001064442  -0.0001166886
        0.0000942848   0.0001140568  -0.0004438683  -0.0006510953  -0.0008366421
        0.0004192132  -0.0000475401   0.0003552671
        0.0027403940  -0.0005588875   0.0018305844   0.0073798318  -0.0154953891
       -0.0040254298  -0.0003640869  -0.0001121160  -0.0000535978   0.0338277040
       -0.2394109931  -0.0753517394  -0.0019122936  -0.0192022029  -0.0062658435
        0.0020960563   0.0012340408  -0.0006216805  -0.0023141637  -0.0021109844
        0.0011662380  -0.0003678685   0.0007409187   0.0000327815  -0.0000367723
        0.0002107648  -0.0000242944  -0.0001406228   0.0001464998   0.0002555883
        0.0004659747  -0.0008027699  -0.0002746749  -0.0400492139   0.2772404158
        0.0869241039   0.0009553525  -0.0014255652  -0.0031985708  -0.0009098298
       -0.0011777220   0.0001960025  -0.0003574880   0.0002807165  -0.0001930555
       -0.0003846717   0.0003722834   0.0005453417   0.0006360498   0.0001483027
       -0.0001302866   0.0000556263   0.0000429178   0.0001612723  -0.0000325620
        0.0001763542   0.0001602444  -0.0004430068  -0.0005850553  -0.0007907202
       -0.0008444094   0.0002884710  -0.0003422634
       -0.0019936174   0.0005869977  -0.0002317428  -0.0045030736   0.0121889529
        0.0048646100  -0.0000112781   0.0005150312   0.0003776489   0.0137707505
       -0.0752335390  -0.0736464723  -0.0007705274   0.0039569991   0.0023815759
        0.0004798527   0.0005501375   0.0010589863  -0.0002664660  -0.0003560408
        0.0002329644   0.0013512380   0.0002350690  -0.0001779401   0.0000570928
        0.0000218992  -0.0001444661  -0.0001876076   0.0000615735   0.0000563686
       -0.0002919817   0.0005267203   0.0003603916  -0.0152315487   0.0869241039
        0.0829674232   0.0072984927  -0.0311606515  -0.0169484623   0.0004936218
        0.0004926464  -0.0007039013  -0.0004483577  -0.0000146975  -0.0001799317
        0.0005019040   0.0001971186  -0.0001852034   0.0000467809   0.0001456485
       -0.0000842215   0.0000945865  -0.0001356930  -0.0000323664  -0.0000837314
        0.0003063687  -0.0000145676  -0.0001598828  -0.0000148733   0.0000985535
       -0.0001462475   0.0002062286  -0.0000492467
        0.0009428653  -0.0007341566  -0.0007770200   0.0008124088   0.0029395264
       -0.0264077540  -0.0041380706   0.0016776496  -0.0030461100  -0.0476524181
       -0.0014721672   0.0374193840  -0.0056575771  -0.0049236225   0.0220077796
       -0.0014421761  -0.0010243360   0.0005862373   0.0008770713   0.0002283629
        0.0012769746   0.0014753955   0.0005558354   0.0010045226  -0.0000244846
       -0.0001051622   0.0001259650  -0.0001672476   0.0003023100   0.0002858194
        0.0001568706  -0.0002352967   0.0000660385   0.0003284946   0.0009553525
        0.0072984927   0.0582144333   0.0033533551  -0.0399968475  -0.0027849327
       -0.0018300199   0.0011212682  -0.0000609815   0.0001520968  -0.0000965652
        0.0000223759  -0.0001170453  -0.0001729184  -0.0005176815   0.0003332377
       -0.0001157625  -0.0008351630  -0.0001093714  -0.0005509955   0.0001838233
       -0.0002050235  -0.0000205041   0.0001589809   0.0002565314   0.0000316271
        0.0001080135   0.0000019434  -0.0000396319
       -0.0004118500   0.0004806095   0.0009148169  -0.0001129585  -0.0004033759
        0.0123660285   0.0019788253  -0.0005452808   0.0020733114  -0.0011053484
       -0.0437922017   0.0122488153  -0.0050708388  -0.0029305739   0.0162449651
       -0.0004337782  -0.0002873855   0.0002279765  -0.0001320941   0.0006124890
        0.0009700429  -0.0003475783  -0.0001426654  -0.0001844686  -0.0000877874
       -0.0002031744   0.0001366453   0.0005044941  -0.0001035508  -0.0001683826
       -0.0001619347   0.0000216219  -0.0001615621   0.0050936986  -0.0014255652
       -0.0311606515   0.0033533551   0.0514795150  -0.0153615646  -0.0025511762
       -0.0023076080   0.0016989383   0.0002494265  -0.0000570652  -0.0000871289
       -0.0000931949  -0.0000582162   0.0001180215  -0.0002306983   0.0002075676
        0.0001740437  -0.0005391115   0.0001904729  -0.0001132648  -0.0000293742
       -0.0007933848   0.0001755283   0.0001702685   0.0000420763  -0.0000034613
       -0.0000423445   0.0000156956  -0.0001086493
        0.0010655581  -0.0006966945   0.0012408625  -0.0018889012   0.0029995064
       -0.0202128304  -0.0032248108   0.0014261707  -0.0018901213   0.0367586657
        0.0133086967  -0.2681655318   0.0035996739   0.0028774706  -0.0083722675
        0.0004228390   0.0005071211  -0.0002058602  -0.0014610611  -0.0018070555
        0.0011905026  -0.0001352390  -0.0001192252   0.0011294858  -0.0000010468
        0.0000651617  -0.0001644867  -0.0002892778   0.0002395717   0.0004198121
        0.0003254617  -0.0002339035   0.0000937561   0.0030710423  -0.0031985708
       -0.0169484623  -0.0399968475  -0.0153615646   0.3115992742   0.0012467379
        0.0005216569  -0.0007097271   0.0001716876  -0.0000635986   0.0000623496
       -0.0001316644   0.0000875033   0.0000629082   0.0001909023  -0.0001414015
        0.0000651395   0.0000028964   0.0000381687   0.0004572843  -0.0000714844
        0.0002775444   0.0002159451  -0.0003874244  -0.0003929489  -0.0000690083
        0.0007322924  -0.0003336088   0.0002009757
       -0.0005103880  -0.0002164909   0.0001517798  -0.0002854554  -0.0015879173
        0.0020816627  -0.0004953086  -0.0004730572  -0.0006674619   0.0000192212
       -0.0146290080   0.0169863661  -0.0497292551   0.0249803879  -0.0338631439
       -0.0087733366   0.0180131951  -0.0171055339  -0.0009022708   0.0028671909
       -0.0072142318   0.0006606385   0.0005900594  -0.0002267312  -0.0003386538
        0.0006592527   0.0003871302   0.0001358632  -0.0000308179  -0.0000957203
        0.0000594349   0.0000539681  -0.0000860840  -0.0009866070  -0.0009098298
        0.0004936218  -0.0027849327  -0.0025511762   0.0012467379   0.0673655710
       -0.0298260810   0.0398298361  -0.0041986207   0.0038627942   0.0005827887
        0.0006509483  -0.0003722382  -0.0002644040   0.0001641738   0.0000553532
       -0.0005656660   0.0000605726  -0.0007409576  -0.0017111329   0.0000837992
        0.0000198308   0.0004640301  -0.0001590331   0.0002025832  -0.0004422901
       -0.0000363608   0.0000329586   0.0000184466
        0.0004028523   0.0003845643  -0.0002587260   0.0009645354   0.0004987313
        0.0007865126  -0.0006911921  -0.0000398893  -0.0007403779  -0.0016769729
       -0.0116746279   0.0156237812   0.0253064471  -0.1188558251   0.1025405570
        0.0087811985  -0.0141526928   0.0142694062  -0.0038774507   0.0078562578
       -0.0136366620   0.0004465162  -0.0000059774  -0.0002899393   0.0003227660
        0.0000953609  -0.0001349679   0.0000006850  -0.0001240575  -0.0000739507
       -0.0000727568  -0.0000766046   0.0000471321  -0.0009431215  -0.0011777220
        0.0004926464  -0.0018300199  -0.0023076080   0.0005216569  -0.0298260810
        0.1414449421  -0.1154509870   0.0041897971  -0.0025807320  -0.0006772142
       -0.0002322904  -0.0001052037   0.0003465481  -0.0004487712   0.0005246803
        0.0000098136  -0.0008639059  -0.0009297814  -0.0032468955  -0.0001304528
        0.0004951724   0.0000699711   0.0001259493   0.0006169594  -0.0002321736
        0.0000522683   0.0001140531   0.0000338689
       -0.0000881204   0.0000973644   0.0001508270  -0.0011348164  -0.0003535421
        0.0010545231   0.0000967829  -0.0001331666   0.0003423182   0.0017254878
        0.0068686727  -0.0063951994  -0.0347343041   0.1019768410  -0.1758210079
        0.0010665258  -0.0023341010   0.0039648052  -0.0074047279   0.0117427135
       -0.0253194221  -0.0001576439   0.0000471133  -0.0000316774   0.0005944996
       -0.0006916540  -0.0001723835  -0.0000672921  -0.0000423706  -0.0001064118
       -0.0001509280  -0.0001265700  -0.0000398908   0.0002727721   0.0001960025
       -0.0007039013   0.0011212682   0.0016989383  -0.0007097271   0.0398298361
       -0.1154509870   0.2067045519   0.0006404432  -0.0006865760   0.0006694045
        0.0002421183  -0.0002338542   0.0006538546  -0.0002969160  -0.0001942358
        0.0001567385  -0.0016342962  -0.0032307721  -0.0053693905   0.0001839420
        0.0004487148   0.0002745515  -0.0000156856   0.0004056099   0.0006422814
       -0.0000889455  -0.0000041411   0.0000551557
       -0.0000370910  -0.0000267165   0.0000590446   0.0000247206  -0.0001143018
        0.0000130210   0.0001124262  -0.0000071933   0.0001118093   0.0009428837
        0.0004692951  -0.0005790445  -0.0083105186   0.0178315381  -0.0179732104
       -0.0530207293   0.0285532116  -0.0370330027   0.0006177897  -0.0008058589
       -0.0004642855   0.0000204238  -0.0000366629   0.0000690051   0.0000460186
       -0.0000739097  -0.0000371583  -0.0000059193  -0.0000082066  -0.0000036780
        0.0000402099  -0.0000549536  -0.0000030843  -0.0005703305  -0.0003574880
       -0.0004483577  -0.0000609815   0.0002494265   0.0001716876  -0.0041986207
        0.0041897971   0.0006404432   0.0616829439  -0.0367003019   0.0429980526
       -0.0011649118   0.0041321481  -0.0078018420   0.0037025353  -0.0170753507
        0.0199597767   0.0002166835   0.0000675516   0.0002971727   0.0000400716
       -0.0001767354  -0.0001057223  -0.0001092341  -0.0000559835   0.0001246586
        0.0000316303   0.0000006945   0.0000047143
        0.0000582842   0.0000320307  -0.0000141168  -0.0002471661   0.0001216257
       -0.0000729519  -0.0000575095  -0.0000819975  -0.0000497862  -0.0010483301
        0.0007008283  -0.0001441838   0.0077949519  -0.0146415902   0.0137755001
        0.0288850989  -0.1345630903   0.1117866226  -0.0001124045   0.0005293945
        0.0007882459   0.0000827161  -0.0000292855  -0.0000477187  -0.0000632019
        0.0000251572   0.0000554928   0.0000145832   0.0000199266  -0.0000201674
       -0.0000057900   0.0000064650   0.0000051353  -0.0001115700   0.0002807165
       -0.0000146975   0.0001520968  -0.0000570652  -0.0000635986   0.0038627942
       -0.0025807320  -0.0006865760  -0.0367003019   0.1557550574  -0.1304982686
       -0.0033422349   0.0096975705  -0.0122745917   0.0010714153  -0.0151590868
        0.0181769982   0.0001695069  -0.0001127670  -0.0008202527  -0.0002491865
        0.0002482276   0.0000034539  -0.0000734794  -0.0002093465   0.0001295082
       -0.0000802725   0.0000179611  -0.0000140470
        0.0000766898  -0.0000528787   0.0000325319   0.0002291232  -0.0000651361
       -0.0000684925   0.0000684257   0.0000077901  -0.0000058012   0.0002106982
       -0.0001733254   0.0005411588  -0.0010083417  -0.0015027633   0.0039152117
       -0.0369259515   0.1116561409  -0.1816758514   0.0007874520  -0.0008288690
        0.0011569687  -0.0001158344  -0.0001100271   0.0000271176   0.0000171583
       -0.0000001539  -0.0000252997  -0.0000084041  -0.0000048992   0.0000404775
        0.0000137773  -0.0000109264  -0.0000181083  -0.0005588046  -0.0001930555
       -0.0001799317  -0.0000965652  -0.0000871289   0.0000623496   0.0005827887
       -0.0006772142   0.0006694045   0.0429980526  -0.1304982686   0.2090633379
       -0.0064477571   0.0161526326  -0.0266726709   0.0000382031   0.0063785091
       -0.0066519791   0.0000779772  -0.0000665246   0.0000471220   0.0000436153
       -0.0000242041  -0.0000961990  -0.0000304715   0.0001014764  -0.0001655641
        0.0000481685  -0.0000011741   0.0000042177
       -0.0000065623  -0.0000134892  -0.0000842962  -0.0000850768   0.0000927614
        0.0001275429  -0.0000660659   0.0000797528  -0.0000841711   0.0005747002
        0.0009444589   0.0005892884   0.0024554895   0.0130827753   0.0191485247
       -0.0527734046  -0.0275574156  -0.0410336706  -0.0031635604   0.0028271009
        0.0015751092   0.0001619156  -0.0000035728  -0.0001048014   0.0000260124
       -0.0000226363   0.0000319775   0.0000437117  -0.0000171128  -0.0000417320
        0.0000291273  -0.0000356864  -0.0000099076  -0.0005645262  -0.0003846717
        0.0005019040   0.0000223759  -0.0000931949  -0.0001316644   0.0006509483
       -0.0002322904   0.0002421183  -0.0011649118  -0.0033422349  -0.0064477571
        0.0617272641   0.0298755072   0.0463276491  -0.0079061418  -0.0162307616
       -0.0216460555  -0.0001359216  -0.0000518990   0.0000145485   0.0002680273
        0.0009722802   0.0010726333  -0.0000963195   0.0000924947  -0.0000862523
        0.0000029185   0.0000178340   0.0000390122
        0.0000541081   0.0000353419   0.0001350562  -0.0001848808   0.0001120668
       -0.0001692433   0.0001448794  -0.0000738150   0.0001067984  -0.0007389617
        0.0005650143   0.0005852073  -0.0011593270  -0.0120356602  -0.0163310253
       -0.0271505458  -0.1114752044  -0.1039085292   0.0038411139  -0.0024347407
       -0.0012679869  -0.0000384694  -0.0000956550   0.0000946611  -0.0000497412
       -0.0000407884  -0.0000769671  -0.0000579784  -0.0000136763   0.0000177719
        0.0000276289  -0.0000054086   0.0000119430  -0.0003075698   0.0003722834
        0.0001971186  -0.0001170453  -0.0000582162   0.0000875033  -0.0003722382
       -0.0001052037  -0.0002338542   0.0041321481   0.0096975705   0.0161526326
        0.0298755072   0.1291915344   0.1229406355  -0.0080205567  -0.0130190581
       -0.0174554246   0.0000702528  -0.0000347829   0.0002143375  -0.0000117554
       -0.0008007674  -0.0011929578   0.0001087945   0.0001957245   0.0001165521
       -0.0000453632   0.0000234410  -0.0000242291
       -0.0000563122   0.0000865539   0.0000814053  -0.0001260504   0.0000239099
        0.0000583202   0.0000811029  -0.0000323029   0.0000335778  -0.0005854133
       -0.0002811789   0.0001945877   0.0002701085  -0.0063939936  -0.0080332228
       -0.0405081766  -0.1039763744  -0.2045859639   0.0023621011  -0.0018086698
        0.0000182972   0.0000325092   0.0001116490   0.0000420980  -0.0000296451
       -0.0000264719  -0.0000599352  -0.0000433059  -0.0000211427  -0.0000243858
       -0.0000047608   0.0000296143   0.0000275131   0.0009278505   0.0005453417
       -0.0001852034  -0.0001729184   0.0001180215   0.0000629082  -0.0002644040
        0.0003465481   0.0006538546  -0.0078018420  -0.0122745917  -0.0266726709
        0.0463276491   0.1229406355   0.2356303281  -0.0003986758   0.0010271775
        0.0028871849   0.0000170864   0.0000548468   0.0003798861  -0.0000361406
       -0.0006552509  -0.0005078813   0.0000759411   0.0001859389   0.0000200387
       -0.0000667037  -0.0000002603  -0.0000207368
       -0.0001074886   0.0000526347  -0.0000794254  -0.0004432368  -0.0005843221
        0.0007938646   0.0000310547  -0.0000526368   0.0000145784  -0.0048473674
        0.0029700187   0.0010565376  -0.0238701979  -0.0124458231   0.0058435445
       -0.1924432317  -0.1105991520   0.0330032529   0.0009175332  -0.0007506563
       -0.0006022887  -0.0004017398   0.0000805036  -0.0001520209  -0.0000158740
       -0.0000045616   0.0000062759   0.0000382028  -0.0000277915  -0.0000114273
       -0.0000270496   0.0000286544  -0.0000171447  -0.0000330559   0.0006360498
        0.0000467809  -0.0005176815  -0.0002306983   0.0001909023   0.0001641738
       -0.0004487712  -0.0002969160   0.0037025353   0.0010714153   0.0000382031
       -0.0079061418  -0.0080205567  -0.0003986758   0.2255159120   0.1279144568
       -0.0395698176  -0.0000968092  -0.0000050707   0.0001362910   0.0002037577
       -0.0001833976  -0.0002252221   0.0002382227   0.0006123637   0.0002843739
       -0.0001015180  -0.0000126591  -0.0000616666
       -0.0000286586   0.0000019403  -0.0000032743   0.0003892158   0.0002717138
       -0.0001296452  -0.0000330046  -0.0000113615  -0.0000427145   0.0021950195
       -0.0007734499  -0.0009800324   0.0121349208   0.0083286656  -0.0031695623
       -0.1108355772  -0.1244572060   0.0251611253   0.0009953163   0.0005823171
        0.0000005807   0.0000860495  -0.0000201704   0.0000674557   0.0000020018
        0.0000499166   0.0000029496  -0.0000074308   0.0000031210   0.0000286407
       -0.0000330501   0.0000330094  -0.0000014655   0.0000661338   0.0001483027
        0.0001456485   0.0003332377   0.0002075676  -0.0001414015   0.0000553532
        0.0005246803  -0.0001942358  -0.0170753507  -0.0151590868   0.0063785091
       -0.0162307616  -0.0130190581   0.0010271775   0.1279144568   0.1436981012
       -0.0280316663  -0.0001581191  -0.0001835787   0.0001372636   0.0000214640
       -0.0000221493   0.0000736657   0.0001694510  -0.0002403894  -0.0003151036
        0.0000393325   0.0000371145  -0.0000139150
        0.0000067900  -0.0000088340   0.0000459757   0.0002503991   0.0001646373
       -0.0001479820   0.0000215765  -0.0000254359  -0.0000247980   0.0014068706
       -0.0009881700   0.0006061955   0.0065660162   0.0033852515  -0.0014679973
        0.0328738218   0.0249296250  -0.0519954197   0.0006109806   0.0002494891
        0.0001705701   0.0001378625   0.0000036975   0.0000299310   0.0000050544
       -0.0000026793   0.0000086851  -0.0000047606   0.0000136324  -0.0000110179
       -0.0000008910  -0.0000058573  -0.0000012830  -0.0000017395  -0.0001302866
       -0.0000842215  -0.0001157625   0.0001740437   0.0000651395  -0.0005656660
        0.0000098136   0.0001567385   0.0199597767   0.0181769982  -0.0066519791
       -0.0216460555  -0.0174554246   0.0028871849  -0.0395698176  -0.0280316663
        0.0567371341   0.0000878779   0.0001784604  -0.0002394921  -0.0002056918
        0.0000580538  -0.0000123927   0.0001440996  -0.0007001728  -0.0000962099
        0.0000392588   0.0000048243   0.0000252388
       -0.0001442701   0.0000255592  -0.0001669663  -0.0001086426  -0.0000467537
       -0.0000458998   0.0000539581  -0.0000240183   0.0001892936   0.0004421564
        0.0006422341  -0.0008516125  -0.0024683816   0.0035661681  -0.0077794102
        0.0005246090  -0.0000431728   0.0011397755  -0.0606774674   0.0364176871
       -0.0472539522  -0.0000157282  -0.0000268190   0.0001138912   0.0000862626
       -0.0000563723   0.0001459721  -0.0000374214   0.0000725577  -0.0000378006
        0.0000035043  -0.0000844456   0.0000544341   0.0000130969   0.0000556263
        0.0000945865  -0.0008351630  -0.0005391115   0.0000028964   0.0000605726
       -0.0008639059  -0.0016342962   0.0002166835   0.0001695069   0.0000779772
       -0.0001359216   0.0000702528   0.0000170864  -0.0000968092  -0.0001581191
        0.0000878779   0.0672861967  -0.0418426710   0.0564339907  -0.0092836866
        0.0189799951  -0.0201010685   0.0051020691  -0.0163132096   0.0195371937
        0.0000143827  -0.0000009886  -0.0000239691
        0.0000399520  -0.0000176347   0.0001532005  -0.0001767667  -0.0000500498
        0.0000036639  -0.0000263216  -0.0000533027   0.0000125386   0.0002443347
        0.0006028873  -0.0007793917  -0.0039143380   0.0088118682  -0.0117628239
       -0.0006299003   0.0009946397  -0.0007876002   0.0362398243  -0.1249983651
        0.1075968570   0.0001111993   0.0000856858   0.0000084742  -0.0000835744
        0.0000116075  -0.0001097828   0.0000307005  -0.0000304179   0.0000275933
        0.0000501035   0.0000323796  -0.0000272236   0.0000692587   0.0000429178
       -0.0001356930  -0.0001093714   0.0001904729   0.0000381687  -0.0007409576
       -0.0009297814  -0.0032307721   0.0000675516  -0.0001127670  -0.0000665246
       -0.0000518990  -0.0000347829   0.0000548468  -0.0000050707  -0.0001835787
        0.0001784604  -0.0418426710   0.1439838032  -0.1236059109   0.0075219593
       -0.0137465037   0.0150379483   0.0032539916  -0.0145918816   0.0174039327
       -0.0000480048  -0.0000071964  -0.0000099616
        0.0000370317  -0.0000351693   0.0001440174   0.0001206003  -0.0000514172
        0.0001247477   0.0001587937   0.0000526214   0.0000816789   0.0008308198
        0.0006430739   0.0007725068  -0.0083133940   0.0118300223  -0.0260543723
       -0.0003273091   0.0008515846   0.0010927105  -0.0472333651   0.1074353314
       -0.1831904602  -0.0000964380  -0.0000547776   0.0000787391  -0.0000012674
       -0.0000297509  -0.0001527656  -0.0000753861  -0.0000217675   0.0000449169
        0.0000837317   0.0000124467   0.0000040373   0.0001064442   0.0001612723
       -0.0000323664  -0.0005509955  -0.0001132648   0.0004572843  -0.0017111329
       -0.0032468955  -0.0053693905   0.0002971727  -0.0008202527   0.0000471220
        0.0000145485   0.0002143375   0.0003798861   0.0001362910   0.0001372636
       -0.0002394921   0.0564339907  -0.1236059109   0.2153973251   0.0008259552
       -0.0023114761   0.0049802241  -0.0008169259   0.0089463785  -0.0085880758
        0.0000808345   0.0000063503   0.0000217266
       -0.0008649638  -0.0002761048  -0.0005044147   0.0001741993  -0.0001914384
       -0.0000897323  -0.0000188524   0.0001085316   0.0001150468   0.0004615049
       -0.0004882685  -0.0003055134   0.0040417297  -0.0020552789  -0.0001416210
        0.0006395801  -0.0004149881  -0.0001500911  -0.1931253413   0.1076454768
        0.0504403613   0.0000899318   0.0001852837   0.0000561073  -0.0004689727
        0.0003262742  -0.0010588537  -0.0005644798  -0.0002769980   0.0002584575
       -0.0001496679   0.0000708343   0.0000089277  -0.0001166886  -0.0000325620
       -0.0000837314   0.0001838233  -0.0000293742  -0.0000714844   0.0000837992
       -0.0001304528   0.0001839420   0.0000400716  -0.0002491865   0.0000436153
        0.0002680273  -0.0000117554  -0.0000361406   0.0002037577   0.0000214640
       -0.0002056918  -0.0092836866   0.0075219593   0.0008259552   0.2241698167
       -0.1248256235  -0.0571370552  -0.0257069845   0.0131393941   0.0078923309
       -0.0000566039  -0.0000371868  -0.0000404143
        0.0004754162   0.0002292237   0.0001295384  -0.0002059460  -0.0001635670
       -0.0004263762   0.0001011660  -0.0000132395   0.0000752568   0.0006015841
        0.0004900468  -0.0000384354   0.0134575559  -0.0122230066  -0.0071546965
       -0.0009339817  -0.0021187912  -0.0039762485   0.1068556902  -0.1195250649
       -0.0339963792   0.0000185921  -0.0000211252   0.0001373458   0.0000080210
        0.0005355457  -0.0000927893  -0.0004392801   0.0000225030   0.0002037047
        0.0001703760  -0.0000014680   0.0001842617   0.0000942848   0.0001763542
        0.0003063687  -0.0002050235  -0.0007933848   0.0002775444   0.0000198308
        0.0004951724   0.0004487148  -0.0001767354   0.0002482276  -0.0000242041
        0.0009722802  -0.0008007674  -0.0006552509  -0.0001833976  -0.0000221493
        0.0000580538   0.0189799951  -0.0137465037  -0.0023114761  -0.1248256235
        0.1374464357   0.0420618901  -0.0148252957   0.0097882196   0.0048380558
        0.0000404912  -0.0000026611  -0.0000448786
       -0.0003479759  -0.0003653095   0.0003973389   0.0000313982  -0.0002959426
       -0.0002272272   0.0000445414  -0.0000181974  -0.0001066861   0.0003355689
        0.0005384628   0.0007081634   0.0183015642  -0.0155106567  -0.0083059274
       -0.0010301238  -0.0033326517  -0.0040036588   0.0500846436  -0.0343018422
       -0.0591025395   0.0000758520   0.0002501135  -0.0000046237  -0.0009471332
        0.0005616732  -0.0008226899   0.0000229393   0.0000307425   0.0001733277
        0.0001853931   0.0001849251  -0.0000554158   0.0001140568   0.0001602444
       -0.0000145676  -0.0000205041   0.0001755283   0.0002159451   0.0004640301
        0.0000699711   0.0002745515  -0.0001057223   0.0000034539  -0.0000961990
        0.0010726333  -0.0011929578  -0.0005078813  -0.0002252221   0.0000736657
       -0.0000123927  -0.0201010685   0.0150379483   0.0049802241  -0.0571370552
        0.0420618901   0.0684746283   0.0091576045  -0.0040955005  -0.0019735470
        0.0000245795  -0.0000355606   0.0000091768
       -0.0002067317   0.0000154564  -0.0001205743   0.0002005951  -0.0002489958
        0.0003093690  -0.0000173260  -0.0000118781  -0.0000613467  -0.0001642973
       -0.0015788721  -0.0019413951  -0.0080502288  -0.0072292132   0.0001160188
        0.0008139067   0.0009854066   0.0006091371  -0.1842742077  -0.1081783494
        0.0436790929  -0.0001173198   0.0000454468  -0.0001100345  -0.0002155781
       -0.0001540587   0.0001393345   0.0002094639   0.0000613951  -0.0001061256
       -0.0000223753  -0.0000229756  -0.0000625173  -0.0004438683  -0.0004430068
       -0.0001598828   0.0001589809   0.0001702685  -0.0003874244  -0.0001590331
        0.0001259493  -0.0000156856  -0.0001092341  -0.0000734794  -0.0000304715
       -0.0000963195   0.0001087945   0.0000759411   0.0002382227   0.0001694510
        0.0001440996   0.0051020691   0.0032539916  -0.0008169259  -0.0257069845
       -0.0148252957   0.0091576045   0.2129078914   0.1277922962  -0.0504159079
       -0.0000476255   0.0000376687  -0.0000023059
        0.0001491949   0.0000162803   0.0000897936  -0.0000858009  -0.0003612444
        0.0001284646   0.0000055163  -0.0000058209  -0.0000613526  -0.0013883761
       -0.0020133625  -0.0032453275  -0.0149178933  -0.0126524927   0.0018318306
       -0.0005577926   0.0003269220   0.0003856979  -0.1079433085  -0.1277766331
        0.0345330985  -0.0001967875  -0.0000320249  -0.0000952086  -0.0000715197
        0.0000412149  -0.0001178989  -0.0000233363  -0.0000787866   0.0000198624
        0.0000399284   0.0000256944   0.0000151826  -0.0006510953  -0.0005850553
       -0.0000148733   0.0002565314   0.0000420763  -0.0003929489   0.0002025832
        0.0006169594   0.0004056099  -0.0000559835  -0.0002093465   0.0001014764
        0.0000924947   0.0001957245   0.0001859389   0.0006123637  -0.0002403894
       -0.0007001728  -0.0163132096  -0.0145918816   0.0089463785   0.0131393941
        0.0097882196  -0.0040955005   0.1277922962   0.1474508472  -0.0378984507
       -0.0000851994   0.0000430994  -0.0000216001
        0.0000221900   0.0000015601   0.0000704437  -0.0001136813  -0.0002670614
        0.0001436404   0.0000678158  -0.0000329567   0.0000554219  -0.0011738497
       -0.0031347587  -0.0028861505  -0.0176623445  -0.0149343000   0.0035884978
       -0.0007199663   0.0000578733   0.0004000803   0.0436621789   0.0349998926
       -0.0566841839  -0.0001119235   0.0000701193  -0.0000194256   0.0000347888
        0.0000322750  -0.0000510897  -0.0000662070  -0.0000200784  -0.0000017337
        0.0000300479  -0.0000138535   0.0000235547  -0.0008366421  -0.0007907202
        0.0000985535   0.0000316271  -0.0000034613  -0.0000690083  -0.0004422901
       -0.0002321736   0.0006422814   0.0001246586   0.0001295082  -0.0001655641
       -0.0000862523   0.0001165521   0.0000200387   0.0002843739  -0.0003151036
       -0.0000962099   0.0195371937   0.0174039327  -0.0085880758   0.0078923309
        0.0048380558  -0.0019735470  -0.0504159079  -0.0378984507   0.0655019835
       -0.0000581409  -0.0000068510  -0.0000095074
        0.0012329116   0.0002255163   0.0001198622  -0.0251795301   0.0022013034
       -0.0060991578  -0.0002665966   0.0000727785  -0.0008353364  -0.0042231239
       -0.0034524239   0.0007920864  -0.0006033020   0.0004527167  -0.0006419782
       -0.0001748532  -0.0001550182   0.0000522835  -0.0001646603  -0.0001585557
        0.0000819988  -0.3276009267   0.0998384305  -0.1282844730   0.0002338035
        0.0005088161   0.0000446892  -0.0000471040  -0.0000091110   0.0000949875
        0.0002562656  -0.0008163270  -0.0002892447   0.0004192132  -0.0008444094
       -0.0001462475   0.0001080135  -0.0000423445   0.0007322924  -0.0000363608
        0.0000522683  -0.0000889455   0.0000316303  -0.0000802725   0.0000481685
        0.0000029185  -0.0000453632  -0.0000667037  -0.0001015180   0.0000393325
        0.0000392588   0.0000143827  -0.0000480048   0.0000808345  -0.0000566039
        0.0000404912   0.0000245795  -0.0000476255  -0.0000851994  -0.0000581409
        0.3562030664  -0.0976946239   0.1343991864
       -0.0008460952   0.0017528665  -0.0002114267  -0.0233361531   0.0065470160
       -0.0103902455  -0.0003291759   0.0007567224  -0.0002141705  -0.0025087825
       -0.0023361875   0.0005715807  -0.0008554179   0.0003335517  -0.0004018404
       -0.0001593182  -0.0001593218   0.0000438899  -0.0000015523  -0.0000755920
       -0.0000094297   0.1257486906  -0.0791552287   0.0660124485   0.0000436299
        0.0000500327  -0.0000887363  -0.0001157739  -0.0002957110  -0.0001638958
        0.0000618477  -0.0006824934   0.0002607362  -0.0000475401   0.0002884710
        0.0002062286   0.0000019434   0.0000156956  -0.0003336088   0.0000329586
        0.0001140531  -0.0000041411   0.0000006945   0.0000179611  -0.0000011741
        0.0000178340   0.0000234410  -0.0000002603  -0.0000126591   0.0000371145
        0.0000048243  -0.0000009886  -0.0000071964   0.0000063503  -0.0000371868
       -0.0000026611  -0.0000355606   0.0000376687   0.0000430994  -0.0000068510
       -0.0976946239   0.0727343670  -0.0552447177
       -0.0002250715   0.0010112615  -0.0000186365   0.0042532649  -0.0036351669
       -0.0002056614   0.0013672665  -0.0000083143   0.0013608358  -0.0007013535
        0.0000225019   0.0004217266   0.0001172125   0.0001607771   0.0000578634
       -0.0000347223  -0.0000692505  -0.0000051753   0.0000304596  -0.0000012772
       -0.0000504339  -0.1390965851   0.0587521590  -0.0633154382   0.0002452911
        0.0000595635  -0.0000671470  -0.0005064951  -0.0002003920  -0.0004713667
       -0.0000979059  -0.0003014692   0.0004845876   0.0003552671  -0.0003422634
       -0.0000492467  -0.0000396319  -0.0001086493   0.0002009757   0.0000184466
        0.0000338689   0.0000551557   0.0000047143  -0.0000140470   0.0000042177
        0.0000390122  -0.0000242291  -0.0000207368  -0.0000616666  -0.0000139150
        0.0000252388  -0.0000239691  -0.0000099616   0.0000217266  -0.0000404143
       -0.0000448786   0.0000091768  -0.0000023059  -0.0000216001  -0.0000095074
        0.1343991864  -0.0552447177   0.0615718453
