$hessian                                                                        
        0.5016997833  -0.0036923624  -0.0318577310  -0.1031070054  -0.0087640215
       -0.0607977498  -0.0132539241   0.0030126518  -0.0164198048   0.0007910611
       -0.0012706253  -0.0009778537  -0.0011260318   0.0008848048  -0.0001544899
       -0.0001446514  -0.0000393012   0.0000493554   0.0003158074  -0.0003183149
        0.0002321900  -0.0021034349   0.0022813073  -0.0021808301  -0.1022034208
       -0.1019621480   0.0011648665  -0.1468244873   0.1183592785  -0.0044303882
       -0.1311203207  -0.0064517422   0.1172240666   0.0084629248   0.0018508598
        0.0132104457  -0.0099191547  -0.0041978303  -0.0150927317  -0.0003494027
        0.0000655029   0.0000258148  -0.0000395482   0.0000661073  -0.0000440861
       -0.0000149218  -0.0000229026   0.0000675555   0.0000518791   0.0000987768
       -0.0000402108  -0.0002199106  -0.0000176582  -0.0000971244  -0.0007634772
        0.0000809891  -0.0000729704  -0.0000883565   0.0000821732  -0.0001070100
       -0.0000434076  -0.0000455449   0.0002986863
       -0.0036923624   0.5221630845  -0.0024650060  -0.0081180764  -0.0663242068
       -0.0114182290   0.0107580413  -0.0001265031   0.0138515724   0.0017827548
        0.0012572750   0.0021702043   0.0004692026  -0.0009155881   0.0002806235
       -0.0001091080  -0.0001647739  -0.0000785364   0.0000080162  -0.0004653424
       -0.0001174719   0.0032779618  -0.0039976598   0.0043541638  -0.1021364023
       -0.2232576487  -0.0000529662   0.1183954154  -0.1804407929   0.0069774763
       -0.0064313970  -0.0454643264   0.0083496049   0.0004981312   0.0011537693
        0.0009253780  -0.0150022291  -0.0042332917  -0.0225538334   0.0004207401
        0.0000214925  -0.0000890789  -0.0000103163   0.0002139747   0.0000343570
       -0.0000162545  -0.0000403969   0.0000878332   0.0000570965   0.0002372823
       -0.0000354696   0.0000248993   0.0001535040   0.0001576433  -0.0001707570
        0.0001310758  -0.0000391986   0.0000469687   0.0001389960   0.0000098028
       -0.0000523250  -0.0000399235  -0.0003488694
       -0.0318577310  -0.0024650060   0.4807476161  -0.0592447258  -0.0118979673
       -0.1632718911  -0.0059600571   0.0041632055  -0.0054512676   0.0007106712
       -0.0010393933   0.0006900523   0.0000744750  -0.0000260093  -0.0004904157
        0.0001231138  -0.0001388817  -0.0001512087  -0.0005488902   0.0000316234
       -0.0004635556  -0.0012346181   0.0008180751   0.0005727028   0.0010103123
       -0.0002569245  -0.0432410569  -0.0045588721   0.0074223444  -0.0426034511
        0.1179350840   0.0081812151  -0.1964133889  -0.0128178202  -0.0028155995
       -0.0276143622  -0.0040427128  -0.0019722336  -0.0030600173  -0.0000264641
       -0.0000018046   0.0000633460   0.0000059593   0.0000688192   0.0000406687
        0.0000522424   0.0000105505   0.0001937973  -0.0000514755   0.0001006788
       -0.0000140859   0.0001996545  -0.0001843648   0.0001532065   0.0003285860
        0.0001633739   0.0002991328  -0.0000630406  -0.0000086795   0.0000052034
       -0.0000336911  -0.0001530217   0.0000089753
       -0.1031070054  -0.0081180764  -0.0592447258   0.4764328869   0.0402351671
       -0.0254623942  -0.1096974732   0.0512373832  -0.0024299311   0.0022338275
       -0.0006521950  -0.0011003276  -0.0210306231   0.0177451016  -0.0005926215
        0.0011103233  -0.0002887971   0.0001390586   0.0006989088  -0.0000913283
       -0.0005834839  -0.0016092061   0.0072695940  -0.0051592166  -0.0107735448
       -0.0043615660  -0.0150712330  -0.0136746036   0.0003243890  -0.0188643930
        0.0093410072   0.0014745321   0.0128721537  -0.1313384932  -0.0054448341
        0.1134327497  -0.0927167508  -0.0981708378   0.0010744180  -0.0051306408
       -0.0005101524   0.0008333010   0.0000647077   0.0003302305   0.0000287024
       -0.0001423543   0.0001077702  -0.0000386180  -0.0012076527   0.0002423724
       -0.0002895863  -0.0000749757   0.0001449506   0.0001921537  -0.0003626655
        0.0000650484   0.0003606153   0.0001053393   0.0000569653  -0.0000070228
        0.0008789886  -0.0015957174  -0.0000895987
       -0.0087640215  -0.0663242068  -0.0118979673   0.0402351671   0.4982408361
       -0.0022588518   0.0469753095  -0.1241928109   0.0006682796   0.0166592842
       -0.0242480548  -0.0036991715   0.0021021067   0.0045592521  -0.0004907583
        0.0004736739  -0.0005293468   0.0001630706   0.0000796629  -0.0004415050
       -0.0000296114   0.0116238324  -0.0126540913   0.0145398713  -0.0152945600
       -0.0043693091  -0.0226233953   0.0133400671   0.0005954028   0.0186667811
        0.0006836268   0.0004940141   0.0007195085  -0.0057494665  -0.0448218408
        0.0062845989  -0.0977068146  -0.2275892939  -0.0004941119  -0.0023120188
        0.0006722603   0.0004327390  -0.0003474754   0.0000462950  -0.0003209068
       -0.0000566339  -0.0001454525  -0.0000274230  -0.0013483932   0.0001157510
       -0.0003065245   0.0000505633  -0.0002584056  -0.0000140457  -0.0004652306
        0.0004173628   0.0004724623  -0.0001679104   0.0000583409   0.0001323376
       -0.0000107692   0.0003748028   0.0000831185
       -0.0607977498  -0.0114182290  -0.1632718911  -0.0254623942  -0.0022588518
        0.4957801304   0.0005595851  -0.0020147567  -0.0600310495   0.0079518049
       -0.0124119852   0.0008587207   0.0035838572  -0.0037641234   0.0010402206
       -0.0004572201  -0.0002291224   0.0001468438  -0.0003631408   0.0000943340
       -0.0001204652  -0.0207774321   0.0313825645  -0.0185665480  -0.0037007463
       -0.0031956754  -0.0032523020  -0.0040267701   0.0007765041  -0.0041548500
       -0.0120405231  -0.0019176583  -0.0270057750   0.1132465376   0.0059576528
       -0.1803464090   0.0012415589  -0.0015132996  -0.0420797877   0.0016576309
        0.0005040963   0.0001810168  -0.0001945650   0.0001068704  -0.0000315708
        0.0000662691   0.0000466813   0.0001128322  -0.0003954368   0.0002335174
       -0.0000869991   0.0001787787  -0.0002556950   0.0000091957   0.0005128637
        0.0000703355  -0.0000486528  -0.0000858564  -0.0001301486   0.0000781565
       -0.0006970513  -0.0000630109   0.0007891834
       -0.0132539241   0.0107580413  -0.0059600571  -0.1096974732   0.0469753095
        0.0005595851   0.4585344420   0.0091436507   0.0103112719  -0.0545900837
       -0.0368262163  -0.0268527257  -0.1579349625  -0.0199958023   0.0125374749
       -0.0150988180  -0.0093898477  -0.0033074585  -0.0050190814  -0.0027499234
        0.0063732479  -0.0705659573   0.0025580661  -0.0266613924   0.0003567553
        0.0008393677   0.0003405009  -0.0008590993   0.0001595788  -0.0026602983
        0.0005826919  -0.0001597517   0.0007941788  -0.0167958623   0.0167081523
        0.0018978732   0.0076462083  -0.0060847928   0.0010462749  -0.0264403490
       -0.0013942576   0.0038098656  -0.0004834308  -0.0016633440  -0.0012757095
        0.0005265969   0.0001378525   0.0004183754   0.0002354051   0.0006779135
       -0.0000096602   0.0006672664   0.0001494279  -0.0006980396   0.0004057130
        0.0004772212  -0.0004822716   0.0008181023  -0.0000125154  -0.0001648493
        0.0009658606  -0.0103081305   0.0299838137
        0.0030126518  -0.0001265031   0.0041632055   0.0512373832  -0.1241928109
       -0.0020147567   0.0091436507   0.4594358234   0.0359711424  -0.0366320923
       -0.1573332351  -0.0932267782  -0.0276854472  -0.0710235894   0.0006014150
       -0.0212903221  -0.0077590030   0.0008404591  -0.0080488702  -0.0025314274
        0.0043227960  -0.0081982640  -0.0654919568   0.0430707755  -0.0015298911
        0.0005610441  -0.0006153582  -0.0010076530   0.0006295052  -0.0010711971
        0.0000370860   0.0003794701  -0.0005175836   0.0031282195  -0.0013751674
        0.0000347372   0.0155799194  -0.0238499240   0.0013764090   0.0239975522
        0.0026121616  -0.0036783238  -0.0020377302  -0.0029162695  -0.0023971560
       -0.0000418715   0.0009579256   0.0005167033   0.0000808264  -0.0002037125
        0.0005401520   0.0004640239   0.0004088053  -0.0009150742  -0.0002381703
       -0.0002785063   0.0000080688  -0.0004392675  -0.0000341325   0.0009289134
        0.0004682663  -0.0078684975   0.0120614504
       -0.0164198048   0.0138515724  -0.0054512676  -0.0024299311   0.0006682796
       -0.0600310495   0.0103112719   0.0359711424   0.4442664478  -0.0282712767
       -0.0895986779  -0.1046444487   0.0178977873   0.0008131997  -0.0612279213
       -0.0156025820  -0.0034560501   0.0018957182   0.0234624190   0.0064793001
       -0.0115351332  -0.0038150774   0.0469663208  -0.1839579591  -0.0004106583
        0.0007958088   0.0003941834  -0.0026975863  -0.0000091506  -0.0031865983
       -0.0003411464   0.0007539058   0.0003028486   0.0155462948  -0.0148551306
       -0.0006847261   0.0011799311  -0.0014578039   0.0015685565  -0.0026329734
        0.0000418301   0.0016793984  -0.0021349094  -0.0034173515  -0.0024475120
       -0.0010279738   0.0001005681  -0.0005955195   0.0000607841   0.0001130464
        0.0004679158   0.0011538456   0.0004407321  -0.0000527671   0.0003466705
       -0.0000147591   0.0006501757   0.0012056257   0.0019457432  -0.0047359942
        0.0046192897   0.0038674741  -0.0126743478
        0.0007910611   0.0017827548   0.0007106712   0.0022338275   0.0166592842
        0.0079518049  -0.0545900837  -0.0366320923  -0.0282712767   0.0703848438
        0.0403025496   0.0365399237  -0.0132991704  -0.0235807917  -0.0153739507
       -0.0054011866  -0.0015889799   0.0012784763   0.0004181413  -0.0000436150
       -0.0009657827   0.0026950369  -0.0000164090  -0.0028905226  -0.0007976077
       -0.0000802951  -0.0000262943  -0.0000336618  -0.0000723244   0.0000891977
        0.0001538380   0.0000098509  -0.0000341398  -0.0010686218   0.0008409408
        0.0002191949  -0.0017994959   0.0022628066   0.0000383705   0.0002932897
       -0.0004192274  -0.0006913667  -0.0008126412  -0.0011994994  -0.0009590957
        0.0001439618   0.0003042086   0.0003123290  -0.0001018615   0.0001375739
        0.0000106134  -0.0000437852   0.0000428900   0.0007100809  -0.0000178249
        0.0001240947  -0.0000327686   0.0001130836   0.0001209888  -0.0001150985
        0.0007388568   0.0010452915   0.0014996336
       -0.0012706253   0.0012572750  -0.0010393933  -0.0006521950  -0.0242480548
       -0.0124119852  -0.0368262163  -0.1573332351  -0.0895986779   0.0403025496
        0.1821237230   0.1035429238  -0.0059711814  -0.0091366831  -0.0070101308
       -0.0029141233   0.0004228636   0.0005899998   0.0004164880   0.0003833704
       -0.0004859978   0.0024802527   0.0102313463   0.0048138763   0.0009164983
        0.0003152776   0.0001787151  -0.0003596612   0.0003309252  -0.0000464212
       -0.0000996451  -0.0005000685   0.0006469087   0.0004661483  -0.0016465734
       -0.0001546478   0.0032720578  -0.0039670789  -0.0007157694   0.0007354809
        0.0006429555  -0.0000096919  -0.0004359813  -0.0006744379  -0.0005006290
        0.0001626087   0.0000667738   0.0002901873   0.0001782753   0.0001834017
        0.0000709176  -0.0003404560   0.0001444786   0.0006859577  -0.0000092015
       -0.0002636737  -0.0000638882   0.0002293027   0.0000426601   0.0000608002
       -0.0002803761   0.0016247547   0.0011569459
       -0.0009778537   0.0021702043   0.0006900523  -0.0011003276  -0.0036991715
        0.0008587207  -0.0268527257  -0.0932267782  -0.1046444487   0.0365399237
        0.1035429238   0.1496703185   0.0001148804   0.0013613819   0.0022470464
        0.0004761499   0.0002109700   0.0003939346   0.0010912672   0.0008398754
        0.0009040519  -0.0092565811  -0.0119394177  -0.0496422545  -0.0000569094
        0.0001255213   0.0002958299  -0.0002166475   0.0002024622  -0.0002505449
        0.0000253212   0.0003243447   0.0000096973  -0.0000428189   0.0001002419
       -0.0002341357   0.0004036756  -0.0001151826  -0.0001475148  -0.0004789860
        0.0001440827  -0.0000530958   0.0000431348   0.0001262558   0.0001194190
        0.0002379843   0.0001596794  -0.0000664833   0.0000290624   0.0000274606
       -0.0000361133   0.0002493314   0.0000668849  -0.0002060698  -0.0000889310
       -0.0000601877  -0.0000795002  -0.0000050804  -0.0000273830  -0.0001079944
       -0.0001338697  -0.0003341680   0.0002790847
       -0.0011260318   0.0004692026   0.0000744750  -0.0210306231   0.0021021067
        0.0035838572  -0.1579349625  -0.0276854472   0.0178977873  -0.0132991704
       -0.0059711814   0.0001148804   0.4652448484  -0.0221905462   0.0055476432
       -0.0793567581  -0.0263746897  -0.0252228212  -0.0664265412  -0.0022690536
        0.0125318090  -0.0053938584  -0.0044367949   0.0083279933   0.0000570986
        0.0001150260   0.0001131905   0.0000136923   0.0000360575  -0.0003942542
        0.0001620910   0.0001111526  -0.0002076867  -0.0019605183   0.0014010532
       -0.0005172642   0.0005538817  -0.0014370849   0.0001507060  -0.1073728213
        0.0991780211  -0.0180368220  -0.0142745094  -0.0226499367  -0.0192534932
        0.0017022231   0.0030860850   0.0015650675   0.0049529532   0.0091551051
        0.0083358925   0.0007839777   0.0021758461  -0.0093141591   0.0016732345
        0.0051873337  -0.0145718314  -0.0065535440  -0.0094997327   0.0290495811
       -0.0004146621  -0.0005025220   0.0002254491
        0.0008848048  -0.0009155881  -0.0000260093   0.0177451016   0.0045592521
       -0.0037641234  -0.0199958023  -0.0710235894   0.0008131997  -0.0235807917
       -0.0091366831   0.0013613819  -0.0221905462   0.5191701164  -0.0145174729
       -0.0287432591  -0.1320457677  -0.0569192766  -0.0025206106  -0.0776052188
        0.0389291704  -0.0136916857  -0.0055835669   0.0106709805   0.0000441667
       -0.0000552057  -0.0000137775   0.0002935843  -0.0000188404   0.0004119528
       -0.0000967945   0.0000272190  -0.0000088090   0.0032265581  -0.0025098619
       -0.0004103325   0.0007671594   0.0001700068  -0.0001992672   0.0989199549
       -0.1919326723   0.0277265016  -0.0040619995  -0.0049143706  -0.0035135789
        0.0020577678   0.0050278310   0.0025301740  -0.0069142975  -0.0250269481
       -0.0169026885   0.0016576955   0.0051277507  -0.0201504829  -0.0013153443
       -0.0112563181   0.0258665666  -0.0021920241  -0.0019035244   0.0058275842
       -0.0002936375  -0.0001540204   0.0022883069
       -0.0001544899   0.0002806235  -0.0004904157  -0.0005926215  -0.0004907583
        0.0010402206   0.0125374749   0.0006014150  -0.0612279213  -0.0153739507
       -0.0070101308   0.0022470464   0.0055476432  -0.0145174729   0.4853640477
       -0.0275696055  -0.0572635916  -0.1146771070   0.0141279100   0.0387604130
       -0.1830928938   0.0321935348   0.0151321348  -0.0167559073   0.0000919855
        0.0000284600   0.0000469064  -0.0000040625   0.0001080610  -0.0000850645
       -0.0002897298   0.0000397323  -0.0002496896   0.0001004007   0.0003227955
       -0.0001111980  -0.0000353500   0.0002862231   0.0003481921  -0.0180062282
        0.0274754119  -0.0462197691  -0.0002782555   0.0003212867   0.0010360317
       -0.0096621367  -0.0201471620  -0.0234091413   0.0023630777   0.0006396030
        0.0023873664   0.0008408870   0.0030512009  -0.0227541600  -0.0014905330
        0.0064513606  -0.0083977847   0.0040018962   0.0036791837  -0.0097050875
        0.0016521534   0.0022512106  -0.0052936716
       -0.0001446514  -0.0001091080   0.0001231138   0.0011103233   0.0004736739
       -0.0004572201  -0.0150988180  -0.0212903221  -0.0156025820  -0.0054011866
       -0.0029141233   0.0004761499  -0.0793567581  -0.0287432591  -0.0275696055
        0.5139665842  -0.0157815084  -0.0194153559   0.0007341989   0.0010405688
       -0.0001220701   0.0004934152  -0.0009041081  -0.0009587729  -0.0000885365
       -0.0000527301  -0.0002201108  -0.0000455564   0.0000207747  -0.0000291583
       -0.0000819243  -0.0000715867  -0.0000500295   0.0001503978  -0.0003783300
       -0.0001510734  -0.0016274306  -0.0009031066  -0.0004324276   0.0039909317
        0.0103562548   0.0079690973  -0.2776016669  -0.0216043408   0.0298989982
       -0.0529360660  -0.0121541916   0.0443690274  -0.0896480089   0.0930119188
       -0.0189277362   0.0005440025  -0.0002191337   0.0008645125   0.0000891688
       -0.0004674436  -0.0000715821   0.0007064780   0.0003484049   0.0006510071
        0.0002451032   0.0003416963  -0.0003441817
       -0.0000393012  -0.0001647739  -0.0001388817  -0.0002887971  -0.0005293468
       -0.0002291224  -0.0093898477  -0.0077590030  -0.0034560501  -0.0015889799
        0.0004228636   0.0002109700  -0.0263746897  -0.1320457677  -0.0572635916
       -0.0157815084   0.4931682423  -0.0337702658   0.0014718129   0.0034201721
        0.0007360615  -0.0008163795  -0.0000523324  -0.0006837558   0.0000725104
        0.0000108071   0.0000573053   0.0000115944   0.0000431560  -0.0000110232
       -0.0000629918   0.0000424038   0.0000280622   0.0001187076   0.0000977464
       -0.0000394995   0.0013519484   0.0005807491   0.0004583558  -0.0074252330
       -0.0244599207  -0.0181674905  -0.0218072489  -0.0445961967   0.0038210840
       -0.0121398560  -0.0633589645   0.0662522876   0.0920119324  -0.2269329873
        0.0390440029   0.0000824779   0.0006430865   0.0020980268   0.0001001398
        0.0012286278   0.0010622627   0.0002723979   0.0003015881   0.0003355920
        0.0002213115  -0.0000601499  -0.0003443302
        0.0000493554  -0.0000785364  -0.0001512087   0.0001390586   0.0001630706
        0.0001468438  -0.0033074585   0.0008404591   0.0018957182   0.0012784763
        0.0005899998   0.0003939346  -0.0252228212  -0.0569192766  -0.1146771070
       -0.0194153559  -0.0337702658   0.4957212955  -0.0087375602  -0.0190010767
       -0.0264990207   0.0009435722   0.0001862755   0.0006944991  -0.0000062487
        0.0000297121  -0.0000117581   0.0000109847  -0.0000231570   0.0000365942
        0.0000244418  -0.0000424777   0.0000500518  -0.0000166338  -0.0000123222
        0.0000697108  -0.0003570141  -0.0001055551  -0.0001016647  -0.0002906360
       -0.0010670292   0.0010333944   0.0292963166   0.0042181316  -0.0460001796
        0.0451948467   0.0668084249  -0.2564860679  -0.0187806966   0.0390450602
       -0.0512497317   0.0001650117   0.0007289301  -0.0065037682  -0.0000106937
       -0.0010845910   0.0011127085  -0.0007374139  -0.0005672553   0.0006421233
       -0.0002195312   0.0000614788  -0.0001163675
        0.0003158074   0.0000080162  -0.0005488902   0.0006989088   0.0000796629
       -0.0003631408  -0.0050190814  -0.0080488702   0.0234624190   0.0004181413
        0.0004164880   0.0010912672  -0.0664265412  -0.0025206106   0.0141279100
        0.0007341989   0.0014718129  -0.0087375602   0.5213022658  -0.0022995756
        0.0098330429  -0.0059038718  -0.0030327962   0.0039364732  -0.0001648583
       -0.0000068494   0.0001915100  -0.0002149037  -0.0000205221   0.0002353656
       -0.0007153481  -0.0000511155   0.0005062794   0.0000189413  -0.0002259205
        0.0001622889  -0.0004897287  -0.0002262364   0.0002974351   0.0015397199
        0.0060041064  -0.0145743546   0.0006074309   0.0001284440  -0.0008110658
       -0.0002171852  -0.0015153491  -0.0015999885   0.0003566818  -0.0000231108
        0.0005002060  -0.0715488747  -0.0573293193  -0.0504209420  -0.1034847367
        0.1021555706  -0.0196291173  -0.2715752447  -0.0345142747   0.0409897342
       -0.0002317215  -0.0004495507   0.0013511279
       -0.0003183149  -0.0004653424   0.0000316234  -0.0000913283  -0.0004415050
        0.0000943340  -0.0027499234  -0.0025314274   0.0064793001  -0.0000436150
        0.0003833704   0.0008398754  -0.0022690536  -0.0776052188   0.0387604130
        0.0010405688   0.0034201721  -0.0190010767  -0.0022995756   0.5204669927
        0.0189303708  -0.0019516701  -0.0001520529   0.0007039520  -0.0000245904
       -0.0000121348   0.0001296001  -0.0000093450   0.0000293027  -0.0000175745
        0.0001820237   0.0005619437   0.0001594544   0.0000043606   0.0000516330
       -0.0000060342   0.0003724639   0.0001368727  -0.0005456510  -0.0007924623
       -0.0099485486   0.0257499761   0.0004714164   0.0003193210  -0.0003687409
       -0.0014826048  -0.0022895606  -0.0040572149  -0.0001409840   0.0013251490
       -0.0011699250  -0.0573683875  -0.1654964284  -0.1046258281   0.1021868625
       -0.2183236359   0.0319818403  -0.0345565836  -0.0493182372   0.0055196626
       -0.0001592574  -0.0001106651   0.0004116432
        0.0002321900  -0.0001174719  -0.0004635556  -0.0005834839  -0.0000296114
       -0.0001204652   0.0063732479   0.0043227960  -0.0115351332  -0.0009657827
       -0.0004859978   0.0009040519   0.0125318090   0.0389291704  -0.1830928938
       -0.0001220701   0.0007360615  -0.0264990207   0.0098330429   0.0189303708
        0.4608824578   0.0017696695   0.0002319267   0.0005173198  -0.0000436634
        0.0000042423   0.0001151587   0.0000218089  -0.0000016880   0.0000322173
       -0.0002130080   0.0001428852   0.0001794279  -0.0000639381   0.0001882708
        0.0000721688   0.0000262868   0.0001238323   0.0001710314   0.0002587090
        0.0052829686  -0.0103426813   0.0005454344   0.0005773590   0.0005313601
       -0.0014757661  -0.0027018426  -0.0029442591   0.0002661819   0.0012251801
        0.0010200874  -0.0500640909  -0.1043516268  -0.1313942653  -0.0193665447
        0.0316244151  -0.0486678618   0.0411228569   0.0053451258  -0.0489590976
       -0.0000828893   0.0000236338  -0.0004060478
       -0.0021034349   0.0032779618  -0.0012346181  -0.0016092061   0.0116238324
       -0.0207774321  -0.0705659573  -0.0081982640  -0.0038150774   0.0026950369
        0.0024802527  -0.0092565811  -0.0053938584  -0.0136916857   0.0321935348
        0.0004934152  -0.0008163795   0.0009435722  -0.0059038718  -0.0019516701
        0.0017696695   0.4510381412   0.1420126881  -0.0407183958  -0.0000083507
       -0.0000325079   0.0001615751  -0.0008535061   0.0001104079  -0.0007015045
       -0.0000681925  -0.0000196350   0.0000558964   0.0013657133   0.0002692011
       -0.0017072878  -0.0006618827   0.0010622389  -0.0006492847   0.0012509700
        0.0001077412   0.0000785102   0.0000714092   0.0003819317   0.0001773833
       -0.0009643915  -0.0004318342  -0.0002636636   0.0001370864  -0.0003770353
        0.0002715289  -0.0001156265   0.0001173589  -0.0002361786  -0.0000710269
       -0.0000948508  -0.0000978585  -0.0005939165  -0.0005800576   0.0016881478
       -0.3681385504  -0.1352496946   0.0421180640
        0.0022813073  -0.0039976598   0.0008180751   0.0072695940  -0.0126540913
        0.0313825645   0.0025580661  -0.0654919568   0.0469663208  -0.0000164090
        0.0102313463  -0.0119394177  -0.0044367949  -0.0055835669   0.0151321348
       -0.0009041081  -0.0000523324   0.0001862755  -0.0030327962  -0.0001520529
        0.0002319267   0.1420126881   0.1374431200  -0.1168857707  -0.0000119726
        0.0001227575  -0.0001887680   0.0010220232   0.0000438320   0.0012290918
       -0.0000019781  -0.0000999730   0.0002862265  -0.0021584060   0.0016556269
        0.0005937892   0.0010377722  -0.0014604078   0.0002011660  -0.0002457285
        0.0004981042  -0.0001787122  -0.0002253853   0.0001186023   0.0004457408
        0.0000016229  -0.0007083523   0.0002841247   0.0001524728   0.0002323071
        0.0001070325   0.0001848113   0.0001332109   0.0001049456   0.0001206262
        0.0001669138  -0.0002002873  -0.0003702931  -0.0002617230   0.0008967684
       -0.1452371123  -0.0601837048   0.0305267730
       -0.0021808301   0.0043541638   0.0005727028  -0.0051592166   0.0145398713
       -0.0185665480  -0.0266613924   0.0430707755  -0.1839579591  -0.0028905226
        0.0048138763  -0.0496422545   0.0083279933   0.0106709805  -0.0167559073
       -0.0009587729  -0.0006837558   0.0006944991   0.0039364732   0.0007039520
        0.0005173198  -0.0407183958  -0.1168857707   0.3096607540   0.0006194231
       -0.0001553927   0.0001511090  -0.0013052390   0.0004580114  -0.0010776811
        0.0001789978  -0.0004053303   0.0003904300   0.0004574925  -0.0020675444
        0.0013019008  -0.0011407873   0.0021442309  -0.0009358456  -0.0011328928
       -0.0008246581   0.0002679073  -0.0000232537  -0.0000675160  -0.0000862893
        0.0001223084  -0.0001348171   0.0008861791  -0.0000821536   0.0002096991
       -0.0003131504  -0.0004182454   0.0000079957   0.0005983710  -0.0002703793
       -0.0000985882   0.0000957504   0.0006968776   0.0004838853  -0.0009775053
        0.0686025154   0.0398659316  -0.0428237828
       -0.1022034208  -0.1021364023   0.0010103123  -0.0107735448  -0.0152945600
       -0.0037007463   0.0003567553  -0.0015298911  -0.0004106583  -0.0007976077
        0.0009164983  -0.0000569094   0.0000570986   0.0000441667   0.0000919855
       -0.0000885365   0.0000725104  -0.0000062487  -0.0001648583  -0.0000245904
       -0.0000436634  -0.0000083507  -0.0000119726   0.0006194231   0.1172574938
        0.1199186879   0.0022450017   0.0094637582   0.0184664041  -0.0001266169
       -0.0124311581  -0.0203207972   0.0035715938   0.0006827172   0.0003971435
        0.0006308558  -0.0016611723  -0.0007205655  -0.0037108340   0.0000089298
        0.0000273532  -0.0000157684   0.0000039089   0.0000577603   0.0000278481
        0.0000231709  -0.0000127796   0.0000174157   0.0000446091   0.0000966992
        0.0000126775  -0.0000767921  -0.0000627710   0.0000701778   0.0001070237
        0.0000833362  -0.0000042403   0.0000473490   0.0000604251  -0.0000155950
        0.0001526267  -0.0000266553  -0.0002060105
       -0.1019621480  -0.2232576487  -0.0002569245  -0.0043615660  -0.0043693091
       -0.0031956754   0.0008393677   0.0005610441   0.0007958088  -0.0000802951
        0.0003152776   0.0001255213   0.0001150260  -0.0000552057   0.0000284600
       -0.0000527301   0.0000108071   0.0000297121  -0.0000068494  -0.0000121348
        0.0000042423  -0.0000325079   0.0001227575  -0.0001553927   0.1199186879
        0.2581394764   0.0013101049  -0.0110350809  -0.0283133044   0.0009926286
       -0.0032594540  -0.0039768578   0.0018121802   0.0002658857   0.0001238906
        0.0000283320  -0.0005072729   0.0004720745  -0.0015421759  -0.0000029736
        0.0000404821  -0.0000101530  -0.0000206516   0.0000087366   0.0000232416
        0.0000133370   0.0000021216  -0.0000220525   0.0000389426   0.0000272426
        0.0000132783  -0.0000635650   0.0000283736   0.0000307661   0.0000500528
       -0.0000186464  -0.0000423213   0.0000216717   0.0000009974   0.0000217063
        0.0001221231   0.0001498251   0.0000087129
        0.0011648665  -0.0000529662  -0.0432410569  -0.0150712330  -0.0226233953
       -0.0032523020   0.0003405009  -0.0006153582   0.0003941834  -0.0000262943
        0.0001787151   0.0002958299   0.0001131905  -0.0000137775   0.0000469064
       -0.0002201108   0.0000573053  -0.0000117581   0.0001915100   0.0001296001
        0.0001151587   0.0001615751  -0.0001887680   0.0001511090   0.0022450017
        0.0013101049   0.0508959851   0.0006539317   0.0004393258   0.0007180387
        0.0144007718   0.0233292830  -0.0019577003  -0.0001114631  -0.0005449565
        0.0007383559  -0.0036900266  -0.0012984244  -0.0045306939   0.0000433920
       -0.0000240939   0.0000069225  -0.0000155899   0.0000473332   0.0000033782
        0.0000150861  -0.0000355313   0.0000270854   0.0000524001   0.0000602881
       -0.0000469439   0.0000045923   0.0001129041  -0.0000005223  -0.0001445737
       -0.0001308825  -0.0001373302   0.0000521293  -0.0000696964  -0.0000134497
       -0.0001596566  -0.0000670095  -0.0002011960
       -0.1468244873   0.1183954154  -0.0045588721  -0.0136746036   0.0133400671
       -0.0040267701  -0.0008590993  -0.0010076530  -0.0026975863  -0.0000336618
       -0.0003596612  -0.0002166475   0.0000136923   0.0002935843  -0.0000040625
       -0.0000455564   0.0000115944   0.0000109847  -0.0002149037  -0.0000093450
        0.0000218089  -0.0008535061   0.0010220232  -0.0013052390   0.0094637582
       -0.0110350809   0.0006539317   0.1692149481  -0.1384470675   0.0085961105
       -0.0165002075   0.0177173059   0.0028535215   0.0006607401  -0.0000063525
        0.0003280616  -0.0002126662   0.0001408001   0.0002617201  -0.0000868952
       -0.0000202304   0.0000338577  -0.0000011063  -0.0000153400   0.0000096540
        0.0000336173   0.0000146316   0.0000114049  -0.0000337186   0.0000044437
       -0.0000157444   0.0001000690  -0.0001407264  -0.0000850434  -0.0001493187
        0.0001731244   0.0000276193  -0.0000327608  -0.0000333494  -0.0000358708
        0.0000356665  -0.0000381839   0.0001371613
        0.1183592785  -0.1804407929   0.0074223444   0.0003243890   0.0005954028
        0.0007765041   0.0001595788   0.0006295052  -0.0000091506  -0.0000723244
        0.0003309252   0.0002024622   0.0000360575  -0.0000188404   0.0001080610
        0.0000207747   0.0000431560  -0.0000231570  -0.0000205221   0.0000293027
       -0.0000016880   0.0001104079   0.0000438320   0.0004580114   0.0184664041
       -0.0283133044   0.0004393258  -0.1384470675   0.2070592474  -0.0081063354
        0.0014156233  -0.0004833786  -0.0010913204  -0.0001829251  -0.0000709390
        0.0002006195  -0.0002721830   0.0005560003  -0.0002764418  -0.0000060736
       -0.0000038200  -0.0000198151   0.0000218973   0.0000290786   0.0000042670
       -0.0000105147  -0.0000150607   0.0000245946   0.0000196123   0.0000379497
        0.0000012910  -0.0000539096  -0.0000017134   0.0000647318   0.0000893447
       -0.0000307243  -0.0000031705   0.0000080513   0.0000317799  -0.0000029806
        0.0000341007  -0.0000076061  -0.0001681534
       -0.0044303882   0.0069774763  -0.0426034511  -0.0188643930   0.0186667811
       -0.0041548500  -0.0026602983  -0.0010711971  -0.0031865983   0.0000891977
       -0.0000464212  -0.0002505449  -0.0003942542   0.0004119528  -0.0000850645
       -0.0000291583  -0.0000110232   0.0000365942   0.0002353656  -0.0000175745
        0.0000322173  -0.0007015045   0.0012290918  -0.0010776811  -0.0001266169
        0.0009926286   0.0007180387   0.0085961105  -0.0081063354   0.0503175195
        0.0186163747  -0.0198531959  -0.0007895346  -0.0001969795   0.0005956198
        0.0003777222   0.0001041505   0.0002243679   0.0005427758  -0.0001728333
        0.0000122178   0.0000252348   0.0000094916   0.0000047491   0.0000055317
        0.0000172893   0.0000198856   0.0000196258  -0.0000011325   0.0000312090
       -0.0000038772  -0.0001098346   0.0001336234   0.0000102227  -0.0000052638
       -0.0001713670  -0.0000463331   0.0000608038   0.0000087947   0.0000535371
       -0.0000361267  -0.0000312835   0.0000589152
       -0.1311203207  -0.0064313970   0.1179350840   0.0093410072   0.0006836268
       -0.0120405231   0.0005826919   0.0000370860  -0.0003411464   0.0001538380
       -0.0000996451   0.0000253212   0.0001620910  -0.0000967945  -0.0002897298
       -0.0000819243  -0.0000629918   0.0000244418  -0.0007153481   0.0001820237
       -0.0002130080  -0.0000681925  -0.0000019781   0.0001789978  -0.0124311581
       -0.0032594540   0.0144007718  -0.0165002075   0.0014156233   0.0186163747
        0.1522181341   0.0078190130  -0.1348109701  -0.0005707982  -0.0001732270
       -0.0035974034   0.0005358632   0.0002672005   0.0000038980   0.0000302487
       -0.0000325394   0.0000650860  -0.0000065408   0.0000171376  -0.0000009249
        0.0000221648   0.0000145372   0.0000817672   0.0000301328   0.0000153833
       -0.0000197935  -0.0005213508   0.0006299936   0.0001978243  -0.0009438063
       -0.0008879389  -0.0002934693  -0.0000492894  -0.0000755583   0.0001091681
       -0.0000672350   0.0000398991  -0.0000317664
       -0.0064517422  -0.0454643264   0.0081812151   0.0014745321   0.0004940141
       -0.0019176583  -0.0001597517   0.0003794701   0.0007539058   0.0000098509
       -0.0005000685   0.0003243447   0.0001111526   0.0000272190   0.0000397323
       -0.0000715867   0.0000424038  -0.0000424777  -0.0000511155   0.0005619437
        0.0001428852  -0.0000196350  -0.0000999730  -0.0004053303  -0.0203207972
       -0.0039768578   0.0233292830   0.0177173059  -0.0004833786  -0.0198531959
        0.0078190130   0.0488214457  -0.0090090831  -0.0002677245   0.0007602682
       -0.0006257262   0.0003301478   0.0000969033  -0.0005989566  -0.0000244228
       -0.0000793381   0.0000628615  -0.0000209881  -0.0000283056  -0.0000173813
        0.0000044331  -0.0000313971  -0.0000044002   0.0000043028  -0.0000526285
       -0.0000560194   0.0004218396  -0.0002297630  -0.0001829158  -0.0004760049
       -0.0000634698  -0.0001028293  -0.0000287796  -0.0002025551  -0.0000622605
       -0.0000000297   0.0000283934   0.0000440070
        0.1172240666   0.0083496049  -0.1964133889   0.0128721537   0.0007195085
       -0.0270057750   0.0007941788  -0.0005175836   0.0003028486  -0.0000341398
        0.0006469087   0.0000096973  -0.0002076867  -0.0000088090  -0.0002496896
       -0.0000500295   0.0000280622   0.0000500518   0.0005062794   0.0001594544
        0.0001794279   0.0000558964   0.0002862265   0.0003904300   0.0035715938
        0.0018121802  -0.0019577003   0.0028535215  -0.0010913204  -0.0007895346
       -0.1348109701  -0.0090090831   0.2299983462  -0.0032818716  -0.0007566560
       -0.0058175021   0.0006401909   0.0000905532   0.0007917194   0.0001120185
       -0.0000165349  -0.0000236137  -0.0000015861   0.0000058163   0.0000279939
        0.0000716962  -0.0000302616   0.0000194479   0.0000166945  -0.0000430913
       -0.0001058285  -0.0000738421   0.0001324136   0.0002910653  -0.0004621264
       -0.0005091994   0.0002431563   0.0002926575  -0.0000936486   0.0000442195
       -0.0000886954  -0.0001545405   0.0000146286
        0.0084629248   0.0004981312  -0.0128178202  -0.1313384932  -0.0057494665
        0.1132465376  -0.0167958623   0.0031282195   0.0155462948  -0.0010686218
        0.0004661483  -0.0000428189  -0.0019605183   0.0032265581   0.0001004007
        0.0001503978   0.0001187076  -0.0000166338   0.0000189413   0.0000043606
       -0.0000639381   0.0013657133  -0.0021584060   0.0004574925   0.0006827172
        0.0002658857  -0.0001114631   0.0006607401  -0.0001829251  -0.0001969795
       -0.0005707982  -0.0002677245  -0.0032818716   0.1536728072   0.0041003924
       -0.1274841999  -0.0123969412  -0.0047183247   0.0150170945  -0.0011052721
       -0.0001157890   0.0000890859   0.0001592453  -0.0000101700  -0.0000391551
       -0.0002193166   0.0001109281  -0.0001246727   0.0000811857  -0.0000324548
        0.0002321352  -0.0000439497   0.0000169177  -0.0001449956   0.0000582066
        0.0000978686  -0.0002283343   0.0000337749   0.0000127917  -0.0000559562
        0.0001531192   0.0011883510  -0.0000802022
        0.0018508598   0.0011537693  -0.0028155995  -0.0054448341  -0.0448218408
        0.0059576528   0.0167081523  -0.0013751674  -0.0148551306   0.0008409408
       -0.0016465734   0.0001002419   0.0014010532  -0.0025098619   0.0003227955
       -0.0003783300   0.0000977464  -0.0000123222  -0.0002259205   0.0000516330
        0.0001882708   0.0002692011   0.0016556269  -0.0020675444   0.0003971435
        0.0001238906  -0.0005449565  -0.0000063525  -0.0000709390   0.0005956198
       -0.0001732270   0.0007602682  -0.0007566560   0.0041003924   0.0517682137
       -0.0093754138  -0.0205127776  -0.0043981160   0.0229285459   0.0009779130
        0.0000712046  -0.0001508008   0.0000024320   0.0000007639  -0.0000183581
       -0.0000289713   0.0000802076  -0.0000593862   0.0001399069   0.0000450326
        0.0001783265  -0.0000492172   0.0000121352  -0.0000284865   0.0000499893
        0.0000329062  -0.0001460246  -0.0000468722   0.0000556602   0.0000072239
        0.0001285184  -0.0010865599   0.0005520021
        0.0132104457   0.0009253780  -0.0276143622   0.1134327497   0.0062845989
       -0.1803464090   0.0018978732   0.0000347372  -0.0006847261   0.0002191949
       -0.0001546478  -0.0002341357  -0.0005172642  -0.0004103325  -0.0001111980
       -0.0001510734  -0.0000394995   0.0000697108   0.0001622889  -0.0000060342
        0.0000721688  -0.0017072878   0.0005937892   0.0013019008   0.0006308558
        0.0000283320   0.0007383559   0.0003280616   0.0002006195   0.0003777222
       -0.0035974034  -0.0006257262  -0.0058175021  -0.1274841999  -0.0093754138
        0.2138871291   0.0036222363   0.0020218659  -0.0018748958   0.0000532447
        0.0000064818   0.0000003421  -0.0000583698   0.0000217012  -0.0000184844
       -0.0000065453  -0.0000450294   0.0000533884   0.0000702220   0.0000301529
       -0.0000963176  -0.0000678830   0.0000689497   0.0000071472  -0.0000531574
       -0.0001099241  -0.0000423899  -0.0000042269   0.0000241669   0.0000018400
        0.0000202384   0.0005258344   0.0003307154
       -0.0099191547  -0.0150022291  -0.0040427128  -0.0927167508  -0.0977068146
        0.0012415589   0.0076462083   0.0155799194   0.0011799311  -0.0017994959
        0.0032720578   0.0004036756   0.0005538817   0.0007671594  -0.0000353500
       -0.0016274306   0.0013519484  -0.0003570141  -0.0004897287   0.0003724639
        0.0000262868  -0.0006618827   0.0010377722  -0.0011407873  -0.0016611723
       -0.0005072729  -0.0036900266  -0.0002126662  -0.0002721830   0.0001041505
        0.0005358632   0.0003301478   0.0006401909  -0.0123969412  -0.0205127776
        0.0036222363   0.1142710446   0.1128644652   0.0024592829   0.0003669419
       -0.0001515401  -0.0001089499   0.0001383178  -0.0002517309   0.0002124553
        0.0001470574  -0.0000267366  -0.0000719383  -0.0020762686  -0.0010926548
       -0.0008167732   0.0000503645  -0.0000919619  -0.0001128915  -0.0000660539
        0.0000255606   0.0006680090  -0.0000304760  -0.0000472022  -0.0000119787
       -0.0000516578   0.0000616090  -0.0001693548
       -0.0041978303  -0.0042332917  -0.0019722336  -0.0981708378  -0.2275892939
       -0.0015132996  -0.0060847928  -0.0238499240  -0.0014578039   0.0022628066
       -0.0039670789  -0.0001151826  -0.0014370849   0.0001700068   0.0002862231
       -0.0009031066   0.0005807491  -0.0001055551  -0.0002262364   0.0001368727
        0.0001238323   0.0010622389  -0.0014604078   0.0021442309  -0.0007205655
        0.0004720745  -0.0012984244   0.0001408001   0.0005560003   0.0002243679
        0.0002672005   0.0000969033   0.0000905532  -0.0047183247  -0.0043981160
        0.0020218659   0.1128644652   0.2622836554   0.0021101933  -0.0004354858
        0.0000067415  -0.0000322496  -0.0001361434   0.0000064482   0.0001463450
        0.0001006560  -0.0001336008   0.0001742822  -0.0000726631   0.0009527064
       -0.0001139862  -0.0000515220  -0.0000609631   0.0000273104   0.0002465643
        0.0004551425  -0.0005293594  -0.0001003669   0.0000352703  -0.0000096923
        0.0003102285  -0.0000598951  -0.0002014175
       -0.0150927317  -0.0225538334  -0.0030600173   0.0010744180  -0.0004941119
       -0.0420797877   0.0010462749   0.0013764090   0.0015685565   0.0000383705
       -0.0007157694  -0.0001475148   0.0001507060  -0.0001992672   0.0003481921
       -0.0004324276   0.0004583558  -0.0001016647   0.0002974351  -0.0005456510
        0.0001710314  -0.0006492847   0.0002011660  -0.0009358456  -0.0037108340
       -0.0015421759  -0.0045306939   0.0002617201  -0.0002764418   0.0005427758
        0.0000038980  -0.0005989566   0.0007917194   0.0150170945   0.0229285459
       -0.0018748958   0.0024592829   0.0021101933   0.0500388336  -0.0000074818
       -0.0000127852  -0.0001523367   0.0001766399  -0.0001615804   0.0000085245
       -0.0001053323   0.0002210972  -0.0003311274  -0.0009083386  -0.0004669580
        0.0005290530  -0.0000795753   0.0000072758  -0.0001217057   0.0006648737
        0.0000520742  -0.0007447981  -0.0001597967   0.0001796251  -0.0000117947
       -0.0000449107   0.0000327883   0.0000934958
       -0.0003494027   0.0004207401  -0.0000264641  -0.0051306408  -0.0023120188
        0.0016576309  -0.0264403490   0.0239975522  -0.0026329734   0.0002932897
        0.0007354809  -0.0004789860  -0.1073728213   0.0989199549  -0.0180062282
        0.0039909317  -0.0074252330  -0.0002906360   0.0015397199  -0.0007924623
        0.0002587090   0.0012509700  -0.0002457285  -0.0011328928   0.0000089298
       -0.0000029736   0.0000433920  -0.0000868952  -0.0000060736  -0.0001728333
        0.0000302487  -0.0000244228   0.0001120185  -0.0011052721   0.0009779130
        0.0000532447   0.0003669419  -0.0004354858  -0.0000074818   0.1304862912
       -0.1109914551   0.0212575272   0.0006492325  -0.0009068760  -0.0000557577
        0.0000034402   0.0001696697   0.0003004721   0.0002390834  -0.0016202904
       -0.0010513602  -0.0001788995   0.0000134574  -0.0002703449   0.0007488938
       -0.0002639122   0.0002194650   0.0005649034  -0.0006454604   0.0003590303
        0.0004914044   0.0004376244  -0.0001355313
        0.0000655029   0.0000214925  -0.0000018046  -0.0005101524   0.0006722603
        0.0005040963  -0.0013942576   0.0026121616   0.0000418301  -0.0004192274
        0.0006429555   0.0001440827   0.0991780211  -0.1919326723   0.0274754119
        0.0103562548  -0.0244599207  -0.0010670292   0.0060041064  -0.0099485486
        0.0052829686   0.0001077412   0.0004981042  -0.0008246581   0.0000273532
        0.0000404821  -0.0000240939  -0.0000202304  -0.0000038200   0.0000122178
       -0.0000325394  -0.0000793381  -0.0000165349  -0.0001157890   0.0000712046
        0.0000064818  -0.0001515401   0.0000067415  -0.0000127852  -0.1109914551
        0.2260773031  -0.0308942020   0.0001452383   0.0001634157   0.0005435533
        0.0002465761   0.0002848192   0.0001494041  -0.0015235858  -0.0043648771
       -0.0037718432  -0.0000017980   0.0004811568  -0.0003184529  -0.0002188595
       -0.0005446061   0.0029688417  -0.0001217520  -0.0000924299  -0.0001983098
       -0.0006296073  -0.0001458842   0.0000008254
        0.0000258148  -0.0000890789   0.0000633460   0.0008333010   0.0004327390
        0.0001810168   0.0038098656  -0.0036783238   0.0016793984  -0.0006913667
       -0.0000096919  -0.0000530958  -0.0180368220   0.0277265016  -0.0462197691
        0.0079690973  -0.0181674905   0.0010333944  -0.0145743546   0.0257499761
       -0.0103426813   0.0000785102  -0.0001787122   0.0002679073  -0.0000157684
       -0.0000101530   0.0000069225   0.0000338577  -0.0000198151   0.0000252348
        0.0000650860   0.0000628615  -0.0000236137   0.0000890859  -0.0001508008
        0.0000003421  -0.0001089499  -0.0000322496  -0.0001523367   0.0212575272
       -0.0308942020   0.0597643466   0.0003995083   0.0002923886   0.0005377984
        0.0003423759  -0.0003264654   0.0002064089  -0.0010344742  -0.0036208012
       -0.0020741715  -0.0003553577   0.0002200664   0.0004583260   0.0002882460
        0.0027358233  -0.0061286047  -0.0003706247   0.0000701392   0.0008192951
       -0.0000045577  -0.0001127112  -0.0000494646
       -0.0000395482  -0.0000103163   0.0000059593   0.0000647077  -0.0003474754
       -0.0001945650  -0.0004834308  -0.0020377302  -0.0021349094  -0.0008126412
       -0.0004359813   0.0000431348  -0.0142745094  -0.0040619995  -0.0002782555
       -0.2776016669  -0.0218072489   0.0292963166   0.0006074309   0.0004714164
        0.0005454344   0.0000714092  -0.0002253853  -0.0000232537   0.0000039089
       -0.0000206516  -0.0000155899  -0.0000011063   0.0000218973   0.0000094916
       -0.0000065408  -0.0000209881  -0.0000015861   0.0001592453   0.0000024320
       -0.0000583698   0.0001383178  -0.0001361434   0.0001766399   0.0006492325
        0.0001452383   0.0003995083   0.3215462186   0.0272780143  -0.0337925036
       -0.0101758268  -0.0013159213   0.0041468540  -0.0201745812   0.0022064986
        0.0022758124   0.0001027044   0.0001169084   0.0001568879  -0.0002778182
        0.0000342537  -0.0000039928   0.0003416775  -0.0000805837  -0.0004513984
        0.0001628172   0.0002237660  -0.0001016152
        0.0000661073   0.0002139747   0.0000688192   0.0003302305   0.0000462950
        0.0001068704  -0.0016633440  -0.0029162695  -0.0034173515  -0.0011994994
       -0.0006744379   0.0001262558  -0.0226499367  -0.0049143706   0.0003212867
       -0.0216043408  -0.0445961967   0.0042181316   0.0001284440   0.0003193210
        0.0005773590   0.0003819317   0.0001186023  -0.0000675160   0.0000577603
        0.0000087366   0.0000473332  -0.0000153400   0.0000290786   0.0000047491
        0.0000171376  -0.0000283056   0.0000058163  -0.0000101700   0.0000007639
        0.0000217012  -0.0002517309   0.0000064482  -0.0001615804  -0.0009068760
        0.0001634157   0.0002923886   0.0272780143   0.0525796382  -0.0018036116
       -0.0102558741  -0.0005271247   0.0029539752   0.0300567676   0.0001314739
       -0.0031526482   0.0000246324  -0.0000781821   0.0001282843   0.0001532293
       -0.0001398386  -0.0000352624   0.0000469592   0.0001972814  -0.0001648619
        0.0000158977   0.0000596961  -0.0000701386
       -0.0000440861   0.0000343570   0.0000406687   0.0000287024  -0.0003209068
       -0.0000315708  -0.0012757095  -0.0023971560  -0.0024475120  -0.0009590957
       -0.0005006290   0.0001194190  -0.0192534932  -0.0035135789   0.0010360317
        0.0298989982   0.0038210840  -0.0460001796  -0.0008110658  -0.0003687409
        0.0005313601   0.0001773833   0.0004457408  -0.0000862893   0.0000278481
        0.0000232416   0.0000033782   0.0000096540   0.0000042670   0.0000055317
       -0.0000009249  -0.0000173813   0.0000279939  -0.0000391551  -0.0000183581
       -0.0000184844   0.0002124553   0.0001463450   0.0000085245  -0.0000557577
        0.0005435533   0.0005377984  -0.0337925036  -0.0018036116   0.0522281339
        0.0320598249   0.0036254761  -0.0067498912  -0.0066624301   0.0003651555
        0.0013319248   0.0001515288   0.0000827911   0.0000611601   0.0000076011
        0.0000349313  -0.0000761593   0.0001527273  -0.0001712728  -0.0005979410
        0.0001674983  -0.0000153074   0.0000761026
       -0.0000149218  -0.0000162545   0.0000522424  -0.0001423543  -0.0000566339
        0.0000662691   0.0005265969  -0.0000418715  -0.0010279738   0.0001439618
        0.0001626087   0.0002379843   0.0017022231   0.0020577678  -0.0096621367
       -0.0529360660  -0.0121398560   0.0451948467  -0.0002171852  -0.0014826048
       -0.0014757661  -0.0009643915   0.0000016229   0.0001223084   0.0000231709
        0.0000133370   0.0000150861   0.0000336173  -0.0000105147   0.0000172893
        0.0000221648   0.0000044331   0.0000716962  -0.0002193166  -0.0000289713
       -0.0000065453   0.0001470574   0.0001006560  -0.0001053323   0.0000034402
        0.0002465761   0.0003423759  -0.0101758268  -0.0102558741   0.0320598249
        0.0590095964   0.0158474382  -0.0509080534   0.0028439562   0.0058910756
       -0.0142154880   0.0001871253   0.0000019460  -0.0007024914  -0.0000361341
       -0.0000153519   0.0000694405   0.0000253736  -0.0000350326  -0.0001145616
        0.0000379124  -0.0002444962  -0.0000310152
       -0.0000229026  -0.0000403969   0.0000105505   0.0001077702  -0.0001454525
        0.0000466813   0.0001378525   0.0009579256   0.0001005681   0.0003042086
        0.0000667738   0.0001596794   0.0030860850   0.0050278310  -0.0201471620
       -0.0121541916  -0.0633589645   0.0668084249  -0.0015153491  -0.0022895606
       -0.0027018426  -0.0004318342  -0.0007083523  -0.0001348171  -0.0000127796
        0.0000021216  -0.0000355313   0.0000146316  -0.0000150607   0.0000198856
        0.0000145372  -0.0000313971  -0.0000302616   0.0001109281   0.0000802076
       -0.0000450294  -0.0000267366  -0.0001336008   0.0002210972   0.0001696697
        0.0002848192  -0.0003264654  -0.0013159213  -0.0005271247   0.0036254761
        0.0158474382   0.0721083446  -0.0746652264  -0.0042918712  -0.0114351400
        0.0284183543  -0.0000461477   0.0002535705  -0.0012853128  -0.0001215060
       -0.0000477152  -0.0000706217   0.0000407489  -0.0001405789   0.0000192078
        0.0001053701   0.0000917502   0.0000123451
        0.0000675555   0.0000878332   0.0001937973  -0.0000386180  -0.0000274230
        0.0001128322   0.0004183754   0.0005167033  -0.0005955195   0.0003123290
        0.0002901873  -0.0000664833   0.0015650675   0.0025301740  -0.0234091413
        0.0443690274   0.0662522876  -0.2564860679  -0.0015999885  -0.0040572149
       -0.0029442591  -0.0002636636   0.0002841247   0.0008861791   0.0000174157
       -0.0000220525   0.0000270854   0.0000114049   0.0000245946   0.0000196258
        0.0000817672  -0.0000044002   0.0000194479  -0.0001246727  -0.0000593862
        0.0000533884  -0.0000719383   0.0001742822  -0.0003311274   0.0003004721
        0.0001494041   0.0002064089   0.0041468540   0.0029539752  -0.0067498912
       -0.0509080534  -0.0746652264   0.2988069259   0.0010616812   0.0056353347
       -0.0088087790   0.0000198365   0.0001265735  -0.0015707321   0.0001279580
       -0.0002518519   0.0002866590  -0.0002119155  -0.0000296026   0.0002285182
        0.0007191057   0.0000916832   0.0001211326
        0.0000518791   0.0000570965  -0.0000514755  -0.0012076527  -0.0013483932
       -0.0003954368   0.0002354051   0.0000808264   0.0000607841  -0.0001018615
        0.0001782753   0.0000290624   0.0049529532  -0.0069142975   0.0023630777
       -0.0896480089   0.0920119324  -0.0187806966   0.0003566818  -0.0001409840
        0.0002661819   0.0001370864   0.0001524728  -0.0000821536   0.0000446091
        0.0000389426   0.0000524001  -0.0000337186   0.0000196123  -0.0000011325
        0.0000301328   0.0000043028   0.0000166945   0.0000811857   0.0001399069
        0.0000702220  -0.0020762686  -0.0000726631  -0.0009083386   0.0002390834
       -0.0015235858  -0.0010344742  -0.0201745812   0.0300567676  -0.0066624301
        0.0028439562  -0.0042918712   0.0010616812   0.1045146660  -0.1084149649
        0.0238807331  -0.0000894593  -0.0000991137   0.0000284541   0.0002695499
       -0.0000198736   0.0000654875  -0.0003051858   0.0001947993  -0.0000034448
       -0.0001204523  -0.0001091879   0.0000248043
        0.0000987768   0.0002372823   0.0001006788   0.0002423724   0.0001157510
        0.0002335174   0.0006779135  -0.0002037125   0.0001130464   0.0001375739
        0.0001834017   0.0000274606   0.0091551051  -0.0250269481   0.0006396030
        0.0930119188  -0.2269329873   0.0390450602  -0.0000231108   0.0013251490
        0.0012251801  -0.0003770353   0.0002323071   0.0002096991   0.0000966992
        0.0000272426   0.0000602881   0.0000044437   0.0000379497   0.0000312090
        0.0000153833  -0.0000526285  -0.0000430913  -0.0000324548   0.0000450326
        0.0000301529  -0.0010926548   0.0009527064  -0.0004669580  -0.0016202904
       -0.0043648771  -0.0036208012   0.0022064986   0.0001314739   0.0003651555
        0.0058910756  -0.0114351400   0.0056353347  -0.1084149649   0.2644318260
       -0.0432226238   0.0000440220   0.0001990806   0.0003452495  -0.0002438896
        0.0003619244  -0.0005507045   0.0001173244  -0.0001455105  -0.0000613047
        0.0001052935  -0.0001193234  -0.0000961518
       -0.0000402108  -0.0000354696  -0.0000140859  -0.0002895863  -0.0003065245
       -0.0000869991  -0.0000096602   0.0005401520   0.0004679158   0.0000106134
        0.0000709176  -0.0000361133   0.0083358925  -0.0169026885   0.0023873664
       -0.0189277362   0.0390440029  -0.0512497317   0.0005002060  -0.0011699250
        0.0010200874   0.0002715289   0.0001070325  -0.0003131504   0.0000126775
        0.0000132783  -0.0000469439  -0.0000157444   0.0000012910  -0.0000038772
       -0.0000197935  -0.0000560194  -0.0001058285   0.0002321352   0.0001783265
       -0.0000963176  -0.0008167732  -0.0001139862   0.0005290530  -0.0010513602
       -0.0037718432  -0.0020741715   0.0022758124  -0.0031526482   0.0013319248
       -0.0142154880   0.0284183543  -0.0088087790   0.0238807331  -0.0432226238
        0.0574499760  -0.0000002827   0.0001849829   0.0001020103  -0.0003166872
        0.0000488121  -0.0004157315   0.0000866797   0.0000079789  -0.0000846273
        0.0000970440   0.0001165992   0.0000480235
       -0.0002199106   0.0000248993   0.0001996545  -0.0000749757   0.0000505633
        0.0001787787   0.0006672664   0.0004640239   0.0011538456  -0.0000437852
       -0.0003404560   0.0002493314   0.0007839777   0.0016576955   0.0008408870
        0.0005440025   0.0000824779   0.0001650117  -0.0715488747  -0.0573683875
       -0.0500640909  -0.0001156265   0.0001848113  -0.0004182454  -0.0000767921
       -0.0000635650   0.0000045923   0.0001000690  -0.0000539096  -0.0001098346
       -0.0005213508   0.0004218396  -0.0000738421  -0.0000439497  -0.0000492172
       -0.0000678830   0.0000503645  -0.0000515220  -0.0000795753  -0.0001788995
       -0.0000017980  -0.0003553577   0.0001027044   0.0000246324   0.0001515288
        0.0001871253  -0.0000461477   0.0000198365  -0.0000894593   0.0000440220
       -0.0000002827   0.0807770308   0.0679004062   0.0584681007   0.0052693267
        0.0124607430   0.0092961101  -0.0155568881  -0.0253231948  -0.0196309236
       -0.0000113551  -0.0000179165   0.0000723579
       -0.0000176582   0.0001535040  -0.0001843648   0.0001449506  -0.0002584056
       -0.0002556950   0.0001494279   0.0004088053   0.0004407321   0.0000428900
        0.0001444786   0.0000668849   0.0021758461   0.0051277507   0.0030512009
       -0.0002191337   0.0006430865   0.0007289301  -0.0573293193  -0.1654964284
       -0.1043516268   0.0001173589   0.0001332109   0.0000079957  -0.0000627710
        0.0000283736   0.0001129041  -0.0001407264  -0.0000017134   0.0001336234
        0.0006299936  -0.0002297630   0.0001324136   0.0000169177   0.0000121352
        0.0000689497  -0.0000919619  -0.0000609631   0.0000072758   0.0000134574
        0.0004811568   0.0002200664   0.0001169084  -0.0000781821   0.0000827911
        0.0000019460   0.0002535705   0.0001265735  -0.0000991137   0.0001990806
        0.0001849829   0.0679004062   0.1895105186   0.1212365943  -0.0088735976
       -0.0256601824  -0.0176827032  -0.0044253678  -0.0053209229  -0.0041506830
       -0.0000504532   0.0000108895   0.0000231544
       -0.0000971244   0.0001576433   0.0001532065   0.0001921537  -0.0000140457
        0.0000091957  -0.0006980396  -0.0009150742  -0.0000527671   0.0007100809
        0.0006859577  -0.0002060698  -0.0093141591  -0.0201504829  -0.0227541600
        0.0008645125   0.0020980268  -0.0065037682  -0.0504209420  -0.1046258281
       -0.1313942653  -0.0002361786   0.0001049456   0.0005983710   0.0000701778
        0.0000307661  -0.0000005223  -0.0000850434   0.0000647318   0.0000102227
        0.0001978243  -0.0001829158   0.0002910653  -0.0001449956  -0.0000284865
        0.0000071472  -0.0001128915   0.0000273104  -0.0001217057  -0.0002703449
       -0.0003184529   0.0004583260   0.0001568879   0.0001282843   0.0000611601
       -0.0007024914  -0.0012853128  -0.0015707321   0.0000284541   0.0003452495
        0.0001020103   0.0584681007   0.1212365943   0.1554715983   0.0012458355
        0.0008758636   0.0025014376   0.0001294151   0.0018258758   0.0028751678
        0.0000187677  -0.0000606504   0.0000650819
       -0.0007634772  -0.0001707570   0.0003285860  -0.0003626655  -0.0004652306
        0.0005128637   0.0004057130  -0.0002381703   0.0003466705  -0.0000178249
       -0.0000092015  -0.0000889310   0.0016732345  -0.0013153443  -0.0014905330
        0.0000891688   0.0001001398  -0.0000106937  -0.1034847367   0.1021868625
       -0.0193665447  -0.0000710269   0.0001206262  -0.0002703793   0.0001070237
        0.0000500528  -0.0001445737  -0.0001493187   0.0000893447  -0.0000052638
       -0.0009438063  -0.0004760049  -0.0004621264   0.0000582066   0.0000499893
       -0.0000531574  -0.0000660539   0.0002465643   0.0006648737   0.0007488938
       -0.0002188595   0.0002882460  -0.0002778182   0.0001532293   0.0000076011
       -0.0000361341  -0.0001215060   0.0001279580   0.0002695499  -0.0002438896
       -0.0003166872   0.0052693267  -0.0088735976   0.0012458355   0.1193568379
       -0.1197449582   0.0224174923  -0.0217706997   0.0289130738  -0.0038090629
       -0.0000343929  -0.0000323631   0.0000778262
        0.0000809891   0.0001310758   0.0001633739   0.0000650484   0.0004173628
        0.0000703355   0.0004772212  -0.0002785063  -0.0000147591   0.0001240947
       -0.0002636737  -0.0000601877   0.0051873337  -0.0112563181   0.0064513606
       -0.0004674436   0.0012286278  -0.0010845910   0.1021555706  -0.2183236359
        0.0316244151  -0.0000948508   0.0001669138  -0.0000985882   0.0000833362
       -0.0000186464  -0.0001308825   0.0001731244  -0.0000307243  -0.0001713670
       -0.0008879389  -0.0000634698  -0.0005091994   0.0000978686   0.0000329062
       -0.0001099241   0.0000255606   0.0004551425   0.0000520742  -0.0002639122
       -0.0005446061   0.0027358233   0.0000342537  -0.0001398386   0.0000349313
       -0.0000153519  -0.0000477152  -0.0002518519  -0.0000198736   0.0003619244
        0.0000488121   0.0124607430  -0.0256601824   0.0008758636  -0.1197449582
        0.2519155527  -0.0388418443   0.0004946609   0.0019506670  -0.0007391443
        0.0000345240  -0.0000328562  -0.0000446502
       -0.0000729704  -0.0000391986   0.0002991328   0.0003606153   0.0004724623
       -0.0000486528  -0.0004822716   0.0000080688   0.0006501757  -0.0000327686
       -0.0000638882  -0.0000795002  -0.0145718314   0.0258665666  -0.0083977847
       -0.0000715821   0.0010622627   0.0011127085  -0.0196291173   0.0319818403
       -0.0486678618  -0.0000978585  -0.0002002873   0.0000957504  -0.0000042403
       -0.0000423213  -0.0001373302   0.0000276193  -0.0000031705  -0.0000463331
       -0.0002934693  -0.0001028293   0.0002431563  -0.0002283343  -0.0001460246
       -0.0000423899   0.0006680090  -0.0005293594  -0.0007447981   0.0002194650
        0.0029688417  -0.0061286047  -0.0000039928  -0.0000352624  -0.0000761593
        0.0000694405  -0.0000706217   0.0002866590   0.0000654875  -0.0005507045
       -0.0004157315   0.0092961101  -0.0176827032   0.0025014376   0.0224174923
       -0.0388418443   0.0579541960   0.0022879153  -0.0040678218   0.0015818347
        0.0000762821   0.0000159948   0.0000600955
       -0.0000883565   0.0000469687  -0.0000630406   0.0001053393  -0.0001679104
       -0.0000858564   0.0008181023  -0.0004392675   0.0012056257   0.0001130836
        0.0002293027  -0.0000050804  -0.0065535440  -0.0021920241   0.0040018962
        0.0007064780   0.0002723979  -0.0007374139  -0.2715752447  -0.0345565836
        0.0411228569  -0.0005939165  -0.0003702931   0.0006968776   0.0000473490
        0.0000216717   0.0000521293  -0.0000327608   0.0000080513   0.0000608038
       -0.0000492894  -0.0000287796   0.0002926575   0.0000337749  -0.0000468722
       -0.0000042269  -0.0000304760  -0.0001003669  -0.0001597967   0.0005649034
       -0.0001217520  -0.0003706247   0.0003416775   0.0000469592   0.0001527273
        0.0000253736   0.0000407489  -0.0002119155  -0.0003051858   0.0001173244
        0.0000866797  -0.0155568881  -0.0044253678   0.0001294151  -0.0217706997
        0.0004946609   0.0022879153   0.3137144220   0.0411110505  -0.0484728752
        0.0000858579   0.0000600809   0.0000212458
        0.0000821732   0.0001389960  -0.0000086795   0.0000569653   0.0000583409
       -0.0001301486  -0.0000125154  -0.0000341325   0.0019457432   0.0001209888
        0.0000426601  -0.0000273830  -0.0094997327  -0.0019035244   0.0036791837
        0.0003484049   0.0003015881  -0.0005672553  -0.0345142747  -0.0493182372
        0.0053451258  -0.0005800576  -0.0002617230   0.0004838853   0.0000604251
        0.0000009974  -0.0000696964  -0.0000333494   0.0000317799   0.0000087947
       -0.0000755583  -0.0002025551  -0.0000936486   0.0000127917   0.0000556602
        0.0000241669  -0.0000472022   0.0000352703   0.0001796251  -0.0006454604
       -0.0000924299   0.0000701392  -0.0000805837   0.0001972814  -0.0001712728
       -0.0000350326  -0.0001405789  -0.0000296026   0.0001947993  -0.0001455105
        0.0000079789  -0.0253231948  -0.0053209229   0.0018258758   0.0289130738
        0.0019506670  -0.0040678218   0.0411110505   0.0546211420  -0.0085494774
       -0.0000537110  -0.0000147689   0.0001444673
       -0.0001070100   0.0000098028   0.0000052034  -0.0000070228   0.0001323376
        0.0000781565  -0.0001648493   0.0009289134  -0.0047359942  -0.0001150985
        0.0000608002  -0.0001079944   0.0290495811   0.0058275842  -0.0097050875
        0.0006510071   0.0003355920   0.0006421233   0.0409897342   0.0055196626
       -0.0489590976   0.0016881478   0.0008967684  -0.0009775053  -0.0000155950
        0.0000217063  -0.0000134497  -0.0000358708  -0.0000029806   0.0000535371
        0.0001091681  -0.0000622605   0.0000442195  -0.0000559562   0.0000072239
        0.0000018400  -0.0000119787  -0.0000096923  -0.0000117947   0.0003590303
       -0.0001983098   0.0008192951  -0.0004513984  -0.0001648619  -0.0005979410
       -0.0001145616   0.0000192078   0.0002285182  -0.0000034448  -0.0000613047
       -0.0000846273  -0.0196309236  -0.0041506830   0.0028751678  -0.0038090629
       -0.0007391443   0.0015818347  -0.0484728752  -0.0085494774   0.0592686901
        0.0001489793   0.0001791152  -0.0004050937
       -0.0000434076  -0.0000523250  -0.0000336911   0.0008789886  -0.0000107692
       -0.0006970513   0.0009658606   0.0004682663   0.0046192897   0.0007388568
       -0.0002803761  -0.0001338697  -0.0004146621  -0.0002936375   0.0016521534
        0.0002451032   0.0002213115  -0.0002195312  -0.0002317215  -0.0001592574
       -0.0000828893  -0.3681385504  -0.1452371123   0.0686025154   0.0001526267
        0.0001221231  -0.0001596566   0.0000356665   0.0000341007  -0.0000361267
       -0.0000672350  -0.0000000297  -0.0000886954   0.0001531192   0.0001285184
        0.0000202384  -0.0000516578   0.0003102285  -0.0000449107   0.0004914044
       -0.0006296073  -0.0000045577   0.0001628172   0.0000158977   0.0001674983
        0.0000379124   0.0001053701   0.0007191057  -0.0001204523   0.0001052935
        0.0000970440  -0.0000113551  -0.0000504532   0.0000187677  -0.0000343929
        0.0000345240   0.0000762821   0.0000858579  -0.0000537110   0.0001489793
        0.3651652212   0.1452216447  -0.0746208942
       -0.0000455449  -0.0000399235  -0.0001530217  -0.0015957174   0.0003748028
       -0.0000630109  -0.0103081305  -0.0078684975   0.0038674741   0.0010452915
        0.0016247547  -0.0003341680  -0.0005025220  -0.0001540204   0.0022512106
        0.0003416963  -0.0000601499   0.0000614788  -0.0004495507  -0.0001106651
        0.0000236338  -0.1352496946  -0.0601837048   0.0398659316  -0.0000266553
        0.0001498251  -0.0000670095  -0.0000381839  -0.0000076061  -0.0000312835
        0.0000398991   0.0000283934  -0.0001545405   0.0011883510  -0.0010865599
        0.0005258344   0.0000616090  -0.0000598951   0.0000327883   0.0004376244
       -0.0001458842  -0.0001127112   0.0002237660   0.0000596961  -0.0000153074
       -0.0002444962   0.0000917502   0.0000916832  -0.0001091879  -0.0001193234
        0.0001165992  -0.0000179165   0.0000108895  -0.0000606504  -0.0000323631
       -0.0000328562   0.0000159948   0.0000600809  -0.0000147689   0.0001791152
        0.1452216447   0.0675437432  -0.0460400411
        0.0002986863  -0.0003488694   0.0000089753  -0.0000895987   0.0000831185
        0.0007891834   0.0299838137   0.0120614504  -0.0126743478   0.0014996336
        0.0011569459   0.0002790847   0.0002254491   0.0022883069  -0.0052936716
       -0.0003441817  -0.0003443302  -0.0001163675   0.0013511279   0.0004116432
       -0.0004060478   0.0421180640   0.0305267730  -0.0428237828  -0.0002060105
        0.0000087129  -0.0002011960   0.0001371613  -0.0001681534   0.0000589152
       -0.0000317664   0.0000440070   0.0000146286  -0.0000802022   0.0005520021
        0.0003307154  -0.0001693548  -0.0002014175   0.0000934958  -0.0001355313
        0.0000008254  -0.0000494646  -0.0001016152  -0.0000701386   0.0000761026
       -0.0000310152   0.0000123451   0.0001211326   0.0000248043  -0.0000961518
        0.0000480235   0.0000723579   0.0000231544   0.0000650819   0.0000778262
       -0.0000446502   0.0000600955   0.0000212458   0.0001444673  -0.0004050937
       -0.0746208942  -0.0460400411   0.0600245375
