           1           2   1.00894845335926     
           2           3   1.00678497925345     
           3           4   1.02378609738098     
           4           5   1.92884407703887     
           1           6   1.00678563925471     
           5           6   1.02378557375639     
           1           7  0.978701583796040     
           1           8  0.978542289849032     
           2           9  0.978541607650629     
           2          10  0.978701434105687     
           3          11  0.968324844831705     
           3          12  0.959228343759227     
           4          13  0.968054458680891     
           5          14  0.968053999604602     
           6          15  0.959231889513378     
           6          16  0.968320742609123     
