$hessian                                                                        
        0.5190441010   0.0123938585   0.0082688604  -0.0683787627   0.0162032525
        0.0146870927  -0.0050993208   0.0176316999   0.0141951354   0.0005656457
       -0.0004467158  -0.0003722258   0.0002899383  -0.0005216558  -0.0003879377
       -0.0050769468   0.0070917298   0.0018904200  -0.1368164901  -0.1139897196
        0.0307531915  -0.2583928647   0.0686328294  -0.0283321082  -0.0484897932
        0.0081387062  -0.0295719498   0.0026817930  -0.0155207118  -0.0117946913
        0.0010560660  -0.0008045505  -0.0004441966   0.0005763251  -0.0000497470
        0.0008389743   0.0001068686   0.0001847958   0.0000384352  -0.0003345278
        0.0003006137   0.0000985921  -0.0010106098   0.0005331671   0.0000839413
       -0.0001737648   0.0001063152   0.0001148595  -0.0002519003   0.0001790388
        0.0001400779  -0.0002957566  -0.0000629063  -0.0002064708
        0.0123938585   0.4885368812  -0.0311428140   0.0144014357  -0.1463431159
       -0.0659084791   0.0065895523  -0.0122108792  -0.0079020859  -0.0004044348
       -0.0001617374   0.0001308977   0.0005553638  -0.0004145269   0.0001145093
        0.0033433911  -0.0019936019  -0.0004521605  -0.1142236595  -0.1811818651
        0.0394578276   0.0690412004  -0.0645878793   0.0109201516   0.0081785599
       -0.0648887785   0.0686114175   0.0017002892  -0.0226537772  -0.0158232325
       -0.0006960394   0.0049189762   0.0023765122  -0.0005161971   0.0004293661
       -0.0005286333  -0.0000610873   0.0000186720   0.0000362771  -0.0002282839
        0.0003672256   0.0002472050  -0.0002913377   0.0003210154  -0.0003998700
        0.0000497045  -0.0000634910  -0.0000487573   0.0000650758   0.0000135522
       -0.0000038374   0.0001026084  -0.0001060365   0.0003150721
        0.0082688604  -0.0311428140   0.4982648780   0.0128072080  -0.0650803204
       -0.1209996445   0.0032328495  -0.0019198183  -0.0001330478  -0.0002479273
        0.0002596751  -0.0003140282   0.0001632077  -0.0000502817  -0.0005748480
       -0.0007418739   0.0017798053   0.0014505041   0.0307205112   0.0389778443
       -0.0543272037  -0.0282139317   0.0108658228  -0.0468280484  -0.0295579686
        0.0686606325  -0.2573543934  -0.0004131580  -0.0000813452   0.0019915970
        0.0049853799  -0.0231321233  -0.0233739041  -0.0006443851   0.0007987150
        0.0011216133  -0.0001008119  -0.0000174932   0.0001641344   0.0001633552
       -0.0001553348   0.0000879526  -0.0002441318  -0.0000708665   0.0004576520
       -0.0000994474   0.0001199655   0.0001738644  -0.0000554921   0.0000551667
        0.0000799811  -0.0000222441   0.0001327703   0.0001129412
       -0.0683787627   0.0144014357   0.0128072080   0.4644900995   0.0290828576
       -0.0087257629  -0.1560162283   0.0397584490  -0.0184239824  -0.0259739260
        0.0044636005  -0.0004040426  -0.0013217282  -0.0002795372   0.0002164788
       -0.0056040102   0.0103952413   0.0032702662   0.0031758129  -0.0147294140
       -0.0114078510  -0.0076747916   0.0237126292   0.0180901062   0.0007957564
       -0.0021582301  -0.0011793532  -0.1500546831  -0.1116113335   0.0246481535
       -0.0457697597   0.0037725295  -0.0147365057  -0.0066075204   0.0042762883
       -0.0034151455  -0.0032120058  -0.0016095164   0.0004320194   0.0007112185
        0.0016576112  -0.0007607769   0.0002351472  -0.0002134645  -0.0000794363
       -0.0001107233  -0.0000809488   0.0000673261  -0.0000585447  -0.0003526944
       -0.0004318898   0.0013746496  -0.0004855032   0.0000331878
        0.0162032525  -0.1463431159  -0.0650803204   0.0290828576   0.5027957537
       -0.0187707440   0.0343536091  -0.0734933381   0.0119681915  -0.0133948726
        0.0054708946  -0.0003815134  -0.0004176073  -0.0004428578   0.0001349524
        0.0307906230  -0.0319837521  -0.0085038158   0.0016248679  -0.0230584883
       -0.0154014250   0.0048903872  -0.0112378135  -0.0081940637  -0.0008897019
        0.0056113673   0.0016532527  -0.1110768542  -0.1561003218   0.0282030953
        0.0037653296  -0.0668079041   0.0692371399   0.0109745612  -0.0047593316
        0.0043283500  -0.0029493146  -0.0012593991   0.0009958672  -0.0013687324
        0.0005026911  -0.0003809523  -0.0000583819  -0.0000258257  -0.0000104946
       -0.0000444551   0.0000143800  -0.0000423383  -0.0001433487  -0.0001949974
       -0.0002299543  -0.0013422193   0.0013120585   0.0004747728
        0.0146870927  -0.0659084791  -0.1209996445  -0.0087257629  -0.0187707440
        0.5098901475  -0.0231270406   0.0157029079  -0.0696354888   0.0058490107
       -0.0009984201   0.0010635941   0.0004000837  -0.0000475478  -0.0004644313
        0.0177651150  -0.0203724923  -0.0007781921  -0.0019234484   0.0013665842
        0.0029450763   0.0006899193   0.0000960314   0.0010806290   0.0048552519
       -0.0226706873  -0.0239482153   0.0247581998   0.0285523338  -0.0516248408
       -0.0151616931   0.0705323177  -0.2420894128  -0.0249444648   0.0129615777
       -0.0075322183   0.0017410570   0.0004132576  -0.0004757761   0.0017134710
       -0.0002131323   0.0010325422  -0.0002194941  -0.0001940395  -0.0001893003
        0.0001231508   0.0000031931   0.0002012343   0.0002214367   0.0000471632
        0.0002211955   0.0012981152  -0.0004998241   0.0013031013
       -0.0050993208   0.0065895523   0.0032328495  -0.1560162283   0.0343536091
       -0.0231270406   0.4392441392  -0.0023114552   0.0130270639  -0.1246794007
       -0.0432540733   0.0252595282  -0.0119034522  -0.0098118802  -0.0016301286
       -0.0462815419   0.0133249330   0.0031565225   0.0003720051  -0.0007424126
       -0.0000594417   0.0011348724  -0.0001384199   0.0000155080   0.0007284611
       -0.0004935256  -0.0004912176  -0.0273573607   0.0069513334  -0.0032469659
       -0.0062763335   0.0043282315  -0.0040342674  -0.0442890033   0.0070444802
       -0.0182838139  -0.0220828940  -0.0127860220   0.0089062639   0.0043356620
        0.0021373751  -0.0006071277   0.0005905816   0.0006834310   0.0005785026
        0.0004128193  -0.0002437801   0.0006044365  -0.0000221966  -0.0011242978
       -0.0016291638  -0.0028108087  -0.0045070790  -0.0016715077
        0.0176316999  -0.0122108792  -0.0019198183   0.0397584490  -0.0734933381
        0.0157029079  -0.0023114552   0.4279726561  -0.0408705389  -0.0454849477
       -0.0953937452   0.0247438156  -0.0115658092  -0.0091297182  -0.0024439242
        0.0097737826  -0.1734084327  -0.0653646934   0.0002899606  -0.0000165442
        0.0003312484   0.0005631316  -0.0021347322  -0.0017658259  -0.0001543091
        0.0007551375   0.0008001684  -0.0184494027   0.0060079455  -0.0028651965
        0.0107550355  -0.0054259701   0.0044222713   0.0061237047  -0.0627492209
        0.0687792693   0.0093524058   0.0068761674  -0.0046057750  -0.0151896816
       -0.0145333583   0.0086791466  -0.0002653205   0.0002865120   0.0003985673
        0.0010140145   0.0003756126   0.0006783070  -0.0004177736   0.0000220885
       -0.0010303218  -0.0014234848   0.0061998194  -0.0036696077
        0.0141951354  -0.0079020859  -0.0001330478  -0.0184239824   0.0119681915
       -0.0696354888   0.0130270639  -0.0408705389   0.5237467374   0.0229447462
        0.0201856334  -0.0747647738  -0.0155671857  -0.0115086235   0.0028473232
       -0.0010675886  -0.0381455660  -0.1035506591   0.0001394614   0.0002631097
        0.0003256363   0.0011660774  -0.0030950175  -0.0016518857   0.0012938041
       -0.0008646435   0.0004845991   0.0044876363  -0.0013384849   0.0013934215
       -0.0270390573   0.0132674211  -0.0088984708  -0.0188821727   0.0719998079
       -0.2341956839   0.0122139232   0.0069673764  -0.0038693719   0.0137043923
        0.0142323855  -0.0062285535  -0.0002120077  -0.0003820303   0.0005905286
       -0.0011001321  -0.0009012822   0.0004991101  -0.0025377183  -0.0023593535
       -0.0030397778   0.0016576047  -0.0315162994  -0.0239196429
        0.0005656457  -0.0004044348  -0.0002479273  -0.0259739260  -0.0133948726
        0.0058490107  -0.1246794007  -0.0454849477   0.0229447462   0.4735645366
       -0.0454345284   0.0019187786  -0.0879823405  -0.0208430833  -0.0450773683
       -0.0009927037  -0.0080350531  -0.0019672345  -0.0001278629   0.0002139526
        0.0001626896   0.0001200031   0.0000412051   0.0000709974  -0.0001658370
        0.0000108911   0.0001955919  -0.0051916587   0.0015284068  -0.0004463807
        0.0010928017  -0.0009061863   0.0009330318  -0.0004699608  -0.0028653364
        0.0010466043  -0.1538875305   0.0892147969   0.0749211196  -0.0664363063
        0.0543940283  -0.0441341721   0.0083723925   0.0075313213   0.0150643370
       -0.0061009089  -0.0036994713  -0.0121094971  -0.0126380132  -0.0120043852
       -0.0191380398   0.0009310696   0.0001376970   0.0000137130
       -0.0004467158  -0.0001617374   0.0002596751   0.0044636005   0.0054708946
       -0.0009984201  -0.0432540733  -0.0953937452   0.0201856334  -0.0454345284
        0.5061648934  -0.0066606966  -0.0215571580  -0.0880765865  -0.0451330822
       -0.0237401574  -0.0361523618  -0.0047371997   0.0005477260  -0.0000091937
       -0.0003566762   0.0000461356   0.0000334954  -0.0000774751  -0.0000010669
       -0.0000221816   0.0000343955   0.0028895263  -0.0003168045   0.0005374754
        0.0011210428   0.0006191087  -0.0001672514  -0.0104305434  -0.0078760440
        0.0072057021   0.0889374945  -0.1127186691  -0.0555564063   0.0543292575
       -0.1627037724   0.1004341558  -0.0061146525  -0.0089267839  -0.0163163239
        0.0083474280   0.0081322290   0.0162982950  -0.0105090645  -0.0092705779
       -0.0151879660   0.0008057490   0.0012078368   0.0002361652
       -0.0003722258   0.0001308977  -0.0003140282  -0.0004040426  -0.0003815134
        0.0010635941   0.0252595282   0.0247438156  -0.0747647738   0.0019187786
       -0.0066606966   0.4877666376  -0.0471869134  -0.0455394218  -0.1577536471
       -0.0116412234  -0.0198846555   0.0032649459   0.0000546236  -0.0001545391
        0.0004170355  -0.0001879140   0.0001226044   0.0001009679   0.0001994298
        0.0002528021  -0.0000783413  -0.0008205472  -0.0001536413   0.0005763886
       -0.0013233080  -0.0006319599   0.0005531930   0.0189332438   0.0163809223
       -0.0102490480   0.0747212884  -0.0560355508  -0.0910285013  -0.0439489941
        0.1020210535  -0.1279100187  -0.0051904403  -0.0100499586  -0.0164159783
       -0.0108497706  -0.0058449917  -0.0205547615   0.0015126611   0.0016460805
        0.0044947082  -0.0006741743   0.0000387525   0.0008316276
        0.0002899383   0.0005553638   0.0001632077  -0.0013217282  -0.0004176073
        0.0004000837  -0.0119034522  -0.0115658092  -0.0155671857  -0.0879823405
       -0.0215571580  -0.0471869134   0.5089898789  -0.0136150051  -0.0267774919
       -0.0021407200  -0.0037410288  -0.0008515377  -0.0010415092  -0.0000771320
       -0.0002070177  -0.0001327253  -0.0001456365  -0.0000318402  -0.0001402871
       -0.0000180374  -0.0001330169  -0.0003706375  -0.0000020309   0.0000234084
       -0.0000618736  -0.0001820025   0.0000121320   0.0009145764   0.0003599448
       -0.0014122927   0.0074250567   0.0076528156   0.0152982138  -0.0051482056
       -0.0037899910  -0.0116693539  -0.1521950789   0.0892489957   0.0824064024
       -0.0747796897   0.0621659169  -0.0493416779  -0.1801564246  -0.1047641618
        0.0548024437  -0.0002447777  -0.0001074365   0.0000724363
       -0.0005216558  -0.0004145269  -0.0000502817  -0.0002795372  -0.0004428578
       -0.0000475478  -0.0098118802  -0.0091297182  -0.0115086235  -0.0208430833
       -0.0880765865  -0.0455394218  -0.0136150051   0.5127142596  -0.0188969760
       -0.0031235133  -0.0041838300  -0.0008267489   0.0004585012   0.0000919099
        0.0002704030  -0.0000773486   0.0001187977  -0.0000710589   0.0001455451
        0.0001750355  -0.0001463669  -0.0002767735   0.0001239690  -0.0000431962
       -0.0001369347  -0.0000247427  -0.0000703791  -0.0004616177   0.0004727582
       -0.0017863079  -0.0060791400  -0.0086075317  -0.0177754996   0.0077149752
        0.0079907095   0.0166652000   0.0897377062  -0.1166575182  -0.0656259096
        0.0620280778  -0.1680785991   0.1024197354  -0.1048380477  -0.1257974867
        0.0427796370  -0.0000202683  -0.0002740415   0.0002533425
       -0.0003879377   0.0001145093  -0.0005748480   0.0002164788   0.0001349524
       -0.0004644313  -0.0016301286  -0.0024439242   0.0028473232  -0.0450773683
       -0.0451330822  -0.1577536471  -0.0267774919  -0.0188969760   0.4843793308
        0.0005221088   0.0024581434   0.0014068753   0.0000146253  -0.0000819890
        0.0003513113  -0.0001016132  -0.0000917699   0.0000561969   0.0000791992
        0.0001241636   0.0001641468   0.0001359704  -0.0000635375   0.0000778640
        0.0001390134  -0.0000919934   0.0003218870   0.0012538068   0.0008892582
        0.0012464740  -0.0058323743  -0.0103483799  -0.0171666024  -0.0107667871
       -0.0067119748  -0.0196824295   0.0830216886  -0.0655456770  -0.1045177619
       -0.0495966736   0.1030813612  -0.1271934568   0.0547458786   0.0423977144
       -0.0635670927   0.0000416048   0.0002092012   0.0000688604
       -0.0050769468   0.0033433911  -0.0007418739  -0.0056040102   0.0307906230
        0.0177651150  -0.0462815419   0.0097737826  -0.0010675886  -0.0009927037
       -0.0237401574  -0.0116412234  -0.0021407200  -0.0031235133   0.0005221088
        0.0689203904  -0.0346484019   0.0561641886  -0.0001065919   0.0002443402
       -0.0000045513  -0.0005531200   0.0013949064   0.0009866078  -0.0001333477
       -0.0001689790  -0.0001966429   0.0025464526  -0.0000604494   0.0000994432
        0.0006022831  -0.0005354033   0.0005191202   0.0011914263  -0.0026282871
       -0.0022788967   0.0020011745  -0.0002775079  -0.0015841235  -0.0007712136
       -0.0016165767   0.0001885563  -0.0000753351  -0.0001863401  -0.0001569153
        0.0000678697   0.0001356441   0.0003077486  -0.0006450927  -0.0003927020
       -0.0006860654  -0.0129489728   0.0216956310  -0.0581950075
        0.0070917298  -0.0019936019   0.0017798053   0.0103952413  -0.0319837521
       -0.0203724923   0.0133249330  -0.1734084327  -0.0381455660  -0.0080350531
       -0.0361523618  -0.0198846555  -0.0037410288  -0.0041838300   0.0024581434
       -0.0346484019   0.3131767971  -0.0014684087  -0.0001656593   0.0001825563
        0.0000811119   0.0011017008  -0.0020792790  -0.0013995762  -0.0001894223
        0.0002361075   0.0001958904  -0.0011025585   0.0012784661  -0.0002250497
       -0.0014420430   0.0007095716   0.0004142965  -0.0004799864   0.0020522756
       -0.0054141040   0.0019831923   0.0017929787  -0.0009731912  -0.0015613089
       -0.0023717445   0.0009719520   0.0001099753   0.0000240507   0.0000725989
        0.0002342460   0.0003083253   0.0001908963  -0.0014070559  -0.0011199228
       -0.0014910783   0.0185314995  -0.0664682040   0.0832094273
        0.0018904200  -0.0004521605   0.0014505041   0.0032702662  -0.0085038158
       -0.0007781921   0.0031565225  -0.0653646934  -0.1035506591  -0.0019672345
       -0.0047371997   0.0032649459  -0.0008515377  -0.0008267489   0.0014068753
        0.0561641886  -0.0014684087   0.5183655624  -0.0001068819   0.0000634526
       -0.0000450420   0.0004754568  -0.0007324122  -0.0003510893  -0.0001949677
        0.0001430481   0.0001553188  -0.0001276955   0.0004454981  -0.0002861615
       -0.0003624434   0.0005116023   0.0012616168   0.0016508353  -0.0304200754
       -0.0292055800  -0.0002083890   0.0008908783   0.0007283580  -0.0001544412
       -0.0006681532  -0.0001286147   0.0001113846   0.0003653090   0.0000469848
        0.0001951305   0.0000778419  -0.0001173471  -0.0005718436  -0.0004337098
       -0.0002583162  -0.0623687697   0.1111097474  -0.3919591640
       -0.1368164901  -0.1142236595   0.0307205112   0.0031758129   0.0016248679
       -0.0019234484   0.0003720051   0.0002899606   0.0001394614  -0.0001278629
        0.0005477260   0.0000546236  -0.0010415092   0.0004585012   0.0000146253
       -0.0001065919  -0.0001656593  -0.0001068819   0.1585737917   0.1327063266
       -0.0356741891  -0.0257113261  -0.0238517221   0.0071394224   0.0019719400
        0.0018543614  -0.0000027618   0.0008122519   0.0007113138   0.0002489494
        0.0001016851  -0.0000329147  -0.0002522356  -0.0000403575  -0.0000507055
       -0.0000279433   0.0000513033  -0.0000851978  -0.0000028121  -0.0000337509
        0.0001361259   0.0005048980  -0.0010828511   0.0002522800  -0.0008579175
        0.0000975332  -0.0001107362  -0.0000738938  -0.0002053559  -0.0000673042
        0.0000515600   0.0000097722   0.0000064359   0.0000480324
       -0.1139897196  -0.1811818651   0.0389778443  -0.0147294140  -0.0230584883
        0.0013665842  -0.0007424126  -0.0000165442   0.0002631097   0.0002139526
       -0.0000091937  -0.0001545391  -0.0000771320   0.0000919099  -0.0000819890
        0.0002443402   0.0001825563   0.0000634526   0.1327063266   0.2106300766
       -0.0420885726   0.0036569688   0.0061020825  -0.0012283322  -0.0082040017
       -0.0098902029   0.0058978366   0.0006234347  -0.0045144785  -0.0038828570
       -0.0001023006   0.0009572571   0.0005978410  -0.0001541232  -0.0001286746
        0.0000860746  -0.0001962058   0.0001241607  -0.0000396734   0.0003690565
        0.0001594995  -0.0006412765   0.0007197446   0.0004208079   0.0006530723
       -0.0000709773   0.0000352252   0.0000300194  -0.0001643770   0.0000693747
        0.0001055707  -0.0001031602   0.0000264969   0.0000758344
        0.0307531915   0.0394578276  -0.0543272037  -0.0114078510  -0.0154014250
        0.0029450763  -0.0000594417   0.0003312484   0.0003256363   0.0001626896
       -0.0003566762   0.0004170355  -0.0002070177   0.0002704030   0.0003513113
       -0.0000045513   0.0000811119  -0.0000450420  -0.0356741891  -0.0420885726
        0.0614112789  -0.0027744558  -0.0025501356   0.0014624681   0.0199338427
        0.0250121873  -0.0100203083   0.0003593364  -0.0042077732  -0.0018467502
       -0.0006288483  -0.0004850071   0.0006479924   0.0000659215   0.0001051472
       -0.0001928517  -0.0001367305   0.0000534841  -0.0001734752   0.0003807391
       -0.0001231361  -0.0004901178  -0.0009834718   0.0000945600  -0.0002002324
        0.0000722653  -0.0000659842  -0.0001833627   0.0001377888  -0.0000900399
       -0.0000991319   0.0000107822  -0.0000372200   0.0000176770
       -0.2583928647   0.0690412004  -0.0282139317  -0.0076747916   0.0048903872
        0.0006899193   0.0011348724   0.0005631316   0.0011660774   0.0001200031
        0.0000461356  -0.0001879140  -0.0001327253  -0.0000773486  -0.0001016132
       -0.0005531200   0.0011017008   0.0004754568  -0.0257113261   0.0036569688
       -0.0027744558   0.2977742833  -0.0814120289   0.0324598114  -0.0073695849
        0.0027442937  -0.0035654233   0.0007969543  -0.0002316974  -0.0003870570
       -0.0000217095  -0.0002730117   0.0001712847   0.0001402306  -0.0002098125
        0.0001431728   0.0000549438   0.0000119772  -0.0000128947   0.0000011544
       -0.0000285368  -0.0001673913  -0.0000989998   0.0001873590   0.0002396077
        0.0000275233   0.0000222482   0.0000780360  -0.0000405355   0.0000361119
        0.0000482957  -0.0000543076  -0.0000690784  -0.0000609807
        0.0686328294  -0.0645878793   0.0108658228   0.0237126292  -0.0112378135
        0.0000960314  -0.0001384199  -0.0021347322  -0.0030950175   0.0000412051
        0.0000334954   0.0001226044  -0.0001456365   0.0001187977  -0.0000917699
        0.0013949064  -0.0020792790  -0.0007324122  -0.0238517221   0.0061020825
       -0.0025501356  -0.0814120289   0.0762977959  -0.0091475459   0.0112969542
       -0.0032004794   0.0038009757   0.0006649325   0.0001639527   0.0004387828
       -0.0000800518   0.0004395843   0.0002570442  -0.0001936558   0.0000516467
       -0.0000790983  -0.0000251254   0.0000271685  -0.0000522232   0.0000178489
       -0.0000556883  -0.0001227019   0.0001276403  -0.0000618741   0.0001696237
       -0.0000805964   0.0000327434   0.0000470188   0.0000043627   0.0000418987
        0.0000070252   0.0000339280   0.0000485797   0.0000659754
       -0.0283321082   0.0109201516  -0.0468280484   0.0180901062  -0.0081940637
        0.0010806290   0.0000155080  -0.0017658259  -0.0016518857   0.0000709974
       -0.0000774751   0.0001009679  -0.0000318402  -0.0000710589   0.0000561969
        0.0009866078  -0.0013995762  -0.0003510893   0.0071394224  -0.0012283322
        0.0014624681   0.0324598114  -0.0091475459   0.0527860299  -0.0308635714
        0.0105174528  -0.0073495781   0.0000779534   0.0004573020   0.0004812117
        0.0004390388  -0.0000098097   0.0001642720   0.0000141218  -0.0001533169
       -0.0000421155  -0.0000418461   0.0000107096   0.0000007493  -0.0000621807
        0.0000226547   0.0000097166   0.0000438276   0.0001515764  -0.0000563761
        0.0000405015  -0.0000410960  -0.0000234794  -0.0000496813   0.0000175526
        0.0000468055   0.0000033318  -0.0000092993   0.0001135257
       -0.0484897932   0.0081785599  -0.0295579686   0.0007957564  -0.0008897019
        0.0048552519   0.0007284611  -0.0001543091   0.0012938041  -0.0001658370
       -0.0000010669   0.0001994298  -0.0001402871   0.0001455451   0.0000791992
       -0.0001333477  -0.0001894223  -0.0001949677   0.0019719400  -0.0082040017
        0.0199338427  -0.0073695849   0.0112969542  -0.0308635714   0.0528310656
       -0.0108824562   0.0341997138  -0.0000780022  -0.0001312344  -0.0004976670
        0.0005081357   0.0008390717   0.0009227846  -0.0000116868   0.0003658049
       -0.0000513578  -0.0000091234  -0.0000098553  -0.0000952997   0.0000513049
       -0.0000036085  -0.0000970928  -0.0005624144  -0.0004221523   0.0001393612
       -0.0000702046   0.0000599457  -0.0000555740   0.0001582631  -0.0000260312
       -0.0001185594  -0.0000146457   0.0000279580  -0.0000913289
        0.0081387062  -0.0648887785   0.0686606325  -0.0021582301   0.0056113673
       -0.0226706873  -0.0004935256   0.0007551375  -0.0008646435   0.0000108911
       -0.0000221816   0.0002528021  -0.0000180374   0.0001750355   0.0001241636
       -0.0001689790   0.0002361075   0.0001430481   0.0018543614  -0.0098902029
        0.0250121873   0.0027442937  -0.0032004794   0.0105174528  -0.0108824562
        0.0742334424  -0.0768186948  -0.0000050813   0.0006260231  -0.0003096902
        0.0010127849  -0.0030727297  -0.0041520000   0.0002041477  -0.0001993792
        0.0000800924  -0.0000846406  -0.0000067295  -0.0000712667  -0.0000012905
       -0.0001274222  -0.0000234255  -0.0003719855  -0.0000457466   0.0000985333
        0.0000781946  -0.0000299204  -0.0000516002   0.0000835324  -0.0000942519
       -0.0000590571   0.0000573143  -0.0000592915   0.0001321532
       -0.0295719498   0.0686114175  -0.2573543934  -0.0011793532   0.0016532527
       -0.0239482153  -0.0004912176   0.0008001684   0.0004845991   0.0001955919
        0.0000343955  -0.0000783413  -0.0001330169  -0.0001463669   0.0001641468
       -0.0001966429   0.0001958904   0.0001553188  -0.0000027618   0.0058978366
       -0.0100203083  -0.0035654233   0.0038009757  -0.0073495781   0.0341997138
       -0.0768186948   0.3002396346  -0.0002317119   0.0003920051   0.0004167519
        0.0005292254  -0.0042495749  -0.0033499226   0.0004994960  -0.0005491674
        0.0002532567  -0.0001072874   0.0000328864  -0.0000125431  -0.0001429390
       -0.0000474900  -0.0001018269   0.0003933015   0.0003277710   0.0001155482
        0.0000097654   0.0000004161   0.0000649021  -0.0001465737   0.0000210574
        0.0000596355  -0.0000582166   0.0000432211   0.0002613352
        0.0026817930   0.0017002892  -0.0004131580  -0.1500546831  -0.1110768542
        0.0247581998  -0.0273573607  -0.0184494027   0.0044876363  -0.0051916587
        0.0028895263  -0.0008205472  -0.0003706375  -0.0002767735   0.0001359704
        0.0025464526  -0.0011025585  -0.0001276955   0.0008122519   0.0006234347
        0.0003593364   0.0007969543   0.0006649325   0.0000779534  -0.0000780022
       -0.0000050813  -0.0002317119   0.1771634746   0.1272330150  -0.0299390729
        0.0003289309  -0.0014593314   0.0014383619   0.0004501520  -0.0006346002
        0.0001009511  -0.0013155013  -0.0006511954   0.0003987665   0.0001760229
        0.0004352836  -0.0003377874   0.0000095339   0.0000949136   0.0000904611
        0.0000121744   0.0000311971   0.0000280653  -0.0000672971  -0.0000947200
       -0.0001409802  -0.0005425999   0.0000779253   0.0001352510
       -0.0155207118  -0.0226537772  -0.0000813452  -0.1116113335  -0.1561003218
        0.0285523338   0.0069513334   0.0060079455  -0.0013384849   0.0015284068
       -0.0003168045  -0.0001536413  -0.0000020309   0.0001239690  -0.0000635375
       -0.0000604494   0.0012784661   0.0004454981   0.0007113138  -0.0045144785
       -0.0042077732  -0.0002316974   0.0001639527   0.0004573020  -0.0001312344
        0.0006260231   0.0003920051   0.1272330150   0.1845386610  -0.0290762589
       -0.0093809954  -0.0096441632   0.0055804327  -0.0000118389   0.0003556633
       -0.0002785262   0.0002964608   0.0002086764  -0.0001408188   0.0000339091
       -0.0000146072  -0.0000880753   0.0000466557  -0.0000690460   0.0000685256
       -0.0000444129   0.0000406187  -0.0000295976   0.0000369151   0.0000191833
        0.0000237299   0.0001566948  -0.0000499606  -0.0000617683
       -0.0117946913  -0.0158232325   0.0019915970   0.0246481535   0.0282030953
       -0.0516248408  -0.0032469659  -0.0028651965   0.0013934215  -0.0004463807
        0.0005374754   0.0005763886   0.0000234084  -0.0000431962   0.0000778640
        0.0000994432  -0.0002250497  -0.0002861615   0.0002489494  -0.0038828570
       -0.0018467502  -0.0003870570   0.0004387828   0.0004812117  -0.0004976670
       -0.0003096902   0.0004167519  -0.0299390729  -0.0290762589   0.0579164603
        0.0212559694   0.0236474822  -0.0091102186  -0.0005398154  -0.0003093314
        0.0000980232  -0.0002061069  -0.0002040743   0.0001538445  -0.0000198159
       -0.0002039154   0.0000565195   0.0000470565  -0.0000284240  -0.0000245029
        0.0000374350  -0.0000033590   0.0000480760  -0.0000053809  -0.0000102254
       -0.0000159452   0.0007225387   0.0001579749  -0.0003017391
        0.0010560660  -0.0006960394   0.0049853799  -0.0457697597   0.0037653296
       -0.0151616931  -0.0062763335   0.0107550355  -0.0270390573   0.0010928017
        0.0011210428  -0.0013233080  -0.0000618736  -0.0001369347   0.0001390134
        0.0006022831  -0.0014420430  -0.0003624434   0.0001016851  -0.0001023006
       -0.0006288483  -0.0000217095  -0.0000800518   0.0004390388   0.0005081357
        0.0010127849   0.0005292254   0.0003289309  -0.0093809954   0.0212559694
        0.0531154841  -0.0074498899   0.0177465668  -0.0049420924   0.0030876370
       -0.0014692869   0.0002325228   0.0000555310  -0.0000805552  -0.0005498331
       -0.0007157489   0.0001630536   0.0000038532   0.0000567648   0.0000240282
        0.0000900286  -0.0000505119   0.0001295282   0.0000134397  -0.0000070047
        0.0000635401   0.0004763708   0.0002073948   0.0005898485
       -0.0008045505   0.0049189762  -0.0231321233   0.0037725295  -0.0668079041
        0.0705323177   0.0043282315  -0.0054259701   0.0132674211  -0.0009061863
        0.0006191087  -0.0006319599  -0.0001820025  -0.0000247427  -0.0000919934
       -0.0005354033   0.0007095716   0.0005116023  -0.0000329147   0.0009572571
       -0.0004850071  -0.0002730117   0.0004395843  -0.0000098097   0.0008390717
       -0.0030727297  -0.0042495749  -0.0014593314  -0.0096441632   0.0236474822
       -0.0074498899   0.0787632274  -0.0788780316   0.0026942080  -0.0010046068
        0.0003059409  -0.0000989120  -0.0001640425   0.0000823498  -0.0003687584
        0.0001812327  -0.0000399554   0.0000616859  -0.0000405894  -0.0000650308
       -0.0000633958  -0.0000726524   0.0000058870  -0.0000138378   0.0000016208
       -0.0000553716   0.0004924676  -0.0003331778  -0.0007141432
       -0.0004441966   0.0023765122  -0.0233739041  -0.0147365057   0.0692371399
       -0.2420894128  -0.0040342674   0.0044222713  -0.0088984708   0.0009330318
       -0.0001672514   0.0005531930   0.0000121320  -0.0000703791   0.0003218870
        0.0005191202   0.0004142965   0.0012616168  -0.0002522356   0.0005978410
        0.0006479924   0.0001712847   0.0002570442   0.0001642720   0.0009227846
       -0.0041520000  -0.0033499226   0.0014383619   0.0055804327  -0.0091102186
        0.0177465668  -0.0788780316   0.2839572914  -0.0018984894   0.0007886075
       -0.0003572878   0.0001574114  -0.0000624834  -0.0000345100  -0.0005064012
       -0.0005034677   0.0002092188   0.0000783420   0.0000632454  -0.0001414269
        0.0001487015   0.0000147129   0.0000098088  -0.0000448860  -0.0000507073
        0.0000330388  -0.0002107550   0.0001322171   0.0001968345
        0.0005763251  -0.0005161971  -0.0006443851  -0.0066075204   0.0109745612
       -0.0249444648  -0.0442890033   0.0061237047  -0.0188821727  -0.0004699608
       -0.0104305434   0.0189332438   0.0009145764  -0.0004616177   0.0012538068
        0.0011914263  -0.0004799864   0.0016508353  -0.0000403575  -0.0001541232
        0.0000659215   0.0001402306  -0.0001936558   0.0000141218  -0.0000116868
        0.0002041477   0.0004994960   0.0004501520  -0.0000118389  -0.0005398154
       -0.0049420924   0.0026942080  -0.0018984894   0.0561687690  -0.0056049024
        0.0228384204  -0.0009737890  -0.0004300066   0.0005235139  -0.0027681008
       -0.0021461248   0.0014313419   0.0001190594  -0.0000503208  -0.0000581589
       -0.0008175889  -0.0000448327  -0.0003350822   0.0000774011   0.0001939228
        0.0000084683   0.0012821599   0.0003336053   0.0000833986
       -0.0000497470   0.0004293661   0.0007987150   0.0042762883  -0.0047593316
        0.0129615777   0.0070444802  -0.0627492209   0.0719998079  -0.0028653364
       -0.0078760440   0.0163809223   0.0003599448   0.0004727582   0.0008892582
       -0.0026282871   0.0020522756  -0.0304200754  -0.0000507055  -0.0001286746
        0.0001051472  -0.0002098125   0.0000516467  -0.0001533169   0.0003658049
       -0.0001993792  -0.0005491674  -0.0006346002   0.0003556633  -0.0003093314
        0.0030876370  -0.0010046068   0.0007886075  -0.0056049024   0.0795320493
       -0.0699680581  -0.0003767155  -0.0007349404   0.0005015412  -0.0026829514
       -0.0020123632   0.0018305652   0.0000871569  -0.0006706891  -0.0000531331
       -0.0006962066   0.0002202144  -0.0002213807   0.0002113996   0.0001039520
       -0.0001419352   0.0003665528  -0.0030826758  -0.0044397441
        0.0008389743  -0.0005286333   0.0011216133  -0.0034151455   0.0043283500
       -0.0075322183  -0.0182838139   0.0687792693  -0.2341956839   0.0010466043
        0.0072057021  -0.0102490480  -0.0014122927  -0.0017863079   0.0012464740
       -0.0022788967  -0.0054141040  -0.0292055800  -0.0000279433   0.0000860746
       -0.0001928517   0.0001431728  -0.0000790983  -0.0000421155  -0.0000513578
        0.0000800924   0.0002532567   0.0001009511  -0.0002785262   0.0000980232
       -0.0014692869   0.0003059409  -0.0003572878   0.0228384204  -0.0699680581
        0.2823597723   0.0000570156   0.0001960048  -0.0004887343   0.0016558221
        0.0008976425  -0.0011271072  -0.0000223490   0.0001350959   0.0002029368
        0.0001300513  -0.0000080015   0.0004474320  -0.0003659590  -0.0003385367
       -0.0000991761   0.0005160329  -0.0036129062  -0.0022397054
        0.0001068686  -0.0000610873  -0.0001008119  -0.0032120058  -0.0029493146
        0.0017410570  -0.0220828940   0.0093524058   0.0122139232  -0.1538875305
        0.0889374945   0.0747212884   0.0074250567  -0.0060791400  -0.0058323743
        0.0020011745   0.0019831923  -0.0002083890   0.0000513033  -0.0001962058
       -0.0001367305   0.0000549438  -0.0000251254  -0.0000418461  -0.0000091234
       -0.0000846406  -0.0001072874  -0.0013155013   0.0002964608  -0.0002061069
        0.0002325228  -0.0000989120   0.0001574114  -0.0009737890  -0.0003767155
        0.0000570156   0.1806159379  -0.0988269445  -0.0841590694  -0.0094471946
        0.0102805671   0.0045756528   0.0001928077  -0.0012679609  -0.0021826948
        0.0005522992  -0.0003355541   0.0001186723   0.0006623017  -0.0001051927
       -0.0002656465  -0.0009671775  -0.0004433271  -0.0003440637
        0.0001847958   0.0000186720  -0.0000174932  -0.0016095164  -0.0012593991
        0.0004132576  -0.0127860220   0.0068761674   0.0069673764   0.0892147969
       -0.1127186691  -0.0560355508   0.0076528156  -0.0086075317  -0.0103483799
       -0.0002775079   0.0017929787   0.0008908783  -0.0000851978   0.0001241607
        0.0000534841   0.0000119772   0.0000271685   0.0000107096  -0.0000098553
       -0.0000067295   0.0000328864  -0.0006511954   0.0002086764  -0.0002040743
        0.0000555310  -0.0001640425  -0.0000624834  -0.0004300066  -0.0007349404
        0.0001960048  -0.0988269445   0.1312126847   0.0695535940   0.0195151078
       -0.0165609665  -0.0089932418  -0.0015171261  -0.0007343252  -0.0030331945
       -0.0000533006   0.0007140994   0.0007392713   0.0001804415  -0.0002866304
       -0.0000074025  -0.0005687931   0.0000986267  -0.0001556422
        0.0000384352   0.0000362771   0.0001641344   0.0004320194   0.0009958672
       -0.0004757761   0.0089062639  -0.0046057750  -0.0038693719   0.0749211196
       -0.0555564063  -0.0910285013   0.0152982138  -0.0177754996  -0.0171666024
       -0.0015841235  -0.0009731912   0.0007283580  -0.0000028121  -0.0000396734
       -0.0001734752  -0.0000128947  -0.0000522232   0.0000007493  -0.0000952997
       -0.0000712667  -0.0000125431   0.0003987665  -0.0001408188   0.0001538445
       -0.0000805552   0.0000823498  -0.0000345100   0.0005235139   0.0005015412
       -0.0004887343  -0.0841590694   0.0695535940   0.1079548549  -0.0128044762
        0.0112434062   0.0082323323  -0.0024214623  -0.0032549444  -0.0050325015
        0.0008083346  -0.0001153363   0.0003044366   0.0002960400   0.0002901280
        0.0006239372  -0.0004620138  -0.0001180287   0.0001193686
       -0.0003345278  -0.0002282839   0.0001633552   0.0007112185  -0.0013687324
        0.0017134710   0.0043356620  -0.0151896816   0.0137043923  -0.0664363063
        0.0543292575  -0.0439489941  -0.0051482056   0.0077149752  -0.0107667871
       -0.0007712136  -0.0015613089  -0.0001544412  -0.0000337509   0.0003690565
        0.0003807391   0.0000011544   0.0000178489  -0.0000621807   0.0000513049
       -0.0000012905  -0.0001429390   0.0001760229   0.0000339091  -0.0000198159
       -0.0005498331  -0.0003687584  -0.0005064012  -0.0027681008  -0.0026829514
        0.0016558221  -0.0094471946   0.0195151078  -0.0128044762   0.0805987452
       -0.0597355788   0.0534424504   0.0003341763  -0.0000080532   0.0006882140
       -0.0007396085  -0.0013809762  -0.0029293741  -0.0001948412   0.0002855189
       -0.0002184208   0.0002152982   0.0002599413  -0.0001946138
        0.0003006137   0.0003672256  -0.0001553348   0.0016576112   0.0005026911
       -0.0002131323   0.0021373751  -0.0145333583   0.0142323855   0.0543940283
       -0.1627037724   0.1020210535  -0.0037899910   0.0079907095  -0.0067119748
       -0.0016165767  -0.0023717445  -0.0006681532   0.0001361259   0.0001594995
       -0.0001231361  -0.0000285368  -0.0000556883   0.0000226547  -0.0000036085
       -0.0001274222  -0.0000474900   0.0004352836  -0.0000146072  -0.0002039154
       -0.0007157489   0.0001812327  -0.0005034677  -0.0021461248  -0.0020123632
        0.0008976425   0.0102805671  -0.0165609665   0.0112434062  -0.0597355788
        0.1880062555  -0.1171223734  -0.0001988097   0.0005792369   0.0000133501
       -0.0012060058   0.0001741716  -0.0022231126   0.0001450660   0.0005676744
       -0.0002041216  -0.0000456898  -0.0001487740  -0.0002542805
        0.0000985921   0.0002472050   0.0000879526  -0.0007607769  -0.0003809523
        0.0010325422  -0.0006071277   0.0086791466  -0.0062285535  -0.0441341721
        0.1004341558  -0.1279100187  -0.0116693539   0.0166652000  -0.0196824295
        0.0001885563   0.0009719520  -0.0001286147   0.0005048980  -0.0006412765
       -0.0004901178  -0.0001673913  -0.0001227019   0.0000097166  -0.0000970928
       -0.0000234255  -0.0001018269  -0.0003377874  -0.0000880753   0.0000565195
        0.0001630536  -0.0000399554   0.0002092188   0.0014313419   0.0018305652
       -0.0011271072   0.0045756528  -0.0089932418   0.0082323323   0.0534424504
       -0.1171223734   0.1502976920   0.0002132610   0.0007196310   0.0004393570
       -0.0029402549  -0.0020564194  -0.0053534062   0.0001805608   0.0002823190
        0.0005733297  -0.0000844097  -0.0003617530   0.0000834136
       -0.0010106098  -0.0002913377  -0.0002441318   0.0002351472  -0.0000583819
       -0.0002194941   0.0005905816  -0.0002653205  -0.0002120077   0.0083723925
       -0.0061146525  -0.0051904403  -0.1521950789   0.0897377062   0.0830216886
       -0.0000753351   0.0001099753   0.0001113846  -0.0010828511   0.0007197446
       -0.0009834718  -0.0000989998   0.0001276403   0.0000438276  -0.0005624144
       -0.0003719855   0.0003933015   0.0000095339   0.0000466557   0.0000470565
        0.0000038532   0.0000616859   0.0000783420   0.0001190594   0.0000871569
       -0.0000223490   0.0001928077  -0.0015171261  -0.0024214623   0.0003341763
       -0.0001988097   0.0002132610   0.1766515826  -0.1039822876  -0.0943896494
       -0.0101197485   0.0092787040   0.0053383393  -0.0213225141   0.0126549918
        0.0144663398  -0.0000415828  -0.0000243592  -0.0000305347
        0.0005331671   0.0003210154  -0.0000708665  -0.0002134645  -0.0000258257
       -0.0001940395   0.0006834310   0.0002865120  -0.0003820303   0.0075313213
       -0.0089267839  -0.0100499586   0.0892489957  -0.1166575182  -0.0655456770
       -0.0001863401   0.0000240507   0.0003653090   0.0002522800   0.0004208079
        0.0000945600   0.0001873590  -0.0000618741   0.0001515764  -0.0004221523
       -0.0000457466   0.0003277710   0.0000949136  -0.0000690460  -0.0000284240
        0.0000567648  -0.0000405894   0.0000632454  -0.0000503208  -0.0006706891
        0.0001350959  -0.0012679609  -0.0007343252  -0.0032549444  -0.0000080532
        0.0005792369   0.0007196310  -0.1039822876   0.1329194841   0.0787761048
        0.0201954223  -0.0168452365  -0.0103597181  -0.0127475666   0.0094596491
        0.0091089814   0.0000944913   0.0000668786   0.0001433835
        0.0000839413  -0.0003998700   0.0004576520  -0.0000794363  -0.0000104946
       -0.0001893003   0.0005785026   0.0003985673   0.0005905286   0.0150643370
       -0.0163163239  -0.0164159783   0.0824064024  -0.0656259096  -0.1045177619
       -0.0001569153   0.0000725989   0.0000469848  -0.0008579175   0.0006530723
       -0.0002002324   0.0002396077   0.0001696237  -0.0000563761   0.0001393612
        0.0000985333   0.0001155482   0.0000904611   0.0000685256  -0.0000245029
        0.0000240282  -0.0000650308  -0.0001414269  -0.0000581589  -0.0000531331
        0.0002029368  -0.0021826948  -0.0030331945  -0.0050325015   0.0006882140
        0.0000133501   0.0004393570  -0.0943896494   0.0787761048   0.1217800386
       -0.0123723554   0.0105224764   0.0087795066   0.0106978266  -0.0052502392
       -0.0059708587   0.0000844456  -0.0000186566   0.0001363865
       -0.0001737648   0.0000497045  -0.0000994474  -0.0001107233  -0.0000444551
        0.0001231508   0.0004128193   0.0010140145  -0.0011001321  -0.0061009089
        0.0083474280  -0.0108497706  -0.0747796897   0.0620280778  -0.0495966736
        0.0000678697   0.0002342460   0.0001951305   0.0000975332  -0.0000709773
        0.0000722653   0.0000275233  -0.0000805964   0.0000405015  -0.0000702046
        0.0000781946   0.0000097654   0.0000121744  -0.0000444129   0.0000374350
        0.0000900286  -0.0000633958   0.0001487015  -0.0008175889  -0.0006962066
        0.0001300513   0.0005522992  -0.0000533006   0.0008083346  -0.0007396085
       -0.0012060058  -0.0029402549  -0.0101197485   0.0201954223  -0.0123723554
        0.0841787933  -0.0710760350   0.0604647198   0.0074323191  -0.0186043439
        0.0147226825   0.0000408770  -0.0000073583   0.0002058957
        0.0001063152  -0.0000634910   0.0001199655  -0.0000809488   0.0000143800
        0.0000031931  -0.0002437801   0.0003756126  -0.0009012822  -0.0036994713
        0.0081322290  -0.0058449917   0.0621659169  -0.1680785991   0.1030813612
        0.0001356441   0.0003083253   0.0000778419  -0.0001107362   0.0000352252
       -0.0000659842   0.0000222482   0.0000327434  -0.0000410960   0.0000599457
       -0.0000299204   0.0000004161   0.0000311971   0.0000406187  -0.0000033590
       -0.0000505119  -0.0000726524   0.0000147129  -0.0000448327   0.0002202144
       -0.0000080015  -0.0003355541   0.0007140994  -0.0001153363  -0.0013809762
        0.0001741716  -0.0020564194   0.0092787040  -0.0168452365   0.0105224764
       -0.0710760350   0.1929953459  -0.1186747946   0.0052493314  -0.0179024744
        0.0139351804  -0.0000264563  -0.0000505917  -0.0000438827
        0.0001148595  -0.0000487573   0.0001738644   0.0000673261  -0.0000423383
        0.0002012343   0.0006044365   0.0006783070   0.0004991101  -0.0121094971
        0.0162982950  -0.0205547615  -0.0493416779   0.1024197354  -0.1271934568
        0.0003077486   0.0001908963  -0.0001173471  -0.0000738938   0.0000300194
       -0.0001833627   0.0000780360   0.0000470188  -0.0000234794  -0.0000555740
       -0.0000516002   0.0000649021   0.0000280653  -0.0000295976   0.0000480760
        0.0001295282   0.0000058870   0.0000098088  -0.0003350822  -0.0002213807
        0.0004474320   0.0001186723   0.0007392713   0.0003044366  -0.0029293741
       -0.0022231126  -0.0053534062   0.0053383393  -0.0103597181   0.0087795066
        0.0604647198  -0.1186747946   0.1501297580  -0.0024181589   0.0112648090
       -0.0074609535   0.0000115264  -0.0000229400   0.0002286382
       -0.0002519003   0.0000650758  -0.0000554921  -0.0000585447  -0.0001433487
        0.0002214367  -0.0000221966  -0.0004177736  -0.0025377183  -0.0126380132
       -0.0105090645   0.0015126611  -0.1801564246  -0.1048380477   0.0547458786
       -0.0006450927  -0.0014070559  -0.0005718436  -0.0002053559  -0.0001643770
        0.0001377888  -0.0000405355   0.0000043627  -0.0000496813   0.0001582631
        0.0000835324  -0.0001465737  -0.0000672971   0.0000369151  -0.0000053809
        0.0000134397  -0.0000138378  -0.0000448860   0.0000774011   0.0002113996
       -0.0003659590   0.0006623017   0.0001804415   0.0002960400  -0.0001948412
        0.0001450660   0.0001805608  -0.0213225141  -0.0127475666   0.0106978266
        0.0074323191   0.0052493314  -0.0024181589   0.2073030161   0.1242651535
       -0.0616704360  -0.0000440249  -0.0000002063   0.0000739373
        0.0001790388   0.0000135522   0.0000551667  -0.0003526944  -0.0001949974
        0.0000471632  -0.0011242978   0.0000220885  -0.0023593535  -0.0120043852
       -0.0092705779   0.0016460805  -0.1047641618  -0.1257974867   0.0423977144
       -0.0003927020  -0.0011199228  -0.0004337098  -0.0000673042   0.0000693747
       -0.0000900399   0.0000361119   0.0000418987   0.0000175526  -0.0000260312
       -0.0000942519   0.0000210574  -0.0000947200   0.0000191833  -0.0000102254
       -0.0000070047   0.0000016208  -0.0000507073   0.0001939228   0.0001039520
       -0.0003385367  -0.0001051927  -0.0002866304   0.0002901280   0.0002855189
        0.0005676744   0.0002823190   0.0126549918   0.0094596491  -0.0052502392
       -0.0186043439  -0.0179024744   0.0112648090   0.1242651535   0.1443352863
       -0.0475217290  -0.0000718996   0.0000320613   0.0000325500
        0.0001400779  -0.0000038374   0.0000799811  -0.0004318898  -0.0002299543
        0.0002211955  -0.0016291638  -0.0010303218  -0.0030397778  -0.0191380398
       -0.0151879660   0.0044947082   0.0548024437   0.0427796370  -0.0635670927
       -0.0006860654  -0.0014910783  -0.0002583162   0.0000515600   0.0001055707
       -0.0000991319   0.0000482957   0.0000070252   0.0000468055  -0.0001185594
       -0.0000590571   0.0000596355  -0.0001409802   0.0000237299  -0.0000159452
        0.0000635401  -0.0000553716   0.0000330388   0.0000084683  -0.0001419352
       -0.0000991761  -0.0002656465  -0.0000074025   0.0006239372  -0.0002184208
       -0.0002041216   0.0005733297   0.0144663398   0.0091089814  -0.0059708587
        0.0147226825   0.0139351804  -0.0074609535  -0.0616704360  -0.0475217290
        0.0742968747  -0.0000042063  -0.0000273497   0.0000817458
       -0.0002957566   0.0001026084  -0.0000222441   0.0013746496  -0.0013422193
        0.0012981152  -0.0028108087  -0.0014234848   0.0016576047   0.0009310696
        0.0008057490  -0.0006741743  -0.0002447777  -0.0000202683   0.0000416048
       -0.0129489728   0.0185314995  -0.0623687697   0.0000097722  -0.0001031602
        0.0000107822  -0.0000543076   0.0000339280   0.0000033318  -0.0000146457
        0.0000573143  -0.0000582166  -0.0005425999   0.0001566948   0.0007225387
        0.0004763708   0.0004924676  -0.0002107550   0.0012821599   0.0003665528
        0.0005160329  -0.0009671775  -0.0005687931  -0.0004620138   0.0002152982
       -0.0000456898  -0.0000844097  -0.0000415828   0.0000944913   0.0000844456
        0.0000408770  -0.0000264563   0.0000115264  -0.0000440249  -0.0000718996
       -0.0000042063   0.0136344569  -0.0170393343   0.0595388072
       -0.0000629063  -0.0001060365   0.0001327703  -0.0004855032   0.0013120585
       -0.0004998241  -0.0045070790   0.0061998194  -0.0315162994   0.0001376970
        0.0012078368   0.0000387525  -0.0001074365  -0.0002740415   0.0002092012
        0.0216956310  -0.0664682040   0.1111097474   0.0000064359   0.0000264969
       -0.0000372200  -0.0000690784   0.0000485797  -0.0000092993   0.0000279580
       -0.0000592915   0.0000432211   0.0000779253  -0.0000499606   0.0001579749
        0.0002073948  -0.0003331778   0.0001322171   0.0003336053  -0.0030826758
       -0.0036129062  -0.0004433271   0.0000986267  -0.0001180287   0.0002599413
       -0.0001487740  -0.0003617530  -0.0000243592   0.0000668786  -0.0000186566
       -0.0000073583  -0.0000505917  -0.0000229400  -0.0000002063   0.0000320613
       -0.0000273497  -0.0170393343   0.0615803955  -0.0755996077
       -0.0002064708   0.0003150721   0.0001129412   0.0000331878   0.0004747728
        0.0013031013  -0.0016715077  -0.0036696077  -0.0239196429   0.0000137130
        0.0002361652   0.0008316276   0.0000724363   0.0002533425   0.0000688604
       -0.0581950075   0.0832094273  -0.3919591640   0.0000480324   0.0000758344
        0.0000176770  -0.0000609807   0.0000659754   0.0001135257  -0.0000913289
        0.0001321532   0.0002613352   0.0001352510  -0.0000617683  -0.0003017391
        0.0005898485  -0.0007141432   0.0001968345   0.0000833986  -0.0044397441
       -0.0022397054  -0.0003440637  -0.0001556422   0.0001193686  -0.0001946138
       -0.0002542805   0.0000834136  -0.0000305347   0.0001433835   0.0001363865
        0.0002058957  -0.0000438827   0.0002286382   0.0000739373   0.0000325500
        0.0000817458   0.0595388072  -0.0755996077   0.4148647958
