$coord
          6.609421359300         -0.000010868381         -0.000035199736     c 
          5.315416209306         -2.270647506093         -0.000025867703     c 
          2.678676084267         -2.316884482905          0.000003562133     c 
          1.278235926653         -4.620394572511          0.000013942398     c 
         -1.278240852413         -4.620389441905          0.000018526117     c 
         -2.678682216428         -2.316879271040          0.000014185417     c 
         -5.315422060275         -2.270643571116          0.000009621729     c 
         -6.609423845424         -0.000004915366         -0.000030744896     c 
         -5.315415083785          2.270643401797         -0.000039966948     c 
         -2.678684241458          2.316890517367         -0.000004939177     c 
         -1.337232541323          0.000003938945          0.000007964061     c 
          1.337228202701          0.000003074206          0.000009397607     c 
          2.678687170533          2.316882361498          0.000012408508     c 
          5.315422558029          2.270639646345         -0.000006188852     c 
          1.278243054511          4.620398171683          0.000030941806     c 
         -1.278232081439          4.620396305767          0.000023733824     c 
          8.651520017697         -0.000010035768         -0.000026567468     h 
          6.342889472991         -4.035837411267         -0.000037763716     h 
          2.321462009913         -6.377041562973          0.000026407975     h 
         -2.321458337042         -6.377039907951          0.000042332318     h 
         -6.342897744888         -4.035831103740          0.000004693323     h 
         -8.651528753711          0.000005736641         -0.000041113634     h 
         -6.342902909887          4.035820624643         -0.000042347814     h 
          6.342923742037          4.035808134499          0.000010011957     h 
          2.321471862377          6.377044912701          0.000030460871     h 
         -2.321451268711          6.377047382573          0.000017483933     h 
$end
