           1           2   1.01971575584831     
           2           3  0.984742918350831     
           3           4  0.961993161324881     
           3           5  0.978464486572159     
           5           6   1.00980327012366     
           5           7   1.00959674200704     
           3           8  0.981602719242861     
           1           9  0.983705803529170     
           1          10  0.987204512714711     
           1          11  0.984335952451297     
           2          12  0.973592741525180     
           2          13  0.978113770553066     
           5          14  0.967024307731777     
           6          15  0.986615214555417     
           6          16  0.984959075383478     
           6          17  0.981920449696813     
           7          18  0.983410419362205     
           7          19  0.985668993415080     
           7          20  0.986235677241971     
           8          21  0.865712108436079     
