           1           2   1.01897010343014     
           2           3   1.00711815469498     
           3           4   1.00116610612650     
           4           5  0.988511670596526     
           5           6   1.00600663813577     
           6           7   1.00783135192923     
           4           8  0.993949963529346     
           7           8   1.00746222202472     
           1           9  0.987269386756061     
           1          10  0.987841981891177     
           1          11  0.987771069781899     
           2          12  0.977803533059601     
           2          13  0.978412274308409     
           3          14  0.975898890683168     
           3          15  0.975862484084393     
           4          16  0.973726079245879     
           5          17  0.983570077872771     
           5          18  0.980403131598964     
           6          19  0.980378571168238     
           6          20  0.980984686618026     
           7          21  0.980024706105617     
           7          22  0.979347685538279     
           8          23  0.980733461246620     
           8          24  0.977651246399025     
