           1           2   1.01866124723820     
           2           3   1.00665679993881     
           3           4  0.977007780535487     
           4           5   1.05508897514983     
           5           6   2.84860318105826     
           1           7  0.986744973166996     
           1           8  0.987702590022819     
           1           9  0.987687117465645     
           2          10  0.978230333036919     
           2          11  0.978241239772829     
           3          12  0.977836571733267     
           3          13  0.977841764546675     
           4          14  0.945264642682180     
           4          15  0.945398147017900     
