           1           2   1.00927959615050     
           2           3   1.90021996093565     
           2           4  0.949369295435870     
           4           5  0.974719763511209     
           5           6  0.906926246929372     
           5           7  0.151266465148534     
           6           7   1.49027827251874     
           5           8  0.145857959596166     
           6           8   1.52213849640624     
           7           8  0.324231919267832     
           1           9  0.955666773536892     
           1          10  0.960252524375300     
           1          11  0.979053919349197     
           4          12  0.942211304734406     
           4          13  0.944869316900721     
