           1           2   1.02032417421332     
           2           3   1.00740188727591     
           3           4  0.988550018181911     
           4           5  0.959990626368989     
           4           6   1.00600274133036     
           4           7  0.977389819282452     
           1           8  0.986801635512749     
           1           9  0.984836540216118     
           1          10  0.987205294463166     
           2          11  0.977541843051734     
           2          12  0.974062968922414     
           3          13  0.974259504255641     
           3          14  0.975766847141319     
           6          15  0.985526075165342     
           6          16  0.985828047517223     
           6          17  0.985061180183301     
           7          18  0.866702733576444     
