           1           2   1.00098606100940     
           2           3  0.958810165888330     
           2           4  0.993375653550974     
           4           5  0.995269180548510     
           5           6   1.00936769270842     
           5           7   1.01029141239301     
           2           8  0.979196453136310     
           1           9  0.986310489227022     
           1          10  0.984352834588348     
           1          11  0.984996300407034     
           4          12  0.974667833965552     
           4          13  0.974325549760701     
           5          14  0.968700472585968     
           6          15  0.983331374631738     
           6          16  0.986480083324765     
           6          17  0.986308513334033     
           7          18  0.985505652249320     
           7          19  0.986412927068911     
           7          20  0.986790141309137     
           8          21  0.866069837286519     
