           1           2   1.00453925392808     
           2           3  0.963980341486295     
           2           4  0.983558998989635     
           4           5  0.997275410195768     
           5           6   1.00782373820476     
           5           7   1.00994164984672     
           2           8  0.978109009329087     
           1           9  0.985706341900761     
           1          10  0.981459463132567     
           1          11  0.983877483012803     
           4          12  0.973891303399106     
           4          13  0.975407582210341     
           5          14  0.968904339660082     
           6          15  0.986081854754915     
           6          16  0.986561725462478     
           6          17  0.986642198431649     
           7          18  0.986049915486413     
           7          19  0.984194654424864     
           7          20  0.985495224393083     
           8          21  0.865596591338448     
