           1           2   1.02030588865582     
           2           3  0.985784861819027     
           3           4  0.963659991778853     
           3           5  0.973123111784992     
           5           6   1.01001656762575     
           5           7   1.00925827300109     
           3           8  0.979983375173960     
           1           9  0.987527421705250     
           1          10  0.986381321620125     
           1          11  0.985526451575452     
           2          12  0.975916187594417     
           2          13  0.972123633156595     
           5          14  0.968325378016029     
           6          15  0.984632272976601     
           6          16  0.982716342532780     
           6          17  0.981633673584042     
           7          18  0.985437217666714     
           7          19  0.985870176864260     
           7          20  0.984006859862199     
           8          21  0.868326100906937     
