           1           2  0.997738814227596     
           2           3  0.953869551189657     
           2           4  0.932694421685851     
           4           5  0.962393270038185     
           4           6  0.962716297813651     
           4           7  0.940773826602435     
           2           8   1.00559425787880     
           1           9  0.982479445490181     
           1          10  0.982688601618047     
           1          11  0.981679242644483     
           8          12  0.884874240825413     
