           1           2   1.02113709118893     
           2           3  0.984340620673523     
           3           4  0.998612926469283     
           4           5   1.80636278669098     
           4           6   1.02080156380122     
           1           7  0.986821810159302     
           1           8  0.987199375381016     
           1           9  0.986035884602106     
           2          10  0.975337473550695     
           2          11  0.976032591422717     
           3          12  0.974238972275337     
           3          13  0.947412174152391     
           6          14  0.941590503402416     
           6          15  0.964573295589867     
           6          16  0.979704587189859     
