$hessian                                                                        
        0.5151262953  -0.0228983554   0.0199854335  -0.0776594307  -0.0217229720
        0.0259016904   0.0044074111   0.0137729698  -0.0130029826  -0.0100990886
       -0.0189460882   0.0145954875  -0.0002653321  -0.0002539559  -0.0000696518
        0.0003081803   0.0006131255  -0.0000911214  -0.0002652998   0.0002730122
        0.0000484025   0.0018781944  -0.0020914894   0.0046272696  -0.2259387652
       -0.0828725019  -0.0611249069  -0.0464267792   0.0162102067   0.0265565327
       -0.1565361302   0.1218426510  -0.0208676886   0.0007041270   0.0000030913
        0.0017009092  -0.0035172600  -0.0030296081   0.0000376464  -0.0000763231
       -0.0001060893   0.0001742683  -0.0001552839  -0.0000400673   0.0003287314
       -0.0014117800  -0.0001768147   0.0004221135  -0.0002049937  -0.0002370412
        0.0000808010  -0.0001704979  -0.0000305337  -0.0000122009   0.0000374133
       -0.0000128140   0.0000575401  -0.0000278517  -0.0000467265  -0.0000101744
        0.0002931949  -0.0002499990   0.0006619005
       -0.0228983554   0.5032542501   0.0357345699  -0.0197145433  -0.1226395817
        0.0615611344  -0.0038901194  -0.0198599643   0.0200165963  -0.0085562965
       -0.0105215762   0.0062470091   0.0002103971  -0.0005908937   0.0002152596
       -0.0009059498  -0.0004684732   0.0002308073  -0.0002674546   0.0000536015
        0.0000489256   0.0025796589   0.0120407433  -0.0097650392  -0.0835062971
       -0.0823852167  -0.0288417512   0.0159257367  -0.1035987870  -0.1043183799
        0.1231921743  -0.1748875951   0.0214807700  -0.0002606695   0.0003971841
        0.0010107717  -0.0026617769  -0.0008508063  -0.0001163004  -0.0001283005
        0.0000510734  -0.0000805796   0.0001451095   0.0001742434   0.0001319018
        0.0006412938   0.0001235610  -0.0004876858  -0.0001836326   0.0000850546
        0.0001002200  -0.0001010607   0.0000178534  -0.0000357386  -0.0000137758
        0.0000110508   0.0000426408   0.0000508283   0.0001209141  -0.0000242391
        0.0003430335  -0.0005266355  -0.0031508928
        0.0199854335   0.0357345699   0.4973310723   0.0235756642   0.0579222476
       -0.1211398070   0.0010126936   0.0081166327  -0.0054550868   0.0010368436
       -0.0002428387   0.0017338028   0.0000605606  -0.0004109257  -0.0002388806
        0.0001212342  -0.0003948608  -0.0006422984  -0.0001089866   0.0001634032
       -0.0000609580   0.0100599568   0.0152412905  -0.0375207699  -0.0606890912
       -0.0281383233  -0.0630527088   0.0261317088  -0.1061443972  -0.2205512714
       -0.0211223178   0.0212859859  -0.0466168837  -0.0011580648  -0.0008698207
        0.0007937038  -0.0008338156  -0.0010693022   0.0003304071  -0.0001481765
        0.0000061601   0.0001299642   0.0000421261  -0.0000357507   0.0001894786
        0.0004262574   0.0001751810   0.0001026803   0.0002419511   0.0001614990
        0.0001299103  -0.0000737921   0.0000027101   0.0000265533   0.0000700041
        0.0000371903   0.0000881209   0.0000443093   0.0000075589   0.0000190571
        0.0013255013  -0.0015482097  -0.0055960860
       -0.0776594307  -0.0197145433   0.0235756642   0.4521401293  -0.0191475714
       -0.0045740448  -0.1391677492   0.0970173246  -0.0148059320  -0.1398113333
       -0.0400975666  -0.0150328142  -0.0251953315  -0.0066684472  -0.0030932178
        0.0005744041  -0.0005991365  -0.0001480924  -0.0033056898   0.0017202268
        0.0012751697  -0.0481556761  -0.0019610943   0.0020055166  -0.0118368384
       -0.0198808223   0.0191247791  -0.0015362981  -0.0025037373   0.0038600836
        0.0060229083   0.0137399682  -0.0144583898  -0.0034680058  -0.0027621090
       -0.0027214393  -0.0056204558  -0.0031299164  -0.0004470732   0.0006334992
       -0.0004716143  -0.0003472647  -0.0000806386   0.0001833371  -0.0000324188
        0.0001034515   0.0009543859  -0.0001214363   0.0003415236  -0.0001305229
        0.0000458957  -0.0008236019  -0.0006496493  -0.0002421412   0.0000407320
        0.0001484386   0.0003877922   0.0000792694   0.0003974237  -0.0000503335
       -0.0032748685   0.0035556260   0.0057996970
       -0.0217229720  -0.1226395817   0.0579222476  -0.0191475714   0.4811824116
       -0.0245734564   0.0953698588  -0.1348980416   0.0174286391  -0.0321637304
       -0.0843583393  -0.0047021536   0.0066151335   0.0076699585   0.0041862324
       -0.0007115493   0.0005096554   0.0000282528   0.0025917113  -0.0009819171
       -0.0014248736   0.0024352567  -0.1191813106  -0.0744869101  -0.0074855099
       -0.0105554224   0.0100554580   0.0042739540   0.0075257776  -0.0106079068
       -0.0042361067  -0.0193357234   0.0181862053  -0.0041468006  -0.0009122582
       -0.0020908830  -0.0242283753  -0.0162011612  -0.0052419141   0.0000554604
        0.0003488401  -0.0004782501   0.0000937299  -0.0000294524   0.0001890117
        0.0005434783  -0.0009047000  -0.0000565435  -0.0000929192  -0.0001491789
        0.0000027646   0.0010768104   0.0004627225  -0.0000429109  -0.0001016522
       -0.0000079885   0.0001097085  -0.0000869408   0.0001559738  -0.0000596426
        0.0010687346   0.0122997358   0.0156569246
        0.0259016904   0.0615611344  -0.1211398070  -0.0045740448  -0.0245734564
        0.4346253645  -0.0159444268   0.0183289145  -0.0405939276  -0.0135085975
       -0.0078236222  -0.0626990458   0.0022535860   0.0058306430   0.0030586134
       -0.0001690855   0.0002180905  -0.0008090899   0.0020278879  -0.0012823927
       -0.0011979021   0.0089605978  -0.0505696010  -0.1553446677  -0.0007870357
       -0.0028485883   0.0040361188   0.0079456753   0.0137578849  -0.0212740956
       -0.0006476242   0.0060986023  -0.0042311417  -0.0228261303  -0.0128560369
       -0.0101031281   0.0084699614   0.0074790720   0.0036311908   0.0006978532
        0.0000981047  -0.0005937050  -0.0003445792  -0.0000995020  -0.0002616373
        0.0002178413  -0.0002797169   0.0007471181   0.0002635063  -0.0000528698
        0.0000158963   0.0010489761   0.0001641892   0.0002471540  -0.0000337403
        0.0000325461   0.0000576811  -0.0001158070   0.0000602743   0.0000599462
        0.0011634955  -0.0132436697  -0.0282309354
        0.0044074111  -0.0038901194   0.0010126936  -0.1391677492   0.0953698588
       -0.0159444268   0.1658692972  -0.1112243896   0.0106215122  -0.0279431093
        0.0151960566  -0.0039792803  -0.0035141027  -0.0026468358  -0.0026277343
        0.0001210180   0.0000587834   0.0000633310  -0.0013302312   0.0005540176
        0.0006192455   0.0001594754   0.0082339226   0.0096473673   0.0005594095
       -0.0004099141   0.0002868182   0.0001872957  -0.0001570934  -0.0003063014
        0.0007911393  -0.0009963736   0.0008539255  -0.0010738162  -0.0004046502
       -0.0005244475  -0.0000855441   0.0007181147   0.0004863748   0.0003113122
       -0.0000649070  -0.0001391920   0.0000000981  -0.0000599186   0.0000281344
       -0.0000097715  -0.0001951472   0.0000439848  -0.0000442770   0.0000133612
        0.0000297384  -0.0004480344  -0.0002015876  -0.0000065176   0.0000539388
        0.0000497249  -0.0000044570   0.0000399829  -0.0000125878   0.0000207165
        0.0011162575   0.0000696844  -0.0001814852
        0.0137729698  -0.0198599643   0.0081166327   0.0970173246  -0.1348980416
        0.0183289145  -0.1112243896   0.1743303850  -0.0103442235  -0.0080042153
        0.0043087582   0.0001528476  -0.0014730260   0.0002407412  -0.0005054947
        0.0000952421   0.0001826122  -0.0000290454  -0.0003107829   0.0001407061
        0.0000962985   0.0146203394  -0.0242228722  -0.0192573436   0.0002576961
       -0.0001135852  -0.0004257261   0.0002077586   0.0006961026  -0.0003553855
       -0.0015160443  -0.0032911372   0.0039407010   0.0002527255  -0.0001608521
        0.0000928380  -0.0020852361   0.0010946755  -0.0004549891  -0.0001208717
       -0.0001538845   0.0000162248  -0.0000761193  -0.0000551331   0.0000373996
       -0.0001431543   0.0000717520   0.0000313007   0.0000021836   0.0000290644
       -0.0000384513  -0.0000872784  -0.0000595118  -0.0000055846   0.0000297869
       -0.0000103755   0.0000764718   0.0000288265   0.0000486002  -0.0000354295
       -0.0012437353   0.0016819600   0.0005620442
       -0.0130029826   0.0200165963  -0.0054550868  -0.0148059320   0.0174286391
       -0.0405939276   0.0106215122  -0.0103442235   0.0610575017  -0.0051290100
        0.0037449510   0.0021481874  -0.0002021571  -0.0007682337  -0.0002593950
       -0.0000092076  -0.0000261331   0.0001939021  -0.0002823824   0.0001573391
        0.0002146136   0.0200982625  -0.0327010809  -0.0151211814  -0.0003775730
       -0.0005281684   0.0004898112  -0.0004909633   0.0004675447   0.0001641717
        0.0015341034   0.0040929963  -0.0032481273   0.0002020702  -0.0001688268
       -0.0001820075   0.0005642020   0.0000687613   0.0007855692  -0.0000909039
       -0.0001160997  -0.0001451141   0.0000858117   0.0000656587   0.0000435737
       -0.0000303703  -0.0000453000  -0.0002232700  -0.0000443068   0.0000076857
       -0.0000030199  -0.0001179284  -0.0000576122  -0.0000306986  -0.0000026531
        0.0000198914  -0.0000162549   0.0000191913  -0.0000061264   0.0000033558
        0.0014612172  -0.0013082590   0.0001773967
       -0.0100990886  -0.0085562965   0.0010368436  -0.1398113333  -0.0321637304
       -0.0135085975  -0.0279431093  -0.0080042153  -0.0051290100   0.4348862960
       -0.0024421966  -0.0010945033  -0.1361867739   0.0409875262   0.0344004015
       -0.0060475304   0.0069614322   0.0001851052  -0.0309247593   0.0063254715
        0.0087132844  -0.0000853038  -0.0065690146  -0.0088841789   0.0001411661
       -0.0013952330   0.0010935584   0.0001118905   0.0000514283  -0.0007025707
        0.0006474119   0.0003380241  -0.0003690238  -0.0414974121  -0.0009876649
       -0.0167940415  -0.0392652438   0.0036534146  -0.0029313300  -0.0016790281
        0.0020101445   0.0034682260   0.0004265597  -0.0006438786   0.0003148570
        0.0002811236  -0.0002972278   0.0000418564   0.0003875077   0.0008878299
       -0.0002180772  -0.0052922371  -0.0023086384  -0.0007579984   0.0008670061
        0.0008312761   0.0007823031   0.0003948514   0.0010776901   0.0000920280
        0.0006880066   0.0002438586   0.0002608677
       -0.0189460882  -0.0105215762  -0.0002428387  -0.0400975666  -0.0843583393
       -0.0078236222   0.0151960566   0.0043087582   0.0037449510  -0.0024421966
        0.4864005012  -0.0227183116   0.0473394272  -0.0888537845  -0.0210666216
        0.0233724900  -0.0169623135  -0.0063478176  -0.0112657099   0.0040939718
        0.0044528729  -0.0160562707  -0.0097748780  -0.0134884992  -0.0020218120
       -0.0023108659   0.0022991357   0.0002014113   0.0001036575  -0.0005314432
       -0.0001806885   0.0006935299  -0.0006479464  -0.0006895056  -0.0444277431
       -0.0169117600   0.0047235441  -0.2331784777   0.0815655283   0.0044162072
       -0.0018475016  -0.0031139194  -0.0000223233   0.0011305765  -0.0008624910
        0.0001401390   0.0004900993  -0.0003807463   0.0013342423  -0.0054029119
        0.0017708112  -0.0038771715  -0.0012171845  -0.0003216912  -0.0004040139
        0.0003375886   0.0003731023  -0.0015457542   0.0007500495   0.0000512053
        0.0008255833   0.0005468437   0.0002001017
        0.0145954875   0.0062470091   0.0017338028  -0.0150328142  -0.0047021536
       -0.0626990458  -0.0039792803   0.0001528476   0.0021481874  -0.0010945033
       -0.0227183116   0.5255445778   0.0355644973  -0.0202069563  -0.0841214763
       -0.0075025363   0.0037924040   0.0032314254  -0.0027376701   0.0017985759
        0.0015573458  -0.0246975359  -0.0228597237  -0.0202632036   0.0018408211
        0.0030799945  -0.0025484847   0.0007904367   0.0006159662   0.0002984901
        0.0001018690  -0.0003692102   0.0007148005  -0.0161842478  -0.0167165974
       -0.2719397537  -0.0022833902   0.0826378488  -0.0812273792   0.0258077689
       -0.0141816314  -0.0151708030  -0.0010477743   0.0007914594   0.0011056725
       -0.0000479186  -0.0000832381   0.0000919023  -0.0012372349   0.0026965228
       -0.0001555103  -0.0014994341  -0.0002676107   0.0005621095  -0.0012173192
        0.0001423190   0.0009426939   0.0001595045  -0.0000181592   0.0000995857
       -0.0002987259   0.0001686450   0.0000950628
       -0.0002653321   0.0002103971   0.0000605606  -0.0251953315   0.0066151335
        0.0022535860  -0.0035141027  -0.0014730260  -0.0002021571  -0.1361867739
        0.0473394272   0.0355644973   0.4571098084  -0.0029344844   0.0104033321
       -0.0654626214   0.0150247101  -0.0066736398  -0.1433899962  -0.0584794127
       -0.0223656780   0.0000181959   0.0017122223   0.0025421788   0.0001621899
       -0.0001984422   0.0001587818  -0.0000727520   0.0000396689  -0.0000093640
        0.0002938229  -0.0002643615  -0.0000937275  -0.0015825326   0.0009290748
        0.0035772100  -0.0049502090   0.0054744262   0.0016630573  -0.0424967253
       -0.0007733258  -0.0156747324  -0.0000241489  -0.0000124908  -0.0008142601
        0.0019960444  -0.0204072116   0.0075817329  -0.0068214026   0.0255112506
       -0.0096226946  -0.0253621925  -0.0135209997  -0.0043020026  -0.0050322159
       -0.0039057844  -0.0049644812   0.0009321475  -0.0006409764   0.0007619216
       -0.0001558725  -0.0002457951   0.0001558790
       -0.0002539559  -0.0005908937  -0.0004109257  -0.0066684472   0.0076699585
        0.0058306430  -0.0026468358   0.0002407412  -0.0007682337   0.0409875262
       -0.0888537845  -0.0202069563  -0.0029344844   0.4783883803   0.0069980518
        0.0162246025  -0.1723256931   0.0475680319  -0.0595404510  -0.1049016416
       -0.0158225383  -0.0001009917   0.0006552623   0.0000404694  -0.0001650208
       -0.0003063745   0.0001845022  -0.0000525303   0.0000246820   0.0000289285
       -0.0001737325  -0.0001868700   0.0000595444   0.0036224030  -0.0016635463
       -0.0036247938   0.0232200750  -0.0193700999  -0.0090745601  -0.0002257337
       -0.0431949905  -0.0209490488   0.0006022727  -0.0012686819   0.0041111855
        0.0001322381  -0.0220917023   0.0074445468   0.0054188582  -0.0142930857
        0.0045391039   0.0079875827   0.0055448263   0.0021049604  -0.0040907748
       -0.0029556157  -0.0038017646  -0.0213262046  -0.0202703785  -0.0044461059
       -0.0000163959  -0.0002504925   0.0001949595
       -0.0000696518   0.0002152596  -0.0002388806  -0.0030932178   0.0041862324
        0.0030586134  -0.0026277343  -0.0005054947  -0.0002593950   0.0344004015
       -0.0210666216  -0.0841214763   0.0104033321   0.0069980518   0.5355137358
       -0.0073706412   0.0486001031  -0.0902301173  -0.0234676967  -0.0167933505
       -0.0735065987  -0.0000805708  -0.0002813745   0.0000007542  -0.0002030537
       -0.0000374266   0.0000974139   0.0000135216  -0.0000946593   0.0000377127
        0.0001767435   0.0003663788  -0.0001481251   0.0249493572  -0.0159159563
       -0.0162611846  -0.0081617100   0.0061518316   0.0041943321  -0.0155139352
       -0.0215602898  -0.2607992659  -0.0044173181   0.0290432359  -0.0177377127
        0.0013313060  -0.0074628507   0.0033175990   0.0012125663  -0.0071190260
        0.0034168110   0.0088191830   0.0058516789   0.0021863340  -0.0248899668
       -0.0182976371  -0.0107948127   0.0092545006   0.0074008972   0.0023655129
       -0.0006654155   0.0003210180  -0.0000912501
        0.0003081803  -0.0009059498   0.0001212342   0.0005744041  -0.0007115493
       -0.0001690855   0.0001210180   0.0000952421  -0.0000092076  -0.0060475304
        0.0233724900  -0.0075025363  -0.0654626214   0.0162246025  -0.0073706412
        0.5213898471   0.0145824861  -0.0015684111  -0.0009539563  -0.0209417875
        0.0079063541  -0.0003275297   0.0003837930  -0.0003755701  -0.0003021720
        0.0003316583  -0.0000496732  -0.0002063246   0.0001727295  -0.0000811832
       -0.0016515771   0.0008938186   0.0005781151   0.0006161649  -0.0002821991
       -0.0007692415  -0.0039238797   0.0036712623   0.0014379952   0.0007738769
        0.0024284879  -0.0016035608  -0.0443696932  -0.0000810417   0.0064214531
       -0.1667583233  -0.1063335531  -0.0587067260  -0.2318413153   0.0729412583
        0.0613101570   0.0008276721  -0.0014042774   0.0001607704   0.0006680915
       -0.0000024819   0.0006087445  -0.0033410152  -0.0042667734  -0.0005260152
       -0.0000933167  -0.0001682156   0.0001870280
        0.0006131255  -0.0004684732  -0.0003948608  -0.0005991365   0.0005096554
        0.0002180905   0.0000587834   0.0001826122  -0.0000261331   0.0069614322
       -0.0169623135   0.0037924040   0.0150247101  -0.1723256931   0.0486001031
        0.0145824861   0.4671822691   0.0256554057  -0.0035173523  -0.0252361215
        0.0071977310   0.0002152472   0.0003092878   0.0001450507   0.0000728192
       -0.0000207839  -0.0000173832   0.0000655511  -0.0000186281  -0.0000251780
       -0.0002282717   0.0001539762   0.0004870722  -0.0007326365   0.0007366352
        0.0006413594   0.0023606316  -0.0012793906  -0.0007253963   0.0006453410
       -0.0030840930   0.0032841583  -0.0003602127  -0.0437180816  -0.0120852888
       -0.1073683005  -0.1336719782  -0.0519944552   0.0734406873  -0.0703723732
       -0.0248809277   0.0009506034   0.0006496321   0.0000587555   0.0008250527
        0.0006600970   0.0005938986  -0.0030273590  -0.0028756431  -0.0006017859
        0.0000167985  -0.0003505921   0.0000773802
       -0.0000911214   0.0002308073  -0.0006422984  -0.0001480924   0.0000282528
       -0.0008090899   0.0000633310  -0.0000290454   0.0001939021   0.0001851052
       -0.0063478176   0.0032314254  -0.0066736398   0.0475680319  -0.0902301173
       -0.0015684111   0.0256554057   0.5153048492   0.0008813419  -0.0028834872
        0.0021696160  -0.0005056643   0.0003032901   0.0005046946   0.0001270030
       -0.0001696458   0.0000347338   0.0001954172  -0.0002386937   0.0001190523
        0.0004394334  -0.0000992729   0.0005822632   0.0004106170  -0.0010714035
        0.0011624241   0.0017651069  -0.0018498624   0.0002622109  -0.0043190445
        0.0288968283  -0.0168615030   0.0065199764  -0.0119413250  -0.2802148194
       -0.0583269862  -0.0511073487  -0.0718970980   0.0618494270  -0.0246792686
       -0.0648372190  -0.0000741760   0.0000720070   0.0000805178  -0.0000757562
       -0.0008744230   0.0011086399  -0.0007933888  -0.0014218719   0.0007543143
        0.0001395218  -0.0000411574  -0.0000164986
       -0.0002652998  -0.0002674546  -0.0001089866  -0.0033056898   0.0025917113
        0.0020278879  -0.0013302312  -0.0003107829  -0.0002823824  -0.0309247593
       -0.0112657099  -0.0027376701  -0.1433899962  -0.0595404510  -0.0234676967
       -0.0009539563  -0.0035173523   0.0008813419   0.4794966998  -0.0336216879
       -0.0127379636   0.0006313780   0.0001928265   0.0001184691  -0.0000490852
       -0.0001487971   0.0001767498  -0.0000459028  -0.0000182112  -0.0000392546
       -0.0000857180   0.0000821941  -0.0000173264   0.0007302602  -0.0006272561
       -0.0006891307   0.0001362155  -0.0014823821  -0.0001746770  -0.0057676661
       -0.0049555272  -0.0034683115   0.0002709233   0.0005140126  -0.0000323975
        0.0006806261   0.0008304443  -0.0000160779   0.0011542497   0.0012389280
       -0.0002932344  -0.2051192155   0.0838517051   0.0749686653  -0.0455071518
       -0.0012046207  -0.0225259136  -0.0463325177   0.0276753668  -0.0117141308
       -0.0000231629  -0.0000169559   0.0001320398
        0.0002730122   0.0000536015   0.0001634032   0.0017202268  -0.0009819171
       -0.0012823927   0.0005540176   0.0001407061   0.0001573391   0.0063254715
        0.0040939718   0.0017985759  -0.0584794127  -0.1049016416  -0.0167933505
       -0.0209417875  -0.0252361215  -0.0028834872  -0.0336216879   0.5013098035
       -0.0089887291  -0.0001170320   0.0003123166   0.0003449424   0.0000914422
        0.0001444972  -0.0000582144  -0.0000562100   0.0000037567   0.0000296891
        0.0000190011   0.0000119386  -0.0000864389   0.0005156079   0.0003233421
        0.0002372381   0.0017541269   0.0012004666  -0.0002702623  -0.0058000469
       -0.0031291708  -0.0028596451  -0.0002320821   0.0006375520  -0.0006692295
       -0.0002680501  -0.0058193098   0.0023533845  -0.0015941038   0.0007021635
       -0.0002006780   0.0837876097  -0.0854052688  -0.0376173700  -0.0013213644
       -0.0459819682  -0.0211622952   0.0274195190  -0.2373881579   0.0878239193
       -0.0000282574  -0.0000905606  -0.0000363985
        0.0000484025   0.0000489256  -0.0000609580   0.0012751697  -0.0014248736
       -0.0011979021   0.0006192455   0.0000962985   0.0002146136   0.0087132844
        0.0044528729   0.0015573458  -0.0223656780  -0.0158225383  -0.0735065987
        0.0079063541   0.0071977310   0.0021696160  -0.0127379636  -0.0089887291
        0.5173779620  -0.0005673862   0.0003026390   0.0005147478   0.0000497695
        0.0000554702  -0.0000138063   0.0000032004  -0.0000144477   0.0001007931
       -0.0000334222   0.0000184417   0.0000315712   0.0010283870   0.0004997525
        0.0009472878  -0.0002556718   0.0000755179   0.0002963551  -0.0248251513
       -0.0180253596  -0.0098138360   0.0006807054   0.0006397972   0.0008599930
        0.0001911324   0.0026431500  -0.0001360395   0.0001356080  -0.0003394121
        0.0003306466   0.0748787739  -0.0377799166  -0.0785411073  -0.0230726614
       -0.0214335278  -0.2771322116  -0.0118508454   0.0878910085  -0.0840373521
        0.0001787474  -0.0000928002   0.0000388797
        0.0018781944   0.0025796589   0.0100599568  -0.0481556761   0.0024352567
        0.0089605978   0.0001594754   0.0146203394   0.0200982625  -0.0000853038
       -0.0160562707  -0.0246975359   0.0000181959  -0.0001009917  -0.0000805708
       -0.0003275297   0.0002152472  -0.0005056643   0.0006313780  -0.0001170320
       -0.0005673862   0.0638426105   0.0509713777  -0.0563910831   0.0005351055
        0.0008393858  -0.0005620033  -0.0002179905  -0.0012019838   0.0016118552
        0.0000224207  -0.0004817101   0.0001127273  -0.0042447399  -0.0028695662
       -0.0024300690  -0.0009349784  -0.0007642638  -0.0002122207  -0.0005980339
        0.0000950235  -0.0015409046  -0.0000861167  -0.0001565032  -0.0002824358
       -0.0001763578  -0.0008075464   0.0003495558  -0.0001842439  -0.0001603898
        0.0000289590   0.0001844221   0.0001515396   0.0000751845  -0.0001608163
       -0.0001410677  -0.0001824890   0.0000143643  -0.0000617713  -0.0000145007
       -0.0121143798  -0.0489887322   0.0461697644
       -0.0020914894   0.0120407433   0.0152412905  -0.0019610943  -0.1191813106
       -0.0505696010   0.0082339226  -0.0242228722  -0.0327010809  -0.0065690146
       -0.0097748780  -0.0228597237   0.0017122223   0.0006552623  -0.0002813745
        0.0003837930   0.0003092878   0.0003032901   0.0001928265   0.0003123166
        0.0003026390   0.0509713777   0.3665342675  -0.0903460509   0.0003678594
        0.0003470221  -0.0000220949  -0.0014353385  -0.0015853040   0.0043957527
       -0.0000316470   0.0008299353  -0.0005643696  -0.0032310526  -0.0027656956
       -0.0013495392  -0.0002376538  -0.0005473686  -0.0001245116  -0.0004859993
       -0.0001993587   0.0003486129   0.0000194841  -0.0001142291   0.0000772822
        0.0001454610   0.0002265966  -0.0001350299  -0.0001747094  -0.0000735968
       -0.0000444838  -0.0001667616   0.0001138450   0.0001295981   0.0001401664
       -0.0000559238  -0.0000041032   0.0000638657  -0.0001266834  -0.0000650243
       -0.0458462183  -0.2227220559   0.1782685220
        0.0046272696  -0.0097650392  -0.0375207699   0.0020055166  -0.0744869101
       -0.1553446677   0.0096473673  -0.0192573436  -0.0151211814  -0.0088841789
       -0.0134884992  -0.0202632036   0.0025421788   0.0000404694   0.0000007542
       -0.0003755701   0.0001450507   0.0005046946   0.0001184691   0.0003449424
        0.0005147478  -0.0563910831  -0.0903460509   0.4719930761   0.0000785101
       -0.0008672432   0.0015589562   0.0019907972   0.0039473928  -0.0059384381
       -0.0008906358  -0.0005876570   0.0014952064  -0.0033522318  -0.0035154616
       -0.0018130275   0.0001850069  -0.0009567928  -0.0003595348  -0.0001038792
        0.0001105471   0.0004743990   0.0000677920  -0.0000512910  -0.0002312901
       -0.0001570736   0.0003344242  -0.0002840061  -0.0001708617   0.0000778658
       -0.0000645713  -0.0002138377   0.0001505774   0.0000558867   0.0000941889
       -0.0001304789  -0.0000981742   0.0001560531  -0.0000822926  -0.0001342737
        0.0490262024   0.2083837901  -0.2394245826
       -0.2259387652  -0.0835062971  -0.0606890912  -0.0118368384  -0.0074855099
       -0.0007870357   0.0005594095   0.0002576961  -0.0003775730   0.0001411661
       -0.0020218120   0.0018408211   0.0001621899  -0.0001650208  -0.0002030537
       -0.0003021720   0.0000728192   0.0001270030  -0.0000490852   0.0000914422
        0.0000497695   0.0005351055   0.0003678594   0.0000785101   0.2605567302
        0.0992297174   0.0697921701   0.0016143894   0.0000941848  -0.0010281290
       -0.0249132695  -0.0069751097  -0.0087776309   0.0001594511   0.0001475240
        0.0003656448  -0.0006086452  -0.0004880518   0.0000785468  -0.0000131820
       -0.0000261829   0.0000163732   0.0001868781   0.0000448110   0.0001926015
       -0.0002814403  -0.0001330561  -0.0001875742  -0.0000428278  -0.0000506340
        0.0000644226  -0.0000480349   0.0000277884   0.0000082233   0.0000531774
        0.0000225179   0.0000239136   0.0000405144  -0.0000040972   0.0000012421
        0.0000252488   0.0004994108  -0.0005891539
       -0.0828725019  -0.0823852167  -0.0281383233  -0.0198808223  -0.0105554224
       -0.0028485883  -0.0004099141  -0.0001135852  -0.0005281684  -0.0013952330
       -0.0023108659   0.0030799945  -0.0001984422  -0.0003063745  -0.0000374266
        0.0003316583  -0.0000207839  -0.0001696458  -0.0001487971   0.0001444972
        0.0000554702   0.0008393858   0.0003470221  -0.0008672432   0.0992297174
        0.0951654369   0.0306024585  -0.0154763846  -0.0078590585  -0.0078325051
        0.0204834386   0.0083214020   0.0067099500   0.0002250474   0.0000037741
        0.0002977278  -0.0007466172  -0.0006170905  -0.0000035585   0.0000164610
       -0.0000226531   0.0000105852  -0.0000988297  -0.0001078696  -0.0000992335
        0.0000129631   0.0000792742   0.0001900618   0.0000768810   0.0000470166
       -0.0000296567  -0.0000628415   0.0000135619   0.0000054486   0.0000336522
       -0.0000106758   0.0000020190   0.0000296552   0.0000090450  -0.0000088724
        0.0000115236   0.0001785661  -0.0003904939
       -0.0611249069  -0.0288417512  -0.0630527088   0.0191247791   0.0100554580
        0.0040361188   0.0002868182  -0.0004257261   0.0004898112   0.0010935584
        0.0022991357  -0.0025484847   0.0001587818   0.0001845022   0.0000974139
       -0.0000496732  -0.0000173832   0.0000347338   0.0001767498  -0.0000582144
       -0.0000138063  -0.0005620033  -0.0000220949   0.0015589562   0.0697921701
        0.0306024585   0.0705978338  -0.0250245013  -0.0132132683  -0.0107402316
       -0.0046306797  -0.0013333223  -0.0007582702  -0.0000628534   0.0000492657
       -0.0000528603   0.0007465177   0.0006392230   0.0001821647  -0.0000417712
        0.0000426316   0.0000407274   0.0000677909  -0.0000052946   0.0000192891
       -0.0000424391  -0.0000328187  -0.0000390283  -0.0000195950   0.0000153369
        0.0000303709   0.0000269807   0.0000047387   0.0000194222   0.0000007348
        0.0000076309  -0.0000092934  -0.0000215891  -0.0000271459   0.0000143348
        0.0001051305   0.0000766386   0.0000935067
       -0.0464267792   0.0159257367   0.0261317088  -0.0015362981   0.0042739540
        0.0079456753   0.0001872957   0.0002077586  -0.0004909633   0.0001118905
        0.0002014113   0.0007904367  -0.0000727520  -0.0000525303   0.0000135216
       -0.0002063246   0.0000655511   0.0001954172  -0.0000459028  -0.0000562100
        0.0000032004  -0.0002179905  -0.0014353385   0.0019907972   0.0016143894
       -0.0154763846  -0.0250245013   0.0511947243  -0.0170169944  -0.0309329795
       -0.0038177968   0.0138777580   0.0192337910  -0.0009178883  -0.0007133260
        0.0001581426  -0.0000002789   0.0000595875  -0.0001482291   0.0001016055
       -0.0000010227  -0.0000997473  -0.0001065003   0.0000944380   0.0000242394
        0.0000589917  -0.0000644627  -0.0001385087  -0.0000142461  -0.0000914137
       -0.0000870637   0.0000410920  -0.0000019513  -0.0000190000  -0.0000493253
       -0.0000110264  -0.0000164721   0.0000026685   0.0000097640  -0.0000010124
        0.0000994252   0.0002047014   0.0004715470
        0.0162102067  -0.1035987870  -0.1061443972  -0.0025037373   0.0075257776
        0.0137578849  -0.0001570934   0.0006961026   0.0004675447   0.0000514283
        0.0001036575   0.0006159662   0.0000396689   0.0000246820  -0.0000946593
        0.0001727295  -0.0000186281  -0.0002386937  -0.0000182112   0.0000037567
       -0.0000144477  -0.0012019838  -0.0015853040   0.0039473928   0.0000941848
       -0.0078590585  -0.0132132683  -0.0170169944   0.1188359395   0.1205627231
        0.0047558540  -0.0146456425  -0.0211969944  -0.0004023334   0.0001056430
        0.0001984258   0.0000544561   0.0000053928   0.0001215689   0.0000414789
       -0.0000513880   0.0000691762   0.0000842291  -0.0000522528  -0.0000324799
       -0.0000944997   0.0000203239   0.0001298867   0.0000683028   0.0000380850
        0.0000752997   0.0000171879  -0.0000084286  -0.0000024464   0.0000170197
        0.0000181033   0.0000229445  -0.0000083081   0.0000083565   0.0000157713
       -0.0002035855   0.0004336690   0.0009528020
        0.0265565327  -0.1043183799  -0.2205512714   0.0038600836  -0.0106079068
       -0.0212740956  -0.0003063014  -0.0003553855   0.0001641717  -0.0007025707
       -0.0005314432   0.0002984901  -0.0000093640   0.0000289285   0.0000377127
       -0.0000811832  -0.0000251780   0.0001190523  -0.0000392546   0.0000296891
        0.0001007931   0.0016118552   0.0043957527  -0.0059384381  -0.0010281290
       -0.0078325051  -0.0107402316  -0.0309329795   0.1205627231   0.2568056735
        0.0005696895  -0.0008370315   0.0017126240   0.0005087211   0.0001633157
        0.0005065364  -0.0001880540  -0.0001063423   0.0000057858  -0.0001606745
       -0.0000074648   0.0000279698   0.0001224801  -0.0000131620   0.0000644392
        0.0000115460   0.0000428806  -0.0001177962  -0.0000782552   0.0000121719
        0.0000197074  -0.0000340374  -0.0000108742  -0.0000045882   0.0000318954
       -0.0000011517   0.0000432291  -0.0000032634   0.0000283248  -0.0000373386
        0.0002912635  -0.0006169614  -0.0012424256
       -0.1565361302   0.1231921743  -0.0211223178   0.0060229083  -0.0042361067
       -0.0006476242   0.0007911393  -0.0015160443   0.0015341034   0.0006474119
       -0.0001806885   0.0001018690   0.0002938229  -0.0001737325   0.0001767435
       -0.0016515771  -0.0002282717   0.0004394334  -0.0000857180   0.0000190011
       -0.0000334222   0.0000224207  -0.0000316470  -0.0008906358  -0.0249132695
        0.0204834386  -0.0046306797  -0.0038177968   0.0047558540   0.0005696895
        0.1818872238  -0.1424766796   0.0230368616   0.0001106641   0.0000486926
       -0.0000480903  -0.0000990086  -0.0000052090   0.0000039515   0.0000102274
        0.0000900526  -0.0000738549  -0.0010496310  -0.0003432558  -0.0005335020
       -0.0013054213   0.0006457028   0.0018404416  -0.0002352134   0.0001401843
        0.0000139507   0.0000009788  -0.0000001568   0.0000034634  -0.0000047493
       -0.0000251469  -0.0000022496   0.0000241234   0.0000790461  -0.0000164966
       -0.0001124054  -0.0002372075   0.0002783655
        0.1218426510  -0.1748875951   0.0212859859   0.0137399682  -0.0193357234
        0.0060986023  -0.0009963736  -0.0032911372   0.0040929963   0.0003380241
        0.0006935299  -0.0003692102  -0.0002643615  -0.0001868700   0.0003663788
        0.0008938186   0.0001539762  -0.0000992729   0.0000821941   0.0000119386
        0.0000184417  -0.0004817101   0.0008299353  -0.0005876570  -0.0069751097
        0.0083214020  -0.0013333223   0.0138777580  -0.0146456425  -0.0008370315
       -0.1424766796   0.2011231858  -0.0268042073  -0.0000911673  -0.0004662134
       -0.0003143775   0.0001713020   0.0003240975  -0.0003034326   0.0000436990
       -0.0000446959  -0.0000251207  -0.0004474035   0.0001507016  -0.0003435819
        0.0002331753   0.0007610214  -0.0000072358   0.0003290587   0.0000152719
       -0.0001930201   0.0000345535   0.0000277069   0.0000056733  -0.0000273824
       -0.0000479040  -0.0000517412   0.0000262902   0.0000015488  -0.0000149714
        0.0001476947   0.0004914655  -0.0005838956
       -0.0208676886   0.0214807700  -0.0466168837  -0.0144583898   0.0181862053
       -0.0042311417   0.0008539255   0.0039407010  -0.0032481273  -0.0003690238
       -0.0006479464   0.0007148005  -0.0000937275   0.0000595444  -0.0001481251
        0.0005781151   0.0004870722   0.0005822632  -0.0000173264  -0.0000864389
        0.0000315712   0.0001127273  -0.0005643696   0.0014952064  -0.0087776309
        0.0067099500  -0.0007582702   0.0192337910  -0.0211969944   0.0017126240
        0.0230368616  -0.0268042073   0.0511842394   0.0000428304  -0.0002129682
        0.0000546813  -0.0000755644  -0.0001861370  -0.0000216635   0.0000040951
        0.0000958259  -0.0001379472  -0.0003093081  -0.0001120063   0.0000278568
        0.0013972196  -0.0006834654  -0.0007411709  -0.0001552336  -0.0001601389
       -0.0001575857   0.0000094941  -0.0000083284  -0.0000154228  -0.0000390873
       -0.0000275925  -0.0000221047  -0.0000355567  -0.0000273474  -0.0000112993
       -0.0000705227  -0.0002421282   0.0003064994
        0.0007041270  -0.0002606695  -0.0011580648  -0.0034680058  -0.0041468006
       -0.0228261303  -0.0010738162   0.0002527255   0.0002020702  -0.0414974121
       -0.0006895056  -0.0161842478  -0.0015825326   0.0036224030   0.0249493572
        0.0006161649  -0.0007326365   0.0004106170   0.0007302602   0.0005156079
        0.0010283870  -0.0042447399  -0.0032310526  -0.0033522318   0.0001594511
        0.0002250474  -0.0000628534  -0.0009178883  -0.0004023334   0.0005087211
        0.0001106641  -0.0000911673   0.0000428304   0.0539185414   0.0027523391
        0.0165057921   0.0011983144   0.0001442468  -0.0015647035  -0.0042447910
        0.0023179728   0.0024806612   0.0000673190   0.0002498522  -0.0003300435
       -0.0000872775  -0.0001057737  -0.0001570741   0.0000845474  -0.0002125561
       -0.0000180593   0.0001878535  -0.0000561490  -0.0001948672  -0.0006159536
       -0.0000617312  -0.0003877098  -0.0000436639  -0.0000640139  -0.0000193277
       -0.0000011620  -0.0000258054   0.0001268770
        0.0000030913   0.0003971841  -0.0008698207  -0.0027621090  -0.0009122582
       -0.0128560369  -0.0004046502  -0.0001608521  -0.0001688268  -0.0009876649
       -0.0444277431  -0.0167165974   0.0009290748  -0.0016635463  -0.0159159563
       -0.0002821991   0.0007366352  -0.0010714035  -0.0006272561   0.0003233421
        0.0004997525  -0.0028695662  -0.0027656956  -0.0035154616   0.0001475240
        0.0000037741   0.0000492657  -0.0007133260   0.0001056430   0.0001633157
        0.0000486926  -0.0004662134  -0.0002129682   0.0027523391   0.0511693549
        0.0207552721   0.0021730813  -0.0007249320   0.0313797365   0.0026353917
       -0.0011352920  -0.0021052797   0.0003528752  -0.0002855910   0.0003407603
       -0.0000359039  -0.0001282836  -0.0000560485  -0.0001664104   0.0000595871
        0.0001512767  -0.0000498059  -0.0000922444  -0.0000256235  -0.0001359058
        0.0002129299  -0.0000359667   0.0001029888  -0.0001535238   0.0001843062
       -0.0001102611  -0.0000922749   0.0000263039
        0.0017009092   0.0010107717   0.0007937038  -0.0027214393  -0.0020908830
       -0.0101031281  -0.0005244475   0.0000928380  -0.0001820075  -0.0167940415
       -0.0169117600  -0.2719397537   0.0035772100  -0.0036247938  -0.0162611846
       -0.0007692415   0.0006413594   0.0011624241  -0.0006891307   0.0002372381
        0.0009472878  -0.0024300690  -0.0013495392  -0.0018130275   0.0003656448
        0.0002977278  -0.0000528603   0.0001581426   0.0001984258   0.0005065364
       -0.0000480903  -0.0003143775   0.0000546813   0.0165057921   0.0207552721
        0.3159350104  -0.0013809593   0.0027572522  -0.0187000092   0.0028027430
       -0.0016572508  -0.0012182625   0.0001619997  -0.0003399756   0.0004233542
        0.0000265815   0.0000167631  -0.0001796468  -0.0002083233   0.0001743448
        0.0000476145  -0.0002451745   0.0001176320   0.0001410638   0.0004689032
        0.0000430917   0.0004146501   0.0000064755   0.0000928517  -0.0003194310
        0.0000365153  -0.0001469884   0.0003429849
       -0.0035172600  -0.0026617769  -0.0008338156  -0.0056204558  -0.0242283753
        0.0084699614  -0.0000855441  -0.0020852361   0.0005642020  -0.0392652438
        0.0047235441  -0.0022833902  -0.0049502090   0.0232200750  -0.0081617100
       -0.0039238797   0.0023606316   0.0017651069   0.0001362155   0.0017541269
       -0.0002556718  -0.0009349784  -0.0002376538   0.0001850069  -0.0006086452
       -0.0007466172   0.0007465177  -0.0000002789   0.0000544561  -0.0001880540
       -0.0000990086   0.0001713020  -0.0000755644   0.0011983144   0.0021730813
       -0.0013809593   0.0584038104  -0.0048792367   0.0017767456   0.0006178498
       -0.0000930156  -0.0002868684  -0.0000400505  -0.0001928123   0.0001947690
       -0.0001305815  -0.0001560532   0.0000258323  -0.0004328618   0.0014431014
       -0.0003684324   0.0001545216  -0.0001169511  -0.0000401001  -0.0000707963
       -0.0000445888  -0.0001223343  -0.0011380630  -0.0005291727   0.0004241719
        0.0003071448   0.0000711713  -0.0001554133
       -0.0030296081  -0.0008508063  -0.0010693022  -0.0031299164  -0.0162011612
        0.0074790720   0.0007181147   0.0010946755   0.0000687613   0.0036534146
       -0.2331784777   0.0826378488   0.0054744262  -0.0193700999   0.0061518316
        0.0036712623  -0.0012793906  -0.0018498624  -0.0014823821   0.0012004666
        0.0000755179  -0.0007642638  -0.0005473686  -0.0009567928  -0.0004880518
       -0.0006170905   0.0006392230   0.0000595875   0.0000053928  -0.0001063423
       -0.0000052090   0.0003240975  -0.0001861370   0.0001442468  -0.0007249320
        0.0027572522  -0.0048792367   0.2707036020  -0.0955956042  -0.0003095417
       -0.0000267773   0.0000743462  -0.0000727388   0.0001766735  -0.0002631200
        0.0000146188   0.0001508762   0.0000675832   0.0004487181  -0.0012681502
        0.0003581172  -0.0002926700   0.0000432841   0.0000117082   0.0001257953
       -0.0001570677   0.0001038992   0.0002141348   0.0004987251  -0.0000914927
       -0.0000707006   0.0000235286  -0.0003065070
        0.0000376464  -0.0001163004   0.0003304071  -0.0004470732  -0.0052419141
        0.0036311908   0.0004863748  -0.0004549891   0.0007855692  -0.0029313300
        0.0815655283  -0.0812273792   0.0016630573  -0.0090745601   0.0041943321
        0.0014379952  -0.0007253963   0.0002622109  -0.0001746770  -0.0002702623
        0.0002963551  -0.0002122207  -0.0001245116  -0.0003595348   0.0000785468
       -0.0000035585   0.0001821647  -0.0001482291   0.0001215689   0.0000057858
        0.0000039515  -0.0003034326  -0.0000216635  -0.0015647035   0.0313797365
       -0.0187000092   0.0017767456  -0.0955956042   0.0902124438   0.0000114747
       -0.0004923632   0.0003608019   0.0001271362  -0.0001164218   0.0001116233
       -0.0000247403   0.0000027870  -0.0000855753   0.0001020026  -0.0004032016
        0.0003071176  -0.0000225635  -0.0001742775  -0.0001171452  -0.0000657635
        0.0002093636  -0.0003435759  -0.0000689905  -0.0000546060   0.0003353829
       -0.0000646397  -0.0001275850  -0.0001605021
       -0.0000763231  -0.0001283005  -0.0001481765   0.0006334992   0.0000554604
        0.0006978532   0.0003113122  -0.0001208717  -0.0000909039  -0.0016790281
        0.0044162072   0.0258077689  -0.0424967253  -0.0002257337  -0.0155139352
        0.0007738769   0.0006453410  -0.0043190445  -0.0057676661  -0.0058000469
       -0.0248251513  -0.0005980339  -0.0004859993  -0.0001038792  -0.0000131820
        0.0000164610  -0.0000417712   0.0001016055   0.0000414789  -0.0001606745
        0.0000102274   0.0000436990   0.0000040951  -0.0042447910   0.0026353917
        0.0028027430   0.0006178498  -0.0003095417   0.0000114747   0.0564958524
        0.0010802451   0.0194064208   0.0004109141   0.0007063805  -0.0003343243
        0.0001645364  -0.0003340950   0.0005761070  -0.0001495865   0.0000546363
       -0.0003524301   0.0003561343   0.0001942872  -0.0005907515  -0.0039708227
       -0.0034100139  -0.0021415420   0.0005390087   0.0004560785   0.0000152081
       -0.0014186582   0.0004689363  -0.0006990865
       -0.0001060893   0.0000510734   0.0000061601  -0.0004716143   0.0003488401
        0.0000981047  -0.0000649070  -0.0001538845  -0.0001160997   0.0020101445
       -0.0018475016  -0.0141816314  -0.0007733258  -0.0431949905  -0.0215602898
        0.0024284879  -0.0030840930   0.0288968283  -0.0049555272  -0.0031291708
       -0.0180253596   0.0000950235  -0.0001993587   0.0001105471  -0.0000261829
       -0.0000226531   0.0000426316  -0.0000010227  -0.0000513880  -0.0000074648
        0.0000900526  -0.0000446959   0.0000958259   0.0023179728  -0.0011352920
       -0.0016572508  -0.0000930156  -0.0000267773  -0.0004923632   0.0010802451
        0.0575007131   0.0240563372   0.0010767166  -0.0052160972   0.0036927267
        0.0000048144   0.0007127898   0.0006568919  -0.0000782056   0.0004228543
        0.0001521280   0.0005480693   0.0003747102   0.0002055635  -0.0032630396
       -0.0019067644  -0.0015220324   0.0002005947   0.0000561433  -0.0005201631
       -0.0000191914   0.0005455430   0.0000689100
        0.0001742683  -0.0000805796   0.0001299642  -0.0003472647  -0.0004782501
       -0.0005937050  -0.0001391920   0.0000162248  -0.0001451141   0.0034682260
       -0.0031139194  -0.0151708030  -0.0156747324  -0.0209490488  -0.2607992659
       -0.0016035608   0.0032841583  -0.0168615030  -0.0034683115  -0.0028596451
       -0.0098138360  -0.0015409046   0.0003486129   0.0004743990   0.0000163732
        0.0000105852   0.0000407274  -0.0000997473   0.0000691762   0.0000279698
       -0.0000738549  -0.0000251207  -0.0001379472   0.0024806612  -0.0021052797
       -0.0012182625  -0.0002868684   0.0000743462   0.0003608019   0.0194064208
        0.0240563372   0.3034236427  -0.0007866813   0.0036368505  -0.0014192092
        0.0002883699  -0.0003795685   0.0004540629  -0.0002146612  -0.0001925398
        0.0001519905   0.0000442497   0.0003815514   0.0003330936  -0.0020709757
       -0.0015628270  -0.0001449713   0.0003569404  -0.0000623839   0.0003280454
        0.0000712454  -0.0000686800   0.0005799198
       -0.0001552839   0.0001451095   0.0000421261  -0.0000806386   0.0000937299
       -0.0003445792   0.0000000981  -0.0000761193   0.0000858117   0.0004265597
       -0.0000223233  -0.0010477743  -0.0000241489   0.0006022727  -0.0044173181
       -0.0443696932  -0.0003602127   0.0065199764   0.0002709233  -0.0002320821
        0.0006807054  -0.0000861167   0.0000194841   0.0000677920   0.0001868781
       -0.0000988297   0.0000677909  -0.0001065003   0.0000842291   0.0001224801
       -0.0010496310  -0.0004474035  -0.0003093081   0.0000673190   0.0003528752
        0.0001619997  -0.0000400505  -0.0000727388   0.0001271362   0.0004109141
        0.0010767166  -0.0007866813   0.0486288092  -0.0009284076  -0.0073910975
       -0.0004146522  -0.0031412433  -0.0246870800  -0.0035342814   0.0031713510
        0.0311988271  -0.0001113373   0.0001136776   0.0001288666   0.0000377517
       -0.0003258398  -0.0001165489  -0.0000720489   0.0000328074  -0.0001271688
        0.0000151296   0.0000129470   0.0000240442
       -0.0000400673   0.0001742434  -0.0000357507   0.0001833371  -0.0000294524
       -0.0000995020  -0.0000599186  -0.0000551331   0.0000656587  -0.0006438786
        0.0011305765   0.0007914594  -0.0000124908  -0.0012686819   0.0290432359
       -0.0000810417  -0.0437180816  -0.0119413250   0.0005140126   0.0006375520
        0.0006397972  -0.0001565032  -0.0001142291  -0.0000512910   0.0000448110
       -0.0001078696  -0.0000052946   0.0000944380  -0.0000522528  -0.0000131620
       -0.0003432558   0.0001507016  -0.0001120063   0.0002498522  -0.0002855910
       -0.0003399756  -0.0001928123   0.0001766735  -0.0001164218   0.0007063805
       -0.0052160972   0.0036368505  -0.0009284076   0.0508284201   0.0114552321
       -0.0004241612  -0.0017623281  -0.0208056635   0.0012227559  -0.0003466202
       -0.0115581133  -0.0000061530  -0.0001051674  -0.0000776724  -0.0001751864
       -0.0002294284  -0.0002511762   0.0000056494   0.0001050221  -0.0001987631
        0.0000426399   0.0000877437  -0.0000261163
        0.0003287314   0.0001319018   0.0001894786  -0.0000324188   0.0001890117
       -0.0002616373   0.0000281344   0.0000373996   0.0000435737   0.0003148570
       -0.0008624910   0.0011056725  -0.0008142601   0.0041111855  -0.0177377127
        0.0064214531  -0.0120852888  -0.2802148194  -0.0000323975  -0.0006692295
        0.0008599930  -0.0002824358   0.0000772822  -0.0002312901   0.0001926015
       -0.0000992335   0.0000192891   0.0000242394  -0.0000324799   0.0000644392
       -0.0005335020  -0.0003435819   0.0000278568  -0.0003300435   0.0003407603
        0.0004233542   0.0001947690  -0.0002631200   0.0001116233  -0.0003343243
        0.0036927267  -0.0014192092  -0.0073910975   0.0114552321   0.3261425358
       -0.0013647677  -0.0031991975  -0.0152357684   0.0032751631  -0.0024374308
       -0.0142680550   0.0000298105  -0.0000400754  -0.0002475830   0.0001977712
        0.0003768077   0.0003699682  -0.0000090675  -0.0002073294   0.0001227491
        0.0001167839  -0.0001728499   0.0001355416
       -0.0014117800   0.0006412938   0.0004262574   0.0001034515   0.0005434783
        0.0002178413  -0.0000097715  -0.0001431543  -0.0000303703   0.0002811236
        0.0001401390  -0.0000479186   0.0019960444   0.0001322381   0.0013313060
       -0.1667583233  -0.1073683005  -0.0583269862   0.0006806261  -0.0002680501
        0.0001911324  -0.0001763578   0.0001454610  -0.0001570736  -0.0002814403
        0.0000129631  -0.0000424391   0.0000589917  -0.0000944997   0.0000115460
       -0.0013054213   0.0002331753   0.0013972196  -0.0000872775  -0.0000359039
        0.0000265815  -0.0001305815   0.0000146188  -0.0000247403   0.0001645364
        0.0000048144   0.0002883699  -0.0004146522  -0.0004241612  -0.0013647677
        0.1946096100   0.1242223624   0.0657839132  -0.0277082592  -0.0177284266
       -0.0096819480   0.0002218569   0.0000647347  -0.0001569722   0.0000149473
        0.0001656502   0.0002083676   0.0001458565  -0.0001063925  -0.0000356240
        0.0000068202  -0.0001520403  -0.0000136950
       -0.0001768147   0.0001235610   0.0001751810   0.0009543859  -0.0009047000
       -0.0002797169  -0.0001951472   0.0000717520  -0.0000453000  -0.0002972278
        0.0004900993  -0.0000832381  -0.0204072116  -0.0220917023  -0.0074628507
       -0.1063335531  -0.1336719782  -0.0511073487   0.0008304443  -0.0058193098
        0.0026431500  -0.0008075464   0.0002265966   0.0003344242  -0.0001330561
        0.0000792742  -0.0000328187  -0.0000644627   0.0000203239   0.0000428806
        0.0006457028   0.0007610214  -0.0006834654  -0.0001057737  -0.0001282836
        0.0000167631  -0.0001560532   0.0001508762   0.0000027870  -0.0003340950
        0.0007127898  -0.0003795685  -0.0031412433  -0.0017623281  -0.0031991975
        0.1242223624   0.1565751124   0.0571290281   0.0061982600   0.0063869172
        0.0027714158   0.0002493856   0.0000263018   0.0000320638   0.0002064604
        0.0001236802   0.0001932957  -0.0013907950  -0.0014822027  -0.0001203428
        0.0002359784   0.0001121988   0.0000528581
        0.0004221135  -0.0004876858   0.0001026803  -0.0001214363  -0.0000565435
        0.0007471181   0.0000439848   0.0000313007  -0.0002232700   0.0000418564
       -0.0003807463   0.0000919023   0.0075817329   0.0074445468   0.0033175990
       -0.0587067260  -0.0519944552  -0.0718970980  -0.0000160779   0.0023533845
       -0.0001360395   0.0003495558  -0.0001350299  -0.0002840061  -0.0001875742
        0.0001900618  -0.0000390283  -0.0001385087   0.0001298867  -0.0001177962
        0.0018404416  -0.0000072358  -0.0007411709  -0.0001570741  -0.0000560485
       -0.0001796468   0.0000258323   0.0000675832  -0.0000855753   0.0005761070
        0.0006568919   0.0004540629  -0.0246870800  -0.0208056635  -0.0152357684
        0.0657839132   0.0571290281   0.0807042486   0.0070250491   0.0049880459
        0.0034480368  -0.0000528264  -0.0000053260  -0.0000805385   0.0000670289
        0.0001663420   0.0000387862   0.0004310221   0.0005611695   0.0002353491
       -0.0001213341   0.0002104933  -0.0001198453
       -0.0002049937  -0.0001836326   0.0002419511   0.0003415236  -0.0000929192
        0.0002635063  -0.0000442770   0.0000021836  -0.0000443068   0.0003875077
        0.0013342423  -0.0012372349  -0.0068214026   0.0054188582   0.0012125663
       -0.2318413153   0.0734406873   0.0618494270   0.0011542497  -0.0015941038
        0.0001356080  -0.0001842439  -0.0001747094  -0.0001708617  -0.0000428278
        0.0000768810  -0.0000195950  -0.0000142461   0.0000683028  -0.0000782552
       -0.0002352134   0.0003290587  -0.0001552336   0.0000845474  -0.0001664104
       -0.0002083233  -0.0004328618   0.0004487181   0.0001020026  -0.0001495865
       -0.0000782056  -0.0002146612  -0.0035342814   0.0012227559   0.0032751631
       -0.0277082592   0.0061982600   0.0070250491   0.2691008389  -0.0861058367
       -0.0721620850   0.0003175234  -0.0001919141   0.0000452040  -0.0001040270
        0.0001344809   0.0000835960  -0.0000960455  -0.0002415500   0.0000168057
        0.0000273905   0.0001548531   0.0000396775
       -0.0002370412   0.0000850546   0.0001614990  -0.0001305229  -0.0001491789
       -0.0000528698   0.0000133612   0.0000290644   0.0000076857   0.0008878299
       -0.0054029119   0.0026965228   0.0255112506  -0.0142930857  -0.0071190260
        0.0729412583  -0.0703723732  -0.0246792686   0.0012389280   0.0007021635
       -0.0003394121  -0.0001603898  -0.0000735968   0.0000778658  -0.0000506340
        0.0000470166   0.0000153369  -0.0000914137   0.0000380850   0.0000121719
        0.0001401843   0.0000152719  -0.0001601389  -0.0002125561   0.0000595871
        0.0001743448   0.0014431014  -0.0012681502  -0.0004032016   0.0000546363
        0.0004228543  -0.0001925398   0.0031713510  -0.0003466202  -0.0024374308
       -0.0177284266   0.0063869172   0.0049880459  -0.0861058367   0.0845734898
        0.0270947858  -0.0007892672  -0.0007262227   0.0004306524   0.0000006324
       -0.0001495305  -0.0001682790   0.0000517462   0.0003221222  -0.0000510980
        0.0000518084   0.0001000434  -0.0000556464
        0.0000808010   0.0001002200   0.0001299103   0.0000458957   0.0000027646
        0.0000158963   0.0000297384  -0.0000384513  -0.0000030199  -0.0002180772
        0.0017708112  -0.0001555103  -0.0096226946   0.0045391039   0.0034168110
        0.0613101570  -0.0248809277  -0.0648372190  -0.0002932344  -0.0002006780
        0.0003306466   0.0000289590  -0.0000444838  -0.0000645713   0.0000644226
       -0.0000296567   0.0000303709  -0.0000870637   0.0000752997   0.0000197074
        0.0000139507  -0.0001930201  -0.0001575857  -0.0000180593   0.0001512767
        0.0000476145  -0.0003684324   0.0003581172   0.0003071176  -0.0003524301
        0.0001521280   0.0001519905   0.0311988271  -0.0115581133  -0.0142680550
       -0.0096819480   0.0027714158   0.0034480368  -0.0721620850   0.0270947858
        0.0717383366   0.0000395688   0.0000618935   0.0002681376   0.0001770958
       -0.0001631057  -0.0002949440  -0.0001433505  -0.0000104043  -0.0001203068
       -0.0000420409   0.0000410246  -0.0000033642
       -0.0001704979  -0.0001010607  -0.0000737921  -0.0008236019   0.0010768104
        0.0010489761  -0.0004480344  -0.0000872784  -0.0001179284  -0.0052922371
       -0.0038771715  -0.0014994341  -0.0253621925   0.0079875827   0.0088191830
        0.0008276721   0.0009506034  -0.0000741760  -0.2051192155   0.0837876097
        0.0748787739   0.0001844221  -0.0001667616  -0.0002138377  -0.0000480349
       -0.0000628415   0.0000269807   0.0000410920   0.0000171879  -0.0000340374
        0.0000009788   0.0000345535   0.0000094941   0.0001878535  -0.0000498059
       -0.0002451745   0.0001545216  -0.0002926700  -0.0000225635   0.0003561343
        0.0005480693   0.0000442497  -0.0001113373  -0.0000061530   0.0000298105
        0.0002218569   0.0002493856  -0.0000528264   0.0003175234  -0.0007892672
        0.0000395688   0.2402871491  -0.0958859478  -0.0866006951   0.0007366394
        0.0006563373   0.0017420662  -0.0059225982   0.0059512888   0.0022394934
       -0.0000180935   0.0000595290   0.0000558685
       -0.0000305337   0.0000178534   0.0000027101  -0.0006496493   0.0004627225
        0.0001641892  -0.0002015876  -0.0000595118  -0.0000576122  -0.0023086384
       -0.0012171845  -0.0002676107  -0.0135209997   0.0055448263   0.0058516789
       -0.0014042774   0.0006496321   0.0000720070   0.0838517051  -0.0854052688
       -0.0377799166   0.0001515396   0.0001138450   0.0001505774   0.0000277884
        0.0000135619   0.0000047387  -0.0000019513  -0.0000084286  -0.0000108742
       -0.0000001568   0.0000277069  -0.0000083284  -0.0000561490  -0.0000922444
        0.0001176320  -0.0001169511   0.0000432841  -0.0001742775   0.0001942872
        0.0003747102   0.0003815514   0.0001136776  -0.0001051674  -0.0000400754
        0.0000647347   0.0000263018  -0.0000053260  -0.0001919141  -0.0007262227
        0.0000618935  -0.0958859478   0.0989533344   0.0446433910   0.0034639342
       -0.0014528303  -0.0025426856   0.0265155833  -0.0171332043  -0.0105219040
       -0.0000144940  -0.0000277160  -0.0000417586
       -0.0000122009  -0.0000357386   0.0000265533  -0.0002421412  -0.0000429109
        0.0002471540  -0.0000065176  -0.0000055846  -0.0000306986  -0.0007579984
       -0.0003216912   0.0005621095  -0.0043020026   0.0021049604   0.0021863340
        0.0001607704   0.0000587555   0.0000805178   0.0749686653  -0.0376173700
       -0.0785411073   0.0000751845   0.0001295981   0.0000558867   0.0000082233
        0.0000054486   0.0000194222  -0.0000190000  -0.0000024464  -0.0000045882
        0.0000034634   0.0000056733  -0.0000154228  -0.0001948672  -0.0000256235
        0.0001410638  -0.0000401001   0.0000117082  -0.0001171452  -0.0005907515
        0.0002055635   0.0003330936   0.0001288666  -0.0000776724  -0.0002475830
       -0.0001569722   0.0000320638  -0.0000805385   0.0000452040   0.0004306524
        0.0002681376  -0.0866006951   0.0446433910   0.0877401726   0.0279070365
       -0.0157840077  -0.0175221499  -0.0103372231   0.0063187906   0.0048877731
       -0.0000369439  -0.0000335600   0.0000110153
        0.0000374133  -0.0000137758   0.0000700041   0.0000407320  -0.0001016522
       -0.0000337403   0.0000539388   0.0000297869  -0.0000026531   0.0008670061
       -0.0004040139  -0.0012173192  -0.0050322159  -0.0040907748  -0.0248899668
        0.0006680915   0.0008250527  -0.0000757562  -0.0455071518  -0.0013213644
       -0.0230726614  -0.0001608163   0.0001401664   0.0000941889   0.0000531774
        0.0000336522   0.0000007348  -0.0000493253   0.0000170197   0.0000318954
       -0.0000047493  -0.0000273824  -0.0000390873  -0.0006159536  -0.0001359058
        0.0004689032  -0.0000707963   0.0001257953  -0.0000657635  -0.0039708227
       -0.0032630396  -0.0020709757   0.0000377517  -0.0001751864   0.0001977712
        0.0000149473   0.0002064604   0.0000670289  -0.0001040270   0.0000006324
        0.0001770958   0.0007366394   0.0034639342   0.0279070365   0.0528451829
        0.0040875017   0.0280507189   0.0001403180   0.0006728691  -0.0056281054
        0.0000206596  -0.0000697758   0.0000306516
       -0.0000128140   0.0000110508   0.0000371903   0.0001484386  -0.0000079885
        0.0000325461   0.0000497249  -0.0000103755   0.0000198914   0.0008312761
        0.0003375886   0.0001423190  -0.0039057844  -0.0029556157  -0.0182976371
       -0.0000024819   0.0006600970  -0.0008744230  -0.0012046207  -0.0459819682
       -0.0214335278  -0.0001410677  -0.0000559238  -0.0001304789   0.0000225179
       -0.0000106758   0.0000076309  -0.0000110264   0.0000181033  -0.0000011517
       -0.0000251469  -0.0000479040  -0.0000275925  -0.0000617312   0.0002129299
        0.0000430917  -0.0000445888  -0.0001570677   0.0002093636  -0.0034100139
       -0.0019067644  -0.0015628270  -0.0003258398  -0.0002294284   0.0003768077
        0.0001656502   0.0001236802   0.0001663420   0.0001344809  -0.0001495305
       -0.0001631057   0.0006563373  -0.0014528303  -0.0157840077   0.0040875017
        0.0514152268   0.0261281571   0.0030476250   0.0002098252   0.0310663950
        0.0000015629  -0.0000224294   0.0000450168
        0.0000575401   0.0000426408   0.0000881209   0.0003877922   0.0001097085
        0.0000576811  -0.0000044570   0.0000764718  -0.0000162549   0.0007823031
        0.0003731023   0.0009426939  -0.0049644812  -0.0038017646  -0.0107948127
        0.0006087445   0.0005938986   0.0011086399  -0.0225259136  -0.0211622952
       -0.2771322116  -0.0001824890  -0.0000041032  -0.0000981742   0.0000239136
        0.0000020190  -0.0000092934  -0.0000164721   0.0000229445   0.0000432291
       -0.0000022496  -0.0000517412  -0.0000221047  -0.0003877098  -0.0000359667
        0.0004146501  -0.0001223343   0.0001038992  -0.0003435759  -0.0021415420
       -0.0015220324  -0.0001449713  -0.0001165489  -0.0002511762   0.0003699682
        0.0002083676   0.0001932957   0.0000387862   0.0000835960  -0.0001682790
       -0.0002949440   0.0017420662  -0.0025426856  -0.0175221499   0.0280507189
        0.0261281571   0.3219078079  -0.0015910666   0.0019578402  -0.0186547363
        0.0001102218  -0.0000639333   0.0000616514
       -0.0000278517   0.0000508283   0.0000443093   0.0000792694  -0.0000869408
       -0.0001158070   0.0000399829   0.0000288265   0.0000191913   0.0003948514
       -0.0015457542   0.0001595045   0.0009321475  -0.0213262046   0.0092545006
       -0.0033410152  -0.0030273590  -0.0007933888  -0.0463325177   0.0274195190
       -0.0118508454   0.0000143643   0.0000638657   0.0001560531   0.0000405144
        0.0000296552  -0.0000215891   0.0000026685  -0.0000083081  -0.0000032634
        0.0000241234   0.0000262902  -0.0000355567  -0.0000436639   0.0001029888
        0.0000064755  -0.0011380630   0.0002141348  -0.0000689905   0.0005390087
        0.0002005947   0.0003569404  -0.0000720489   0.0000056494  -0.0000090675
        0.0001458565  -0.0013907950   0.0004310221  -0.0000960455   0.0000517462
       -0.0001433505  -0.0059225982   0.0265155833  -0.0103372231   0.0001403180
        0.0030476250  -0.0015910666   0.0546330563  -0.0303464256   0.0146117645
       -0.0000123573  -0.0000255200  -0.0000696126
       -0.0000467265   0.0001209141   0.0000075589   0.0003974237   0.0001559738
        0.0000602743  -0.0000125878   0.0000486002  -0.0000061264   0.0010776901
        0.0007500495  -0.0000181592  -0.0006409764  -0.0202703785   0.0074008972
       -0.0042667734  -0.0028756431  -0.0014218719   0.0276753668  -0.2373881579
        0.0878910085  -0.0000617713  -0.0001266834  -0.0000822926  -0.0000040972
        0.0000090450  -0.0000271459   0.0000097640   0.0000083565   0.0000283248
        0.0000790461   0.0000015488  -0.0000273474  -0.0000640139  -0.0001535238
        0.0000928517  -0.0005291727   0.0004987251  -0.0000546060   0.0004560785
        0.0000561433  -0.0000623839   0.0000328074   0.0001050221  -0.0002073294
       -0.0001063925  -0.0014822027   0.0005611695  -0.0002415500   0.0003221222
       -0.0000104043   0.0059512888  -0.0171332043   0.0063187906   0.0006728691
        0.0002098252   0.0019578402  -0.0303464256   0.2770914473  -0.1023419002
       -0.0000318474   0.0000520203  -0.0000591485
       -0.0000101744  -0.0000242391   0.0000190571  -0.0000503335  -0.0000596426
        0.0000599462   0.0000207165  -0.0000354295   0.0000033558   0.0000920280
        0.0000512053   0.0000995857   0.0007619216  -0.0044461059   0.0023655129
       -0.0005260152  -0.0006017859   0.0007543143  -0.0117141308   0.0878239193
       -0.0840373521  -0.0000145007  -0.0000650243  -0.0001342737   0.0000012421
       -0.0000088724   0.0000143348  -0.0000010124   0.0000157713  -0.0000373386
       -0.0000164966  -0.0000149714  -0.0000112993  -0.0000193277   0.0001843062
       -0.0003194310   0.0004241719  -0.0000914927   0.0003353829   0.0000152081
       -0.0005201631   0.0003280454  -0.0001271688  -0.0001987631   0.0001227491
       -0.0000356240  -0.0001203428   0.0002353491   0.0000168057  -0.0000510980
       -0.0001203068   0.0022394934  -0.0105219040   0.0048877731  -0.0056281054
        0.0310663950  -0.0186547363   0.0146117645  -0.1023419002   0.0940336284
       -0.0000404622  -0.0000398620   0.0000557030
        0.0002931949   0.0003430335   0.0013255013  -0.0032748685   0.0010687346
        0.0011634955   0.0011162575  -0.0012437353   0.0014612172   0.0006880066
        0.0008255833  -0.0002987259  -0.0001558725  -0.0000163959  -0.0006654155
       -0.0000933167   0.0000167985   0.0001395218  -0.0000231629  -0.0000282574
        0.0001787474  -0.0121143798  -0.0458462183   0.0490262024   0.0000252488
        0.0000115236   0.0001051305   0.0000994252  -0.0002035855   0.0002912635
       -0.0001124054   0.0001476947  -0.0000705227  -0.0000011620  -0.0001102611
        0.0000365153   0.0003071448  -0.0000707006  -0.0000646397  -0.0014186582
       -0.0000191914   0.0000712454   0.0000151296   0.0000426399   0.0001167839
        0.0000068202   0.0002359784  -0.0001213341   0.0000273905   0.0000518084
       -0.0000420409  -0.0000180935  -0.0000144940  -0.0000369439   0.0000206596
        0.0000015629   0.0001102218  -0.0000123573  -0.0000318474  -0.0000404622
        0.0146249993   0.0448393291  -0.0526857612
       -0.0002499990  -0.0005266355  -0.0015482097   0.0035556260   0.0122997358
       -0.0132436697   0.0000696844   0.0016819600  -0.0013082590   0.0002438586
        0.0005468437   0.0001686450  -0.0002457951  -0.0002504925   0.0003210180
       -0.0001682156  -0.0003505921  -0.0000411574  -0.0000169559  -0.0000905606
       -0.0000928002  -0.0489887322  -0.2227220559   0.2083837901   0.0004994108
        0.0001785661   0.0000766386   0.0002047014   0.0004336690  -0.0006169614
       -0.0002372075   0.0004914655  -0.0002421282  -0.0000258054  -0.0000922749
       -0.0001469884   0.0000711713   0.0000235286  -0.0001275850   0.0004689363
        0.0005455430  -0.0000686800   0.0000129470   0.0000877437  -0.0001728499
       -0.0001520403   0.0001121988   0.0002104933   0.0001548531   0.0001000434
        0.0000410246   0.0000595290  -0.0000277160  -0.0000335600  -0.0000697758
       -0.0000224294  -0.0000639333  -0.0000255200   0.0000520203  -0.0000398620
        0.0448393291   0.2075294388  -0.1914549654
        0.0006619005  -0.0031508928  -0.0055960860   0.0057996970   0.0156569246
       -0.0282309354  -0.0001814852   0.0005620442   0.0001773967   0.0002608677
        0.0002001017   0.0000950628   0.0001558790   0.0001949595  -0.0000912501
        0.0001870280   0.0000773802  -0.0000164986   0.0001320398  -0.0000363985
        0.0000388797   0.0461697644   0.1782685220  -0.2394245826  -0.0005891539
       -0.0003904939   0.0000935067   0.0004715470   0.0009528020  -0.0012424256
        0.0002783655  -0.0005838956   0.0003064994   0.0001268770   0.0000263039
        0.0003429849  -0.0001554133  -0.0003065070  -0.0001605021  -0.0006990865
        0.0000689100   0.0005799198   0.0000240442  -0.0000261163   0.0001355416
       -0.0000136950   0.0000528581  -0.0001198453   0.0000396775  -0.0000556464
       -0.0000033642   0.0000558685  -0.0000417586   0.0000110153   0.0000306516
        0.0000450168   0.0000616514  -0.0000696126  -0.0000591485   0.0000557030
       -0.0526857612  -0.1914549654   0.2729873286
