           1           2  0.958901339490157     
           2           3   1.11040434760994     
           2           4  0.166347605418395     
           3           4   1.73162799055257     
           3           5   1.01162248951859     
           5           6  0.932507649388621     
           5           7  0.931732472980408     
           6           7   1.00602122467724     
           1           8  0.981482924084211     
           1           9  0.976511483127050     
           1          10  0.977066364344086     
           5          11  0.971057999671121     
           6          12  0.979391306502821     
           6          13  0.977676671159896     
           7          14  0.979377106781720     
           7          15  0.977752339541116     
