           1           2   1.01989716674827     
           2           3   1.00720611141235     
           3           4  0.997781648105069     
           4           5  0.995457142945877     
           5           6   1.00749991971852     
           6           7   1.00734537279635     
           4           8  0.989002525080647     
           7           8   1.00588999309570     
           1           9  0.986852018607243     
           1          10  0.986675257313247     
           1          11  0.983292992704015     
           2          12  0.977642373104466     
           2          13  0.973434599942033     
           3          14  0.975769093496664     
           3          15  0.977422876746953     
           4          16  0.973827756309219     
           5          17  0.980513744000646     
           5          18  0.972877347122255     
           6          19  0.980022544570546     
           6          20  0.979520105824793     
           7          21  0.980751210348991     
           7          22  0.978605946644128     
           8          23  0.983910557967058     
           8          24  0.977160373638015     
