           1           2   1.00206291419413     
           2           3  0.964860970984933     
           2           4  0.986012254320366     
           4           5  0.994313828428700     
           5           6   1.01033554110985     
           5           7   1.00911200221436     
           2           8  0.979739089599772     
           1           9  0.981762787780636     
           1          10  0.985388898860665     
           1          11  0.984267779701288     
           4          12  0.975305177462672     
           4          13  0.974383954287260     
           5          14  0.963875478868282     
           6          15  0.986139460774338     
           6          16  0.983749910650252     
           6          17  0.986388456554618     
           7          18  0.986452933414232     
           7          19  0.986063520443847     
           7          20  0.987053452840079     
           8          21  0.867016268544078     
