           1           2   1.44221893048207     
           2           3   1.44078502075339     
           1           4  0.109212511326162     
           3           4   1.41443441786823     
           2           5  0.111876257717704     
           4           5   1.40673557086333     
           1           6   1.43434299220314     
           3           6  0.110071078908332     
           5           6   1.45044378150991     
           4           7   1.01437468231516     
           7           8  0.978193910281042     
           8           9  0.996582173455246     
           1          10  0.971273232970767     
           2          11  0.970870554092722     
           3          12  0.968569837033291     
           5          13  0.969129289402710     
           6          14  0.970859585068622     
           7          15  0.972843139283035     
           7          16  0.968229241424610     
           8          17  0.972630173650410     
           8          18  0.970848933309651     
           9          19  0.868506841389614     
