$hessian                                                                        
        0.5090766843   0.0260494125   0.0083042340  -0.0861837592   0.0481978431
        0.0140105387  -0.0110188946   0.0188445460   0.0080327912   0.0004779240
        0.0002069472  -0.0006011305   0.0003521713  -0.0005522110  -0.0002725366
        0.0001072829   0.0002151531  -0.0000180513   0.0001810866  -0.0000977057
       -0.0000152247  -0.0055858813   0.0031700608   0.0045530564  -0.0496303987
        0.0198788403  -0.0299478372  -0.2278113363  -0.0407557718   0.0934652928
       -0.1312851507  -0.0691033695  -0.0947005887   0.0066149278  -0.0157172945
       -0.0052189353  -0.0032556213   0.0089537253   0.0014184600  -0.0014571172
        0.0006732626   0.0008590442   0.0000042762   0.0000302084   0.0000262660
       -0.0001184988   0.0000326461   0.0001493342   0.0000012274   0.0000032469
       -0.0000052544  -0.0000258934   0.0000429705  -0.0000584341  -0.0000268104
        0.0000310261   0.0000163416  -0.0002042458   0.0001283667   0.0000078538
       -0.0002119728  -0.0002319030  -0.0000052201
        0.0260494125   0.4758227824  -0.0125622269   0.0457085785  -0.1712560513
       -0.0328661123   0.0052267987  -0.0010924238  -0.0031424988  -0.0010022709
        0.0009871387   0.0004544569   0.0002734785  -0.0004749295  -0.0000956314
        0.0000771327  -0.0000498097  -0.0001402157  -0.0001037210  -0.0004323604
        0.0000618041  -0.0007455417   0.0024643059   0.0008556071   0.0200450220
       -0.1229415907   0.1102076230  -0.0405278678  -0.0499075982   0.0210391934
       -0.0693007965  -0.0957843276  -0.0724327477   0.0059452160  -0.0189433594
       -0.0084923538   0.0092892371  -0.0194263500  -0.0033112969  -0.0006823974
        0.0004067155   0.0003348712   0.0000277452   0.0000561515  -0.0000440763
       -0.0001288273   0.0000586986   0.0001044147  -0.0000439887   0.0000294926
        0.0000073951  -0.0000774255   0.0001396109  -0.0001023052  -0.0000166718
        0.0000735267  -0.0000316038   0.0000057545   0.0002202820  -0.0000150021
       -0.0000188671   0.0000500960   0.0001707052
        0.0083042340  -0.0125622269   0.5185766857   0.0137838950  -0.0338542849
       -0.0773411979   0.0069738728  -0.0119945239  -0.0053960407   0.0005014318
       -0.0009618988   0.0006106938   0.0001827320  -0.0000805897  -0.0002430185
        0.0000032260  -0.0000844799  -0.0001445048   0.0001845121  -0.0001231091
       -0.0003257774   0.0045593360  -0.0023063542  -0.0024978042  -0.0301138628
        0.1106817221  -0.1965739155   0.0938235975   0.0211569565  -0.0921539284
       -0.0947614927  -0.0718632362  -0.1449107122   0.0057712065  -0.0182439653
       -0.0062586094  -0.0088945125   0.0201826366   0.0060180679  -0.0000555220
       -0.0003366637   0.0003638569   0.0000197350  -0.0000602023   0.0000771084
        0.0000152834  -0.0000192862  -0.0000358289  -0.0000008749   0.0000126134
        0.0000223736   0.0000231629  -0.0000652657  -0.0000258983  -0.0000576747
       -0.0000319223   0.0001083027  -0.0002614968   0.0002725506   0.0001551880
       -0.0000007887   0.0002815300  -0.0000250408
       -0.0861837592   0.0457085785   0.0137838950   0.4703339857  -0.0015140829
        0.0395213291  -0.1326256816  -0.0159264957   0.0495198083   0.0016098646
       -0.0006598158  -0.0003089798  -0.0218639234  -0.0058017188   0.0093539811
       -0.0027526785  -0.0018854787  -0.0018973483   0.0004064094   0.0000797134
       -0.0001369539  -0.0168382238   0.0095214822   0.0148220678  -0.0029671277
        0.0076096603   0.0002061914  -0.0142264436   0.0242333978   0.0096455468
        0.0074072387  -0.0146650531  -0.0047598993  -0.1457807254  -0.0752805063
       -0.0835214634  -0.0569049941   0.0288243356  -0.0459461342   0.0004511650
        0.0003508590   0.0003407501   0.0000499641   0.0000284294  -0.0001150785
        0.0002331174  -0.0000493194  -0.0001038240  -0.0010082329  -0.0002051541
        0.0006893948  -0.0000315039  -0.0000906311   0.0000319157  -0.0001059007
       -0.0001433142   0.0003452960  -0.0010168343  -0.0001998723  -0.0001401653
        0.0018142841   0.0000649862  -0.0013303293
        0.0481978431  -0.1712560513  -0.0338542849  -0.0015140829   0.4959341784
       -0.0095991005  -0.0225925331  -0.0618286574   0.0177716408  -0.0112490620
       -0.0024590879   0.0114612750  -0.0109757529  -0.0017860908   0.0059653418
       -0.0022856434  -0.0011671706  -0.0012354962  -0.0001586288  -0.0002874957
        0.0001135007   0.0325434640  -0.0131737025  -0.0247249049   0.0097854876
       -0.0210281722  -0.0020215754   0.0005833176   0.0013952584  -0.0005976825
        0.0043618917  -0.0172227555  -0.0075147968  -0.0763316460  -0.0970699205
       -0.0579959264   0.0294074571  -0.1111782223   0.1016122530  -0.0000601797
       -0.0000652690   0.0001272152   0.0000729405   0.0001546202  -0.0002508244
        0.0000245591  -0.0002403394  -0.0000834259  -0.0007161590  -0.0000701298
        0.0003278251   0.0000166947  -0.0000353798  -0.0001388064  -0.0000445411
       -0.0000846243   0.0002249515   0.0000934621   0.0004697662   0.0001076817
        0.0008411114   0.0009992458   0.0003051393
        0.0140105387  -0.0328661123  -0.0773411979   0.0395213291  -0.0095991005
        0.5103273371   0.0443706100   0.0141054029  -0.1023074260   0.0216831667
        0.0086258332  -0.0216367119  -0.0065037026  -0.0005347476   0.0077045977
       -0.0019165478  -0.0014176843  -0.0007238764   0.0005291131   0.0001037543
       -0.0001702079   0.0147685280  -0.0098761545  -0.0071680808  -0.0093953725
        0.0208688222   0.0061942894   0.0082202566  -0.0134010468  -0.0050773706
        0.0067876227  -0.0188492952  -0.0068835010  -0.0840998301  -0.0582724195
       -0.1103596134  -0.0458421926   0.1017238494  -0.1935713371   0.0000284306
       -0.0000034446   0.0002403056  -0.0000770626  -0.0001706710   0.0001341150
       -0.0000824155   0.0000672408  -0.0000337893  -0.0007018607  -0.0002531903
        0.0005016222  -0.0002403577   0.0000412119  -0.0000322859  -0.0002472322
        0.0000943717   0.0000461878  -0.0011624863  -0.0004513331  -0.0001799336
        0.0003494651   0.0000647133   0.0003368771
       -0.0110188946   0.0052267987   0.0069738728  -0.1326256816  -0.0225925331
        0.0443706100   0.4573884325   0.0093587458   0.0179011226  -0.0530682210
        0.0196286019  -0.0387381829  -0.1208085009  -0.0353906911  -0.0354144117
       -0.0262572285  -0.0146513165  -0.0052768447  -0.0115005769  -0.0022808657
       -0.0104682764  -0.0955106051   0.0646164725   0.0101343808   0.0002985692
       -0.0005585781   0.0003630494   0.0002965969   0.0011710585   0.0004588002
        0.0003538886  -0.0005150003  -0.0005313452  -0.0243584384  -0.0070320933
        0.0125391796   0.0042833171   0.0002606845  -0.0002982131   0.0055382700
        0.0042844875   0.0031818698   0.0006991772   0.0002479043  -0.0008770497
        0.0004173916   0.0000988529  -0.0007919877  -0.0042696330  -0.0009263161
        0.0026503266   0.0002075435  -0.0003205797   0.0001483161  -0.0006073753
        0.0007641638  -0.0018580398   0.0002318784  -0.0000832489   0.0007252461
        0.0103100904  -0.0213065476  -0.0051924226
        0.0188445460  -0.0010924238  -0.0119945239  -0.0159264957  -0.0618286574
        0.0141054029   0.0093587458   0.4442974709  -0.0284610411   0.0197097075
       -0.0830601633   0.0777084913  -0.0372597355  -0.0853576940  -0.0201166189
       -0.0086682309  -0.0042675267   0.0008699899   0.0078344927   0.0066441904
        0.0028856999   0.0412757030  -0.1655473690  -0.0345210972   0.0009871746
        0.0004818032  -0.0009714548   0.0023751924  -0.0034098265  -0.0018935667
        0.0000414841   0.0003632735  -0.0002012013  -0.0142699082  -0.0034768386
        0.0071104254  -0.0131414128  -0.0034412968   0.0120040583  -0.0178417432
       -0.0174766178  -0.0134198468  -0.0006745707  -0.0000411006  -0.0001863851
        0.0011647115  -0.0000200806  -0.0003894077  -0.0005958179   0.0004590706
        0.0006348285   0.0012163306  -0.0001455986   0.0002010480   0.0019045422
       -0.0010236837   0.0031923566  -0.0001400793   0.0003413110   0.0001078488
        0.0038053637  -0.0223982423  -0.0066650061
        0.0080327912  -0.0031424988  -0.0053960407   0.0495198083   0.0177716408
       -0.1023074260   0.0179011226  -0.0284610411   0.4683762261  -0.0401248809
        0.0806141967  -0.1765046945  -0.0401548450  -0.0208538093  -0.0856729934
        0.0107113388   0.0077246650   0.0060039697  -0.0205337521  -0.0082274919
       -0.0163524282   0.0013125590  -0.0318337926  -0.0616053413  -0.0011403861
        0.0008511308   0.0008474101  -0.0002427614  -0.0004422415   0.0003596882
       -0.0000513891   0.0001139025  -0.0000236176  -0.0109866552  -0.0029718269
        0.0070661508   0.0204939076   0.0065661181  -0.0191758386  -0.0057504366
       -0.0059207956  -0.0037317367   0.0013699111   0.0008577643   0.0003506500
        0.0004980524  -0.0002008686   0.0006430189   0.0041381168   0.0008619944
       -0.0021007269   0.0000424409  -0.0005367231   0.0010522533  -0.0019394161
        0.0023120035  -0.0041216043   0.0002924321  -0.0003331557  -0.0001625601
        0.0066120416  -0.0147491711  -0.0075443587
        0.0004779240  -0.0010022709   0.0005014318   0.0016098646  -0.0112490620
        0.0216831667  -0.0530682210   0.0197097075  -0.0401248809   0.0713816100
       -0.0304291095   0.0455167312  -0.0094368759   0.0085087791  -0.0211375694
        0.0002619653   0.0005800557  -0.0012791861  -0.0033010029  -0.0026221679
       -0.0022290817  -0.0050877103   0.0182084829  -0.0069805129  -0.0000680710
        0.0003837425  -0.0002023859   0.0000296098  -0.0000192842  -0.0001835461
       -0.0000702179  -0.0000502050  -0.0002143342   0.0007006464  -0.0001967418
        0.0003578460  -0.0035663333  -0.0008731088   0.0037016807   0.0004276000
        0.0002414203   0.0001497866  -0.0006854886  -0.0007328402   0.0004665714
       -0.0000998085   0.0001811728   0.0000054628   0.0001758004   0.0000451936
        0.0001529780   0.0001591822  -0.0001270385   0.0003469221  -0.0006222923
        0.0005601333  -0.0012413669  -0.0000795109  -0.0000963007   0.0001107507
        0.0008613302  -0.0010205582   0.0005995362
        0.0002069472   0.0009871387  -0.0009618988  -0.0006598158  -0.0024590879
        0.0086258332   0.0196286019  -0.0830601633   0.0806141967  -0.0304291095
        0.1209206528  -0.0948527837  -0.0046511316   0.0056049303  -0.0091285823
       -0.0000807467   0.0005421594  -0.0009134521  -0.0020137734  -0.0002824600
       -0.0008343873   0.0194347362  -0.0417046570   0.0163102348   0.0000982428
        0.0000581283   0.0000058042  -0.0000073824  -0.0000846466   0.0000527013
       -0.0000323307  -0.0000918628   0.0000394342   0.0000058249  -0.0002773508
        0.0001179126  -0.0011449767  -0.0001656196   0.0009994370  -0.0001505385
        0.0003295888  -0.0003018477  -0.0001441344   0.0000696743   0.0001373629
        0.0000734888  -0.0002355424   0.0001164833   0.0000498432  -0.0000656814
       -0.0000654416  -0.0001465012  -0.0001593809  -0.0001682799  -0.0002489161
        0.0002655652  -0.0005486654  -0.0000129083  -0.0001251800   0.0000987956
        0.0002245803  -0.0000662052   0.0006571428
       -0.0006011305   0.0004544569   0.0006106938  -0.0003089798   0.0114612750
       -0.0216367119  -0.0387381829   0.0777084913  -0.1765046945   0.0455167312
       -0.0948527837   0.2054015882  -0.0084289946   0.0071289393  -0.0165168662
        0.0015158674   0.0003841438   0.0011018697  -0.0031459706  -0.0023599094
       -0.0011059923   0.0002218122   0.0007543909   0.0095892935   0.0005643698
       -0.0006702151   0.0001049327  -0.0001494588  -0.0001478546   0.0001840579
       -0.0000448674   0.0000551054  -0.0001683659  -0.0007316794  -0.0001120381
        0.0007981500   0.0042625546   0.0013292076  -0.0027096965   0.0001191897
        0.0000125553  -0.0003082254  -0.0001281188  -0.0001607175   0.0004433542
       -0.0000124998  -0.0000018999  -0.0001342673   0.0002429457   0.0000581740
       -0.0000351068   0.0002888973  -0.0002708079   0.0002061707  -0.0005569091
        0.0004567637  -0.0010627099   0.0000930821   0.0000309750   0.0001756852
        0.0000213418  -0.0012582521   0.0015668409
        0.0003521713   0.0002734785   0.0001827320  -0.0218639234  -0.0109757529
       -0.0065037026  -0.1208085009  -0.0372597355  -0.0401548450  -0.0094368759
       -0.0046511316  -0.0084289946   0.4663026572  -0.0339877925  -0.0082942951
       -0.1363537784  -0.0098011028   0.0633952813  -0.0779898498   0.0219747835
       -0.0334451332   0.0070088244   0.0002983210   0.0027811115  -0.0001590788
       -0.0000200222  -0.0000200065   0.0000137244  -0.0001164086  -0.0001864045
       -0.0010234219  -0.0001010600   0.0002489009  -0.0035111719  -0.0008828954
        0.0023387304   0.0010227305   0.0002980508  -0.0007312677  -0.0664561017
        0.0667878713   0.0188879188   0.0054683765   0.0003611266  -0.0040170680
       -0.0115123097   0.0026248555   0.0101715665  -0.0219279237  -0.0049128565
        0.0141483278  -0.0035499665   0.0070578056  -0.0063656431  -0.0114398276
        0.0109663898  -0.0215434067   0.0061527354  -0.0099156408   0.0169674617
       -0.0002884894   0.0019817160   0.0005687362
       -0.0005522110  -0.0004749295  -0.0000805897  -0.0058017188  -0.0017860908
       -0.0005347476  -0.0353906911  -0.0853576940  -0.0208538093   0.0085087791
        0.0056049303   0.0071289393  -0.0339877925   0.5258316822   0.0134253712
       -0.0088617929  -0.0689191217   0.0074014765   0.0234421057  -0.1014917943
        0.0522680223  -0.0205915848  -0.0266568179  -0.0197537830   0.0002056053
        0.0000390882   0.0001444672  -0.0000792845  -0.0001980748  -0.0000149891
        0.0007909580   0.0002162952  -0.0006625327  -0.0000048447   0.0003029814
       -0.0002366732   0.0000897523   0.0000314411  -0.0000631694   0.0683739174
       -0.2238371706  -0.0555776859  -0.0115397697  -0.0027853637   0.0121006277
        0.0212113873   0.0017374251  -0.0181867055  -0.0133924883  -0.0025558925
        0.0095939335   0.0119355186  -0.0195591371   0.0238788372  -0.0046066829
        0.0063157727  -0.0098107826  -0.0003566917  -0.0010027863   0.0022528493
        0.0006075294  -0.0054547429  -0.0024190564
       -0.0002725366  -0.0000956314  -0.0002430185   0.0093539811   0.0059653418
        0.0077045977  -0.0354144117  -0.0201166189  -0.0856729934  -0.0211375694
       -0.0091285823  -0.0165168662  -0.0082942951   0.0134253712   0.4768720285
        0.0647417736   0.0090111639  -0.1186889542  -0.0346578804   0.0502674422
       -0.1475758576  -0.0063977329  -0.0133639287  -0.0063561371   0.0000712170
       -0.0000546391   0.0000333158   0.0001682004  -0.0000656290   0.0000485637
        0.0006834617   0.0000017766  -0.0000268321   0.0038196558   0.0012557647
       -0.0012512449   0.0000721388   0.0003381238   0.0002545718   0.0191909344
       -0.0558724388  -0.0572976184   0.0175890918   0.0049714462  -0.0200217582
        0.0101950332  -0.0017178505  -0.0084726056  -0.0079839942  -0.0011349022
        0.0068200071   0.0005938209   0.0004285123   0.0047928435  -0.0076469159
        0.0057383519  -0.0128171093  -0.0050464114   0.0119483955  -0.0214351330
        0.0003724388  -0.0018014692  -0.0001497997
        0.0001072829   0.0000771327   0.0000032260  -0.0027526785  -0.0022856434
       -0.0019165478  -0.0262572285  -0.0086682309   0.0107113388   0.0002619653
       -0.0000807467   0.0015158674  -0.1363537784  -0.0088617929   0.0647417736
        0.4841706096  -0.0041530917   0.0377664575   0.0037330223  -0.0006391242
       -0.0017013330  -0.0003657206  -0.0002473342   0.0010954048  -0.0000194961
       -0.0000964693   0.0000651602   0.0000208481  -0.0000083781  -0.0000640743
        0.0000541486  -0.0000682788  -0.0001077338  -0.0010783784  -0.0003283669
        0.0005918216  -0.0001379117   0.0000113391  -0.0000973067  -0.0116786505
        0.0006376966   0.0111090769  -0.0685522903   0.0402896317  -0.0625334108
       -0.0689312600   0.0716986563   0.0224363619  -0.1738368619  -0.0893504983
       -0.0799048080   0.0003941597  -0.0000303222  -0.0006476449   0.0010215480
        0.0006923204  -0.0010281981   0.0003347705   0.0009139348  -0.0021572173
       -0.0001341001   0.0004975659   0.0001217860
        0.0002151531  -0.0000498097  -0.0000844799  -0.0018854787  -0.0011671706
       -0.0014176843  -0.0146513165  -0.0042675267   0.0077246650   0.0005800557
        0.0005421594   0.0003841438  -0.0098011028  -0.0689191217   0.0090111639
       -0.0041530917   0.5247674892   0.0069370140  -0.0099932107  -0.0028666101
        0.0125895121  -0.0017152005   0.0006296171   0.0007630856  -0.0000449889
        0.0000519862  -0.0001009260   0.0000436168   0.0001576506   0.0000837256
       -0.0000759301   0.0000286447   0.0002275069  -0.0007565999  -0.0001818654
        0.0003775906   0.0001011153   0.0000194502   0.0000107121   0.0205947676
        0.0011387023  -0.0175356729   0.0402927083  -0.1075926393   0.0961697654
        0.0709776401  -0.2379468100  -0.0645307310  -0.0890901706  -0.1046060063
       -0.0536731792  -0.0007790894   0.0006469889   0.0004086918  -0.0003210404
        0.0005009260  -0.0006248993   0.0002376203  -0.0010848353   0.0030305373
        0.0002245430   0.0001987805   0.0002494585
       -0.0000180513  -0.0001402157  -0.0001445048  -0.0018973483  -0.0012354962
       -0.0007238764  -0.0052768447   0.0008699899   0.0060039697  -0.0012791861
       -0.0009134521   0.0011018697   0.0633952813   0.0074014765  -0.1186889542
        0.0377664575   0.0069370140   0.4933445335   0.0161398880   0.0069862026
       -0.0239421154  -0.0002985854  -0.0003257481   0.0007659673   0.0000070093
       -0.0000015346  -0.0000113384  -0.0000398632   0.0000904098   0.0000983339
        0.0000381073   0.0001061326   0.0000982460  -0.0006364891  -0.0002310354
        0.0002529640  -0.0000905357  -0.0001228256   0.0000921933   0.0110523634
       -0.0005687128  -0.0083494157  -0.0625290869   0.0967730257  -0.1913960054
        0.0222072858  -0.0647342858  -0.0655154921  -0.0796020800  -0.0536584123
       -0.0896521792   0.0002994281  -0.0005380577   0.0007341303   0.0014849377
        0.0001313596   0.0005514068  -0.0008623476   0.0030718696  -0.0045135928
        0.0001396599   0.0001022957  -0.0001061400
        0.0001810866  -0.0001037210   0.0001845121   0.0004064094  -0.0001586288
        0.0005291131  -0.0115005769   0.0078344927  -0.0205337521  -0.0033010029
       -0.0020137734  -0.0031459706  -0.0779898498   0.0234421057  -0.0346578804
        0.0037330223  -0.0099932107   0.0161398880   0.5156220804   0.0140469560
       -0.0224738925   0.0008001419   0.0005716016  -0.0004703179  -0.0000256881
        0.0000757801   0.0000181394  -0.0000456893   0.0000178037  -0.0000397979
       -0.0001734859   0.0001218506  -0.0001315752   0.0000693510   0.0001954267
       -0.0002760876  -0.0009750588  -0.0000167004  -0.0010958683  -0.0032416913
        0.0073745909  -0.0089161350  -0.0025764035  -0.0013170663   0.0042250774
        0.0006763194  -0.0006040523   0.0000797606   0.0008390873  -0.0002180907
        0.0012949271  -0.0568049483   0.0513579573   0.0154782517  -0.2030745988
       -0.0903344010  -0.0675185412  -0.1625358134  -0.0006031417   0.1209743290
       -0.0000826912   0.0003242211   0.0003358203
       -0.0000977057  -0.0004323604  -0.0001231091   0.0000797134  -0.0002874957
        0.0001037543  -0.0022808657   0.0066441904  -0.0082274919  -0.0026221679
       -0.0002824600  -0.0023599094   0.0219747835  -0.1014917943   0.0502674422
       -0.0006391242  -0.0028666101   0.0069862026   0.0140469560   0.5065429468
        0.0301226545  -0.0007066905   0.0011107387  -0.0004621792  -0.0000701832
        0.0001631214  -0.0000623233   0.0000359818   0.0001125923   0.0000310260
        0.0001197493   0.0000967492   0.0001239454  -0.0001197962   0.0001798259
       -0.0001690629  -0.0002223564   0.0003373671  -0.0003600491   0.0112015983
       -0.0177745488   0.0232247141  -0.0008543973   0.0006599524   0.0005663473
        0.0000785690   0.0008910530  -0.0007305412   0.0005017037   0.0001297672
        0.0002879366   0.0506675614  -0.2563352550  -0.0597510644  -0.0901972359
       -0.0940134165  -0.0395636047  -0.0011663109  -0.0434541558  -0.0000106098
        0.0002702174   0.0000697922   0.0001059218
       -0.0000152247   0.0000618041  -0.0003257774  -0.0001369539   0.0001135007
       -0.0001702079  -0.0104682764   0.0028856999  -0.0163524282  -0.0022290817
       -0.0008343873  -0.0011059923  -0.0334451332   0.0522680223  -0.1475758576
       -0.0017013330   0.0125895121  -0.0239421154  -0.0224738925   0.0301226545
        0.4825023975  -0.0006111167   0.0009856751  -0.0002230207  -0.0000041260
       -0.0000358568  -0.0000336011   0.0000565784   0.0000522419   0.0000324346
        0.0001371957  -0.0001819705   0.0002783183   0.0001252564   0.0001466154
       -0.0000459278   0.0002287943   0.0003248957   0.0001788952   0.0007688829
       -0.0004581188   0.0028705438   0.0027979526   0.0009950573  -0.0034153676
       -0.0009954837   0.0003682413   0.0006634847  -0.0009918468  -0.0003047000
        0.0006742966   0.0154179652  -0.0591610975  -0.0593119631  -0.0677864884
       -0.0397041750  -0.0710875848   0.1212186073  -0.0006209328  -0.1637061984
        0.0001077244   0.0003873183   0.0000956714
       -0.0055858813  -0.0007455417   0.0045593360  -0.0168382238   0.0325434640
        0.0147685280  -0.0955106051   0.0412757030   0.0013125590  -0.0050877103
        0.0194347362   0.0002218122   0.0070088244  -0.0205915848  -0.0063977329
       -0.0003657206  -0.0017152005  -0.0002985854   0.0008001419  -0.0007066905
       -0.0006111167   0.3822493959   0.0556890054   0.1316151806   0.0001286883
       -0.0004124737  -0.0000667168  -0.0012304462   0.0016451431   0.0009177991
       -0.0000924421  -0.0000640503   0.0000277008   0.0012036141   0.0009281574
       -0.0003490952   0.0014217088  -0.0001956500  -0.0011515790  -0.0032288059
       -0.0037490495  -0.0026737385   0.0000224945  -0.0000096315   0.0001441729
       -0.0003793612  -0.0007937410  -0.0000975221   0.0000715083  -0.0000888305
       -0.0002627286  -0.0004878722  -0.0001586714  -0.0002648169   0.0000165789
        0.0000505037   0.0002931927   0.0001230684  -0.0000852363  -0.0002490350
       -0.2642389548  -0.1222503611  -0.1414376142
        0.0031700608   0.0024643059  -0.0023063542   0.0095214822  -0.0131737025
       -0.0098761545   0.0646164725  -0.1655473690  -0.0318337926   0.0182084829
       -0.0417046570   0.0007543909   0.0002983210  -0.0266568179  -0.0133639287
       -0.0002473342   0.0006296171  -0.0003257481   0.0005716016   0.0011107387
        0.0009856751   0.0556890054   0.3606056611   0.1582458158  -0.0006121976
        0.0004143567   0.0003174627   0.0010681876  -0.0011053487  -0.0007602294
       -0.0002519150  -0.0000677631   0.0000544990  -0.0007287780   0.0008757181
        0.0019998328  -0.0005169342   0.0005745660  -0.0007636752  -0.0033936760
       -0.0029214832  -0.0023695393   0.0005994052  -0.0001189956   0.0000496339
       -0.0006249122  -0.0000066058   0.0002888544   0.0002087585  -0.0002668646
       -0.0003000561  -0.0006744513   0.0007722606  -0.0001892485   0.0000700532
       -0.0000246993   0.0002009141   0.0003225294  -0.0003094003  -0.0002222832
       -0.1472941618  -0.1155435173  -0.1005860688
        0.0045530564   0.0008556071  -0.0024978042   0.0148220678  -0.0247249049
       -0.0071680808   0.0101343808  -0.0345210972  -0.0616053413  -0.0069805129
        0.0163102348   0.0095892935   0.0027811115  -0.0197537830  -0.0063561371
        0.0010954048   0.0007630856   0.0007659673  -0.0004703179  -0.0004621792
       -0.0002230207   0.1316151806   0.1582458158   0.1600835724   0.0000524144
       -0.0000743120   0.0001188953   0.0008988956  -0.0014025952  -0.0005759131
       -0.0001181511  -0.0000293145  -0.0000135719  -0.0010062682   0.0003389973
        0.0006772734  -0.0014456635  -0.0003456685   0.0018277693  -0.0025314845
       -0.0030123291  -0.0017234021  -0.0000063203  -0.0005977855   0.0002471376
       -0.0007109782   0.0006035663  -0.0001539149   0.0001234755   0.0002899088
        0.0001214621   0.0002644940  -0.0003836884  -0.0005501454  -0.0000245935
       -0.0004835192   0.0001535357   0.0001533701  -0.0000502077   0.0002397959
       -0.1531995611  -0.0915658314  -0.0929573709
       -0.0496303987   0.0200450220  -0.0301138628  -0.0029671277   0.0097854876
       -0.0093953725   0.0002985692   0.0009871746  -0.0011403861  -0.0000680710
        0.0000982428   0.0005643698  -0.0001590788   0.0002056053   0.0000712170
       -0.0000194961  -0.0000449889   0.0000070093  -0.0000256881  -0.0000701832
       -0.0000041260   0.0001286883  -0.0006121976   0.0000524144   0.0548096595
       -0.0262869761   0.0342188852   0.0023257333  -0.0169814193   0.0245399271
       -0.0041963897   0.0107204700  -0.0193717224   0.0001743237  -0.0006009910
        0.0000965039  -0.0005942586   0.0030656444   0.0006581772  -0.0003598841
       -0.0001079478  -0.0003463767  -0.0000432936  -0.0000214113   0.0000877537
        0.0000620321  -0.0000325556  -0.0000341935   0.0000433615   0.0000033607
       -0.0000037457   0.0000569924  -0.0000788797   0.0000496150   0.0000366501
       -0.0000264038   0.0000431804   0.0000736180  -0.0000509919   0.0000597868
        0.0000540585   0.0000039386  -0.0000390542
        0.0198788403  -0.1229415907   0.1106817221   0.0076096603  -0.0210281722
        0.0208688222  -0.0005585781   0.0004818032   0.0008511308   0.0003837425
        0.0000581283  -0.0006702151  -0.0000200222   0.0000390882  -0.0000546391
       -0.0000964693   0.0000519862  -0.0000015346   0.0000757801   0.0001631214
       -0.0000358568  -0.0004124737   0.0004143567  -0.0000743120  -0.0262869761
        0.1450272835  -0.1287338701  -0.0006966492  -0.0047615657   0.0086676982
       -0.0022336501   0.0080697174  -0.0106503369  -0.0002037592   0.0002673620
        0.0005024048   0.0025534125  -0.0058373532  -0.0015015036   0.0001295053
        0.0001495409   0.0000449696   0.0000070283   0.0000317902  -0.0000212172
        0.0000028063  -0.0000225577   0.0000165993  -0.0000303786  -0.0000079782
        0.0000129259  -0.0001007995  -0.0000003647   0.0000624242   0.0000053035
        0.0000392698  -0.0000164204   0.0000054000  -0.0001519180  -0.0000405327
       -0.0000117232  -0.0000419473   0.0000917413
       -0.0299478372   0.1102076230  -0.1965739155   0.0002061914  -0.0020215754
        0.0061942894   0.0003630494  -0.0009714548   0.0008474101  -0.0002023859
        0.0000058042   0.0001049327  -0.0000200065   0.0001444672   0.0000333158
        0.0000651602  -0.0001009260  -0.0000113384   0.0000181394  -0.0000623233
       -0.0000336011  -0.0000667168   0.0003174627   0.0001188953   0.0342188852
       -0.1287338701   0.2260529874   0.0000338760   0.0106559117  -0.0155667521
       -0.0056103003   0.0119505368  -0.0220089305   0.0002498882  -0.0000782957
        0.0004076611   0.0009640354  -0.0010869969   0.0006462927  -0.0003910927
       -0.0000517044  -0.0001919207   0.0000059689  -0.0000031744   0.0000406837
        0.0000261442  -0.0000065517  -0.0000330741  -0.0000275676  -0.0000014873
       -0.0000296276   0.0000165479  -0.0000221012   0.0000467937  -0.0000109523
       -0.0000125333  -0.0000178710   0.0001080422  -0.0000753636   0.0000134597
        0.0000009308  -0.0000534475  -0.0000396906
       -0.2278113363  -0.0405278678   0.0938235975  -0.0142264436   0.0005833176
        0.0082202566   0.0002965969   0.0023751924  -0.0002427614   0.0000296098
       -0.0000073824  -0.0001494588   0.0000137244  -0.0000792845   0.0001682004
        0.0000208481   0.0000436168  -0.0000398632  -0.0000456893   0.0000359818
        0.0000565784  -0.0012304462   0.0010681876   0.0008988956   0.0023257333
       -0.0006966492   0.0000338760   0.2628512954   0.0451978246  -0.1103621485
       -0.0230603865  -0.0075731977   0.0078966314   0.0009297887  -0.0004387246
       -0.0001057508  -0.0001693697  -0.0001236434  -0.0002274539  -0.0000060234
        0.0002595396  -0.0000046030   0.0000341074   0.0000208948  -0.0000394588
        0.0000049508   0.0000376110   0.0000213863   0.0000009830  -0.0000116595
       -0.0000214832   0.0000331637   0.0000137997   0.0000100055   0.0000483144
       -0.0000073025  -0.0000062205  -0.0000911916  -0.0000707522   0.0000721885
        0.0000517708  -0.0000995019  -0.0000024140
       -0.0407557718  -0.0499075982   0.0211569565   0.0242333978   0.0013952584
       -0.0134010468   0.0011710585  -0.0034098265  -0.0004422415  -0.0000192842
       -0.0000846466  -0.0001478546  -0.0001164086  -0.0001980748  -0.0000656290
       -0.0000083781   0.0001576506   0.0000904098   0.0000178037   0.0001125923
        0.0000522419   0.0016451431  -0.0011053487  -0.0014025952  -0.0169814193
       -0.0047615657   0.0106559117   0.0451978246   0.0599176204  -0.0221868621
       -0.0150885292  -0.0034477517   0.0058728907   0.0005314885   0.0008108255
       -0.0001473145   0.0001126171   0.0003443358  -0.0000819926   0.0000993140
        0.0001477940   0.0000160148   0.0000037319  -0.0000156871  -0.0000254804
       -0.0000619749   0.0000035897   0.0000216521   0.0000224777   0.0000084714
        0.0000048981  -0.0000455748   0.0000336268  -0.0000224502   0.0000040922
        0.0000015232  -0.0000060622   0.0000067662  -0.0000589789   0.0000176602
        0.0000316255   0.0000561903   0.0000408934
        0.0934652928   0.0210391934  -0.0921539284   0.0096455468  -0.0005976825
       -0.0050773706   0.0004588002  -0.0018935667   0.0003596882  -0.0001835461
        0.0000527013   0.0001840579  -0.0001864045  -0.0000149891   0.0000485637
       -0.0000640743   0.0000837256   0.0000983339  -0.0000397979   0.0000310260
        0.0000324346   0.0009177991  -0.0007602294  -0.0005759131   0.0245399271
        0.0086676982  -0.0155667521  -0.1103621485  -0.0221868621   0.1043641869
       -0.0183635500  -0.0047259745   0.0083404791   0.0003603743   0.0001020011
       -0.0001941828  -0.0002916595   0.0001863785   0.0002575381   0.0000792412
        0.0000097792  -0.0002090483  -0.0000393418   0.0000007025  -0.0000010730
       -0.0000282887  -0.0000151853   0.0000121078   0.0000251333   0.0000121191
        0.0000114232  -0.0000113981  -0.0000162830   0.0000013418   0.0000178591
        0.0000098595   0.0000109272   0.0000375144  -0.0000650371   0.0000396386
        0.0000227211   0.0000806252   0.0000175470
       -0.1312851507  -0.0693007965  -0.0947614927   0.0074072387   0.0043618917
        0.0067876227   0.0003538886   0.0000414841  -0.0000513891  -0.0000702179
       -0.0000323307  -0.0000448674  -0.0010234219   0.0007909580   0.0006834617
        0.0000541486  -0.0000759301   0.0000381073  -0.0001734859   0.0001197493
        0.0001371957  -0.0000924421  -0.0002519150  -0.0001181511  -0.0041963897
       -0.0022336501  -0.0056103003  -0.0230603865  -0.0150885292  -0.0183635500
        0.1526996674   0.0796905125   0.1091923179   0.0001860955   0.0022535718
        0.0011897881   0.0005011011  -0.0002303850   0.0002887331  -0.0014443376
       -0.0002047930   0.0010713500   0.0000181418   0.0000083123  -0.0000437011
        0.0000447364  -0.0000197065  -0.0000422843  -0.0000064567  -0.0000053422
       -0.0000111744   0.0000892355  -0.0000551950  -0.0000703939  -0.0000806569
       -0.0000261060  -0.0000383046   0.0000841162   0.0002169686  -0.0002248519
       -0.0000054240   0.0000412311  -0.0000081156
       -0.0691033695  -0.0957843276  -0.0718632362  -0.0146650531  -0.0172227555
       -0.0188492952  -0.0005150003   0.0003632735   0.0001139025  -0.0000502050
       -0.0000918628   0.0000551054  -0.0001010600   0.0002162952   0.0000017766
       -0.0000682788   0.0000286447   0.0001061326   0.0001218506   0.0000967492
       -0.0001819705  -0.0000640503  -0.0000677631  -0.0000293145   0.0107204700
        0.0080697174   0.0119505368  -0.0075731977  -0.0034477517  -0.0047259745
        0.0796905125   0.1128415001   0.0857724716   0.0022193482  -0.0059304514
       -0.0027890300  -0.0007424778   0.0006160561  -0.0002247392   0.0000280521
        0.0006420852  -0.0000580161  -0.0000272390  -0.0000176465   0.0000324901
       -0.0000169846  -0.0000175669  -0.0000135845  -0.0000177407   0.0000149267
        0.0000236253  -0.0000936146  -0.0000300075   0.0000874356  -0.0001036090
       -0.0000014537   0.0000807909   0.0002723351  -0.0003694264   0.0004189143
        0.0000893119   0.0000917648   0.0000919790
       -0.0947005887  -0.0724327477  -0.1449107122  -0.0047598993  -0.0075147968
       -0.0068835010  -0.0005313452  -0.0002012013  -0.0000236176  -0.0002143342
        0.0000394342  -0.0001683659   0.0002489009  -0.0006625327  -0.0000268321
       -0.0001077338   0.0002275069   0.0000982460  -0.0001315752   0.0001239454
        0.0002783183   0.0000277008   0.0000544990  -0.0000135719  -0.0193717224
       -0.0106503369  -0.0220089305   0.0078966314   0.0058728907   0.0083404791
        0.1091923179   0.0857724716   0.1646203818   0.0009623722  -0.0022324074
        0.0000022860   0.0001081525   0.0008186147   0.0007512602   0.0014394090
        0.0005474734  -0.0001368164  -0.0000130751   0.0000118482  -0.0000972578
       -0.0001069688   0.0000350467   0.0000575160   0.0000052434   0.0000147060
        0.0000389292  -0.0000089308   0.0000682682  -0.0001073058  -0.0000255567
        0.0000075199  -0.0000222467   0.0000449982  -0.0000122947   0.0001096233
        0.0000460040   0.0001120925   0.0001021182
        0.0066149278   0.0059452160   0.0057712065  -0.1457807254  -0.0763316460
       -0.0840998301  -0.0243584384  -0.0142699082  -0.0109866552   0.0007006464
        0.0000058249  -0.0007316794  -0.0035111719  -0.0000048447   0.0038196558
       -0.0010783784  -0.0007565999  -0.0006364891   0.0000693510  -0.0001197962
        0.0001252564   0.0012036141  -0.0007287780  -0.0010062682   0.0001743237
       -0.0002037592   0.0002498882   0.0009297887   0.0005314885   0.0003603743
        0.0001860955   0.0022193482   0.0009623722   0.1723356756   0.0867373502
        0.0934516616  -0.0071136807  -0.0040929309  -0.0086903851   0.0001371442
        0.0002655923   0.0001019551   0.0000570694  -0.0000068486  -0.0000348181
        0.0000273692  -0.0000071989  -0.0000560801  -0.0003994372  -0.0000902470
        0.0002578129  -0.0000110623  -0.0000587039  -0.0000096631   0.0000514805
        0.0000126623   0.0000534868   0.0000122303   0.0000177083   0.0001739252
       -0.0002468219   0.0009360707   0.0009242735
       -0.0157172945  -0.0189433594  -0.0182439653  -0.0752805063  -0.0970699205
       -0.0582724195  -0.0070320933  -0.0034768386  -0.0029718269  -0.0001967418
       -0.0002773508  -0.0001120381  -0.0008828954   0.0003029814   0.0012557647
       -0.0003283669  -0.0001818654  -0.0002310354   0.0001954267   0.0001798259
        0.0001466154   0.0009281574   0.0008757181   0.0003389973  -0.0006009910
        0.0002673620  -0.0000782957  -0.0004387246   0.0008108255   0.0001020011
        0.0022535718  -0.0059304514  -0.0022324074   0.0867373502   0.1159441057
        0.0716233924   0.0101299847   0.0076410437   0.0092530840   0.0001439760
       -0.0000695608  -0.0000628161   0.0000275481  -0.0000386961  -0.0000070889
        0.0000365017   0.0000318275  -0.0000256665  -0.0001318673  -0.0000422046
        0.0000646995  -0.0000234285   0.0000297765   0.0000601916   0.0000554801
       -0.0000047423  -0.0000892762  -0.0000264460  -0.0001557675  -0.0000931248
        0.0001513587   0.0001072911  -0.0004247854
       -0.0052189353  -0.0084923538  -0.0062586094  -0.0835214634  -0.0579959264
       -0.1103596134   0.0125391796   0.0071104254   0.0070661508   0.0003578460
        0.0001179126   0.0007981500   0.0023387304  -0.0002366732  -0.0012512449
        0.0005918216   0.0003775906   0.0002529640  -0.0002760876  -0.0001690629
       -0.0000459278  -0.0003490952   0.0019998328   0.0006772734   0.0000965039
        0.0005024048   0.0004076611  -0.0001057508  -0.0001473145  -0.0001941828
        0.0011897881  -0.0027890300   0.0000022860   0.0934516616   0.0716233924
        0.1278286676  -0.0210071756  -0.0114676814  -0.0193095534  -0.0000943608
        0.0000445118  -0.0001433735  -0.0000160711  -0.0000353565   0.0000554780
       -0.0000486042   0.0000476742   0.0000273437   0.0001903184   0.0000650161
       -0.0000907946   0.0000504431  -0.0000270016  -0.0000160728  -0.0000047840
       -0.0000066413   0.0001097590   0.0000429648   0.0000686545   0.0001982016
       -0.0002069294  -0.0005903735   0.0002454373
       -0.0032556213   0.0092892371  -0.0088945125  -0.0569049941   0.0294074571
       -0.0458421926   0.0042833171  -0.0131414128   0.0204939076  -0.0035663333
       -0.0011449767   0.0042625546   0.0010227305   0.0000897523   0.0000721388
       -0.0001379117   0.0001011153  -0.0000905357  -0.0009750588  -0.0002223564
        0.0002287943   0.0014217088  -0.0005169342  -0.0014456635  -0.0005942586
        0.0025534125   0.0009640354  -0.0001693697   0.0001126171  -0.0002916595
        0.0005011011  -0.0007424778   0.0001081525  -0.0071136807   0.0101299847
       -0.0210071756   0.0669666148  -0.0355255041   0.0527225997  -0.0000018635
        0.0000286374   0.0000096338   0.0000634144   0.0000985107  -0.0000991066
        0.0000532833  -0.0000327200   0.0000248693   0.0000103524   0.0000038444
       -0.0000476359  -0.0004359529   0.0002707183   0.0001982345   0.0001662520
        0.0000510320  -0.0000325759  -0.0011516899  -0.0009122141  -0.0012739607
       -0.0001820398   0.0001022772  -0.0000599021
        0.0089537253  -0.0194263500   0.0201826366   0.0288243356  -0.1111782223
        0.1017238494   0.0002606845  -0.0034412968   0.0065661181  -0.0008731088
       -0.0001656196   0.0013292076   0.0002980508   0.0000314411   0.0003381238
        0.0000113391   0.0000194502  -0.0001228256  -0.0000167004   0.0003373671
        0.0003248957  -0.0001956500   0.0005745660  -0.0003456685   0.0030656444
       -0.0058373532  -0.0010869969  -0.0001236434   0.0003443358   0.0001863785
       -0.0002303850   0.0006160561   0.0008186147  -0.0040929309   0.0076410437
       -0.0114676814  -0.0355255041   0.1306758141  -0.1170963750   0.0000371791
       -0.0002888960   0.0001280275   0.0000400981   0.0000093640  -0.0000336728
        0.0000660731   0.0000112308  -0.0000245848  -0.0000178341  -0.0000302133
       -0.0000195678   0.0001325222   0.0000398929  -0.0000545094   0.0002096767
        0.0000043640  -0.0001204135  -0.0007928318   0.0000326121  -0.0008301131
       -0.0000307404   0.0000304132  -0.0003954429
        0.0014184600  -0.0033112969   0.0060180679  -0.0459461342   0.1016122530
       -0.1935713371  -0.0002982131   0.0120040583  -0.0191758386   0.0037016807
        0.0009994370  -0.0027096965  -0.0007312677  -0.0000631694   0.0002545718
       -0.0000973067   0.0000107121   0.0000921933  -0.0010958683  -0.0003600491
        0.0001788952  -0.0011515790  -0.0007636752   0.0018277693   0.0006581772
       -0.0015015036   0.0006462927  -0.0002274539  -0.0000819926   0.0002575381
        0.0002887331  -0.0002247392   0.0007512602  -0.0086903851   0.0092530840
       -0.0193095534   0.0527225997  -0.1170963750   0.2254653602   0.0000012366
       -0.0000311906  -0.0001610568  -0.0000412220  -0.0000703890   0.0000206576
       -0.0000232942   0.0000034402  -0.0000465257  -0.0000076472  -0.0000045479
        0.0000788570   0.0002875868  -0.0001203187   0.0000154186  -0.0000537040
       -0.0001825394  -0.0000715698  -0.0008588976  -0.0002694413   0.0001742166
        0.0001444990   0.0001982434  -0.0007355207
       -0.0014571172  -0.0006823974  -0.0000555220   0.0004511650  -0.0000601797
        0.0000284306   0.0055382700  -0.0178417432  -0.0057504366   0.0004276000
       -0.0001505385   0.0001191897  -0.0664561017   0.0683739174   0.0191909344
       -0.0116786505   0.0205947676   0.0110523634  -0.0032416913   0.0112015983
        0.0007688829  -0.0032288059  -0.0033936760  -0.0025314845  -0.0003598841
        0.0001295053  -0.0003910927  -0.0000060234   0.0000993140   0.0000792412
       -0.0014443376   0.0000280521   0.0014394090   0.0001371442   0.0001439760
       -0.0000943608  -0.0000018635   0.0000371791   0.0000012366   0.0846299930
       -0.0788195331  -0.0251738133   0.0006390973   0.0000833961  -0.0004959346
       -0.0040625967  -0.0001624227   0.0039582630   0.0001868471   0.0005714406
       -0.0002078300  -0.0004570177   0.0013727740  -0.0020208587  -0.0002120170
        0.0002071996   0.0001517576   0.0004543457  -0.0005900623   0.0003955552
        0.0001416443  -0.0011425672  -0.0004639305
        0.0006732626   0.0004067155  -0.0003366637   0.0003508590  -0.0000652690
       -0.0000034446   0.0042844875  -0.0174766178  -0.0059207956   0.0002414203
        0.0003295888   0.0000125553   0.0667878713  -0.2238371706  -0.0558724388
        0.0006376966   0.0011387023  -0.0005687128   0.0073745909  -0.0177745488
       -0.0004581188  -0.0037490495  -0.0029214832  -0.0030123291  -0.0001079478
        0.0001495409  -0.0000517044   0.0002595396   0.0001477940   0.0000097792
       -0.0002047930   0.0006420852   0.0005474734   0.0002655923  -0.0000695608
        0.0000445118   0.0000286374  -0.0002888960  -0.0000311906  -0.0788195331
        0.2601302842   0.0627184346  -0.0002891541   0.0004371937  -0.0000732698
        0.0001148330   0.0008599462  -0.0000392891   0.0000271347   0.0004049189
        0.0002824140   0.0019678126  -0.0019379701   0.0036497212  -0.0000382511
        0.0003031259  -0.0002427506  -0.0002431682   0.0002447306  -0.0003398566
        0.0004381592  -0.0008231100  -0.0003143251
        0.0008590442   0.0003348712   0.0003638569   0.0003407501   0.0001272152
        0.0002403056   0.0031818698  -0.0134198468  -0.0037317367   0.0001497866
       -0.0003018477  -0.0003082254   0.0188879188  -0.0555776859  -0.0572976184
        0.0111090769  -0.0175356729  -0.0083494157  -0.0089161350   0.0232247141
        0.0028705438  -0.0026737385  -0.0023695393  -0.0017234021  -0.0003463767
        0.0000449696  -0.0001919207  -0.0000046030   0.0000160148  -0.0002090483
        0.0010713500  -0.0000580161  -0.0001368164   0.0001019551  -0.0000628161
       -0.0001433735   0.0000096338   0.0001280275  -0.0001610568  -0.0251738133
        0.0627184346   0.0736159259  -0.0000849938  -0.0005553813  -0.0000017189
        0.0040680254   0.0001638888  -0.0027494206  -0.0005898163   0.0000001230
        0.0004846136  -0.0022448380   0.0033893525  -0.0036653419   0.0001881945
        0.0000817004   0.0004467173  -0.0001385351   0.0003967272   0.0008014935
        0.0002052445  -0.0007452329  -0.0001543612
        0.0000042762   0.0000277452   0.0000197350   0.0000499641   0.0000729405
       -0.0000770626   0.0006991772  -0.0006745707   0.0013699111  -0.0006854886
       -0.0001441344  -0.0001281188   0.0054683765  -0.0115397697   0.0175890918
       -0.0685522903   0.0402927083  -0.0625290869  -0.0025764035  -0.0008543973
        0.0027979526   0.0000224945   0.0005994052  -0.0000063203  -0.0000432936
        0.0000070283   0.0000059689   0.0000341074   0.0000037319  -0.0000393418
        0.0000181418  -0.0000272390  -0.0000130751   0.0000570694   0.0000275481
       -0.0000160711   0.0000634144   0.0000400981  -0.0000412220   0.0006390973
       -0.0002891541  -0.0000849938   0.0795063903  -0.0463607295   0.0707226091
       -0.0041529467   0.0075780046  -0.0091216556  -0.0106593524   0.0118496487
       -0.0216881960  -0.0000830025  -0.0000885053   0.0000668052  -0.0000939149
        0.0001337926   0.0000655871   0.0003113259  -0.0005710666   0.0011001684
       -0.0000271427  -0.0000830847   0.0000073147
        0.0000302084   0.0000561515  -0.0000602023   0.0000284294   0.0001546202
       -0.0001706710   0.0002479043  -0.0000411006   0.0008577643  -0.0007328402
        0.0000696743  -0.0001607175   0.0003611266  -0.0027853637   0.0049714462
        0.0402896317  -0.1075926393   0.0967730257  -0.0013170663   0.0006599524
        0.0009950573  -0.0000096315  -0.0001189956  -0.0005977855  -0.0000214113
        0.0000317902  -0.0000031744   0.0000208948  -0.0000156871   0.0000007025
        0.0000083123  -0.0000176465   0.0000118482  -0.0000068486  -0.0000386961
       -0.0000353565   0.0000985107   0.0000093640  -0.0000703890   0.0000833961
        0.0004371937  -0.0005553813  -0.0463607295   0.1212751855  -0.1139819958
        0.0130411618  -0.0197505721   0.0238694110  -0.0056888664   0.0077036802
       -0.0122248600   0.0000423899   0.0002422831  -0.0001664612  -0.0000707313
       -0.0000652031  -0.0001233311   0.0000833970  -0.0000714390   0.0005256954
       -0.0001272379  -0.0001425522   0.0001453751
        0.0000262660  -0.0000440763   0.0000771084  -0.0001150785  -0.0002508244
        0.0001341150  -0.0008770497  -0.0001863851   0.0003506500   0.0004665714
        0.0001373629   0.0004433542  -0.0040170680   0.0121006277  -0.0200217582
       -0.0625334108   0.0961697654  -0.1913960054   0.0042250774   0.0005663473
       -0.0034153676   0.0001441729   0.0000496339   0.0002471376   0.0000877537
       -0.0000212172   0.0000406837  -0.0000394588  -0.0000254804  -0.0000010730
       -0.0000437011   0.0000324901  -0.0000972578  -0.0000348181  -0.0000070889
        0.0000554780  -0.0000991066  -0.0000336728   0.0000206576  -0.0004959346
       -0.0000732698  -0.0000017189   0.0707226091  -0.1139819958   0.2237721113
        0.0017947899  -0.0028319203   0.0061795793  -0.0092219259   0.0078318499
       -0.0151902394   0.0000389027  -0.0002103117   0.0000169733   0.0002707246
       -0.0000362802   0.0002791709  -0.0001722691   0.0008681712  -0.0013995814
       -0.0001270463  -0.0000537256  -0.0000940176
       -0.0001184988  -0.0001288273   0.0000152834   0.0002331174   0.0000245591
       -0.0000824155   0.0004173916   0.0011647115   0.0004980524  -0.0000998085
        0.0000734888  -0.0000124998  -0.0115123097   0.0212113873   0.0101950332
       -0.0689312600   0.0709776401   0.0222072858   0.0006763194   0.0000785690
       -0.0009954837  -0.0003793612  -0.0006249122  -0.0007109782   0.0000620321
        0.0000028063   0.0000261442   0.0000049508  -0.0000619749  -0.0000282887
        0.0000447364  -0.0000169846  -0.0001069688   0.0000273692   0.0000365017
       -0.0000486042   0.0000532833   0.0000660731  -0.0000232942  -0.0040625967
        0.0001148330   0.0040680254  -0.0041529467   0.0130411618   0.0017947899
        0.0805219947  -0.0836678112  -0.0292481166   0.0067983878  -0.0218567712
       -0.0078752422   0.0001500268  -0.0002299934   0.0001998223  -0.0000467385
       -0.0001420798   0.0000133375   0.0000464303  -0.0000020670  -0.0002061992
        0.0002674802  -0.0000603104   0.0003203166
        0.0000326461   0.0000586986  -0.0000192862  -0.0000493194  -0.0002403394
        0.0000672408   0.0000988529  -0.0000200806  -0.0002008686   0.0001811728
       -0.0002355424  -0.0000018999   0.0026248555   0.0017374251  -0.0017178505
        0.0716986563  -0.2379468100  -0.0647342858  -0.0006040523   0.0008910530
        0.0003682413  -0.0007937410  -0.0000066058   0.0006035663  -0.0000325556
       -0.0000225577  -0.0000065517   0.0000376110   0.0000035897  -0.0000151853
       -0.0000197065  -0.0000175669   0.0000350467  -0.0000071989   0.0000318275
        0.0000476742  -0.0000327200   0.0000112308   0.0000034402  -0.0001624227
        0.0008599462   0.0001638888   0.0075780046  -0.0197505721  -0.0028319203
       -0.0836678112   0.2739462001   0.0755171998   0.0035970829  -0.0192287103
       -0.0070811809  -0.0000291101   0.0002448796  -0.0000012743  -0.0000111175
       -0.0002636510  -0.0001645516  -0.0001283536  -0.0000782298   0.0001331721
       -0.0003107734   0.0000258153  -0.0001646151
        0.0001493342   0.0001044147  -0.0000358289  -0.0001038240  -0.0000834259
       -0.0000337893  -0.0007919877  -0.0003894077   0.0006430189   0.0000054628
        0.0001164833  -0.0001342673   0.0101715665  -0.0181867055  -0.0084726056
        0.0224363619  -0.0645307310  -0.0655154921   0.0000797606  -0.0007305412
        0.0006634847  -0.0000975221   0.0002888544  -0.0001539149  -0.0000341935
        0.0000165993  -0.0000330741   0.0000213863   0.0000216521   0.0000121078
       -0.0000422843  -0.0000135845   0.0000575160  -0.0000560801  -0.0000256665
        0.0000273437   0.0000248693  -0.0000245848  -0.0000465257   0.0039582630
       -0.0000392891  -0.0027494206  -0.0091216556   0.0238694110   0.0061795793
       -0.0292481166   0.0755171998   0.0750567522   0.0031719817  -0.0162242277
       -0.0051751109   0.0002106511   0.0005563858  -0.0002846616  -0.0001010443
       -0.0001938147  -0.0001987221  -0.0002395295   0.0000935280   0.0002227110
       -0.0003933999  -0.0001425501  -0.0000291006
        0.0000012274  -0.0000439887  -0.0000008749  -0.0010082329  -0.0007161590
       -0.0007018607  -0.0042696330  -0.0005958179   0.0041381168   0.0001758004
        0.0000498432   0.0002429457  -0.0219279237  -0.0133924883  -0.0079839942
       -0.1738368619  -0.0890901706  -0.0796020800   0.0008390873   0.0005017037
       -0.0009918468   0.0000715083   0.0002087585   0.0001234755   0.0000433615
       -0.0000303786  -0.0000275676   0.0000009830   0.0000224777   0.0000251333
       -0.0000064567  -0.0000177407   0.0000052434  -0.0003994372  -0.0001318673
        0.0001903184   0.0000103524  -0.0000178341  -0.0000076472   0.0001868471
        0.0000271347  -0.0005898163  -0.0106593524  -0.0056888664  -0.0092219259
        0.0067983878   0.0035970829   0.0031719817   0.2033980053   0.1050872093
        0.0908832146  -0.0000819228  -0.0000091580   0.0000317158   0.0003969863
       -0.0001096861   0.0005171605   0.0001016883   0.0001535853  -0.0002431565
        0.0001655856   0.0001963603   0.0000414644
        0.0000032469   0.0000294926   0.0000126134  -0.0002051541  -0.0000701298
       -0.0002531903  -0.0009263161   0.0004590706   0.0008619944   0.0000451936
       -0.0000656814   0.0000581740  -0.0049128565  -0.0025558925  -0.0011349022
       -0.0893504983  -0.1046060063  -0.0536584123  -0.0002180907   0.0001297672
       -0.0003047000  -0.0000888305  -0.0002668646   0.0002899088   0.0000033607
       -0.0000079782  -0.0000014873  -0.0000116595   0.0000084714   0.0000121191
       -0.0000053422   0.0000149267   0.0000147060  -0.0000902470  -0.0000422046
        0.0000650161   0.0000038444  -0.0000302133  -0.0000045479   0.0005714406
        0.0004049189   0.0000001230   0.0118496487   0.0077036802   0.0078318499
       -0.0218567712  -0.0192287103  -0.0162242277   0.1050872093   0.1180651999
        0.0618502408  -0.0000773408  -0.0002380128  -0.0000910645   0.0000052523
        0.0001032137   0.0007829748   0.0002271322   0.0000085360  -0.0000644146
       -0.0000532219   0.0001844166  -0.0000427735
       -0.0000052544   0.0000073951   0.0000223736   0.0006893948   0.0003278251
        0.0005016222   0.0026503266   0.0006348285  -0.0021007269   0.0001529780
       -0.0000654416  -0.0000351068   0.0141483278   0.0095939335   0.0068200071
       -0.0799048080  -0.0536731792  -0.0896521792   0.0012949271   0.0002879366
        0.0006742966  -0.0002627286  -0.0003000561   0.0001214621  -0.0000037457
        0.0000129259  -0.0000296276  -0.0000214832   0.0000048981   0.0000114232
       -0.0000111744   0.0000236253   0.0000389292   0.0002578129   0.0000646995
       -0.0000907946  -0.0000476359  -0.0000195678   0.0000788570  -0.0002078300
        0.0002824140   0.0004846136  -0.0216881960  -0.0122248600  -0.0151902394
       -0.0078752422  -0.0070811809  -0.0051751109   0.0908832146   0.0618502408
        0.1042598854  -0.0001202512  -0.0000913415  -0.0001275983   0.0000812427
        0.0002889678  -0.0006536599  -0.0000443932  -0.0000470235   0.0000466201
        0.0000345183   0.0001229605  -0.0000050465
       -0.0000258934  -0.0000774255   0.0000231629  -0.0000315039   0.0000166947
       -0.0002403577   0.0002075435   0.0012163306   0.0000424409   0.0001591822
       -0.0001465012   0.0002888973  -0.0035499665   0.0119355186   0.0005938209
        0.0003941597  -0.0007790894   0.0002994281  -0.0568049483   0.0506675614
        0.0154179652  -0.0004878722  -0.0006744513   0.0002644940   0.0000569924
       -0.0001007995   0.0000165479   0.0000331637  -0.0000455748  -0.0000113981
        0.0000892355  -0.0000936146  -0.0000089308  -0.0000110623  -0.0000234285
        0.0000504431  -0.0004359529   0.0001325222   0.0002875868  -0.0004570177
        0.0019678126  -0.0022448380  -0.0000830025   0.0000423899   0.0000389027
        0.0001500268  -0.0000291101   0.0002106511  -0.0000819228  -0.0000773408
       -0.0001202512   0.0634793860  -0.0612909294  -0.0160998663   0.0044442315
       -0.0261477460  -0.0079157876  -0.0072741285   0.0234278878   0.0092932093
        0.0002293497   0.0000792934  -0.0001861203
        0.0000429705   0.0001396109  -0.0000652657  -0.0000906311  -0.0000353798
        0.0000412119  -0.0003205797  -0.0001455986  -0.0005367231  -0.0001270385
       -0.0001593809  -0.0002708079   0.0070578056  -0.0195591371   0.0004285123
       -0.0000303222   0.0006469889  -0.0005380577   0.0513579573  -0.2563352550
       -0.0591610975  -0.0001586714   0.0007722606  -0.0003836884  -0.0000788797
       -0.0000003647  -0.0000221012   0.0000137997   0.0000336268  -0.0000162830
       -0.0000551950  -0.0000300075   0.0000682682  -0.0000587039   0.0000297765
       -0.0000270016   0.0002707183   0.0000398929  -0.0001203187   0.0013727740
       -0.0019379701   0.0033893525  -0.0000885053   0.0002422831  -0.0002103117
       -0.0002299934   0.0002448796   0.0005563858  -0.0000091580  -0.0002380128
       -0.0000913415  -0.0612909294   0.2976274278   0.0666663140   0.0011696119
       -0.0189019553  -0.0069374442   0.0018166444  -0.0023652562  -0.0025953159
       -0.0005636740  -0.0000684292  -0.0001742866
       -0.0000584341  -0.0001023052  -0.0000258983   0.0000319157  -0.0001388064
       -0.0000322859   0.0001483161   0.0002010480   0.0010522533   0.0003469221
       -0.0001682799   0.0002061707  -0.0063656431   0.0238788372   0.0047928435
       -0.0006476449   0.0004086918   0.0007341303   0.0154782517  -0.0597510644
       -0.0593119631  -0.0002648169  -0.0001892485  -0.0005501454   0.0000496150
        0.0000624242   0.0000467937   0.0000100055  -0.0000224502   0.0000013418
       -0.0000703939   0.0000874356  -0.0001073058  -0.0000096631   0.0000601916
       -0.0000160728   0.0001982345  -0.0000545094   0.0000154186  -0.0020208587
        0.0036497212  -0.0036653419   0.0000668052  -0.0001664612   0.0000169733
        0.0001998223  -0.0000012743  -0.0002846616   0.0000317158  -0.0000910645
       -0.0001275983  -0.0160998663   0.0666663140   0.0680295204   0.0015545668
       -0.0119988202  -0.0030756750   0.0072730366  -0.0223913748  -0.0078043289
        0.0001481137   0.0000609954   0.0001058315
       -0.0000268104  -0.0000166718  -0.0000576747  -0.0001059007  -0.0000445411
       -0.0002472322  -0.0006073753   0.0019045422  -0.0019394161  -0.0006222923
       -0.0002489161  -0.0005569091  -0.0114398276  -0.0046066829  -0.0076469159
        0.0010215480  -0.0003210404   0.0014849377  -0.2030745988  -0.0901972359
       -0.0677864884   0.0000165789   0.0000700532  -0.0000245935   0.0000366501
        0.0000053035  -0.0000109523   0.0000483144   0.0000040922   0.0000178591
       -0.0000806569  -0.0001036090  -0.0000255567   0.0000514805   0.0000554801
       -0.0000047840   0.0001662520   0.0002096767  -0.0000537040  -0.0002120170
       -0.0000382511   0.0001881945  -0.0000939149  -0.0000707313   0.0002707246
       -0.0000467385  -0.0000111175  -0.0001010443   0.0003969863   0.0000052523
        0.0000812427   0.0044442315   0.0011696119   0.0015545668   0.2349250511
        0.1053598321   0.0803218568  -0.0249203633  -0.0132493839  -0.0056594260
        0.0001234029   0.0001243366   0.0001953150
        0.0000310261   0.0000735267  -0.0000319223  -0.0001433142  -0.0000846243
        0.0000943717   0.0007641638  -0.0010236837   0.0023120035   0.0005601333
        0.0002655652   0.0004567637   0.0109663898   0.0063157727   0.0057383519
        0.0006923204   0.0005009260   0.0001313596  -0.0903344010  -0.0940134165
       -0.0397041750   0.0000505037  -0.0000246993  -0.0004835192  -0.0000264038
        0.0000392698  -0.0000125333  -0.0000073025   0.0000015232   0.0000098595
       -0.0000261060  -0.0000014537   0.0000075199   0.0000126623  -0.0000047423
       -0.0000066413   0.0000510320   0.0000043640  -0.0001825394   0.0002071996
        0.0003031259   0.0000817004   0.0001337926  -0.0000652031  -0.0000362802
       -0.0001420798  -0.0002636510  -0.0001938147  -0.0001096861   0.0001032137
        0.0002889678  -0.0261477460  -0.0189019553  -0.0119988202   0.1053598321
        0.1069095301   0.0435109557  -0.0017775956  -0.0002252918  -0.0000766816
       -0.0001144207   0.0000919037   0.0000950733
        0.0000163416  -0.0000316038   0.0001083027   0.0003452960   0.0002249515
        0.0000461878  -0.0018580398   0.0031923566  -0.0041216043  -0.0012413669
       -0.0005486654  -0.0010627099  -0.0215434067  -0.0098107826  -0.0128171093
       -0.0010281981  -0.0006248993   0.0005514068  -0.0675185412  -0.0395636047
       -0.0710875848   0.0002931927   0.0002009141   0.0001535357   0.0000431804
       -0.0000164204  -0.0000178710  -0.0000062205  -0.0000060622   0.0000109272
       -0.0000383046   0.0000807909  -0.0000222467   0.0000534868  -0.0000892762
        0.0001097590  -0.0000325759  -0.0001204135  -0.0000715698   0.0001517576
       -0.0002427506   0.0004467173   0.0000655871  -0.0001233311   0.0002791709
        0.0000133375  -0.0001645516  -0.0001987221   0.0005171605   0.0007829748
       -0.0006536599  -0.0079157876  -0.0069374442  -0.0030756750   0.0803218568
        0.0435109557   0.0844835157   0.0193482418   0.0101960772   0.0068314046
        0.0000130023   0.0000907846   0.0001078250
       -0.0002042458   0.0000057545  -0.0002614968  -0.0010168343   0.0000934621
       -0.0011624863   0.0002318784  -0.0001400793   0.0002924321  -0.0000795109
       -0.0000129083   0.0000930821   0.0061527354  -0.0003566917  -0.0050464114
        0.0003347705   0.0002376203  -0.0008623476  -0.1625358134  -0.0011663109
        0.1212186073   0.0001230684   0.0003225294   0.0001533701   0.0000736180
        0.0000054000   0.0001080422  -0.0000911916   0.0000067662   0.0000375144
        0.0000841162   0.0002723351   0.0000449982   0.0000122303  -0.0000264460
        0.0000429648  -0.0011516899  -0.0007928318  -0.0008588976   0.0004543457
       -0.0002431682  -0.0001385351   0.0003113259   0.0000833970  -0.0001722691
        0.0000464303  -0.0001283536  -0.0002395295   0.0001016883   0.0002271322
       -0.0000443932  -0.0072741285   0.0018166444   0.0072730366  -0.0249203633
       -0.0017775956   0.0193482418   0.1894043966   0.0016651242  -0.1397960968
       -0.0000568262  -0.0000917800  -0.0000298263
        0.0001283667   0.0002202820   0.0002725506  -0.0001998723   0.0004697662
       -0.0004513331  -0.0000832489   0.0003413110  -0.0003331557  -0.0000963007
       -0.0001251800   0.0000309750  -0.0099156408  -0.0010027863   0.0119483955
        0.0009139348  -0.0010848353   0.0030718696  -0.0006031417  -0.0434541558
       -0.0006209328  -0.0000852363  -0.0003094003  -0.0000502077  -0.0000509919
       -0.0001519180  -0.0000753636  -0.0000707522  -0.0000589789  -0.0000650371
        0.0002169686  -0.0003694264  -0.0000122947   0.0000177083  -0.0001557675
        0.0000686545  -0.0009122141   0.0000326121  -0.0002694413  -0.0005900623
        0.0002447306   0.0003967272  -0.0005710666  -0.0000714390   0.0008681712
       -0.0000020670  -0.0000782298   0.0000935280   0.0001535853   0.0000085360
       -0.0000470235   0.0234278878  -0.0023652562  -0.0223913748  -0.0132493839
       -0.0002252918   0.0101960772   0.0016651242   0.0481553593  -0.0024695297
       -0.0000935970  -0.0000199318  -0.0001612546
        0.0000078538  -0.0000150021   0.0001551880  -0.0001401653   0.0001076817
       -0.0001799336   0.0007252461   0.0001078488  -0.0001625601   0.0001107507
        0.0000987956   0.0001756852   0.0169674617   0.0022528493  -0.0214351330
       -0.0021572173   0.0030305373  -0.0045135928   0.1209743290  -0.0000106098
       -0.1637061984  -0.0002490350  -0.0002222832   0.0002397959   0.0000597868
       -0.0000405327   0.0000134597   0.0000721885   0.0000176602   0.0000396386
       -0.0002248519   0.0004189143   0.0001096233   0.0001739252  -0.0000931248
        0.0001982016  -0.0012739607  -0.0008301131   0.0001742166   0.0003955552
       -0.0003398566   0.0008014935   0.0011001684   0.0005256954  -0.0013995814
       -0.0002061992   0.0001331721   0.0002227110  -0.0002431565  -0.0000644146
        0.0000466201   0.0092932093  -0.0025953159  -0.0078043289  -0.0056594260
       -0.0000766816   0.0068314046  -0.1397960968  -0.0024695297   0.1903321545
        0.0000696339   0.0000643095  -0.0001388646
       -0.0002119728  -0.0000188671  -0.0000007887   0.0018142841   0.0008411114
        0.0003494651   0.0103100904   0.0038053637   0.0066120416   0.0008613302
        0.0002245803   0.0000213418  -0.0002884894   0.0006075294   0.0003724388
       -0.0001341001   0.0002245430   0.0001396599  -0.0000826912   0.0002702174
        0.0001077244  -0.2642389548  -0.1472941618  -0.1531995611   0.0000540585
       -0.0000117232   0.0000009308   0.0000517708   0.0000316255   0.0000227211
       -0.0000054240   0.0000893119   0.0000460040  -0.0002468219   0.0001513587
       -0.0002069294  -0.0001820398  -0.0000307404   0.0001444990   0.0001416443
        0.0004381592   0.0002052445  -0.0000271427  -0.0001272379  -0.0001270463
        0.0002674802  -0.0003107734  -0.0003933999   0.0001655856  -0.0000532219
        0.0000345183   0.0002293497  -0.0005636740   0.0001481137   0.0001234029
       -0.0001144207   0.0000130023  -0.0000568262  -0.0000935970   0.0000696339
        0.2514554660   0.1419346170   0.1456403863
       -0.0002319030   0.0000500960   0.0002815300   0.0000649862   0.0009992458
        0.0000647133  -0.0213065476  -0.0223982423  -0.0147491711  -0.0010205582
       -0.0000662052  -0.0012582521   0.0019817160  -0.0054547429  -0.0018014692
        0.0004975659   0.0001987805   0.0001022957   0.0003242211   0.0000697922
        0.0003873183  -0.1222503611  -0.1155435173  -0.0915658314   0.0000039386
       -0.0000419473  -0.0000534475  -0.0000995019   0.0000561903   0.0000806252
        0.0000412311   0.0000917648   0.0001120925   0.0009360707   0.0001072911
       -0.0005903735   0.0001022772   0.0000304132   0.0001982434  -0.0011425672
       -0.0008231100  -0.0007452329  -0.0000830847  -0.0001425522  -0.0000537256
       -0.0000603104   0.0000258153  -0.0001425501   0.0001963603   0.0001844166
        0.0001229605   0.0000792934  -0.0000684292   0.0000609954   0.0001243366
        0.0000919037   0.0000907846  -0.0000917800  -0.0000199318   0.0000643095
        0.1419346170   0.1426529688   0.1093941849
       -0.0000052201   0.0001707052  -0.0000250408  -0.0013303293   0.0003051393
        0.0003368771  -0.0051924226  -0.0066650061  -0.0075443587   0.0005995362
        0.0006571428   0.0015668409   0.0005687362  -0.0024190564  -0.0001497997
        0.0001217860   0.0002494585  -0.0001061400   0.0003358203   0.0001059218
        0.0000956714  -0.1414376142  -0.1005860688  -0.0929573709  -0.0000390542
        0.0000917413  -0.0000396906  -0.0000024140   0.0000408934   0.0000175470
       -0.0000081156   0.0000919790   0.0001021182   0.0009242735  -0.0004247854
        0.0002454373  -0.0000599021  -0.0003954429  -0.0007355207  -0.0004639305
       -0.0003143251  -0.0001543612   0.0000073147   0.0001453751  -0.0000940176
        0.0003203166  -0.0001646151  -0.0000291006   0.0000414644  -0.0000427735
       -0.0000050465  -0.0001861203  -0.0001742866   0.0001058315   0.0001953150
        0.0000950733   0.0001078250  -0.0000298263  -0.0001612546  -0.0001388646
        0.1456403863   0.1093941849   0.0994011633
