$hessian                                                                        
        0.5092887860   0.0232431695  -0.0199994549  -0.0889971681   0.0376385330
       -0.0348369790  -0.0127204645   0.0182142210  -0.0096462526  -0.0007778049
        0.0005783906   0.0001973999  -0.0000828655   0.0001187021  -0.0000325734
        0.0004793694  -0.0004442403  -0.0001041736  -0.0007777253   0.0001826307
        0.0000814937  -0.1812768208   0.0750174234   0.0905506450  -0.1501183671
       -0.1136055395   0.0415472817  -0.0740505837  -0.0382998000  -0.0685929016
        0.0071385365  -0.0129549602   0.0112091660  -0.0050587681   0.0078297110
       -0.0093243128   0.0010497395  -0.0000338621  -0.0015232139  -0.0025878313
        0.0021369506   0.0006678820  -0.0001053939   0.0000568498  -0.0001216173
       -0.0001230522   0.0001901943   0.0000292311  -0.0011587536   0.0001525006
       -0.0001648381  -0.0001208323  -0.0000208746   0.0000632179
        0.0232431695   0.4954181318   0.0233171751   0.0354512658  -0.1297280667
        0.0563674586   0.0108368536  -0.0127548168   0.0040614448  -0.0001096985
       -0.0008927192   0.0000902794   0.0001325630   0.0000181106  -0.0000429313
        0.0005706279  -0.0004585946   0.0000946751   0.0003007890   0.0002065861
        0.0000766992   0.0752472314  -0.0857223980  -0.0513139682  -0.1144036126
       -0.1631297488   0.0424948370  -0.0380127422  -0.0899357315  -0.0874176949
        0.0077843641  -0.0203839655   0.0173671463  -0.0030357020   0.0074398509
       -0.0055066703  -0.0001559372   0.0006789389   0.0013153758   0.0026065465
       -0.0010965901  -0.0007231632  -0.0001466293   0.0001559225   0.0001621106
        0.0001104599   0.0000445763   0.0000623021  -0.0005451371   0.0001987879
       -0.0003936601   0.0001255881  -0.0000582739  -0.0000114161
       -0.0199994549   0.0233171751   0.5020176231  -0.0342839097   0.0566873118
       -0.1152949843   0.0037786201  -0.0068920518   0.0058827376  -0.0001698800
       -0.0004359902  -0.0004595741   0.0002154230  -0.0000177886   0.0003452153
       -0.0001874898  -0.0000207477  -0.0005387756   0.0001949615   0.0001333549
        0.0002875908   0.0902773945  -0.0508356122  -0.1023129851   0.0418575623
        0.0421022242  -0.0597326915  -0.0685766323  -0.0881390241  -0.2059923612
       -0.0029627492   0.0091012104  -0.0060007892  -0.0130379056   0.0181543312
       -0.0197049612   0.0012084717  -0.0009952665   0.0014707642   0.0017967621
       -0.0020890573  -0.0004167758  -0.0000218361  -0.0001151781   0.0001488743
       -0.0001038372   0.0000474485   0.0001256960  -0.0000853925  -0.0000422315
        0.0002641749   0.0000998922   0.0000398918  -0.0000887783
       -0.0889971681   0.0354512658  -0.0342839097   0.4861830882   0.0380355239
        0.0117685218  -0.1368252175   0.0443948225   0.0439443918  -0.0234687513
        0.0100581361   0.0103620989   0.0008516412   0.0002947925   0.0010085673
        0.0006992054   0.0003575364  -0.0001242563  -0.0059746723  -0.0015903414
       -0.0010492756  -0.0125873949   0.0180919664  -0.0129033851   0.0084074116
       -0.0127835020   0.0112189193  -0.0060855189   0.0079903213  -0.0097401268
       -0.1515489203  -0.1125387545   0.0341864235  -0.0643535977  -0.0328089203
       -0.0598328667  -0.0006495831   0.0011369035   0.0026304228  -0.0045021125
        0.0033189848   0.0022336158  -0.0001740064  -0.0000681531   0.0001290664
        0.0001433554   0.0001730128  -0.0000347467  -0.0002701485  -0.0003122874
        0.0000828463  -0.0008476102   0.0007986925   0.0004036929
        0.0376385330  -0.1297280667   0.0566873118   0.0380355239   0.4907475575
        0.0115593657   0.0401093547  -0.0898860276  -0.0257420821  -0.0028129991
        0.0040272916   0.0038486237  -0.0006547186   0.0004322833   0.0000517637
        0.0005107479  -0.0001689029  -0.0001435516  -0.0027451551   0.0006087180
       -0.0002415086   0.0085282870  -0.0111722666   0.0079308971   0.0076298211
       -0.0193254238   0.0152210224  -0.0037157250   0.0075493501  -0.0048594307
       -0.1119667740  -0.1518594683   0.0332453510  -0.0324881548  -0.0860918368
       -0.0835621651   0.0010618792   0.0004286147  -0.0016158434   0.0221878026
       -0.0157163429  -0.0126127512  -0.0001081464   0.0000320482   0.0000812872
       -0.0000362063   0.0001062279   0.0000368825  -0.0006442173  -0.0002795999
        0.0000891659  -0.0005298528   0.0002958441   0.0000256617
       -0.0348369790   0.0563674586  -0.1152949843   0.0117685218   0.0115593657
        0.4985664002   0.0430984986  -0.0279407553  -0.0920851226   0.0008300173
        0.0031990255   0.0015478362  -0.0016974058   0.0005399693   0.0006917890
       -0.0000015357   0.0000786956  -0.0004301616  -0.0029630047   0.0003455463
        0.0005096615   0.0056254050  -0.0085603805   0.0072212460  -0.0023865388
        0.0088795633  -0.0060686501  -0.0134135749   0.0174284422  -0.0201232325
        0.0340993873   0.0337446376  -0.0552882480  -0.0592536304  -0.0847121548
       -0.2061765191   0.0219589588  -0.0135168753  -0.0166389842  -0.0022317639
        0.0026705957   0.0029511415   0.0002174186  -0.0001741422  -0.0001747265
       -0.0002262507   0.0000045401   0.0000359256  -0.0001523034  -0.0000931958
        0.0006039324  -0.0004352203   0.0001796638   0.0001526966
       -0.0127204645   0.0108368536   0.0037786201  -0.1368252175   0.0401093547
        0.0430984986   0.4542034537  -0.0137452984  -0.0013189071  -0.1484720779
       -0.0364371118  -0.0342553152  -0.0075280854  -0.0033400557  -0.0055323563
       -0.0076678143  -0.0075250673  -0.0011775178  -0.0379503449  -0.0007061685
       -0.0021611858  -0.0007864929   0.0023568962  -0.0015027146   0.0005490779
       -0.0005152252   0.0000828765   0.0004912643  -0.0002736380   0.0008102858
       -0.0216670848   0.0095564324   0.0128438594   0.0036958805  -0.0006044580
        0.0000609303  -0.0425580666   0.0007367006  -0.0153305313  -0.0396158433
       -0.0028675106  -0.0001520870   0.0005272952   0.0008169647  -0.0001867868
        0.0003803017  -0.0006451901   0.0001948397   0.0002434892   0.0001617522
       -0.0000794074  -0.0042992703   0.0020847691   0.0008268989
        0.0182142210  -0.0127548168  -0.0068920518   0.0443948225  -0.0898860276
       -0.0279407553  -0.0137452984   0.5047268934  -0.0224740736  -0.0446608849
       -0.0792339145  -0.0132774077   0.0002385133   0.0011417098  -0.0001526160
       -0.0249651003  -0.0136678300  -0.0057622925   0.0214429352   0.0049440242
        0.0028141723   0.0026839714  -0.0028051264   0.0022636078   0.0002502698
        0.0007079705  -0.0006033930  -0.0006407685   0.0004874487  -0.0005621799
       -0.0116618305   0.0058000886   0.0077330681   0.0100036075  -0.0058585703
       -0.0086419674   0.0007296809  -0.0457139706   0.0221576849  -0.0029650914
       -0.2619707115   0.0522555982  -0.0001201791   0.0009868368  -0.0007760483
       -0.0018295839  -0.0057199539   0.0013347530  -0.0001678080   0.0004166326
       -0.0002971797   0.0027985233  -0.0016006829  -0.0011789192
       -0.0096462526   0.0040614448   0.0058827376   0.0439443918  -0.0257420821
       -0.0920851226  -0.0013189071  -0.0224740736   0.5180240643  -0.0376908856
       -0.0124861916  -0.0805001785  -0.0273397154  -0.0103930266  -0.0140901807
        0.0056107193   0.0018501659   0.0023174320   0.0141812442   0.0024146224
        0.0057146155  -0.0021227678   0.0027440753  -0.0010941745  -0.0000562106
       -0.0001201565   0.0006838070  -0.0010377461   0.0007171217   0.0008701654
        0.0070422046  -0.0032495763  -0.0026153347   0.0192296183  -0.0134509016
       -0.0151629166  -0.0146938464   0.0233423358  -0.2715485223  -0.0008977573
        0.0519636073  -0.0572749647   0.0011571066   0.0006286203   0.0008502587
        0.0010880904   0.0017705314   0.0002221117   0.0000992936  -0.0002521235
        0.0000625180   0.0024514203  -0.0013243932  -0.0002563156
       -0.0007778049  -0.0001096985  -0.0001698800  -0.0234687513  -0.0028129991
        0.0008300173  -0.1484720779  -0.0446608849  -0.0376908856   0.4431169441
        0.0278024248   0.0154325208  -0.0427031965  -0.0011527994  -0.0213184497
       -0.0667737702  -0.0233247107   0.0057001269  -0.1153367988   0.0381999091
        0.0284979992   0.0002534908   0.0001372156  -0.0001546986   0.0001709005
        0.0003239680  -0.0000119435  -0.0001139415   0.0001499718   0.0001709074
       -0.0021158039   0.0014819690   0.0004185424   0.0002805149  -0.0008713891
       -0.0011717179  -0.0061664407  -0.0022221672  -0.0054959178  -0.0059818543
       -0.0054292239  -0.0019879712   0.0005846863   0.0014442240  -0.0000728197
       -0.0082475408  -0.0278738872   0.0077296975   0.0015372077   0.0181647776
       -0.0043146523  -0.0257857636   0.0207533001   0.0136091249
        0.0005783906  -0.0008927192  -0.0004359902   0.0100581361   0.0040272916
        0.0031990255  -0.0364371118  -0.0792339145  -0.0124861916   0.0278024248
        0.4495024814  -0.0065906712  -0.0018870561  -0.0412084472   0.0212176783
       -0.0280822004  -0.1661553543   0.0394754455   0.0615280467  -0.1211265880
       -0.0516632366   0.0002161798  -0.0003488196   0.0001548868   0.0002995893
       -0.0002387945   0.0001833039   0.0000692404  -0.0000143552   0.0000295217
        0.0014303103   0.0000744927  -0.0008454443   0.0009717724   0.0007127703
        0.0000424330   0.0007329025   0.0014440711  -0.0002702376  -0.0285896148
       -0.0174749076  -0.0094042573  -0.0002730394  -0.0051417895   0.0055714637
       -0.0049302716  -0.0123281192   0.0024792297  -0.0001635292  -0.0177027047
        0.0032341990  -0.0033241693   0.0061054063   0.0061088419
        0.0001973999   0.0000902794  -0.0004595741   0.0103620989   0.0038486237
        0.0015478362  -0.0342553152  -0.0132774077  -0.0805001785   0.0154325208
       -0.0065906712   0.4943588891  -0.0191945152   0.0178725715  -0.2301517895
        0.0063931790   0.0379320404  -0.0811548795   0.0384633637  -0.0476379175
       -0.0832824302   0.0003167479  -0.0002167271   0.0001254298  -0.0001888447
        0.0003548154  -0.0000550626   0.0000129733  -0.0000867244   0.0000603139
        0.0030422914  -0.0008319415  -0.0012274259   0.0024182612  -0.0003273604
        0.0007864685  -0.0288645821  -0.0117452644  -0.0151233250   0.0051864279
        0.0029800788   0.0029637116   0.0046143678   0.0306143932  -0.0142675737
       -0.0014556813  -0.0069116829   0.0026009229  -0.0012198022  -0.0120249639
        0.0030084171  -0.0012608910   0.0059578585   0.0007702499
       -0.0000828655   0.0001325630   0.0002154230   0.0008516412  -0.0006547186
       -0.0016974058  -0.0075280854   0.0002385133  -0.0273397154  -0.0427031965
       -0.0018870561  -0.0191945152   0.0584208283  -0.0032417985   0.0136536858
        0.0018039962  -0.0022278761   0.0054600784  -0.0066670163   0.0098253190
        0.0285476585  -0.0000186114  -0.0000085920   0.0000853119   0.0000234961
       -0.0001049004   0.0000002232   0.0001193783  -0.0000191878   0.0001696071
        0.0000810971  -0.0000119631  -0.0000139203  -0.0005817668   0.0006742133
        0.0005064728  -0.0051339062  -0.0023043738  -0.0026920542   0.0007838368
        0.0004415843  -0.0000068177   0.0005632423  -0.0010218270   0.0004264643
       -0.0000180615  -0.0001314439   0.0004514042   0.0000713850   0.0003164182
       -0.0003338598   0.0000146083  -0.0000148737   0.0017619591
        0.0001187021   0.0000181106  -0.0000177886   0.0002947925   0.0004322833
        0.0005399693  -0.0033400557   0.0011417098  -0.0103930266  -0.0011527994
       -0.0412084472   0.0178725715  -0.0032417985   0.0582020008  -0.0126814720
        0.0011489079  -0.0079100218   0.0295862918   0.0087617688  -0.0060601306
       -0.0266682611   0.0000294019  -0.0000176346   0.0000195713  -0.0001098401
       -0.0000259531   0.0000749692  -0.0000122722  -0.0000457890  -0.0000571733
        0.0000222094  -0.0001497490  -0.0001224243   0.0004803507   0.0000246487
       -0.0000311399  -0.0018749040  -0.0003681652  -0.0011145752  -0.0001074505
        0.0000014120  -0.0005951804  -0.0012122999  -0.0059640679   0.0029997282
        0.0002429961   0.0006575420   0.0001516135  -0.0000048998   0.0005080031
        0.0003774087  -0.0000428093   0.0007642482   0.0000589177
       -0.0000325734  -0.0000429313   0.0003452153   0.0010085673   0.0000517637
        0.0006917890  -0.0055323563  -0.0001526160  -0.0140901807  -0.0213184497
        0.0212176783  -0.2301517895   0.0136536858  -0.0126814720   0.2811868828
       -0.0015415373   0.0059975791  -0.0146412704   0.0156749274  -0.0156797369
       -0.0239029684  -0.0000453247   0.0000379787   0.0000611686   0.0000721907
       -0.0000224721  -0.0001311294   0.0001666098  -0.0000239312  -0.0000082061
        0.0001306171   0.0000063651  -0.0000318559  -0.0003712108   0.0004545511
        0.0004545094  -0.0024483192  -0.0016597107  -0.0010311534   0.0004705534
       -0.0000602590   0.0002144944   0.0006303743   0.0032560936  -0.0006780990
        0.0002133100  -0.0005753906   0.0002339811  -0.0002611519  -0.0001441622
        0.0002877277  -0.0004699125   0.0000206724   0.0011908846
        0.0004793694   0.0005706279  -0.0001874898   0.0006992054   0.0005107479
       -0.0000015357  -0.0076678143  -0.0249651003   0.0056107193  -0.0667737702
       -0.0280822004   0.0063931790   0.0018039962   0.0011489079  -0.0015415373
        0.5213479733  -0.0176829073  -0.0006859884  -0.0034889272   0.0308123064
        0.0000472937  -0.0002319618  -0.0002236374   0.0000631844  -0.0011353648
       -0.0005772416  -0.0001755809  -0.0001623822  -0.0001187050   0.0000920230
        0.0000140329  -0.0000249563   0.0000489227  -0.0002874030  -0.0002560300
       -0.0000618413   0.0009033057   0.0000341587   0.0010809931  -0.0048680743
       -0.0033291884  -0.0013723932  -0.0465061249   0.0019232729  -0.0221533189
       -0.2463902925  -0.0590320939  -0.0593765751  -0.1487934985   0.0983570194
        0.0724802242   0.0010577308   0.0009350193  -0.0002602788
       -0.0004442403  -0.0004585946  -0.0000207477   0.0003575364  -0.0001689029
        0.0000786956  -0.0075250673  -0.0136678300   0.0018501659  -0.0233247107
       -0.1661553543   0.0379320404  -0.0022278761  -0.0079100218   0.0059975791
       -0.0176829073   0.4598223293   0.0255348450   0.0096613727  -0.0382369666
       -0.0008153946  -0.0000168329   0.0000137664  -0.0000098470   0.0003528580
        0.0001792436   0.0002557625  -0.0000019958   0.0000038857   0.0000115845
       -0.0000990706   0.0001349437  -0.0000321853   0.0000642817   0.0002885560
       -0.0000850136   0.0009922387   0.0006468196   0.0004633855  -0.0017154926
       -0.0006128181  -0.0004775140   0.0015335362  -0.0442682785   0.0144321924
       -0.0584986023  -0.0594763592  -0.0172764827   0.0990149013  -0.1320109640
       -0.0671822128  -0.0004399293   0.0018765456  -0.0006568534
       -0.0001041736   0.0000946751  -0.0005387756  -0.0001242563  -0.0001435516
       -0.0004301616  -0.0011775178  -0.0057622925   0.0023174320   0.0057001269
        0.0394754455  -0.0811548795   0.0054600784   0.0295862918  -0.0146412704
       -0.0006859884   0.0255348450   0.5210085731   0.0021373345  -0.0167972414
        0.0060220656  -0.0000729325  -0.0000851726   0.0000610526  -0.0000525474
       -0.0001107060   0.0005474367  -0.0000974097  -0.0001925169   0.0001279384
       -0.0001208249   0.0000049280   0.0001648266   0.0001761094   0.0003254305
        0.0001667583  -0.0004582274  -0.0010972831   0.0010278079  -0.0015127308
       -0.0014586672   0.0002805252  -0.0220298453   0.0143961864  -0.2811517025
       -0.0591684604  -0.0175143789  -0.0615441645   0.0723226413  -0.0665460635
       -0.0921738160  -0.0001913761   0.0002900713  -0.0000896463
       -0.0007777253   0.0003007890   0.0001949615  -0.0059746723  -0.0027451551
       -0.0029630047  -0.0379503449   0.0214429352   0.0141812442  -0.1153367988
        0.0615280467   0.0384633637  -0.0066670163   0.0087617688   0.0156749274
       -0.0034889272   0.0096613727   0.0021373345   0.5214210636   0.0433351373
        0.0204155090  -0.0001262379   0.0002051457  -0.0000521720   0.0001326063
       -0.0000889809   0.0000721516  -0.0000054260  -0.0001026634  -0.0000839359
       -0.0015901026   0.0001820417   0.0007817504   0.0006123952  -0.0003254835
       -0.0003729112   0.0017235880   0.0005762363  -0.0001759168   0.0015453702
        0.0001506115   0.0009778082  -0.0001309090  -0.0003986085  -0.0003509969
        0.0012481124  -0.0014715317   0.0002632057   0.0008614017   0.0019384481
       -0.0004912660  -0.3554963769  -0.1429501097  -0.0886720525
        0.0001826307   0.0002065861   0.0001333549  -0.0015903414   0.0006087180
        0.0003455463  -0.0007061685   0.0049440242   0.0024146224   0.0381999091
       -0.1211265880  -0.0476379175   0.0098253190  -0.0060601306  -0.0156797369
        0.0308123064  -0.0382369666  -0.0167972414   0.0433351373   0.2462936264
        0.1261666114  -0.0000443647   0.0000042234  -0.0000820263  -0.0002397360
        0.0000516559  -0.0001791543  -0.0000045594   0.0000604930   0.0000354385
        0.0000702193   0.0000922171   0.0000274463  -0.0004231700  -0.0001247469
       -0.0000275988  -0.0005523191  -0.0001757697   0.0000279182  -0.0002394867
        0.0007538324   0.0000780017  -0.0001233679   0.0026178278  -0.0006251218
        0.0005013310   0.0021587156  -0.0005961681  -0.0005358204  -0.0106076227
        0.0022083074  -0.1184675188  -0.0814600955  -0.0498122822
        0.0000814937   0.0000766992   0.0002875908  -0.0010492756  -0.0002415086
        0.0005096615  -0.0021611858   0.0028141723   0.0057146155   0.0284979992
       -0.0516632366  -0.0832824302   0.0285476585  -0.0266682611  -0.0239029684
        0.0000472937  -0.0008153946   0.0060220656   0.0204155090   0.1261666114
        0.1248536920  -0.0000923535   0.0000358182   0.0000202412  -0.0000083229
       -0.0001125356  -0.0000905503   0.0001257307   0.0000154082   0.0000908964
       -0.0001517153   0.0000951790   0.0001233297  -0.0004601734   0.0003099790
        0.0001461100   0.0007361189   0.0000037936   0.0009828498  -0.0005304515
        0.0000176788  -0.0003765670   0.0000311187  -0.0007944140   0.0013651778
       -0.0002666740   0.0003086004  -0.0005407223  -0.0005297923   0.0005417513
        0.0009694289  -0.0732329780  -0.0500903409  -0.0328924212
       -0.1812768208   0.0752472314   0.0902773945  -0.0125873949   0.0085282870
        0.0056254050  -0.0007864929   0.0026839714  -0.0021227678   0.0002534908
        0.0002161798   0.0003167479  -0.0000186114   0.0000294019  -0.0000453247
       -0.0002319618  -0.0000168329  -0.0000729325  -0.0001262379  -0.0000443647
       -0.0000923535   0.2090983491  -0.0904983436  -0.1044301845  -0.0213425998
        0.0075019158   0.0146103754   0.0073193566  -0.0037816364  -0.0040902718
        0.0005671648  -0.0002261806   0.0002097022  -0.0002000153  -0.0002256283
        0.0001322122   0.0001250068  -0.0001074612  -0.0004731856  -0.0006996155
        0.0006094716   0.0001481270   0.0001659200  -0.0000222461  -0.0001673648
       -0.0000373119   0.0000446782  -0.0000425132  -0.0001728117   0.0001098439
        0.0002128095  -0.0000494141  -0.0000482872   0.0000041248
        0.0750174234  -0.0857223980  -0.0508356122   0.0180919664  -0.0111722666
       -0.0085603805   0.0023568962  -0.0028051264   0.0027440753   0.0001372156
       -0.0003488196  -0.0002167271  -0.0000085920  -0.0000176346   0.0000379787
       -0.0002236374   0.0000137664  -0.0000851726   0.0002051457   0.0000042234
        0.0000358182  -0.0904983436   0.0992007682   0.0574308464  -0.0175091864
        0.0085044406   0.0113455525   0.0117711867  -0.0074963452  -0.0113056150
        0.0001858931  -0.0001246322  -0.0004913689  -0.0001941232   0.0005929339
       -0.0003139267  -0.0002088909  -0.0000274233   0.0003892526   0.0007121929
       -0.0006347254  -0.0002661766   0.0000577149  -0.0000821198  -0.0000740721
       -0.0000607966   0.0000324813  -0.0000055997   0.0000678204   0.0000415184
        0.0001613959   0.0001001147   0.0000413590   0.0000097319
        0.0905506450  -0.0513139682  -0.1023129851  -0.0129033851   0.0079308971
        0.0072212460  -0.0015027146   0.0022636078  -0.0010941745  -0.0001546986
        0.0001548868   0.0001254298   0.0000853119   0.0000195713   0.0000611686
        0.0000631844  -0.0000098470   0.0000610526  -0.0000521720  -0.0000820263
        0.0000202412  -0.1044301845   0.0574308464   0.1175210057   0.0085401606
       -0.0030167759  -0.0050632179   0.0209223807  -0.0138325360  -0.0179030907
       -0.0002100283  -0.0002778392   0.0003371216  -0.0003094050   0.0002316160
        0.0006044855  -0.0000409454   0.0000526418   0.0000898674  -0.0005029970
        0.0004461928   0.0003368143  -0.0001022133   0.0000053856   0.0000467792
        0.0000324668   0.0000061014   0.0000347377   0.0000735191  -0.0000383359
       -0.0000890426  -0.0000589247   0.0000295816   0.0000025611
       -0.1501183671  -0.1144036126   0.0418575623   0.0084074116   0.0076298211
       -0.0023865388   0.0005490779   0.0002502698  -0.0000562106   0.0001709005
        0.0002995893  -0.0001888447   0.0000234961  -0.0001098401   0.0000721907
       -0.0011353648   0.0003528580  -0.0000525474   0.0001326063  -0.0002397360
       -0.0000083229  -0.0213425998  -0.0175091864   0.0085401606   0.1744619539
        0.1320684088  -0.0469287606  -0.0099307574  -0.0105667060   0.0013759122
        0.0001856238   0.0024510672  -0.0016888275   0.0003263942   0.0001080378
        0.0002830174   0.0001272585  -0.0000542071  -0.0000100630  -0.0000877210
       -0.0000302537  -0.0000171877  -0.0004975543   0.0001662953   0.0004596317
       -0.0001207591  -0.0001328203  -0.0000131372  -0.0011015841  -0.0003275077
       -0.0012185246  -0.0000500150   0.0000475227  -0.0000195098
       -0.1136055395  -0.1631297488   0.0421022242  -0.0127835020  -0.0193254238
        0.0088795633  -0.0005152252   0.0007079705  -0.0001201565   0.0003239680
       -0.0002387945   0.0003548154  -0.0001049004  -0.0000259531  -0.0000224721
       -0.0005772416   0.0001792436  -0.0001107060  -0.0000889809   0.0000516559
       -0.0001125356   0.0075019158   0.0085044406  -0.0030167759   0.1320684088
        0.1889573588  -0.0519345269  -0.0140218297  -0.0133211486   0.0013319127
        0.0019429711  -0.0037578107   0.0039960909  -0.0002408319   0.0007854833
       -0.0005611781   0.0000921075  -0.0004571205  -0.0004467582  -0.0001690163
        0.0002930534  -0.0002603586   0.0003264902   0.0001091786  -0.0002965824
       -0.0002780919   0.0000478462  -0.0001053873   0.0001596915   0.0006317041
        0.0002754712  -0.0000303937  -0.0000119349   0.0000473599
        0.0415472817   0.0424948370  -0.0597326915   0.0112189193   0.0152210224
       -0.0060686501   0.0000828765  -0.0006033930   0.0006838070  -0.0000119435
        0.0001833039  -0.0000550626   0.0000002232   0.0000749692  -0.0001311294
       -0.0001755809   0.0002557625   0.0005474367   0.0000721516  -0.0001791543
       -0.0000905503   0.0146103754   0.0113455525  -0.0050632179  -0.0469287606
       -0.0519345269   0.0675569121  -0.0190688420  -0.0197557384   0.0049175164
       -0.0015036095   0.0037186289  -0.0022713028   0.0006292462   0.0001390916
        0.0002198507  -0.0000113599  -0.0002949808   0.0000614695   0.0000502307
       -0.0001378680  -0.0000671939   0.0002977776  -0.0001015689  -0.0000456546
        0.0001407667  -0.0001204105  -0.0001523236  -0.0009528963  -0.0003237227
       -0.0003295727   0.0000031437   0.0000181956   0.0000203570
       -0.0740505837  -0.0380127422  -0.0685766323  -0.0060855189  -0.0037157250
       -0.0134135749   0.0004912643  -0.0006407685  -0.0010377461  -0.0001139415
        0.0000692404   0.0000129733   0.0001193783  -0.0000122722   0.0001666098
       -0.0001623822  -0.0000019958  -0.0000974097  -0.0000054260  -0.0000045594
        0.0001257307   0.0073193566   0.0117711867   0.0209223807  -0.0099307574
       -0.0140218297  -0.0190688420   0.0833203013   0.0422163449   0.0819845288
        0.0005320832  -0.0002811338   0.0007861601  -0.0007838184   0.0022561449
       -0.0023603836  -0.0008201665   0.0004492468   0.0003839198   0.0000794631
       -0.0001135845   0.0000519565  -0.0000747417  -0.0000683404  -0.0000119020
        0.0000271534   0.0000656317   0.0000668395   0.0001105704   0.0000340470
        0.0000875845   0.0000277655   0.0000111090  -0.0000221928
       -0.0382998000  -0.0899357315  -0.0881390241   0.0079903213   0.0075493501
        0.0174284422  -0.0002736380   0.0004874487   0.0007171217   0.0001499718
       -0.0000143552  -0.0000867244  -0.0000191878  -0.0000457890  -0.0000239312
       -0.0001187050   0.0000038857  -0.0001925169  -0.0001026634   0.0000604930
        0.0000154082  -0.0037816364  -0.0074963452  -0.0138325360  -0.0105667060
       -0.0133211486  -0.0197557384   0.0422163449   0.1036630338   0.0998616623
        0.0002904172   0.0009033507   0.0003364128   0.0024034270  -0.0021001133
        0.0034691611   0.0001318735   0.0002162756  -0.0001275640  -0.0000837577
        0.0000477153   0.0001835401  -0.0000358602  -0.0000309715  -0.0000368117
       -0.0000642031   0.0000275012   0.0000618263   0.0001372296  -0.0000156794
        0.0001262156   0.0000265724   0.0000010797  -0.0000049437
       -0.0685929016  -0.0874176949  -0.2059923612  -0.0097401268  -0.0048594307
       -0.0201232325   0.0008102858  -0.0005621799   0.0008701654   0.0001709074
        0.0000295217   0.0000603139   0.0001696071  -0.0000571733  -0.0000082061
        0.0000920230   0.0000115845   0.0001279384  -0.0000839359   0.0000354385
        0.0000908964  -0.0040902718  -0.0113056150  -0.0179030907   0.0013759122
        0.0013319127   0.0049175164   0.0819845288   0.0998616623   0.2405114621
        0.0002300406  -0.0004990925   0.0001902618  -0.0022356098   0.0035700650
       -0.0030822329  -0.0002896145  -0.0000406100   0.0005030981   0.0001577009
       -0.0001384191  -0.0000801095  -0.0000681360   0.0000083564   0.0000739036
        0.0000717860  -0.0000139151  -0.0000167901  -0.0000384778   0.0000441969
       -0.0001460381   0.0000762822   0.0000013924   0.0000065051
        0.0071385365   0.0077843641  -0.0029627492  -0.1515489203  -0.1119667740
        0.0340993873  -0.0216670848  -0.0116618305   0.0070422046  -0.0021158039
        0.0014303103   0.0030422914   0.0000810971   0.0000222094   0.0001306171
        0.0000140329  -0.0000990706  -0.0001208249  -0.0015901026   0.0000702193
       -0.0001517153   0.0005671648   0.0001858931  -0.0002100283   0.0001856238
        0.0019429711  -0.0015036095   0.0005320832   0.0002904172   0.0002300406
        0.1792485727   0.1232626497  -0.0399903127  -0.0093938498  -0.0114768674
        0.0000410005  -0.0011591204   0.0002579523   0.0005077844  -0.0000577836
       -0.0004764995  -0.0000600386  -0.0000193154   0.0001079515  -0.0000725021
        0.0000300603   0.0000416786  -0.0000356578  -0.0000179170   0.0001757630
       -0.0000259052  -0.0002272734   0.0001086625   0.0000400176
       -0.0129549602  -0.0203839655   0.0091012104  -0.1125387545  -0.1518594683
        0.0337446376   0.0095564324   0.0058000886  -0.0032495763   0.0014819690
        0.0000744927  -0.0008319415  -0.0000119631  -0.0001497490   0.0000063651
       -0.0000249563   0.0001349437   0.0000049280   0.0001820417   0.0000922171
        0.0000951790  -0.0002261806  -0.0001246322  -0.0002778392   0.0024510672
       -0.0037578107   0.0037186289  -0.0002811338   0.0009033507  -0.0004990925
        0.1232626497   0.1811589053  -0.0409712674  -0.0137192012  -0.0131692806
        0.0003165778   0.0003467017  -0.0002675852  -0.0003914788   0.0020612947
        0.0014686989  -0.0008306340   0.0000579012  -0.0000220030  -0.0000230678
        0.0000067230   0.0000498096  -0.0000131540   0.0000870824   0.0000899400
        0.0000735734   0.0002632867  -0.0000379521   0.0000269514
        0.0112091660   0.0173671463  -0.0060007892   0.0341864235   0.0332453510
       -0.0552882480   0.0128438594   0.0077330681  -0.0026153347   0.0004185424
       -0.0008454443  -0.0012274259  -0.0000139203  -0.0001224243  -0.0000318559
        0.0000489227  -0.0000321853   0.0001648266   0.0007817504   0.0000274463
        0.0001233297   0.0002097022  -0.0004913689   0.0003371216  -0.0016888275
        0.0039960909  -0.0022713028   0.0007861601   0.0003364128   0.0001902618
       -0.0399903127  -0.0409712674   0.0629620978  -0.0194239408  -0.0204987258
        0.0035825615   0.0006904004  -0.0004487935  -0.0009309639  -0.0001409690
        0.0004976108   0.0010942544  -0.0000755788   0.0000735437   0.0000132536
        0.0000067266   0.0000437788   0.0000158367   0.0000241221   0.0001807967
       -0.0001456941   0.0001277733  -0.0000910360   0.0000280709
       -0.0050587681  -0.0030357020  -0.0130379056  -0.0643535977  -0.0324881548
       -0.0592536304   0.0036958805   0.0100036075   0.0192296183   0.0002805149
        0.0009717724   0.0024182612  -0.0005817668   0.0004803507  -0.0003712108
       -0.0002874030   0.0000642817   0.0001761094   0.0006123952  -0.0004231700
       -0.0004601734  -0.0002000153  -0.0001941232  -0.0003094050   0.0003263942
       -0.0002408319   0.0006292462  -0.0007838184   0.0024034270  -0.0022356098
       -0.0093938498  -0.0137192012  -0.0194239408   0.0793194862   0.0338892123
        0.0696477760  -0.0028063871   0.0019942498   0.0024007422  -0.0007953336
        0.0007159229   0.0005448848   0.0000561911   0.0000771473  -0.0001375003
        0.0000239964   0.0000163539  -0.0000684474  -0.0000226027  -0.0004633129
        0.0002251402  -0.0000313158  -0.0000518296   0.0000260452
        0.0078297110   0.0074398509   0.0181543312  -0.0328089203  -0.0860918368
       -0.0847121548  -0.0006044580  -0.0058585703  -0.0134509016  -0.0008713891
        0.0007127703  -0.0003273604   0.0006742133   0.0000246487   0.0004545511
       -0.0002560300   0.0002885560   0.0003254305  -0.0003254835  -0.0001247469
        0.0003099790  -0.0002256283   0.0005929339   0.0002316160   0.0001080378
        0.0007854833   0.0001390916   0.0022561449  -0.0021001133   0.0035700650
       -0.0114768674  -0.0131692806  -0.0204987258   0.0338892123   0.0998870900
        0.0966805299   0.0013556251  -0.0014208804  -0.0006038423   0.0006914991
       -0.0006947059  -0.0004932437   0.0000309285  -0.0001479030   0.0000423260
        0.0000992238  -0.0000670251  -0.0000699734  -0.0003279351  -0.0001695174
        0.0002646113  -0.0000378840   0.0001132467  -0.0000163294
       -0.0093243128  -0.0055066703  -0.0197049612  -0.0598328667  -0.0835621651
       -0.2061765191   0.0000609303  -0.0086419674  -0.0151629166  -0.0011717179
        0.0000424330   0.0007864685   0.0005064728  -0.0000311399   0.0004545094
       -0.0000618413  -0.0000850136   0.0001667583  -0.0003729112  -0.0000275988
        0.0001461100   0.0001322122  -0.0003139267   0.0006044855   0.0002830174
       -0.0005611781   0.0002198507  -0.0023603836   0.0034691611  -0.0030822329
        0.0000410005   0.0003165778   0.0035825615   0.0696477760   0.0966805299
        0.2411101560   0.0020337407  -0.0022609502  -0.0018827135   0.0003580698
       -0.0004080828  -0.0009208819  -0.0000959318  -0.0000008107  -0.0000517587
       -0.0001290677   0.0000794061   0.0000215970   0.0003883325   0.0007828022
       -0.0001716098  -0.0001025194   0.0000285935   0.0000610970
        0.0010497395  -0.0001559372   0.0012084717  -0.0006495831   0.0010618792
        0.0219589588  -0.0425580666   0.0007296809  -0.0146938464  -0.0061664407
        0.0007329025  -0.0288645821  -0.0051339062  -0.0018749040  -0.0024483192
        0.0009033057   0.0009922387  -0.0004582274   0.0017235880  -0.0005523191
        0.0007361189   0.0001250068  -0.0002088909  -0.0000409454   0.0001272585
        0.0000921075  -0.0000113599  -0.0008201665   0.0001318735  -0.0002896145
       -0.0011591204   0.0003467017   0.0006904004  -0.0028063871   0.0013556251
        0.0020337407   0.0534460174  -0.0025875926   0.0189272708   0.0015145213
       -0.0001182789   0.0008025883  -0.0000506736  -0.0003976811   0.0003137413
        0.0002033906   0.0002690364   0.0000736456  -0.0000271797   0.0000836870
        0.0001162876   0.0002786963   0.0000998712  -0.0000543293
       -0.0000338621   0.0006789389  -0.0009952665   0.0011369035   0.0004286147
       -0.0135168753   0.0007367006  -0.0457139706   0.0233423358  -0.0022221672
        0.0014440711  -0.0117452644  -0.0023043738  -0.0003681652  -0.0016597107
        0.0000341587   0.0006468196  -0.0010972831   0.0005762363  -0.0001757697
        0.0000037936  -0.0001074612  -0.0000274233   0.0000526418  -0.0000542071
       -0.0004571205  -0.0002949808   0.0004492468   0.0002162756  -0.0000406100
        0.0002579523  -0.0002675852  -0.0004487935   0.0019942498  -0.0014208804
       -0.0022609502  -0.0025875926   0.0526345381  -0.0250724118   0.0023337193
       -0.0072340369   0.0334483106  -0.0004021419  -0.0001884875   0.0002074808
        0.0001553375  -0.0000042819   0.0001314813   0.0000589345  -0.0001419544
       -0.0001286020  -0.0000216332  -0.0000495825   0.0000747046
       -0.0015232139   0.0013153758   0.0014707642   0.0026304228  -0.0016158434
       -0.0166389842  -0.0153305313   0.0221576849  -0.2715485223  -0.0054959178
       -0.0002702376  -0.0151233250  -0.0026920542  -0.0011145752  -0.0010311534
        0.0010809931   0.0004633855   0.0010278079  -0.0001759168   0.0000279182
        0.0009828498  -0.0004731856   0.0003892526   0.0000898674  -0.0000100630
       -0.0004467582   0.0000614695   0.0003839198  -0.0001275640   0.0005030981
        0.0005077844  -0.0003914788  -0.0009309639   0.0024007422  -0.0006038423
       -0.0018827135   0.0189272708  -0.0250724118   0.3151421076  -0.0010260693
        0.0050740647  -0.0124969796  -0.0002120613  -0.0002775170   0.0003899043
        0.0002974525   0.0001952438   0.0000519038  -0.0000233052  -0.0000604454
       -0.0002079813   0.0007337328   0.0003577483   0.0001408507
       -0.0025878313   0.0026065465   0.0017967621  -0.0045021125   0.0221878026
       -0.0022317639  -0.0396158433  -0.0029650914  -0.0008977573  -0.0059818543
       -0.0285896148   0.0051864279   0.0007838368  -0.0001074505   0.0004705534
       -0.0048680743  -0.0017154926  -0.0015127308   0.0015453702  -0.0002394867
       -0.0005304515  -0.0006996155   0.0007121929  -0.0005029970  -0.0000877210
       -0.0001690163   0.0000502307   0.0000794631  -0.0000837577   0.0001577009
       -0.0000577836   0.0020612947  -0.0001409690  -0.0007953336   0.0006914991
        0.0003580698   0.0015145213   0.0023337193  -0.0010260693   0.0555719272
        0.0043494388  -0.0015326665  -0.0000484611   0.0001985621  -0.0001859254
       -0.0005374540  -0.0015346131   0.0003324719  -0.0001075474   0.0002922945
       -0.0000130743   0.0003945133  -0.0000288275   0.0002221882
        0.0021369506  -0.0010965901  -0.0020890573   0.0033189848  -0.0157163429
        0.0026705957  -0.0028675106  -0.2619707115   0.0519636073  -0.0054292239
       -0.0174749076   0.0029800788   0.0004415843   0.0000014120  -0.0000602590
       -0.0033291884  -0.0006128181  -0.0014586672   0.0001506115   0.0007538324
        0.0000176788   0.0006094716  -0.0006347254   0.0004461928  -0.0000302537
        0.0002930534  -0.0001378680  -0.0001135845   0.0000477153  -0.0001384191
       -0.0004764995   0.0014686989   0.0004976108   0.0007159229  -0.0006947059
       -0.0004080828  -0.0001182789  -0.0072340369   0.0050740647   0.0043494388
        0.3030241978  -0.0596062211   0.0000876081   0.0002424573  -0.0002825634
       -0.0004011477  -0.0009755382   0.0002001061   0.0000118656   0.0002237948
        0.0000810031   0.0009432489   0.0003552150   0.0002501998
        0.0006678820  -0.0007231632  -0.0004167758   0.0022336158  -0.0126127512
        0.0029511415  -0.0001520870   0.0522555982  -0.0572749647  -0.0019879712
       -0.0094042573   0.0029637116  -0.0000068177  -0.0005951804   0.0002144944
       -0.0013723932  -0.0004775140   0.0002805252   0.0009778082   0.0000780017
       -0.0003765670   0.0001481270  -0.0002661766   0.0003368143  -0.0000171877
       -0.0002603586  -0.0000671939   0.0000519565   0.0001835401  -0.0000801095
       -0.0000600386  -0.0008306340   0.0010942544   0.0005448848  -0.0004932437
       -0.0009208819   0.0008025883   0.0334483106  -0.0124969796  -0.0015326665
       -0.0596062211   0.0636354586  -0.0001436468  -0.0001130111   0.0000893919
       -0.0000992769  -0.0004083959   0.0002800834   0.0000387341  -0.0000229155
       -0.0001304214  -0.0000935109  -0.0001516278  -0.0000819812
       -0.0001053939  -0.0001466293  -0.0000218361  -0.0001740064  -0.0001081464
        0.0002174186   0.0005272952  -0.0001201791   0.0011571066   0.0005846863
       -0.0002730394   0.0046143678   0.0005632423  -0.0012122999   0.0006303743
       -0.0465061249   0.0015335362  -0.0220298453  -0.0001309090  -0.0001233679
        0.0000311187   0.0001659200   0.0000577149  -0.0001022133  -0.0004975543
        0.0003264902   0.0002977776  -0.0000747417  -0.0000358602  -0.0000681360
       -0.0000193154   0.0000579012  -0.0000755788   0.0000561911   0.0000309285
       -0.0000959318  -0.0000506736  -0.0004021419  -0.0002120613  -0.0000484611
        0.0000876081  -0.0001436468   0.0505048019  -0.0007166136   0.0259151020
       -0.0059213201   0.0006816196  -0.0319726722   0.0013064583   0.0001126616
        0.0224014641  -0.0001800947   0.0002498173  -0.0005428081
        0.0000568498   0.0001559225  -0.0001151781  -0.0000681531   0.0000320482
       -0.0001741422   0.0008169647   0.0009868368   0.0006286203   0.0014442240
       -0.0051417895   0.0306143932  -0.0010218270  -0.0059640679   0.0032560936
        0.0019232729  -0.0442682785   0.0143961864  -0.0003986085   0.0026178278
       -0.0007944140  -0.0000222461  -0.0000821198   0.0000053856   0.0001662953
        0.0001091786  -0.0001015689  -0.0000683404  -0.0000309715   0.0000083564
        0.0001079515  -0.0000220030   0.0000735437   0.0000771473  -0.0001479030
       -0.0000008107  -0.0003976811  -0.0001884875  -0.0002775170   0.0001985621
        0.0002424573  -0.0001130111  -0.0007166136   0.0501100926  -0.0195594470
       -0.0011836902   0.0010609675  -0.0079332816  -0.0009540139   0.0008578700
       -0.0200602282   0.0000399062  -0.0003275808   0.0001470196
       -0.0001216173   0.0001621106   0.0001488743   0.0001290664   0.0000812872
       -0.0001747265  -0.0001867868  -0.0007760483   0.0008502587  -0.0000728197
        0.0055714637  -0.0142675737   0.0004264643   0.0029997282  -0.0006780990
       -0.0221533189   0.0144321924  -0.2811517025  -0.0003509969  -0.0006251218
        0.0013651778  -0.0001673648  -0.0000740721   0.0000467792   0.0004596317
       -0.0002965824  -0.0000456546  -0.0000119020  -0.0000368117   0.0000739036
       -0.0000725021  -0.0000230678   0.0000132536  -0.0001375003   0.0000423260
       -0.0000517587   0.0003137413   0.0002074808   0.0003899043  -0.0001859254
       -0.0002825634   0.0000893919   0.0259151020  -0.0195594470   0.3252581197
       -0.0040253717  -0.0005243196  -0.0128993698   0.0002024708  -0.0014309935
       -0.0186758814   0.0000396296   0.0001324388  -0.0002908969
       -0.0001230522   0.0001104599  -0.0001038372   0.0001433554  -0.0000362063
       -0.0002262507   0.0003803017  -0.0018295839   0.0010880904  -0.0082475408
       -0.0049302716  -0.0014556813  -0.0000180615   0.0002429961   0.0002133100
       -0.2463902925  -0.0584986023  -0.0591684604   0.0012481124   0.0005013310
       -0.0002666740  -0.0000373119  -0.0000607966   0.0000324668  -0.0001207591
       -0.0002780919   0.0001407667   0.0000271534  -0.0000642031   0.0000717860
        0.0000300603   0.0000067230   0.0000067266   0.0000239964   0.0000992238
       -0.0001290677   0.0002033906   0.0001553375   0.0002974525  -0.0005374540
       -0.0004011477  -0.0000992769  -0.0059213201  -0.0011836902  -0.0040253717
        0.2852995901   0.0698568822   0.0688957130  -0.0260845875  -0.0036192890
       -0.0052457640   0.0001244195  -0.0000710708  -0.0000259282
        0.0001901943   0.0000445763   0.0000474485   0.0001730128   0.0001062279
        0.0000045401  -0.0006451901  -0.0057199539   0.0017705314  -0.0278738872
       -0.0123281192  -0.0069116829  -0.0001314439   0.0006575420  -0.0005753906
       -0.0590320939  -0.0594763592  -0.0175143789  -0.0014715317   0.0021587156
        0.0003086004   0.0000446782   0.0000324813   0.0000061014  -0.0001328203
        0.0000478462  -0.0001204105   0.0000656317   0.0000275012  -0.0000139151
        0.0000416786   0.0000498096   0.0000437788   0.0000163539  -0.0000670251
        0.0000794061   0.0002690364  -0.0000042819   0.0001952438  -0.0015346131
       -0.0009755382  -0.0004083959   0.0006816196   0.0010609675  -0.0005243196
        0.0698568822   0.0700981084   0.0193015857   0.0185289268   0.0048606409
        0.0044159476   0.0009535656  -0.0005731394  -0.0001046901
        0.0000292311   0.0000623021   0.0001256960  -0.0000347467   0.0000368825
        0.0000359256   0.0001948397   0.0013347530   0.0002221117   0.0077296975
        0.0024792297   0.0026009229   0.0004514042   0.0001516135   0.0002339811
       -0.0593765751  -0.0172764827  -0.0615441645   0.0002632057  -0.0005961681
       -0.0005407223  -0.0000425132  -0.0000055997   0.0000347377  -0.0000131372
       -0.0001053873  -0.0001523236   0.0000668395   0.0000618263  -0.0000167901
       -0.0000356578  -0.0000131540   0.0000158367  -0.0000684474  -0.0000699734
        0.0000215970   0.0000736456   0.0001314813   0.0000519038   0.0003324719
        0.0002001061   0.0002800834  -0.0319726722  -0.0079332816  -0.0128993698
        0.0688957130   0.0193015857   0.0671368501   0.0135301901   0.0026962741
        0.0038344251  -0.0000234886  -0.0004560075   0.0005592993
       -0.0011587536  -0.0005451371  -0.0000853925  -0.0002701485  -0.0006442173
       -0.0001523034   0.0002434892  -0.0001678080   0.0000992936   0.0015372077
       -0.0001635292  -0.0012198022   0.0000713850  -0.0000048998  -0.0002611519
       -0.1487934985   0.0990149013   0.0723226413   0.0008614017  -0.0005358204
       -0.0005297923  -0.0001728117   0.0000678204   0.0000735191  -0.0011015841
        0.0001596915  -0.0009528963   0.0001105704   0.0001372296  -0.0000384778
       -0.0000179170   0.0000870824   0.0000241221  -0.0000226027  -0.0003279351
        0.0003883325  -0.0000271797   0.0000589345  -0.0000233052  -0.0001075474
        0.0000118656   0.0000387341   0.0013064583  -0.0009540139   0.0002024708
       -0.0260845875   0.0185289268   0.0135301901   0.1733096631  -0.1147070081
       -0.0835775772   0.0003164553  -0.0000160830   0.0001613952
        0.0001525006   0.0001987879  -0.0000422315  -0.0003122874  -0.0002795999
       -0.0000931958   0.0001617522   0.0004166326  -0.0002521235   0.0181647776
       -0.0177027047  -0.0120249639   0.0003164182   0.0005080031  -0.0001441622
        0.0983570194  -0.1320109640  -0.0665460635   0.0019384481  -0.0106076227
        0.0005417513   0.0001098439   0.0000415184  -0.0000383359  -0.0003275077
        0.0006317041  -0.0003237227   0.0000340470  -0.0000156794   0.0000441969
        0.0001757630   0.0000899400   0.0001807967  -0.0004633129  -0.0001695174
        0.0007828022   0.0000836870  -0.0001419544  -0.0000604454   0.0002922945
        0.0002237948  -0.0000229155   0.0001126616   0.0008578700  -0.0014309935
       -0.0036192890   0.0048606409   0.0026962741  -0.1147070081   0.1531130896
        0.0766415624  -0.0004698081  -0.0000139390   0.0000917699
       -0.0001648381  -0.0003936601   0.0002641749   0.0000828463   0.0000891659
        0.0006039324  -0.0000794074  -0.0002971797   0.0000625180  -0.0043146523
        0.0032341990   0.0030084171  -0.0003338598   0.0003774087   0.0002877277
        0.0724802242  -0.0671822128  -0.0921738160  -0.0004912660   0.0022083074
        0.0009694289   0.0002128095   0.0001613959  -0.0000890426  -0.0012185246
        0.0002754712  -0.0003295727   0.0000875845   0.0001262156  -0.0001460381
       -0.0000259052   0.0000735734  -0.0001456941   0.0002251402   0.0002646113
       -0.0001716098   0.0001162876  -0.0001286020  -0.0002079813  -0.0000130743
        0.0000810031  -0.0001304214   0.0224014641  -0.0200602282  -0.0186758814
       -0.0052457640   0.0044159476   0.0038344251  -0.0835775772   0.0766415624
        0.1031291540  -0.0001414876   0.0001130214  -0.0000897206
       -0.0001208323   0.0001255881   0.0000998922  -0.0008476102  -0.0005298528
       -0.0004352203  -0.0042992703   0.0027985233   0.0024514203  -0.0257857636
       -0.0033241693  -0.0012608910   0.0000146083  -0.0000428093  -0.0004699125
        0.0010577308  -0.0004399293  -0.0001913761  -0.3554963769  -0.1184675188
       -0.0732329780  -0.0000494141   0.0001001147  -0.0000589247  -0.0000500150
       -0.0000303937   0.0000031437   0.0000277655   0.0000265724   0.0000762822
       -0.0002272734   0.0002632867   0.0001277733  -0.0000313158  -0.0000378840
       -0.0001025194   0.0002786963  -0.0000216332   0.0007337328   0.0003945133
        0.0009432489  -0.0000935109  -0.0001800947   0.0000399062   0.0000396296
        0.0001244195   0.0009535656  -0.0000234886   0.0003164553  -0.0004698081
       -0.0001414876   0.3848737773   0.1181131925   0.0724784350
       -0.0000208746  -0.0000582739   0.0000398918   0.0007986925   0.0002958441
        0.0001796638   0.0020847691  -0.0016006829  -0.0013243932   0.0207533001
        0.0061054063   0.0059578585  -0.0000148737   0.0007642482   0.0000206724
        0.0009350193   0.0018765456   0.0002900713  -0.1429501097  -0.0814600955
       -0.0500903409  -0.0000482872   0.0000413590   0.0000295816   0.0000475227
       -0.0000119349   0.0000181956   0.0000111090   0.0000010797   0.0000013924
        0.0001086625  -0.0000379521  -0.0000910360  -0.0000518296   0.0001132467
        0.0000285935   0.0000998712  -0.0000495825   0.0003577483  -0.0000288275
        0.0003552150  -0.0001516278   0.0002498173  -0.0003275808   0.0001324388
       -0.0000710708  -0.0005731394  -0.0004560075  -0.0000160830  -0.0000139390
        0.0001130214   0.1181131925   0.0745802362   0.0449442760
        0.0000632179  -0.0000114161  -0.0000887783   0.0004036929   0.0000256617
        0.0001526966   0.0008268989  -0.0011789192  -0.0002563156   0.0136091249
        0.0061088419   0.0007702499   0.0017619591   0.0000589177   0.0011908846
       -0.0002602788  -0.0006568534  -0.0000896463  -0.0886720525  -0.0498122822
       -0.0328924212   0.0000041248   0.0000097319   0.0000025611  -0.0000195098
        0.0000473599   0.0000203570  -0.0000221928  -0.0000049437   0.0000065051
        0.0000400176   0.0000269514   0.0000280709   0.0000260452  -0.0000163294
        0.0000610970  -0.0000543293   0.0000747046   0.0001408507   0.0002221882
        0.0002501998  -0.0000819812  -0.0005428081   0.0001470196  -0.0002908969
       -0.0000259282  -0.0001046901   0.0005592993   0.0001613952   0.0000917699
       -0.0000897206   0.0724784350   0.0449442760   0.0308571878
