$hessian                                                                        
        0.5051207581   0.0284989429   0.0122450495  -0.0875068050   0.0448303369
        0.0226455676  -0.0104579598   0.0188053220   0.0050318027  -0.0023451990
        0.0029950123  -0.0020398025   0.0005041972  -0.0004083193   0.0000338387
       -0.0001099838  -0.0010711498   0.0002803919   0.0002101659  -0.0002103952
        0.0000205657   0.0006099937  -0.0000712321   0.0013153890  -0.1273390646
       -0.1140170760   0.0242437334  -0.2296009382   0.0289848795  -0.0947063735
       -0.0478748655  -0.0050303065   0.0331182441  -0.0047441888   0.0109218319
        0.0068890957   0.0063343394  -0.0151393988  -0.0080664732   0.0000535108
       -0.0000081932   0.0000405968  -0.0001753618   0.0000502007   0.0001622582
       -0.0019268688   0.0004762057  -0.0010168210  -0.0003788858   0.0003868794
       -0.0001971121  -0.0001601469   0.0000851824   0.0000209923   0.0000088059
        0.0000380829  -0.0000166114  -0.0000024997   0.0000279507   0.0000151364
       -0.0002190031  -0.0001447565  -0.0000194683
        0.0284989429   0.4860764019  -0.0207074007   0.0416886904  -0.1588649592
       -0.0452801041   0.0090803447  -0.0135076911   0.0011511855   0.0020892781
       -0.0004389331   0.0011332977  -0.0002064563   0.0002697625  -0.0002418991
        0.0009849769  -0.0004734321   0.0005420080  -0.0001005829  -0.0002547876
       -0.0000436606   0.0007826814   0.0003282026  -0.0014549607  -0.1147953171
       -0.1959971411   0.0340581424   0.0300566908  -0.0470850221   0.0170096614
       -0.0051916544  -0.0462584876   0.0261483501   0.0005943982   0.0011168703
       -0.0012892277   0.0075866767  -0.0256142165  -0.0107509665   0.0000203732
        0.0001789206   0.0000187830  -0.0000068749   0.0000257512   0.0000222090
       -0.0011176117   0.0002393109  -0.0004299794   0.0001504693   0.0000035084
        0.0001233526  -0.0000941666   0.0002319667   0.0000398073  -0.0000397032
        0.0000440059  -0.0000286749  -0.0000219221   0.0000238525   0.0001171698
        0.0000407666  -0.0000438829  -0.0001370931
        0.0122450495  -0.0207074007   0.5136381391   0.0201540604  -0.0417038044
       -0.0877172293  -0.0035843338   0.0109434671   0.0070039216  -0.0029046051
        0.0029245310  -0.0009178704   0.0003794578  -0.0002301851  -0.0000969138
       -0.0000042595  -0.0003096738  -0.0001470455  -0.0000326199   0.0001013533
       -0.0002759497  -0.0005755346   0.0011153913   0.0009764900   0.0241586556
        0.0334257643  -0.0505784450  -0.0946725328   0.0166966844  -0.0909873338
        0.0320231336   0.0257029989  -0.2773494353   0.0125857797  -0.0237176956
       -0.0132025648   0.0012670010  -0.0045709525  -0.0004602473   0.0000128584
        0.0000138808   0.0000914628  -0.0004284612   0.0000392091   0.0002198559
       -0.0003335133   0.0002475580  -0.0002766239  -0.0002011172   0.0001993014
       -0.0000361797   0.0000786611  -0.0001448216   0.0000325121   0.0000288187
       -0.0000156791   0.0001013965  -0.0000849126   0.0001502912   0.0000961518
       -0.0001115857  -0.0001602181  -0.0001140914
       -0.0875068050   0.0416886904   0.0201540604   0.4791297045   0.0294177552
       -0.0386328626  -0.1185404116   0.0342614932  -0.0449927202  -0.0089761414
        0.0076660195  -0.0061462169  -0.0190758364   0.0083908680  -0.0123964945
        0.0007616951   0.0005607746   0.0003989331   0.0006341128  -0.0002497532
        0.0001732700   0.0063840192  -0.0029510852   0.0063338696   0.0074754151
       -0.0138889613  -0.0058898105  -0.0143380165   0.0239402541   0.0094103682
       -0.0031581693   0.0055106449   0.0057602786  -0.0798112692  -0.0194924201
        0.0837942353  -0.1594772882  -0.1120298622  -0.0174352565  -0.0041135304
       -0.0018550931  -0.0009062676  -0.0000040350  -0.0001059761  -0.0001029171
        0.0001964506  -0.0002639201   0.0000172333   0.0001306493  -0.0000659378
        0.0000523452  -0.0009598508  -0.0000757686  -0.0001766942   0.0000232795
        0.0001899012  -0.0001844237  -0.0001358442   0.0000029793  -0.0000890521
        0.0013618719  -0.0006506027   0.0008581224
        0.0448303369  -0.1588649592  -0.0417038044   0.0294177552   0.4823177319
       -0.0042078462   0.0266523206  -0.0830499880   0.0174474635   0.0230509720
       -0.0192025962   0.0131507299  -0.0071570721   0.0073511555  -0.0063630667
        0.0006826108   0.0005065530   0.0003270055   0.0000603019  -0.0002240284
        0.0000202970   0.0020427519  -0.0017394496   0.0145371634   0.0085306692
       -0.0250746464  -0.0100432199   0.0059652525  -0.0087053763  -0.0028947210
        0.0011570400   0.0013090144  -0.0034302982  -0.0194733902  -0.0501285785
        0.0409953618  -0.1122109782  -0.1447092199  -0.0172581447  -0.0033841009
       -0.0000402437  -0.0006454540  -0.0000886085  -0.0000223052  -0.0002172469
       -0.0001077779  -0.0001404920   0.0000947171   0.0001073874  -0.0000743284
        0.0000478068  -0.0003786574   0.0001732837  -0.0000880991  -0.0001288901
        0.0001186639   0.0000040208  -0.0000524809   0.0000220191   0.0000911827
        0.0004845580   0.0001777906   0.0001361524
        0.0226455676  -0.0452801041  -0.0877172293  -0.0386328626  -0.0042078462
        0.5028797566  -0.0415416633   0.0230886883  -0.0902661806   0.0033627667
       -0.0040576646   0.0049754669  -0.0051747974  -0.0002545904  -0.0018575547
        0.0004559214   0.0000417453   0.0000316469  -0.0004201408   0.0002139930
       -0.0004935318  -0.0160847203   0.0197993448  -0.0409447327  -0.0019236470
        0.0011617073   0.0010004651  -0.0061690534   0.0100386691   0.0049510206
        0.0140303016  -0.0256776157  -0.0146476595   0.0848347442   0.0412281799
       -0.2310622840  -0.0169538808  -0.0162152294  -0.0480716170   0.0002367178
        0.0002327543   0.0003453217   0.0000084846   0.0000699293  -0.0002212301
       -0.0000754727  -0.0001585176   0.0002091869   0.0001018506   0.0000682056
        0.0000098324   0.0007737670   0.0003738514   0.0002529845   0.0000203615
        0.0000121830  -0.0001392323   0.0001398978  -0.0000675234   0.0001274544
        0.0003658576  -0.0004101598   0.0006381160
       -0.0104579598   0.0090803447  -0.0035843338  -0.1185404116   0.0266523206
       -0.0415416633   0.4607275986  -0.0024561993   0.0103367069  -0.0487028940
        0.0319567629   0.0123813169  -0.1418333979  -0.0352925708  -0.0167570586
        0.0000162347  -0.0058908771  -0.0029329537  -0.0149376669  -0.0057149193
        0.0055685852  -0.0738443800  -0.0131220734   0.0217615947   0.0000522925
       -0.0002221267   0.0002096681  -0.0001700652   0.0025206984   0.0007060724
        0.0002440892   0.0001826673  -0.0003672534   0.0069108138  -0.0038389794
        0.0062650576  -0.0230619155   0.0074602986  -0.0177986274  -0.0260232967
       -0.0082375196  -0.0062132087   0.0006184463   0.0003424982   0.0007763935
        0.0004819129   0.0002994901  -0.0000505723   0.0009180386   0.0005116994
        0.0009815571   0.0004962239   0.0003637139  -0.0006862973  -0.0003775129
       -0.0005592612   0.0018419464   0.0001214959  -0.0002694739  -0.0003391079
       -0.0126376459  -0.0037664935   0.0294421776
        0.0188053220  -0.0135076911   0.0109434671   0.0342614932  -0.0830499880
        0.0230886883  -0.0024561993   0.4615342594   0.0283637197   0.0327403924
       -0.1993394484  -0.0642350547  -0.0437410972  -0.0881205493  -0.0093047479
       -0.0219240843  -0.0156463879  -0.0060709521  -0.0054321491  -0.0023125213
        0.0022356358  -0.0146496168  -0.0567847461   0.0029760204   0.0003228464
       -0.0005394605   0.0000792204   0.0019064415  -0.0036493323  -0.0011350292
        0.0000961499   0.0008356488   0.0008847169   0.0036648761  -0.0020001470
        0.0048747207  -0.0131075037   0.0052192197  -0.0107425717   0.0142593015
        0.0050993843   0.0026624321  -0.0005417174   0.0009985716   0.0003100016
       -0.0002657950  -0.0002158583   0.0001590094  -0.0003661665  -0.0043953231
       -0.0023133313  -0.0000553495  -0.0001171081  -0.0000350753   0.0001725584
        0.0003671142  -0.0001929779   0.0010502938   0.0004899866  -0.0009072729
       -0.0047399963  -0.0048656232   0.0183593807
        0.0050318027   0.0011511855   0.0070039216  -0.0449927202   0.0174474635
       -0.0902661806   0.0103367069   0.0283637197   0.4345970640   0.0108982985
       -0.0611285187  -0.0614541224  -0.0105567051  -0.0050202286  -0.0603053286
       -0.0109388871  -0.0064342872  -0.0030927039   0.0221194976   0.0088042235
       -0.0023507141   0.0457890827   0.0107411345  -0.1914895372   0.0000722259
       -0.0001173470   0.0003470248   0.0024620826  -0.0028453590  -0.0007128705
        0.0009888919  -0.0000778902  -0.0004005898  -0.0153921859   0.0102919455
       -0.0185500103  -0.0066202001   0.0025044674  -0.0039259075  -0.0179047816
       -0.0050497206  -0.0023492753  -0.0003384057  -0.0003979314  -0.0005670757
        0.0000472917   0.0003209672   0.0001222414  -0.0000366970  -0.0034893482
       -0.0012554842   0.0001264975   0.0003939530   0.0003944752   0.0028557035
        0.0011859731  -0.0040097827   0.0010779235   0.0006014516   0.0002102759
        0.0049745776   0.0027541464  -0.0019454200
       -0.0023451990   0.0020892781  -0.0029046051  -0.0089761414   0.0230509720
        0.0033627667  -0.0487028940   0.0327403924   0.0108982985   0.0693026981
       -0.0396275592  -0.0186767415  -0.0011222853  -0.0246639576  -0.0095096319
       -0.0038087004  -0.0023999650  -0.0002106696   0.0002297811  -0.0008377692
       -0.0009379662  -0.0036360124   0.0085136395   0.0168609090  -0.0001728108
        0.0001510210   0.0000243207  -0.0006239349   0.0008927432   0.0002707701
        0.0001533766  -0.0004122073  -0.0000968268   0.0001985504  -0.0000900751
        0.0000906209  -0.0004162419   0.0010189265   0.0004882186   0.0005267479
       -0.0009289951  -0.0004320032  -0.0001398247   0.0002420888   0.0001752975
       -0.0001180414  -0.0000771525  -0.0001104687  -0.0001631307  -0.0011120219
       -0.0006535513  -0.0000517270   0.0002087615  -0.0000487336   0.0000273837
        0.0001084855  -0.0000699855  -0.0002677745   0.0000511774   0.0005560208
        0.0001061807   0.0010822168   0.0009239606
        0.0029950123  -0.0004389331   0.0029245310   0.0076660195  -0.0192025962
       -0.0040576646   0.0319567629  -0.1993394484  -0.0611285187  -0.0396275592
        0.2316180002   0.0796659169  -0.0014207973  -0.0202739363  -0.0083574068
       -0.0042389466  -0.0008393793  -0.0005129383   0.0007086648   0.0005075901
       -0.0003880962   0.0030633611   0.0058127913  -0.0087357059  -0.0000018461
        0.0000924358  -0.0000282875   0.0007929318  -0.0010690961  -0.0003049507
       -0.0003661099   0.0004146520   0.0002425548  -0.0000774421  -0.0003651017
        0.0002200014  -0.0004108748   0.0009865589  -0.0006825615   0.0006496589
        0.0007362041  -0.0001294540   0.0000476048   0.0003383520   0.0003773156
        0.0000240803   0.0001829473  -0.0000300965  -0.0002533890  -0.0011866276
       -0.0007174392   0.0000034958  -0.0001566693  -0.0000305253   0.0001577967
        0.0001501151   0.0000698454  -0.0006118514   0.0001949472   0.0006834896
       -0.0010565727   0.0018371938   0.0009199906
       -0.0020398025   0.0011332977  -0.0009178704  -0.0061462169   0.0131507299
        0.0049754669   0.0123813169  -0.0642350547  -0.0614541224  -0.0186767415
        0.0796659169   0.0971256401  -0.0014155116  -0.0060300235  -0.0011195653
       -0.0008648390  -0.0005408722   0.0004950010   0.0005867338   0.0010991936
        0.0007329598   0.0166303509  -0.0248368202  -0.0401862175  -0.0001063208
       -0.0000035493  -0.0000290829  -0.0003724537   0.0006141754   0.0002074395
       -0.0000687313   0.0000783364  -0.0002854198  -0.0000070190   0.0001164483
        0.0002416995   0.0001987771   0.0004491564   0.0004861224  -0.0004543082
       -0.0006037956  -0.0004171210   0.0001692388   0.0002802754  -0.0000314911
       -0.0000091357  -0.0000607951  -0.0000286544  -0.0000890207  -0.0001914295
       -0.0001315990  -0.0000318616  -0.0000088275  -0.0001089568  -0.0000086785
       -0.0000347912  -0.0001531178   0.0003750321   0.0001160745  -0.0000703710
       -0.0000508084  -0.0001576457   0.0006692602
        0.0005041972  -0.0002064563   0.0003794578  -0.0190758364  -0.0071570721
       -0.0051747974  -0.1418333979  -0.0437410972  -0.0105567051  -0.0011222853
       -0.0014207973  -0.0014155116   0.4636097237  -0.0161550848   0.0065950948
       -0.0663539642   0.0101431920   0.0034441437  -0.0891109691  -0.0067886531
        0.0488904270  -0.0174064514  -0.0104436448   0.0076164806   0.0001984291
        0.0003908838  -0.0000114947   0.0001597138   0.0000253156   0.0000993835
       -0.0001431055   0.0000306837   0.0001216586   0.0006612177  -0.0002558261
        0.0006069539  -0.0021168504   0.0010868148  -0.0017702095  -0.1123034191
        0.0768630780  -0.0674946828  -0.0010976122   0.0143582648   0.0093417371
       -0.0009108019   0.0122762190   0.0054728937  -0.0013271969  -0.0249077091
       -0.0149645679   0.0067278870   0.0016626801  -0.0121211524  -0.0166896195
       -0.0053326224   0.0263954876  -0.0009701434   0.0007475116   0.0027700629
       -0.0013995153  -0.0011756802   0.0017753404
       -0.0004083193   0.0002697625  -0.0002301851   0.0083908680   0.0073511555
       -0.0002545904  -0.0352925708  -0.0881205493  -0.0050202286  -0.0246639576
       -0.0202739363  -0.0060300235  -0.0161550848   0.5019780465  -0.0213755930
        0.0065430498  -0.1653813245  -0.0543484812  -0.0065590321  -0.0665883055
        0.0171272648  -0.0098331180  -0.0035978615   0.0057913574   0.0000673058
       -0.0002386242   0.0001748105  -0.0000707755  -0.0001824646  -0.0000756182
        0.0001802579   0.0000318090  -0.0001506264  -0.0001682768   0.0004142911
       -0.0000592306   0.0025430725   0.0002023053   0.0020605365   0.0767519208
       -0.1251435134   0.0741078470   0.0010238252   0.0008923291  -0.0021129871
        0.0034442035  -0.0249678125  -0.0086926259  -0.0022046012  -0.0119141849
       -0.0067877022  -0.0077347128  -0.0045963135   0.0196621059  -0.0062101503
       -0.0017822538   0.0091087787   0.0109187213   0.0012675441  -0.0237893324
       -0.0005626255   0.0003799007   0.0008945238
        0.0000338387  -0.0002418991  -0.0000969138  -0.0123964945  -0.0063630667
       -0.0018575547  -0.0167570586  -0.0093047479  -0.0603053286  -0.0095096319
       -0.0083574068  -0.0011195653   0.0065950948  -0.0213755930   0.4984518545
        0.0015842987  -0.0540323834  -0.0957436320   0.0501792205   0.0175273723
       -0.1701190395   0.0304034026   0.0178445054  -0.0057509780   0.0001032003
        0.0001999736   0.0002523231   0.0000521008   0.0000774838  -0.0000168553
        0.0001718987   0.0000882051  -0.0000828509   0.0000123949  -0.0000525055
       -0.0001884219  -0.0027437346   0.0013797647  -0.0019203589  -0.0678377620
        0.0741583404  -0.1063261570   0.0033437401  -0.0226061330  -0.0162230476
       -0.0000468424   0.0137444613   0.0079110166  -0.0010231068  -0.0096704657
       -0.0053012676   0.0057030356   0.0062718459  -0.0203547474   0.0015774904
        0.0008804250   0.0004113789   0.0074930258  -0.0013157981  -0.0169937950
        0.0030618889   0.0011476219  -0.0046260596
       -0.0001099838   0.0009849769  -0.0000042595   0.0007616951   0.0006826108
        0.0004559214   0.0000162347  -0.0219240843  -0.0109388871  -0.0038087004
       -0.0042389466  -0.0008648390  -0.0663539642   0.0065430498   0.0015842987
        0.5229153045  -0.0008380327  -0.0032333894  -0.0016132691   0.0107461035
        0.0085697735   0.0006997168  -0.0007159396  -0.0007087320  -0.0017179423
       -0.0007090564  -0.0004045401  -0.0003520848  -0.0004507178  -0.0001716922
       -0.0001093082  -0.0000676315  -0.0005018352  -0.0000954930  -0.0001486496
       -0.0001427969   0.0001166874  -0.0000206923   0.0000162920  -0.0016815369
        0.0155788222   0.0064971348  -0.1240732598  -0.0158192228   0.1128889246
       -0.0770330600   0.0650340022  -0.0534907759  -0.2480639196  -0.0554421479
       -0.0623996845   0.0003877536  -0.0002688811  -0.0005147770   0.0006079239
        0.0006100779   0.0003846549  -0.0007838614   0.0001739097   0.0030995907
        0.0002910676   0.0002904496  -0.0001203818
       -0.0010711498  -0.0004734321  -0.0003096738   0.0005607746   0.0005065530
        0.0000417453  -0.0058908771  -0.0156463879  -0.0064342872  -0.0023999650
       -0.0008393793  -0.0005408722   0.0101431920  -0.1653813245  -0.0540323834
       -0.0008380327   0.4762578638  -0.0374944709   0.0017624836  -0.0013184528
       -0.0038576324  -0.0000338570  -0.0003233211  -0.0008057628   0.0008718635
        0.0001823843   0.0002949670  -0.0002601457  -0.0000624056  -0.0000374837
       -0.0000139098  -0.0000080711  -0.0000217591  -0.0001176009   0.0001125995
        0.0000117680  -0.0000328281   0.0001584538   0.0000220370   0.0042175998
       -0.0250070516  -0.0103614224  -0.0154246817  -0.0455161209   0.0241851729
        0.0649580680  -0.1677620146   0.1030744260  -0.0560093849  -0.0573026494
       -0.0157793828  -0.0005838441   0.0012084361   0.0010762916  -0.0000032983
        0.0003458155   0.0004647221  -0.0001801792   0.0008426695   0.0007800844
        0.0003457728   0.0000258355  -0.0002760837
        0.0002803919   0.0005420080  -0.0001470455   0.0003989331   0.0003270055
        0.0000316469  -0.0029329537  -0.0060709521  -0.0030927039  -0.0002106696
       -0.0005129383   0.0004950010   0.0034441437  -0.0543484812  -0.0957436320
       -0.0032333894  -0.0374944709   0.5079754473   0.0050934814  -0.0230512376
       -0.0196311112   0.0009597847   0.0002943535   0.0008299713  -0.0011101622
       -0.0002671362  -0.0003971069  -0.0000939093  -0.0001319822  -0.0000011836
        0.0000859483  -0.0000127489   0.0001210720  -0.0000098830  -0.0000608758
        0.0000236690   0.0000516898   0.0000213864   0.0000090446  -0.0023750567
        0.0108946104   0.0064121282   0.1137411608   0.0246504545  -0.2038073794
       -0.0532652640   0.1028660920  -0.1267170304  -0.0628108514  -0.0152544172
       -0.0623458838  -0.0000174820  -0.0014342122   0.0010559883  -0.0005641422
       -0.0003880632   0.0005424837   0.0026808137  -0.0007255475  -0.0053858861
       -0.0001125839   0.0001571530  -0.0002274895
        0.0002101659  -0.0001005829  -0.0000326199   0.0006341128   0.0000603019
       -0.0004201408  -0.0149376669  -0.0054321491   0.0221194976   0.0002297811
        0.0007086648   0.0005867338  -0.0891109691  -0.0065590321   0.0501792205
       -0.0016132691   0.0017624836   0.0050934814   0.5072350692  -0.0030329410
        0.0282350685  -0.0057801675  -0.0035822134   0.0015281884  -0.0000623596
        0.0000135698  -0.0000018547  -0.0000381258   0.0000293643   0.0000282028
       -0.0000710520   0.0000423921   0.0000719855  -0.0012676091  -0.0004441932
        0.0006814498  -0.0000088726  -0.0001921150   0.0004838383   0.0056808380
        0.0024788482  -0.0125789138   0.0003832408   0.0003570155   0.0005470734
        0.0001839529  -0.0006342787   0.0004996990   0.0005389681  -0.0002279466
       -0.0004790544  -0.1032788604   0.0820964043  -0.0649890911  -0.2547371378
       -0.0718298997  -0.0337581260  -0.0435773382   0.0046530023   0.0010111148
       -0.0006127006  -0.0001666950   0.0011942468
       -0.0002103952  -0.0002547876   0.0001013533  -0.0002497532  -0.0002240284
        0.0002139930  -0.0057149193  -0.0023125213   0.0088042235  -0.0008377692
        0.0005075901   0.0010991936  -0.0067886531  -0.0665883055   0.0175273723
        0.0107461035  -0.0013184528  -0.0230512376  -0.0030329410   0.5244820397
        0.0074521693  -0.0031492483  -0.0012683287   0.0007522020   0.0001096180
        0.0000519337  -0.0001696740  -0.0000096955   0.0000813651  -0.0000102480
       -0.0000204093  -0.0000329421   0.0000060589   0.0002751629   0.0004898248
        0.0001273193  -0.0000422755  -0.0000017458   0.0001619123  -0.0067745503
       -0.0031580043   0.0189031508   0.0007353114  -0.0041749589  -0.0041026296
        0.0001323081   0.0013479680  -0.0014432122   0.0006319433   0.0003253232
       -0.0002708724   0.0817250474  -0.1548190903   0.0866975970  -0.0719263614
       -0.0687640193  -0.0113657749   0.0048203914  -0.2242318263  -0.1019669245
       -0.0004189147  -0.0001370335   0.0005340280
        0.0000205657  -0.0000436606  -0.0002759497   0.0001732700   0.0000202970
       -0.0004935318   0.0055685852   0.0022356358  -0.0023507141  -0.0009379662
       -0.0003880962   0.0007329598   0.0488904270   0.0171272648  -0.1701190395
        0.0085697735  -0.0038576324  -0.0196311112   0.0282350685   0.0074521693
        0.4692687323  -0.0005644060  -0.0004969293   0.0017052002  -0.0000749377
        0.0000469216   0.0001172948  -0.0000135318   0.0000290037   0.0000456756
       -0.0000834264   0.0000757182   0.0000728943  -0.0006995883  -0.0002512170
        0.0003393850  -0.0001944652  -0.0000173130   0.0001245730   0.0079291148
        0.0053467404  -0.0213357191   0.0001221591  -0.0027531123  -0.0016848177
       -0.0002551456   0.0012439632   0.0013385934   0.0002933606   0.0004956136
        0.0002564108  -0.0645965136   0.0867582923  -0.1110728568  -0.0336303286
       -0.0115084857  -0.0466793561   0.0013525257  -0.1013891250  -0.1003089405
       -0.0001045404  -0.0001260485  -0.0000496826
        0.0006099937   0.0007826814  -0.0005755346   0.0063840192   0.0020427519
       -0.0160847203  -0.0738443800  -0.0146496168   0.0457890827  -0.0036360124
        0.0030633611   0.0166303509  -0.0174064514  -0.0098331180   0.0304034026
        0.0006997168  -0.0000338570   0.0009597847  -0.0057801675  -0.0031492483
       -0.0005644060   0.3946205440   0.2160959464  -0.0300328777   0.0000620174
       -0.0001392621  -0.0000843471   0.0001227340  -0.0004315841  -0.0002616635
        0.0002296190  -0.0003291814  -0.0005899033  -0.0017184336   0.0018127958
       -0.0027329562   0.0005357966   0.0007948834  -0.0004172906   0.0013980016
        0.0007917411   0.0003387381  -0.0003565671  -0.0005358697  -0.0008680262
       -0.0000474062  -0.0002566438   0.0004271671   0.0000171458   0.0003961101
       -0.0000045790   0.0000722610  -0.0001260524  -0.0000089784  -0.0011768272
       -0.0005009345   0.0014677764   0.0002350737   0.0000236584  -0.0004842415
       -0.3010206773  -0.1958185615  -0.0433067782
       -0.0000712321   0.0003282026   0.0011153913  -0.0029510852  -0.0017394496
        0.0197993448  -0.0131220734  -0.0567847461   0.0107411345   0.0085136395
        0.0058127913  -0.0248368202  -0.0104436448  -0.0035978615   0.0178445054
       -0.0007159396  -0.0003233211   0.0002943535  -0.0035822134  -0.0012683287
       -0.0004969293   0.2160959464   0.1866291703   0.0007659089  -0.0001931573
       -0.0000668461   0.0003597030  -0.0001520079   0.0003454215   0.0002853943
       -0.0005814746   0.0003912660   0.0003602958   0.0022564771  -0.0012202697
        0.0033733770   0.0000286680   0.0001320828  -0.0005822408  -0.0001510691
        0.0002637072  -0.0002073128  -0.0001978314  -0.0005995800   0.0004977302
        0.0000549717   0.0001981409   0.0001444675  -0.0003809471   0.0002736223
        0.0002238813   0.0001336167   0.0001111177  -0.0001475689  -0.0007129459
       -0.0001943324   0.0009504594  -0.0000089063   0.0001914748   0.0001310303
       -0.1938187913  -0.1288822624  -0.0306161052
        0.0013153890  -0.0014549607   0.0009764900   0.0063338696   0.0145371634
       -0.0409447327   0.0217615947   0.0029760204  -0.1914895372   0.0168609090
       -0.0087357059  -0.0401862175   0.0076164806   0.0057913574  -0.0057509780
       -0.0007087320  -0.0008057628   0.0008299713   0.0015281884   0.0007522020
        0.0017052002  -0.0300328777   0.0007659089   0.3204322200   0.0002043739
        0.0000023915  -0.0004444282  -0.0000097252  -0.0002584444  -0.0000084518
       -0.0001298035  -0.0001032347   0.0009199003  -0.0057745995   0.0029873034
       -0.0062066917   0.0011063793  -0.0012994760   0.0011977847  -0.0004413744
       -0.0009127065   0.0002612873  -0.0005242084   0.0000194041   0.0004259626
        0.0000376717  -0.0000907221  -0.0001964654   0.0001189750   0.0000068040
       -0.0001534079  -0.0002782759  -0.0002051657  -0.0000244772   0.0006138945
        0.0002884363  -0.0003386727  -0.0006146755  -0.0000609454   0.0002316688
       -0.0189834539  -0.0141998671  -0.0412364249
       -0.1273390646  -0.1147953171   0.0241586556   0.0074754151   0.0085306692
       -0.0019236470   0.0000522925   0.0003228464   0.0000722259  -0.0001728108
       -0.0000018461  -0.0001063208   0.0001984291   0.0000673058   0.0001032003
       -0.0017179423   0.0008718635  -0.0011101622  -0.0000623596   0.0001096180
       -0.0000749377   0.0000620174  -0.0001931573   0.0002043739   0.1491922829
        0.1324177350  -0.0274231894  -0.0228685980  -0.0239572821   0.0038719997
       -0.0038132488  -0.0052720758   0.0024680339   0.0008500543   0.0003448182
       -0.0003643015   0.0004384136   0.0023541580   0.0009135222  -0.0000205916
       -0.0001098317  -0.0000104879   0.0001543446  -0.0001636328   0.0001217618
       -0.0022521816  -0.0004496962  -0.0010494387  -0.0001963478  -0.0001013977
       -0.0000051811   0.0000147900   0.0000442290   0.0002133711  -0.0000208311
       -0.0000226062   0.0000209919   0.0000500052  -0.0001121093  -0.0000013219
       -0.0000240684   0.0001157093  -0.0000791479
       -0.1140170760  -0.1959971411   0.0334257643  -0.0138889613  -0.0250746464
        0.0011617073  -0.0002221267  -0.0005394605  -0.0001173470   0.0001510210
        0.0000924358  -0.0000035493   0.0003908838  -0.0002386242   0.0001999736
       -0.0007090564   0.0001823843  -0.0002671362   0.0000135698   0.0000519337
        0.0000469216  -0.0001392621  -0.0000668461   0.0000023915   0.1324177350
        0.2276271025  -0.0355161451  -0.0007488624   0.0020601048  -0.0005618966
       -0.0052095488  -0.0050255029   0.0036566370  -0.0004973557   0.0011253425
        0.0005461879   0.0021161884  -0.0055262602  -0.0022815052  -0.0001562354
        0.0000023491  -0.0000725983   0.0000626560  -0.0001016527   0.0002664945
        0.0004507437   0.0010656839  -0.0000549998  -0.0002847782   0.0001109719
       -0.0000946898   0.0002153047   0.0000302123  -0.0002982066  -0.0000531069
        0.0000458064  -0.0000227375  -0.0000703959   0.0000215969   0.0000010365
        0.0001786632   0.0001542099  -0.0000163028
        0.0242437334   0.0340581424  -0.0505784450  -0.0058898105  -0.0100432199
        0.0010004651   0.0002096681   0.0000792204   0.0003470248   0.0000243207
       -0.0000282875  -0.0000290829  -0.0000114947   0.0001748105   0.0002523231
       -0.0004045401   0.0002949670  -0.0003971069  -0.0000018547  -0.0001696740
        0.0001172948  -0.0000843471   0.0003597030  -0.0004444282  -0.0274231894
       -0.0355161451   0.0560136794  -0.0104418065  -0.0109986547   0.0026120538
        0.0211643795   0.0263887974  -0.0089995755  -0.0007031010  -0.0009117571
        0.0005812077   0.0007373411  -0.0032145042  -0.0003502015   0.0000040459
       -0.0001038039  -0.0001113626   0.0000083442   0.0002524953  -0.0004512087
       -0.0014829151  -0.0003578662   0.0005961710   0.0000999279  -0.0001375659
        0.0000266805   0.0001189302  -0.0000216387  -0.0000484798  -0.0000557089
        0.0000448562  -0.0000369559  -0.0000106474   0.0000063443  -0.0000830862
       -0.0001012755  -0.0001562194  -0.0000169671
       -0.2296009382   0.0300566908  -0.0946725328  -0.0143380165   0.0059652525
       -0.0061690534  -0.0001700652   0.0019064415   0.0024620826  -0.0006239349
        0.0007929318  -0.0003724537   0.0001597138  -0.0000707755   0.0000521008
       -0.0003520848  -0.0002601457  -0.0000939093  -0.0000381258  -0.0000096955
       -0.0000135318   0.0001227340  -0.0001520079  -0.0000097252  -0.0228685980
       -0.0007488624  -0.0104418065   0.2650225120  -0.0369239240   0.1103692386
        0.0018479951  -0.0003865280  -0.0008492585  -0.0003314148  -0.0000064225
        0.0001496260   0.0013083800  -0.0005113981  -0.0003017397  -0.0000148069
       -0.0000179598   0.0000174774  -0.0000337277  -0.0000019469   0.0001859409
       -0.0000826853   0.0002377406  -0.0002102312  -0.0000752425   0.0001282092
       -0.0000581218  -0.0000200038   0.0000044007  -0.0000956018   0.0000251239
       -0.0000199152  -0.0000069733   0.0000315348   0.0000405318  -0.0000122116
        0.0000316508  -0.0000226174   0.0000706843
        0.0289848795  -0.0470850221   0.0166966844   0.0239402541  -0.0087053763
        0.0100386691   0.0025206984  -0.0036493323  -0.0028453590   0.0008927432
       -0.0010690961   0.0006141754   0.0000253156  -0.0001824646   0.0000774838
       -0.0004507178  -0.0000624056  -0.0001319822   0.0000293643   0.0000813651
        0.0000290037  -0.0004315841   0.0003454215  -0.0002584444  -0.0239572821
        0.0020601048  -0.0109986547  -0.0369239240   0.0578355946  -0.0173264178
        0.0039189968   0.0000939509   0.0033688424   0.0000337275  -0.0000625139
       -0.0000164193   0.0012761825   0.0001705358   0.0008249989   0.0000566119
        0.0000751430   0.0000273690  -0.0000248291  -0.0000603224   0.0000948979
        0.0001575891   0.0001380836  -0.0000797663  -0.0000986324   0.0001221574
       -0.0001070967   0.0000177100  -0.0000444341  -0.0000531015   0.0000045654
        0.0000003246   0.0000076239  -0.0000485905   0.0000078310   0.0000201659
        0.0000769220  -0.0000095449   0.0000173275
       -0.0947063735   0.0170096614  -0.0909873338   0.0094103682  -0.0028947210
        0.0049510206   0.0007060724  -0.0011350292  -0.0007128705   0.0002707701
       -0.0003049507   0.0002074395   0.0000993835  -0.0000756182  -0.0000168553
       -0.0001716922  -0.0000374837  -0.0000011836   0.0000282028  -0.0000102480
        0.0000456756  -0.0002616635   0.0002853943  -0.0000084518   0.0038719997
       -0.0005618966   0.0026120538   0.1103692386  -0.0173264178   0.1028768005
       -0.0300426733   0.0049021689  -0.0196271210   0.0001160496  -0.0001487299
       -0.0001541559   0.0003654894   0.0002237727   0.0006804020   0.0000425729
        0.0000080127  -0.0000076030   0.0001221887  -0.0000224046   0.0001641020
       -0.0000679641   0.0001305012  -0.0001473401  -0.0000745584  -0.0000079858
        0.0000707417  -0.0000215875  -0.0000015888  -0.0000132184  -0.0000034632
       -0.0000084922  -0.0000008906  -0.0000137955   0.0000216970   0.0000195347
       -0.0000385646  -0.0000456419   0.0000492535
       -0.0478748655  -0.0051916544   0.0320231336  -0.0031581693   0.0011570400
        0.0140303016   0.0002440892   0.0000961499   0.0009888919   0.0001533766
       -0.0003661099  -0.0000687313  -0.0001431055   0.0001802579   0.0001718987
       -0.0001093082  -0.0000139098   0.0000859483  -0.0000710520  -0.0000204093
       -0.0000834264   0.0002296190  -0.0005814746  -0.0001298035  -0.0038132488
       -0.0052095488   0.0211643795   0.0018479951   0.0039189968  -0.0300426733
        0.0537378141   0.0032625741  -0.0394126809  -0.0008986852   0.0030189167
        0.0019710374  -0.0000296960  -0.0001826575  -0.0001050797   0.0000286360
       -0.0000219835  -0.0000008793  -0.0005890421   0.0000067081  -0.0006586110
       -0.0000333494  -0.0002253038   0.0003526587   0.0002074462  -0.0000256726
       -0.0000599088   0.0000736149   0.0000210276  -0.0000134951   0.0000110023
        0.0000005551  -0.0000340359   0.0000610246  -0.0000470139  -0.0000605124
        0.0001259041   0.0002235121  -0.0001184119
       -0.0050303065  -0.0462584876   0.0257029989   0.0055106449   0.0013090144
       -0.0256776157   0.0001826673   0.0008356488  -0.0000778902  -0.0004122073
        0.0004146520   0.0000783364   0.0000306837   0.0000318090   0.0000882051
       -0.0000676315  -0.0000080711  -0.0000127489   0.0000423921  -0.0000329421
        0.0000757182  -0.0003291814   0.0003912660  -0.0001032347  -0.0052720758
       -0.0050255029   0.0263887974  -0.0003865280   0.0000939509   0.0049021689
        0.0032625741   0.0536542659  -0.0283058443   0.0023755460  -0.0040577136
       -0.0027819829   0.0000400762  -0.0001365539  -0.0002675071   0.0000116069
       -0.0000542576  -0.0000670438  -0.0000097072   0.0003123844  -0.0001576343
       -0.0000219318  -0.0001046127   0.0003245879   0.0000277298  -0.0000565817
       -0.0000225501   0.0000474151  -0.0001164293  -0.0000183899  -0.0000248188
       -0.0000008989   0.0000359692  -0.0000443010   0.0000343840  -0.0000561389
        0.0000673531  -0.0012253238  -0.0000482012
        0.0331182441   0.0261483501  -0.2773494353   0.0057602786  -0.0034302982
       -0.0146476595  -0.0003672534   0.0008847169  -0.0004005898  -0.0000968268
        0.0002425548  -0.0002854198   0.0001216586  -0.0001506264  -0.0000828509
       -0.0005018352  -0.0000217591   0.0001210720   0.0000719855   0.0000060589
        0.0000728943  -0.0005899033   0.0003602958   0.0009199003   0.0024680339
        0.0036566370  -0.0089995755  -0.0008492585   0.0033688424  -0.0196271210
       -0.0394126809  -0.0283058443   0.3213687578   0.0005690629  -0.0029512896
       -0.0010873062  -0.0001020491   0.0000820930  -0.0001851471  -0.0000428920
       -0.0000103397   0.0000065335  -0.0001706336  -0.0001263844   0.0003163596
        0.0002330760   0.0001758547  -0.0002664068  -0.0001409273   0.0000773938
       -0.0000865616  -0.0000631682  -0.0000462805  -0.0000463297   0.0000259807
        0.0000145750   0.0000277858  -0.0000587404   0.0000272548  -0.0000248745
        0.0000278485  -0.0000018050   0.0002559742
       -0.0047441888   0.0005943982   0.0125857797  -0.0798112692  -0.0194733902
        0.0848347442   0.0069108138   0.0036648761  -0.0153921859   0.0001985504
       -0.0000774421  -0.0000070190   0.0006612177  -0.0001682768   0.0000123949
       -0.0000954930  -0.0001176009  -0.0000098830  -0.0012676091   0.0002751629
       -0.0006995883  -0.0017184336   0.0022564771  -0.0057745995   0.0008500543
       -0.0004973557  -0.0007031010  -0.0003314148   0.0000337275   0.0001160496
       -0.0008986852   0.0023755460   0.0005690629   0.0944962622   0.0206364040
       -0.0988184342  -0.0126069816  -0.0089012571   0.0228025436   0.0001756530
        0.0000463564   0.0001588449  -0.0000488237   0.0000716589   0.0000799222
        0.0000685546  -0.0000235075   0.0000167851   0.0000051294   0.0000249206
       -0.0000050367  -0.0015133193  -0.0012044431   0.0001053394   0.0000213387
       -0.0000849500   0.0001024461  -0.0003144600   0.0004379238   0.0000427964
       -0.0000368958   0.0001307719  -0.0000168614
        0.0109218319   0.0011168703  -0.0237176956  -0.0194924201  -0.0501285785
        0.0412281799  -0.0038389794  -0.0020001470   0.0102919455  -0.0000900751
       -0.0003651017   0.0001164483  -0.0002558261   0.0004142911  -0.0000525055
       -0.0001486496   0.0001125995  -0.0000608758  -0.0004441932   0.0004898248
       -0.0002512170   0.0018127958  -0.0012202697   0.0029873034   0.0003448182
        0.0011253425  -0.0009117571  -0.0000064225  -0.0000625139  -0.0001487299
        0.0030189167  -0.0040577136  -0.0029512896   0.0206364040   0.0616951429
       -0.0467065292  -0.0121795960  -0.0064651674   0.0202800175  -0.0001270642
       -0.0001263325   0.0000281850   0.0000532232  -0.0001253083   0.0000199323
        0.0000361928  -0.0001052840  -0.0001258136   0.0000407701  -0.0000655714
        0.0000083669  -0.0008036063   0.0000990316   0.0000631739   0.0000016826
       -0.0002023786  -0.0000087020   0.0003630515  -0.0003133345  -0.0000351833
        0.0001571456   0.0001845984  -0.0000532540
        0.0068890957  -0.0012892277  -0.0132025648   0.0837942353   0.0409953618
       -0.2310622840   0.0062650576   0.0048747207  -0.0185500103   0.0000906209
        0.0002200014   0.0002416995   0.0006069539  -0.0000592306  -0.0001884219
       -0.0001427969   0.0000117680   0.0000236690   0.0006814498   0.0001273193
        0.0003393850  -0.0027329562   0.0033733770  -0.0062066917  -0.0003643015
        0.0005461879   0.0005812077   0.0001496260  -0.0000164193  -0.0001541559
        0.0019710374  -0.0027819829  -0.0010873062  -0.0988184342  -0.0467065292
        0.2676987097   0.0016737961   0.0014293344   0.0005069309   0.0003026907
        0.0000218109  -0.0000004022   0.0000877202   0.0000533789   0.0000784576
        0.0000099224  -0.0002292768  -0.0000948100   0.0000317793  -0.0000176685
        0.0000332011  -0.0002334561  -0.0004453347   0.0006172809   0.0002192071
        0.0000090418   0.0001269242  -0.0001474099   0.0001139055   0.0001431459
       -0.0003338375  -0.0002305378   0.0001560355
        0.0063343394   0.0075866767   0.0012670010  -0.1594772882  -0.1122109782
       -0.0169538808  -0.0230619155  -0.0131075037  -0.0066202001  -0.0004162419
       -0.0004108748   0.0001987771  -0.0021168504   0.0025430725  -0.0027437346
        0.0001166874  -0.0000328281   0.0000516898  -0.0000088726  -0.0000422755
       -0.0001944652   0.0005357966   0.0000286680   0.0011063793   0.0004384136
        0.0021161884   0.0007373411   0.0013083800   0.0012761825   0.0003654894
       -0.0000296960   0.0000400762  -0.0001020491  -0.0126069816  -0.0121795960
        0.0016737961   0.1897166678   0.1242096181   0.0219947180  -0.0013220939
       -0.0002363562  -0.0002424397  -0.0000281628   0.0000487361   0.0000295362
       -0.0000692729   0.0001978453   0.0000400402   0.0000164400  -0.0000496280
       -0.0000080346   0.0001603373   0.0001322181  -0.0001176685   0.0000756866
        0.0000606230  -0.0000154600  -0.0000223756   0.0000020513  -0.0000366558
        0.0004570029   0.0000280842  -0.0004301798
       -0.0151393988  -0.0256142165  -0.0045709525  -0.1120298622  -0.1447092199
       -0.0162152294   0.0074602986   0.0052192197   0.0025044674   0.0010189265
        0.0009865589   0.0004491564   0.0010868148   0.0002023053   0.0013797647
       -0.0000206923   0.0001584538   0.0000213864  -0.0001921150  -0.0000017458
       -0.0000173130   0.0007948834   0.0001320828  -0.0012994760   0.0023541580
       -0.0055262602  -0.0032145042  -0.0005113981   0.0001705358   0.0002237727
       -0.0001826575  -0.0001365539   0.0000820930  -0.0089012571  -0.0064651674
        0.0014293344   0.1242096181   0.1752568612   0.0192568582   0.0002506949
        0.0000506694   0.0000278784   0.0000367147  -0.0000447180   0.0000170879
        0.0001543923   0.0000485380  -0.0000205946  -0.0000030865   0.0000665582
        0.0000023598   0.0000394018   0.0000170591  -0.0000747408   0.0000093466
       -0.0000082159  -0.0000125685  -0.0000063145  -0.0000106159   0.0000034489
       -0.0004284677   0.0002078711   0.0000277707
       -0.0080664732  -0.0107509665  -0.0004602473  -0.0174352565  -0.0172581447
       -0.0480716170  -0.0177986274  -0.0107425717  -0.0039259075   0.0004882186
       -0.0006825615   0.0004861224  -0.0017702095   0.0020605365  -0.0019203589
        0.0000162920   0.0000220370   0.0000090446   0.0004838383   0.0001619123
        0.0001245730  -0.0004172906  -0.0005822408   0.0011977847   0.0009135222
       -0.0022815052  -0.0003502015  -0.0003017397   0.0008249989   0.0006804020
       -0.0001050797  -0.0002675071  -0.0001851471   0.0228025436   0.0202800175
        0.0005069309   0.0219947180   0.0192568582   0.0526486644  -0.0010619057
       -0.0002273612  -0.0001879336  -0.0000017901  -0.0000483429   0.0000396158
        0.0000246527  -0.0000102721  -0.0000611979   0.0000244797  -0.0000298866
        0.0000102068  -0.0001193829  -0.0001979602  -0.0000037796   0.0000566899
       -0.0000770513   0.0000902573  -0.0000204972   0.0000803994  -0.0000169449
        0.0002932977   0.0004696118  -0.0006102668
        0.0000535108   0.0000203732   0.0000128584  -0.0041135304  -0.0033841009
        0.0002367178  -0.0260232967   0.0142593015  -0.0179047816   0.0005267479
        0.0006496589  -0.0004543082  -0.1123034191   0.0767519208  -0.0678377620
       -0.0016815369   0.0042175998  -0.0023750567   0.0056808380  -0.0067745503
        0.0079291148   0.0013980016  -0.0001510691  -0.0004413744  -0.0000205916
       -0.0001562354   0.0000040459  -0.0000148069   0.0000566119   0.0000425729
        0.0000286360   0.0000116069  -0.0000428920   0.0001756530  -0.0001270642
        0.0003026907  -0.0013220939   0.0002506949  -0.0010619057   0.1349261127
       -0.0845102343   0.0779570104  -0.0002644931   0.0001857315   0.0000475054
        0.0007956064   0.0008283839   0.0008612892   0.0009001315  -0.0012408454
        0.0000836461  -0.0000855378  -0.0007314644   0.0024710556   0.0007626806
       -0.0004561532   0.0005197854   0.0001179471  -0.0002098503  -0.0003216608
        0.0004634408   0.0005096843  -0.0000285513
       -0.0000081932   0.0001789206   0.0000138808  -0.0018550931  -0.0000402437
        0.0002327543  -0.0082375196   0.0050993843  -0.0050497206  -0.0009289951
        0.0007362041  -0.0006037956   0.0768630780  -0.1251435134   0.0741583404
        0.0155788222  -0.0250070516   0.0108946104   0.0024788482  -0.0031580043
        0.0053467404   0.0007917411   0.0002637072  -0.0009127065  -0.0001098317
        0.0000023491  -0.0001038039  -0.0000179598   0.0000751430   0.0000080127
       -0.0000219835  -0.0000542576  -0.0000103397   0.0000463564  -0.0001263325
        0.0000218109  -0.0002363562   0.0000506694  -0.0002273612  -0.0845102343
        0.1528283518  -0.0828190310   0.0001218572   0.0001154989   0.0001712613
        0.0010209711  -0.0060975909  -0.0030094287   0.0001467014   0.0001362261
        0.0007139921  -0.0006474124   0.0001855254   0.0016082872  -0.0000338712
       -0.0001896314   0.0001099338  -0.0000669702   0.0003281344  -0.0003614296
       -0.0003739555  -0.0001834888  -0.0001820074
        0.0000405968   0.0000187830   0.0000914628  -0.0009062676  -0.0006454540
        0.0003453217  -0.0062132087   0.0026624321  -0.0023492753  -0.0004320032
       -0.0001294540  -0.0004171210  -0.0674946828   0.0741078470  -0.1063261570
        0.0064971348  -0.0103614224   0.0064121282  -0.0125789138   0.0189031508
       -0.0213357191   0.0003387381  -0.0002073128   0.0002612873  -0.0000104879
       -0.0000725983  -0.0001113626   0.0000174774   0.0000273690  -0.0000076030
       -0.0000008793  -0.0000670438   0.0000065335   0.0001588449   0.0000281850
       -0.0000004022  -0.0002424397   0.0000278784  -0.0001879336   0.0779570104
       -0.0828190310   0.1283082809   0.0000762272  -0.0000864366   0.0002140435
        0.0004637517  -0.0027367355  -0.0005586921   0.0004691721  -0.0001405440
        0.0006800160   0.0025246412   0.0012955122  -0.0061330037  -0.0004839466
        0.0000247430   0.0008812240  -0.0004876624   0.0000339611   0.0001811478
        0.0003068975   0.0001361708   0.0000458239
       -0.0001753618  -0.0000068749  -0.0004284612  -0.0000040350  -0.0000886085
        0.0000084846   0.0006184463  -0.0005417174  -0.0003384057  -0.0001398247
        0.0000476048   0.0001692388  -0.0010976122   0.0010238252   0.0033437401
       -0.1240732598  -0.0154246817   0.1137411608   0.0003832408   0.0007353114
        0.0001221591  -0.0003565671  -0.0001978314  -0.0005242084   0.0001543446
        0.0000626560   0.0000083442  -0.0000337277  -0.0000248291   0.0001221887
       -0.0005890421  -0.0000097072  -0.0001706336  -0.0000488237   0.0000532232
        0.0000877202  -0.0000281628   0.0000367147  -0.0000017901  -0.0002644931
        0.0001218572   0.0000762272   0.1421379554   0.0184384915  -0.1321670570
        0.0066053799   0.0015984642  -0.0093441153  -0.0231331093  -0.0055214625
        0.0254687473  -0.0000441119   0.0000729617  -0.0001144112   0.0001815812
       -0.0000177056  -0.0001669733   0.0000888464  -0.0000383833   0.0002053725
       -0.0001816633  -0.0003193083  -0.0000973277
        0.0000502007   0.0000257512   0.0000392091  -0.0001059761  -0.0000223052
        0.0000699293   0.0003424982   0.0009985716  -0.0003979314   0.0002420888
        0.0003383520   0.0002802754   0.0143582648   0.0008923291  -0.0226061330
       -0.0158192228  -0.0455161209   0.0246504545   0.0003570155  -0.0041749589
       -0.0027531123  -0.0005358697  -0.0005995800   0.0000194041  -0.0001636328
       -0.0001016527   0.0002524953  -0.0000019469  -0.0000603224  -0.0000224046
        0.0000067081   0.0003123844  -0.0001263844   0.0000716589  -0.0001253083
        0.0000533789   0.0000487361  -0.0000447180  -0.0000483429   0.0001857315
        0.0001154989  -0.0000864366   0.0184384915   0.0527136713  -0.0249915306
       -0.0125708215  -0.0041439857   0.0204671563  -0.0056551136  -0.0004385041
        0.0065718229  -0.0001061449  -0.0001256040   0.0000198576   0.0000326656
       -0.0001198530   0.0000574867   0.0006091722  -0.0000447726  -0.0015702671
        0.0002154964   0.0001211273   0.0001210728
        0.0001622582   0.0000222090   0.0002198559  -0.0001029171  -0.0002172469
       -0.0002212301   0.0007763935   0.0003100016  -0.0005670757   0.0001752975
        0.0003773156  -0.0000314911   0.0093417371  -0.0021129871  -0.0162230476
        0.1128889246   0.0241851729  -0.2038073794   0.0005470734  -0.0041026296
       -0.0016848177  -0.0008680262   0.0004977302   0.0004259626   0.0001217618
        0.0002664945  -0.0004512087   0.0001859409   0.0000948979   0.0001641020
       -0.0006586110  -0.0001576343   0.0003163596   0.0000799222   0.0000199323
        0.0000784576   0.0000295362   0.0000170879   0.0000396158   0.0000475054
        0.0001712613   0.0002140435  -0.1321670570  -0.0249915306   0.2356219005
        0.0116823616   0.0060321922  -0.0197090829  -0.0031406315  -0.0002177395
        0.0060271357   0.0000392924  -0.0001251619   0.0003675043  -0.0002384079
        0.0000047977   0.0000651420   0.0005950165  -0.0001955674  -0.0011470020
        0.0005026295   0.0001214042   0.0003022558
       -0.0019268688  -0.0011176117  -0.0003335133   0.0001964506  -0.0001077779
       -0.0000754727   0.0004819129  -0.0002657950   0.0000472917  -0.0001180414
        0.0000240803  -0.0000091357  -0.0009108019   0.0034442035  -0.0000468424
       -0.0770330600   0.0649580680  -0.0532652640   0.0001839529   0.0001323081
       -0.0002551456  -0.0000474062   0.0000549717   0.0000376717  -0.0022521816
        0.0004507437  -0.0014829151  -0.0000826853   0.0001575891  -0.0000679641
       -0.0000333494  -0.0000219318   0.0002330760   0.0000685546   0.0000361928
        0.0000099224  -0.0000692729   0.0001543923   0.0000246527   0.0007956064
        0.0010209711   0.0004637517   0.0066053799  -0.0125708215   0.0116823616
        0.0904453394  -0.0777958444   0.0639952787  -0.0160382164   0.0215903495
       -0.0211953194   0.0002638324   0.0000947860   0.0004062963  -0.0003710285
        0.0001425173  -0.0001084831  -0.0000387751  -0.0002218933  -0.0000478136
       -0.0001193416  -0.0001594979  -0.0000124337
        0.0004762057   0.0002393109   0.0002475580  -0.0002639201  -0.0001404920
       -0.0001585176   0.0002994901  -0.0002158583   0.0003209672  -0.0000771525
        0.0001829473  -0.0000607951   0.0122762190  -0.0249678125   0.0137444613
        0.0650340022  -0.1677620146   0.1028660920  -0.0006342787   0.0013479680
        0.0012439632  -0.0002566438   0.0001981409  -0.0000907221  -0.0004496962
        0.0010656839  -0.0003578662   0.0002377406   0.0001380836   0.0001305012
       -0.0002253038  -0.0001046127   0.0001758547  -0.0000235075  -0.0001052840
       -0.0002292768   0.0001978453   0.0000485380  -0.0000102721   0.0008283839
       -0.0060975909  -0.0027367355   0.0015984642  -0.0041439857   0.0060321922
       -0.0777958444   0.1952895131  -0.1179841198  -0.0012933779   0.0047226203
       -0.0025739583  -0.0000342528   0.0001610701  -0.0008533302   0.0001399538
       -0.0000819411  -0.0000215942  -0.0001620072   0.0003003727   0.0003351812
        0.0001276803  -0.0000746569  -0.0000195831
       -0.0010168210  -0.0004299794  -0.0002766239   0.0000172333   0.0000947171
        0.0002091869  -0.0000505723   0.0001590094   0.0001222414  -0.0001104687
       -0.0000300965  -0.0000286544   0.0054728937  -0.0086926259   0.0079110166
       -0.0534907759   0.1030744260  -0.1267170304   0.0004996990  -0.0014432122
        0.0013385934   0.0004271671   0.0001444675  -0.0001964654  -0.0010494387
       -0.0000549998   0.0005961710  -0.0002102312  -0.0000797663  -0.0001473401
        0.0003526587   0.0003245879  -0.0002664068   0.0000167851  -0.0001258136
       -0.0000948100   0.0000400402  -0.0000205946  -0.0000611979   0.0008612892
       -0.0030094287  -0.0005586921  -0.0093441153   0.0204671563  -0.0197090829
        0.0639952787  -0.1179841198   0.1451983943  -0.0062211982   0.0075326935
       -0.0069834992  -0.0000835772  -0.0001451209  -0.0002709541  -0.0000532226
        0.0000875663  -0.0000774701  -0.0000270461   0.0000260872  -0.0000305696
       -0.0000255780   0.0001050466   0.0000431933
       -0.0003788858   0.0001504693  -0.0002011172   0.0001306493   0.0001073874
        0.0001018506   0.0009180386  -0.0003661665  -0.0000366970  -0.0001631307
       -0.0002533890  -0.0000890207  -0.0013271969  -0.0022046012  -0.0010231068
       -0.2480639196  -0.0560093849  -0.0628108514   0.0005389681   0.0006319433
        0.0002933606   0.0000171458  -0.0003809471   0.0001189750  -0.0001963478
       -0.0002847782   0.0000999279  -0.0000752425  -0.0000986324  -0.0000745584
        0.0002074462   0.0000277298  -0.0001409273   0.0000051294   0.0000407701
        0.0000317793   0.0000164400  -0.0000030865   0.0000244797   0.0009001315
        0.0001467014   0.0004691721  -0.0231331093  -0.0056551136  -0.0031406315
       -0.0160382164  -0.0012933779  -0.0062211982   0.2865806187   0.0652327395
        0.0727582933  -0.0002457977  -0.0000259970  -0.0000464596   0.0002503674
       -0.0000271346  -0.0000511504  -0.0000294186   0.0000696726   0.0000584820
        0.0000863301   0.0001951955  -0.0001206022
        0.0003868794   0.0000035084   0.0001993014  -0.0000659378  -0.0000743284
        0.0000682056   0.0005116994  -0.0043953231  -0.0034893482  -0.0011120219
       -0.0011866276  -0.0001914295  -0.0249077091  -0.0119141849  -0.0096704657
       -0.0554421479  -0.0573026494  -0.0152544172  -0.0002279466   0.0003253232
        0.0004956136   0.0003961101   0.0002736223   0.0000068040  -0.0001013977
        0.0001109719  -0.0001375659   0.0001282092   0.0001221574  -0.0000079858
       -0.0000256726  -0.0000565817   0.0000773938   0.0000249206  -0.0000655714
       -0.0000176685  -0.0000496280   0.0000665582  -0.0000298866  -0.0012408454
        0.0001362261  -0.0001405440  -0.0055214625  -0.0004385041  -0.0002177395
        0.0215903495   0.0047226203   0.0075326935   0.0652327395   0.0695924305
        0.0209227605   0.0001122744  -0.0001217138   0.0000147822   0.0001988031
        0.0001172140  -0.0002413061   0.0000227237  -0.0000004019   0.0001335823
        0.0000900603   0.0000852538  -0.0000527799
       -0.0001971121   0.0001233526  -0.0000361797   0.0000523452   0.0000478068
        0.0000098324   0.0009815571  -0.0023133313  -0.0012554842  -0.0006535513
       -0.0007174392  -0.0001315990  -0.0149645679  -0.0067877022  -0.0053012676
       -0.0623996845  -0.0157793828  -0.0623458838  -0.0004790544  -0.0002708724
        0.0002564108  -0.0000045790   0.0002238813  -0.0001534079  -0.0000051811
       -0.0000946898   0.0000266805  -0.0000581218  -0.0001070967   0.0000707417
       -0.0000599088  -0.0000225501  -0.0000865616  -0.0000050367   0.0000083669
        0.0000332011  -0.0000080346   0.0000023598   0.0000102068   0.0000836461
        0.0007139921   0.0006800160   0.0254687473   0.0065718229   0.0060271357
       -0.0211953194  -0.0025739583  -0.0069834992   0.0727582933   0.0209227605
        0.0694994444  -0.0000886215   0.0000315899  -0.0000808883   0.0004920393
       -0.0002411399  -0.0004078909   0.0001340034   0.0001629430   0.0000900755
        0.0001481413   0.0000992870   0.0000789173
       -0.0001601469  -0.0000941666   0.0000786611  -0.0009598508  -0.0003786574
        0.0007737670   0.0004962239  -0.0000553495   0.0001264975  -0.0000517270
        0.0000034958  -0.0000318616   0.0067278870  -0.0077347128   0.0057030356
        0.0003877536  -0.0005838441  -0.0000174820  -0.1032788604   0.0817250474
       -0.0645965136   0.0000722610   0.0001336167  -0.0002782759   0.0000147900
        0.0002153047   0.0001189302  -0.0000200038   0.0000177100  -0.0000215875
        0.0000736149   0.0000474151  -0.0000631682  -0.0015133193  -0.0008036063
       -0.0002334561   0.0001603373   0.0000394018  -0.0001193829  -0.0000855378
       -0.0006474124   0.0025246412  -0.0000441119  -0.0001061449   0.0000392924
        0.0002638324  -0.0000342528  -0.0000835772  -0.0002457977   0.0001122744
       -0.0000886215   0.1199692947  -0.0952421289   0.0747829062  -0.0210286944
        0.0213661329  -0.0179740195  -0.0007038104   0.0020519555  -0.0006815316
       -0.0000741345  -0.0000320786   0.0000417467
        0.0000851824   0.0002319667  -0.0001448216  -0.0000757686   0.0001732837
        0.0003738514   0.0003637139  -0.0001171081   0.0003939530   0.0002087615
       -0.0001566693  -0.0000088275   0.0016626801  -0.0045963135   0.0062718459
       -0.0002688811   0.0012084361  -0.0014342122   0.0820964043  -0.1548190903
        0.0867582923  -0.0001260524   0.0001111177  -0.0002051657   0.0000442290
        0.0000302123  -0.0000216387   0.0000044007  -0.0000444341  -0.0000015888
        0.0000210276  -0.0001164293  -0.0000462805  -0.0012044431   0.0000990316
       -0.0004453347   0.0001322181   0.0000170591  -0.0001979602  -0.0007314644
        0.0001855254   0.0012955122   0.0000729617  -0.0001256040  -0.0001251619
        0.0000947860   0.0001610701  -0.0001451209  -0.0000259970  -0.0001217138
        0.0000315899  -0.0952421289   0.1770499995  -0.1022305245  -0.0039433211
        0.0060183058  -0.0043025184   0.0167736816  -0.0251652020   0.0141795722
        0.0000580098  -0.0000234437   0.0000045387
        0.0000209923   0.0000398073   0.0000325121  -0.0001766942  -0.0000880991
        0.0002529845  -0.0006862973  -0.0000350753   0.0003944752  -0.0000487336
       -0.0000305253  -0.0001089568  -0.0121211524   0.0196621059  -0.0203547474
       -0.0005147770   0.0010762916   0.0010559883  -0.0649890911   0.0866975970
       -0.1110728568  -0.0000089784  -0.0001475689  -0.0000244772   0.0002133711
       -0.0002982066  -0.0000484798  -0.0000956018  -0.0000531015  -0.0000132184
       -0.0000134951  -0.0000183899  -0.0000463297   0.0001053394   0.0000631739
        0.0006172809  -0.0001176685  -0.0000747408  -0.0000037796   0.0024710556
        0.0016082872  -0.0061330037  -0.0001144112   0.0000198576   0.0003675043
        0.0004062963  -0.0008533302  -0.0002709541  -0.0000464596   0.0000147822
       -0.0000808883   0.0747829062  -0.1022305245   0.1307865458  -0.0061663372
        0.0046273355  -0.0033240431   0.0070840183  -0.0100266184   0.0078803745
        0.0000157182   0.0000469423   0.0000940694
        0.0000088059  -0.0000397032   0.0000288187   0.0000232795  -0.0001288901
        0.0000203615  -0.0003775129   0.0001725584   0.0028557035   0.0000273837
        0.0001577967  -0.0000086785  -0.0166896195  -0.0062101503   0.0015774904
        0.0006079239  -0.0000032983  -0.0005641422  -0.2547371378  -0.0719263614
       -0.0336303286  -0.0011768272  -0.0007129459   0.0006138945  -0.0000208311
       -0.0000531069  -0.0000557089   0.0000251239   0.0000045654  -0.0000034632
        0.0000110023  -0.0000248188   0.0000259807   0.0000213387   0.0000016826
        0.0002192071   0.0000756866   0.0000093466   0.0000566899   0.0007626806
       -0.0000338712  -0.0004839466   0.0001815812   0.0000326656  -0.0002384079
       -0.0003710285   0.0001399538  -0.0000532226   0.0002503674   0.0001988031
        0.0004920393  -0.0210286944  -0.0039433211  -0.0061663372   0.2946257901
        0.0848814549   0.0369815210  -0.0021909351  -0.0025489047  -0.0018017086
       -0.0000283771   0.0000265446   0.0001342378
        0.0000380829   0.0000440059  -0.0000156791   0.0001899012   0.0001186639
        0.0000121830  -0.0005592612   0.0003671142   0.0011859731   0.0001084855
        0.0001501151  -0.0000347912  -0.0053326224  -0.0017822538   0.0008804250
        0.0006100779   0.0003458155  -0.0003880632  -0.0718298997  -0.0687640193
       -0.0115084857  -0.0005009345  -0.0001943324   0.0002884363  -0.0000226062
        0.0000458064   0.0000448562  -0.0000199152   0.0000003246  -0.0000084922
        0.0000005551  -0.0000008989   0.0000145750  -0.0000849500  -0.0002023786
        0.0000090418   0.0000606230  -0.0000082159  -0.0000770513  -0.0004561532
       -0.0001896314   0.0000247430  -0.0000177056  -0.0001198530   0.0000047977
        0.0001425173  -0.0000819411   0.0000875663  -0.0000271346   0.0001172140
       -0.0002411399   0.0213661329   0.0060183058   0.0046273355   0.0848814549
        0.0769312953   0.0122153773  -0.0285139511  -0.0128253796  -0.0071633159
       -0.0000326970   0.0000302433   0.0000417083
       -0.0000166114  -0.0000286749   0.0001013965  -0.0001844237   0.0000040208
       -0.0001392323   0.0018419464  -0.0001929779  -0.0040097827  -0.0000699855
        0.0000698454  -0.0001531178   0.0263954876   0.0091087787   0.0004113789
        0.0003846549   0.0004647221   0.0005424837  -0.0337581260  -0.0113657749
       -0.0466793561   0.0014677764   0.0009504594  -0.0003386727   0.0000209919
       -0.0000227375  -0.0000369559  -0.0000069733   0.0000076239  -0.0000008906
       -0.0000340359   0.0000359692   0.0000277858   0.0001024461  -0.0000087020
        0.0001269242  -0.0000154600  -0.0000125685   0.0000902573   0.0005197854
        0.0001099338   0.0008812240  -0.0001669733   0.0000574867   0.0000651420
       -0.0001084831  -0.0000215942  -0.0000774701  -0.0000511504  -0.0002413061
       -0.0004078909  -0.0179740195  -0.0043025184  -0.0033240431   0.0369815210
        0.0122153773   0.0561679194  -0.0156121904  -0.0069937558  -0.0029150536
        0.0002838229   0.0001663930  -0.0003320462
       -0.0000024997  -0.0000219221  -0.0000849126  -0.0001358442  -0.0000524809
        0.0001398978   0.0001214959   0.0010502938   0.0010779235  -0.0002677745
       -0.0006118514   0.0003750321  -0.0009701434   0.0109187213   0.0074930258
       -0.0007838614  -0.0001801792   0.0026808137  -0.0435773382   0.0048203914
        0.0013525257   0.0002350737  -0.0000089063  -0.0006146755   0.0000500052
       -0.0000703959  -0.0000106474   0.0000315348  -0.0000485905  -0.0000137955
        0.0000610246  -0.0000443010  -0.0000587404  -0.0003144600   0.0003630515
       -0.0001474099  -0.0000223756  -0.0000063145  -0.0000204972   0.0001179471
       -0.0000669702  -0.0004876624   0.0000888464   0.0006091722   0.0005950165
       -0.0000387751  -0.0001620072  -0.0000270461  -0.0000294186   0.0000227237
        0.0001340034  -0.0007038104   0.0167736816   0.0070840183  -0.0021909351
       -0.0285139511  -0.0156121904   0.0483462934  -0.0047806385  -0.0038827868
       -0.0000149850   0.0000104735   0.0000281074
        0.0000279507   0.0000238525   0.0001502912   0.0000029793   0.0000220191
       -0.0000675234  -0.0002694739   0.0004899866   0.0006014516   0.0000511774
        0.0001949472   0.0001160745   0.0007475116   0.0012675441  -0.0013157981
        0.0001739097   0.0008426695  -0.0007255475   0.0046530023  -0.2242318263
       -0.1013891250   0.0000236584   0.0001914748  -0.0000609454  -0.0001121093
        0.0000215969   0.0000063443   0.0000405318   0.0000078310   0.0000216970
       -0.0000470139   0.0000343840   0.0000272548   0.0004379238  -0.0003133345
        0.0001139055   0.0000020513  -0.0000106159   0.0000803994  -0.0002098503
        0.0003281344   0.0000339611  -0.0000383833  -0.0000447726  -0.0001955674
       -0.0002218933   0.0003003727   0.0000260872   0.0000696726  -0.0000004019
        0.0001629430   0.0020519555  -0.0251652020  -0.0100266184  -0.0025489047
       -0.0128253796  -0.0069937558  -0.0047806385   0.2588635949   0.1194193015
       -0.0000540570   0.0000031250   0.0000151699
        0.0000151364   0.0001171698   0.0000961518  -0.0000890521   0.0000911827
        0.0001274544  -0.0003391079  -0.0009072729   0.0002102759   0.0005560208
        0.0006834896  -0.0000703710   0.0027700629  -0.0237893324  -0.0169937950
        0.0030995907   0.0007800844  -0.0053858861   0.0010111148  -0.1019669245
       -0.1003089405  -0.0004842415   0.0001310303   0.0002316688  -0.0000013219
        0.0000010365  -0.0000830862  -0.0000122116   0.0000201659   0.0000195347
       -0.0000605124  -0.0000561389  -0.0000248745   0.0000427964  -0.0000351833
        0.0001431459  -0.0000366558   0.0000034489  -0.0000169449  -0.0003216608
       -0.0003614296   0.0001811478   0.0002053725  -0.0015702671  -0.0011470020
       -0.0000478136   0.0003351812  -0.0000305696   0.0000584820   0.0001335823
        0.0000900755  -0.0006815316   0.0141795722   0.0078803745  -0.0018017086
       -0.0071633159  -0.0029150536  -0.0038827868   0.1194193015   0.1178869937
        0.0000000283  -0.0000453807   0.0001097004
       -0.0002190031   0.0000407666  -0.0001115857   0.0013618719   0.0004845580
        0.0003658576  -0.0126376459  -0.0047399963   0.0049745776   0.0001061807
       -0.0010565727  -0.0000508084  -0.0013995153  -0.0005626255   0.0030618889
        0.0002910676   0.0003457728  -0.0001125839  -0.0006127006  -0.0004189147
       -0.0001045404  -0.3010206773  -0.1938187913  -0.0189834539  -0.0000240684
        0.0001786632  -0.0001012755   0.0000316508   0.0000769220  -0.0000385646
        0.0001259041   0.0000673531   0.0000278485  -0.0000368958   0.0001571456
       -0.0003338375   0.0004570029  -0.0004284677   0.0002932977   0.0004634408
       -0.0003739555   0.0003068975  -0.0001816633   0.0002154964   0.0005026295
       -0.0001193416   0.0001276803  -0.0000255780   0.0000863301   0.0000900603
        0.0001481413  -0.0000741345   0.0000580098   0.0000157182  -0.0000283771
       -0.0000326970   0.0002838229  -0.0000149850  -0.0000540570   0.0000000283
        0.3134455591   0.1996436496   0.0098815200
       -0.0001447565  -0.0000438829  -0.0001602181  -0.0006506027   0.0001777906
       -0.0004101598  -0.0037664935  -0.0048656232   0.0027541464   0.0010822168
        0.0018371938  -0.0001576457  -0.0011756802   0.0003799007   0.0011476219
        0.0002904496   0.0000258355   0.0001571530  -0.0001666950  -0.0001370335
       -0.0001260485  -0.1958185615  -0.1288822624  -0.0141998671   0.0001157093
        0.0001542099  -0.0001562194  -0.0000226174  -0.0000095449  -0.0000456419
        0.0002235121  -0.0012253238  -0.0000018050   0.0001307719   0.0001845984
       -0.0002305378   0.0000280842   0.0002078711   0.0004696118   0.0005096843
       -0.0001834888   0.0001361708  -0.0003193083   0.0001211273   0.0001214042
       -0.0001594979  -0.0000746569   0.0001050466   0.0001951955   0.0000852538
        0.0000992870  -0.0000320786  -0.0000234437   0.0000469423   0.0000265446
        0.0000302433   0.0001663930   0.0000104735   0.0000031250  -0.0000453807
        0.1996436496   0.1322381107   0.0103297472
       -0.0000194683  -0.0001370931  -0.0001140914   0.0008581224   0.0001361524
        0.0006381160   0.0294421776   0.0183593807  -0.0019454200   0.0009239606
        0.0009199906   0.0006692602   0.0017753404   0.0008945238  -0.0046260596
       -0.0001203818  -0.0002760837  -0.0002274895   0.0011942468   0.0005340280
       -0.0000496826  -0.0433067782  -0.0306161052  -0.0412364249  -0.0000791479
       -0.0000163028  -0.0000169671   0.0000706843   0.0000173275   0.0000492535
       -0.0001184119  -0.0000482012   0.0002559742  -0.0000168614  -0.0000532540
        0.0001560355  -0.0004301798   0.0000277707  -0.0006102668  -0.0000285513
       -0.0001820074   0.0000458239  -0.0000973277   0.0001210728   0.0003022558
       -0.0000124337  -0.0000195831   0.0000431933  -0.0001206022  -0.0000527799
        0.0000789173   0.0000417467   0.0000045387   0.0000940694   0.0001342378
        0.0000417083  -0.0003320462   0.0000281074   0.0000151699   0.0001097004
        0.0098815200   0.0103297472   0.0467158486
