$hessian                                                                        
        0.5123147067  -0.0158814567  -0.0128006070  -0.0705128464  -0.0194344072
       -0.0185626077  -0.0070921168  -0.0188338716  -0.0166696364  -0.0047665061
       -0.0019711384  -0.0003865698   0.0002352430   0.0006846249   0.0001326588
        0.0003710527   0.0004705193   0.0006889143   0.0002740194  -0.0001455939
       -0.0001056238  -0.0560046986  -0.0148832683   0.0506959175  -0.1035920024
        0.1011074728  -0.0262668713  -0.2728409724  -0.0430703301   0.0125791095
        0.0017173218   0.0039104600   0.0039608419   0.0025731935   0.0119671213
        0.0098074906  -0.0003226547  -0.0013275235  -0.0011033029  -0.0000266896
       -0.0000632755   0.0000749687  -0.0000548834   0.0000068136  -0.0000329640
       -0.0000722013  -0.0001887416   0.0000616425  -0.0005183141  -0.0007867024
       -0.0004692292   0.0000577899  -0.0002863052  -0.0003583698  -0.0013322787
       -0.0010274261  -0.0008536797  -0.0001711853  -0.0000649839  -0.0002194729
       -0.0000039627   0.0000041280  -0.0000241690  -0.0002413841  -0.0001514212
       -0.0000736192   0.0000093695  -0.0000346945  -0.0000748211
       -0.0158814567   0.4909966846  -0.0317358730  -0.0161538867  -0.1371652498
       -0.0637771846  -0.0067807139  -0.0074939460  -0.0055459928  -0.0017713446
       -0.0002864732  -0.0001020267   0.0003308110   0.0001976075   0.0000603503
       -0.0002010557  -0.0006089210  -0.0001705252  -0.0000871412  -0.0001953662
       -0.0000154688  -0.0148216040  -0.0645650014   0.0671635736   0.1011025284
       -0.2108314769   0.0466582650  -0.0432634287  -0.0509036847   0.0042243186
        0.0005043798   0.0047078741   0.0026088829  -0.0029666396  -0.0245828158
       -0.0186795426  -0.0001317857  -0.0001798179  -0.0004721788  -0.0001383531
        0.0003951920   0.0000859568  -0.0000427282  -0.0000580364   0.0001084283
       -0.0001002182   0.0000361783  -0.0001049377  -0.0005094940  -0.0002827226
       -0.0000912681   0.0000999717   0.0000550543  -0.0002123084   0.0006435486
        0.0004687694  -0.0000889476   0.0000518987   0.0002003768   0.0000671674
        0.0000025868   0.0000294041   0.0000102295   0.0000697559   0.0000298199
        0.0000468380   0.0000443695   0.0000365511  -0.0000377560
       -0.0128006070  -0.0317358730   0.4986128629  -0.0153099960  -0.0629130475
       -0.1261307876  -0.0047672363  -0.0022311290  -0.0008155397  -0.0002008685
        0.0000097263   0.0005013599  -0.0003120543  -0.0003855218  -0.0005067081
        0.0002206116   0.0001155762  -0.0000325958   0.0000855468  -0.0000972272
       -0.0000566181   0.0508210162   0.0674988203  -0.2507382063  -0.0260973369
        0.0463220273  -0.0561694088   0.0124364470   0.0042172524  -0.0435528611
       -0.0048622168  -0.0221195686  -0.0252811630   0.0003379177   0.0008518455
        0.0028971285   0.0000691760  -0.0001042096   0.0001200991  -0.0000700676
        0.0001591956  -0.0000310787   0.0000493010   0.0000644276   0.0004021685
        0.0000969634   0.0001446802   0.0001655500   0.0007195839   0.0002715571
        0.0003706461   0.0000988340   0.0001559252  -0.0000191044  -0.0004169309
       -0.0000952960   0.0000767642  -0.0000724188  -0.0001451268   0.0000863669
        0.0000193637  -0.0000023268   0.0000178161   0.0000338210   0.0000352844
        0.0000676787  -0.0000788493  -0.0000169918   0.0000156307
       -0.0705128464  -0.0161538867  -0.0153099960   0.4542298750  -0.0207172470
        0.0021242867  -0.1606094671  -0.0304300431  -0.0013644972  -0.0097002563
       -0.0072323694  -0.0040855633  -0.0134576159  -0.0064841633   0.0051710906
       -0.0248055734   0.0006183492  -0.0035322635  -0.0013772557   0.0025980616
       -0.0005492357   0.0018543437   0.0046868615   0.0035918877   0.0035077008
        0.0110042215   0.0097604081  -0.0097908391  -0.0231802709  -0.0202904758
       -0.0568830498  -0.0158534564   0.0500695630  -0.1140759026   0.1011292386
       -0.0271628777   0.0001551889  -0.0003987412  -0.0005578338   0.0006851778
        0.0010611466   0.0008394472   0.0003191548   0.0005695767   0.0005787931
        0.0008597293   0.0007148449  -0.0010983549   0.0001795163   0.0001433037
       -0.0003501894  -0.0003333072  -0.0004135879   0.0015482708   0.0003165057
       -0.0006151011   0.0001710218   0.0004748439  -0.0010806650   0.0005973304
       -0.0009712583  -0.0001665567  -0.0001802554  -0.0000387071   0.0001594168
        0.0001226368  -0.0000259574   0.0000410674  -0.0000931935
       -0.0194344072  -0.1371652498  -0.0629130475  -0.0207172470   0.5030140568
       -0.0256444341  -0.0255553597  -0.0702559004   0.0005559874  -0.0210089712
       -0.0124859892  -0.0055916310  -0.0109911971  -0.0051170692   0.0032732202
        0.0192505920   0.0036221915   0.0022956343   0.0025675452  -0.0031051277
        0.0007953988   0.0018777365   0.0058366428   0.0023510840  -0.0035215638
       -0.0236654715  -0.0172352008  -0.0041730184  -0.0073647227  -0.0065743558
       -0.0159424875  -0.0670207389   0.0680830118   0.1015511444  -0.1838105423
        0.0418539480  -0.0017156272  -0.0035411104  -0.0032117271  -0.0018759476
        0.0002868055  -0.0002375942  -0.0002344526   0.0003389054   0.0006228894
       -0.0012900664   0.0002097782  -0.0000443065   0.0001461361   0.0001209782
       -0.0003179633  -0.0014098674  -0.0007671444   0.0021143332   0.0002209613
        0.0003035307  -0.0003291445   0.0011242100   0.0006080201  -0.0000602578
        0.0011963266   0.0000662975   0.0002395486  -0.0000443061  -0.0000854399
       -0.0000077853  -0.0000201329  -0.0000227002  -0.0000176078
       -0.0185626077  -0.0637771846  -0.1261307876   0.0021242867  -0.0256444341
        0.5090814305   0.0017496716   0.0012913205  -0.0626687363  -0.0180408171
       -0.0099963986  -0.0040624013   0.0237572428   0.0102383769  -0.0036669163
       -0.0069033789  -0.0002283637  -0.0008527810  -0.0009061821   0.0012141098
       -0.0000144388  -0.0055977651  -0.0206916356  -0.0241471866   0.0020849290
        0.0017285552   0.0037978092  -0.0015349098  -0.0019189142  -0.0009604124
        0.0505841860   0.0679889947  -0.2297358775  -0.0271169368   0.0420996059
       -0.0555615076  -0.0014795368  -0.0035040989  -0.0026767467  -0.0006511727
        0.0004460883   0.0004182453  -0.0011349871  -0.0006600459   0.0004096692
        0.0008305338  -0.0000981028   0.0007952299   0.0001761022  -0.0002743357
        0.0003616126   0.0026937185   0.0021264622  -0.0046647216   0.0002158591
       -0.0002313739   0.0000752251  -0.0016716508  -0.0000597572   0.0003547111
       -0.0005452696   0.0000006645  -0.0000763943   0.0000643233  -0.0000859916
        0.0000118557  -0.0001356385   0.0000364585  -0.0000868804
       -0.0070921168  -0.0067807139  -0.0047672363  -0.1606094671  -0.0255553597
        0.0017496716   0.4666383481  -0.0043101078  -0.0095446235  -0.0633926904
       -0.0057958719  -0.0060016020  -0.0725978907  -0.0118512377   0.0287682540
       -0.0959258781   0.0498331000  -0.0155839670  -0.0205006426   0.0193231187
       -0.0072394570   0.0004800353   0.0002025663   0.0004855140   0.0003914453
        0.0007563237   0.0001097111   0.0008667592  -0.0002556929  -0.0003259406
       -0.0120499784  -0.0043446798   0.0035503247  -0.0237751864  -0.0011863035
       -0.0006984247  -0.0045758150  -0.0212343319  -0.0181883588  -0.0005504029
        0.0152832214   0.0124711841   0.0000019899   0.0037787908   0.0045617776
        0.0038337150   0.0078698502  -0.0173770846  -0.0004665260   0.0000969147
        0.0022541679  -0.0106777279  -0.0121319745   0.0240550601  -0.0002326658
        0.0026161065   0.0009621119   0.0039051081  -0.0058836692   0.0015165746
       -0.0053999872  -0.0009082056  -0.0010820128   0.0009193604   0.0001383318
        0.0000908825   0.0008102140   0.0003398243   0.0002334733
       -0.0188338716  -0.0074939460  -0.0022311290  -0.0304300431  -0.0702559004
        0.0012913205  -0.0043101078   0.4835218306  -0.0042659070  -0.0054909229
       -0.1269382711  -0.0590066617  -0.0114625161  -0.0796778261   0.0393589692
        0.0463376811  -0.1318123724   0.0216893508   0.0023498602   0.0053348475
       -0.0007453979   0.0002409194   0.0007071425   0.0005707506  -0.0000084110
        0.0000065553   0.0004376206  -0.0012348554  -0.0027823630  -0.0026775319
       -0.0113204106  -0.0035636976   0.0026383457   0.0221486110   0.0029859602
        0.0000659769  -0.0042047958  -0.0108741365  -0.0087900064   0.0020443708
       -0.0210815706  -0.0150744238   0.0008232562   0.0065905332   0.0052481953
       -0.0029771379  -0.0106068801   0.0201340449   0.0059440005   0.0065273504
       -0.0191191928  -0.0060012715  -0.0062235904   0.0118910285   0.0126753040
       -0.0222163889   0.0023014721   0.0069071356  -0.0133081761   0.0070527498
       -0.0024018131   0.0006049469  -0.0005111993  -0.0004295242   0.0001573377
       -0.0005743011  -0.0003654577   0.0003986147   0.0003159260
       -0.0166696364  -0.0055459928  -0.0008155397  -0.0013644972   0.0005559874
       -0.0626687363  -0.0095446235  -0.0042659070   0.4870441035  -0.0059309054
       -0.0603163366  -0.1196719835   0.0291356855   0.0404628023  -0.1610722516
       -0.0151843729   0.0223651776  -0.0709494755  -0.0040476077   0.0028590968
       -0.0011382766  -0.0003728791   0.0003054971  -0.0000717565   0.0001710661
        0.0004122378   0.0005134712  -0.0015080251  -0.0031231618  -0.0023695250
        0.0262158076   0.0080951804  -0.0042468384  -0.0076203380  -0.0006257602
       -0.0000164746  -0.0020158975  -0.0020598459  -0.0016359680   0.0009049168
        0.0022546398   0.0033031984  -0.0003972135  -0.0186565488  -0.0241707271
        0.0007573208   0.0070561432  -0.0114516233   0.0058950332   0.0043312152
       -0.0228605046   0.0027640108   0.0010774809  -0.0005770665   0.0108220167
       -0.0177235787   0.0032883499  -0.0121073788   0.0229093954  -0.0105029068
       -0.0005025971  -0.0002753163   0.0002350863  -0.0001657627   0.0000528544
       -0.0001995633   0.0007658773  -0.0001452602   0.0000350080
       -0.0047665061  -0.0017713446  -0.0002008685  -0.0097002563  -0.0210089712
       -0.0180408171  -0.0633926904  -0.0054909229  -0.0059309054   0.5263457817
        0.0019481118  -0.0023325459  -0.0002108781   0.0038461755   0.0061875600
       -0.0003683746   0.0139675510   0.0100340950   0.0001227329  -0.0008401105
       -0.0003153505  -0.0000302526  -0.0000503162  -0.0000430034  -0.0000955761
       -0.0001514947  -0.0001222161  -0.0005382659  -0.0011599877  -0.0009635640
        0.0005871288  -0.0004451985  -0.0012664257   0.0005489500  -0.0018952459
       -0.0009348568  -0.2459197260  -0.0885120016   0.0017577884  -0.1483779032
        0.1129012717  -0.0336461067  -0.0533785349  -0.0173370663   0.0425482839
        0.0002197430  -0.0001223802  -0.0002524173  -0.0000118986  -0.0001821011
        0.0018613554   0.0007232574   0.0009097512   0.0010310377  -0.0015920203
        0.0037063236  -0.0002196310   0.0001658255  -0.0002424410   0.0002261326
        0.0000630875   0.0002591204   0.0002968751  -0.0003745708   0.0014475039
        0.0001592423  -0.0000190525   0.0002237733   0.0001663378
       -0.0019711384  -0.0002864732   0.0000097263  -0.0072323694  -0.0124859892
       -0.0099963986  -0.0057958719  -0.1269382711  -0.0603163366   0.0019481118
        0.4814758658  -0.0392294146   0.0001480576   0.0039622369   0.0026279778
        0.0029297366  -0.0235153519  -0.0146373968  -0.0001902282   0.0000182730
        0.0001772992  -0.0001020312  -0.0001388679   0.0000330440   0.0000598438
        0.0000880752  -0.0000141934  -0.0001896595  -0.0004904074  -0.0004357457
        0.0005211745   0.0000638185  -0.0008228832   0.0010874399   0.0008347229
        0.0003125514  -0.0885712171  -0.0807965674   0.0015077447   0.1126612587
       -0.1634669390   0.0376268683  -0.0174363443  -0.0753940013   0.0804215523
       -0.0003000417   0.0005781533   0.0006024776  -0.0006348232   0.0002472070
        0.0022308263   0.0000892759   0.0005832115   0.0009800139   0.0027105348
       -0.0042651506   0.0005248628  -0.0000440698   0.0005909090  -0.0009344021
       -0.0002267939  -0.0002369371  -0.0002795610   0.0004032445  -0.0003972676
       -0.0004991135   0.0001359105  -0.0000302495   0.0001105008
       -0.0003865698  -0.0001020267   0.0005013599  -0.0040855633  -0.0055916310
       -0.0040624013  -0.0060016020  -0.0590066617  -0.1196719835  -0.0023325459
       -0.0392294146   0.4873597707   0.0008960762  -0.0177812849  -0.0282740931
        0.0017836552   0.0003483233   0.0022603453  -0.0001778217   0.0000569196
       -0.0003987985   0.0000851026   0.0000638093   0.0001454624  -0.0001166754
       -0.0000284526  -0.0001099988  -0.0000142767  -0.0001724040  -0.0001008116
        0.0008652550   0.0006218273   0.0009518758   0.0005372600  -0.0003255737
        0.0000095884   0.0017243335   0.0014650996  -0.0429208348  -0.0339941044
        0.0380178401  -0.0545318175   0.0422210119   0.0799905330  -0.2383408145
        0.0001411078  -0.0008698556   0.0004628410   0.0011868877   0.0010948014
       -0.0059891359  -0.0009175827  -0.0011520037   0.0008510489  -0.0007484838
        0.0014206123   0.0004316214  -0.0003720546   0.0008619242   0.0007855847
       -0.0001375643   0.0001476049   0.0001610084  -0.0000433887   0.0001767688
        0.0003849300  -0.0001124565  -0.0000067552   0.0000952524
        0.0002352430   0.0003308110  -0.0003120543  -0.0134576159  -0.0109911971
        0.0237572428  -0.0725978907  -0.0114625161   0.0291356855  -0.0002108781
        0.0001480576   0.0008960762   0.5181081960  -0.0073657941   0.0157586046
        0.0034567895   0.0070212332  -0.0133182954  -0.0000771050  -0.0006213585
        0.0007431005  -0.0004349941  -0.0005098489   0.0006042958  -0.0001492571
       -0.0001940456   0.0000592547  -0.0000662724  -0.0000780940   0.0003945012
       -0.0056476742  -0.0023756693   0.0015213379   0.0006939022  -0.0010249526
        0.0009637145   0.0007011538   0.0000791135  -0.0011397495   0.0002289641
       -0.0002202175   0.0003052074   0.0003575357  -0.0001797237  -0.0002688572
       -0.1537900581   0.1082721180  -0.0496054388  -0.0444876967   0.0119914957
        0.0102017481  -0.2317843264  -0.0971270097  -0.0161332838   0.0002938322
       -0.0001961874  -0.0004689085  -0.0012449931   0.0031851011  -0.0017765043
        0.0000783569   0.0001162715  -0.0002597526   0.0000534003   0.0001287901
       -0.0002346445  -0.0002586117   0.0010736230  -0.0008232802
        0.0006846249   0.0001976075  -0.0003855218  -0.0064841633  -0.0051170692
        0.0102383769  -0.0118512377  -0.0796778261   0.0404628023   0.0038461755
        0.0039622369  -0.0177812849  -0.0073657941   0.5137108279   0.0284703789
       -0.0025766748  -0.0127985463   0.0206401636  -0.0000621065  -0.0001208148
       -0.0000394551  -0.0010015331  -0.0001986865   0.0004042312  -0.0000774854
        0.0000114041   0.0001925389   0.0000004106   0.0000173207   0.0002033038
       -0.0021238575  -0.0004441088   0.0004631327   0.0007576914   0.0005191189
       -0.0004852906   0.0006696855   0.0006081539  -0.0007821451  -0.0001976615
        0.0007653799  -0.0007230595   0.0001456396  -0.0022286031  -0.0043379428
        0.1082693120  -0.1489096599   0.0469158595   0.0120946621  -0.1740298680
       -0.1193557229  -0.0966927781  -0.0932561251  -0.0086950828  -0.0003365914
        0.0007687220   0.0014409738   0.0023953714  -0.0037317987   0.0025059959
       -0.0001012368  -0.0000707878   0.0001741209   0.0001712744  -0.0000713270
        0.0001411747  -0.0001637271   0.0000944497   0.0003324523
        0.0001326588   0.0000603503  -0.0005067081   0.0051710906   0.0032732202
       -0.0036669163   0.0287682540   0.0393589692  -0.1610722516   0.0061875600
        0.0026279778  -0.0282740931   0.0157586046   0.0284703789   0.4645033550
        0.0000235631   0.0087000245  -0.0124155916   0.0001524576  -0.0003069830
        0.0001128584  -0.0005322417  -0.0000766416   0.0003229294   0.0000060967
       -0.0000763050   0.0001480360  -0.0000766829  -0.0001396047   0.0000446754
        0.0000045472   0.0001675719   0.0006337469  -0.0008116416  -0.0002366500
        0.0004755000   0.0006773462   0.0011966075   0.0005637549  -0.0000855381
        0.0008468319   0.0005507478   0.0003587993  -0.0030565124  -0.0038896057
       -0.0493313482   0.0465474446  -0.0644553526   0.0104545447  -0.1193622786
       -0.1503062308  -0.0162136574  -0.0086906433  -0.0430252696   0.0004305257
       -0.0011693909   0.0009177791  -0.0011091939   0.0014082487  -0.0004005154
        0.0001408464   0.0000218391  -0.0000244841   0.0000315492   0.0001125709
       -0.0000151478  -0.0001381402   0.0003229739  -0.0002212162
        0.0003710527  -0.0002010557   0.0002206116  -0.0248055734   0.0192505920
       -0.0069033789  -0.0959258781   0.0463376811  -0.0151843729  -0.0003683746
        0.0029297366   0.0017836552   0.0034567895  -0.0025766748   0.0000235631
        0.4656414405   0.0151989480  -0.0182107019  -0.1880048932  -0.0305801064
       -0.0196112283  -0.0001873187   0.0000025558  -0.0001178613  -0.0009875523
        0.0003638557  -0.0003943785  -0.0001976243   0.0003203900  -0.0000679426
        0.0003912086   0.0009205688  -0.0009819109  -0.0061486760  -0.0002620909
       -0.0005337047  -0.0000182887  -0.0004423711  -0.0000564443   0.0001679565
       -0.0002265985  -0.0002182893   0.0001445614   0.0002008426  -0.0003039674
        0.0000638574  -0.0008574607   0.0014534503   0.0002823361  -0.0000260908
        0.0002948054  -0.0000060077  -0.0002421893   0.0000501759  -0.0403095800
       -0.0060144308  -0.0044624000  -0.0703837789  -0.0329064182   0.0694118542
       -0.0212208319  -0.0018537069  -0.0040130228  -0.0057953438  -0.0040280243
       -0.0038311806  -0.0161594812  -0.0053079521   0.0016526688
        0.0004705193  -0.0006089210   0.0001155762   0.0006183492   0.0036221915
       -0.0002283637   0.0498331000  -0.1318123724   0.0223651776   0.0139675510
       -0.0235153519   0.0003483233   0.0070212332  -0.0127985463   0.0087000245
        0.0151989480   0.4738240904   0.0165250964  -0.0350495883  -0.0739502283
       -0.0056978232  -0.0001048412   0.0001525327  -0.0001357154  -0.0010318925
        0.0001188094  -0.0000828116  -0.0001983563   0.0000122326  -0.0002283299
       -0.0009590250   0.0004643715  -0.0002426007  -0.0022576127   0.0004614833
       -0.0000031022   0.0000122446   0.0004071798   0.0005416352   0.0001218995
       -0.0036605990  -0.0028178848   0.0000343574   0.0009895764   0.0009697929
       -0.0006548377  -0.0008471943   0.0019051147   0.0000187278   0.0009887114
       -0.0012819083   0.0000659418   0.0000981684  -0.0003110050  -0.0057538190
       -0.1483061814  -0.1131694016  -0.0327346297  -0.0807970868   0.0740990445
        0.0244719863   0.0040190297   0.0041224723  -0.0192756614  -0.0055333884
       -0.0047522785  -0.0138145943  -0.0033285073  -0.0007410327
        0.0006889143  -0.0001705252  -0.0000325958  -0.0035322635   0.0022956343
       -0.0008527810  -0.0155839670   0.0216893508  -0.0709494755   0.0100340950
       -0.0146373968   0.0022603453  -0.0133182954   0.0206401636  -0.0124155916
       -0.0182107019   0.0165250964   0.5310290935  -0.0184882967  -0.0048777274
       -0.0709955272  -0.0000882030   0.0001347604  -0.0000323862  -0.0010091498
       -0.0001245289   0.0001831687   0.0000832235   0.0000519483   0.0000065074
        0.0010927619  -0.0004418762   0.0004458437  -0.0003040299  -0.0001058186
        0.0002814269   0.0000046603   0.0001034470   0.0003637832   0.0004083162
       -0.0041817218  -0.0022458317   0.0005737853  -0.0009444312   0.0006818923
        0.0008458164   0.0032954395  -0.0048986270  -0.0008337965   0.0011310906
        0.0005949637  -0.0001853567  -0.0000126510   0.0005475223  -0.0045113879
       -0.1131122620  -0.1681137807   0.0693217206   0.0743809206  -0.2028232391
       -0.0074862139  -0.0008047942  -0.0008710515  -0.0235692380  -0.0069609308
       -0.0052307554   0.0240676067   0.0061268125   0.0030670959
        0.0002740194  -0.0000871412   0.0000855468  -0.0013772557   0.0025675452
       -0.0009061821  -0.0205006426   0.0023498602  -0.0040476077   0.0001227329
       -0.0001902282  -0.0001778217  -0.0000771050  -0.0000621065   0.0001524576
       -0.1880048932  -0.0350495883  -0.0184882967   0.4579989187  -0.0066674145
       -0.0114736136  -0.0000911032   0.0000067519   0.0000546469  -0.0000580471
        0.0001370656   0.0000309401   0.0000848926   0.0000628296  -0.0000166633
        0.0002133192   0.0000756486  -0.0002274030  -0.0009579013  -0.0001707910
       -0.0000968331  -0.0005298131   0.0003085397   0.0000310849  -0.0000966553
       -0.0003333382  -0.0001711512   0.0000163967   0.0000726933  -0.0000407283
       -0.0000639171  -0.0001833226   0.0001620445   0.0000035053   0.0000417168
       -0.0000216294  -0.0001165717  -0.0001464489  -0.0001431339  -0.0076566896
       -0.0033650804  -0.0036866008  -0.0178898914  -0.0059296322   0.0003911286
       -0.0988773424   0.1002592857  -0.0221832989  -0.0438062747  -0.0137841245
       -0.0167486712  -0.0786096812  -0.0399127199   0.0775217854
       -0.0001455939  -0.0001953662  -0.0000972272   0.0025980616  -0.0031051277
        0.0012141098   0.0193231187   0.0053348475   0.0028590968  -0.0008401105
        0.0000182730   0.0000569196  -0.0006213585  -0.0001208148  -0.0003069830
       -0.0305801064  -0.0739502283  -0.0048777274  -0.0066674145   0.5190424022
        0.0000559332  -0.0000177413  -0.0000207918   0.0000422212   0.0000140652
        0.0002724755  -0.0000241651   0.0000073483   0.0002074742   0.0000458212
        0.0000785341  -0.0000338941  -0.0001282692   0.0014620863   0.0000463548
        0.0000396087   0.0014094055  -0.0004382527   0.0003195653   0.0004997758
        0.0002263416   0.0000791194   0.0002586827  -0.0000615520  -0.0000218338
        0.0003167459   0.0001237660   0.0001084027   0.0001263536  -0.0000113727
        0.0002037620   0.0009281593  -0.0001476392   0.0002027606  -0.0209880453
       -0.0067765828  -0.0055224793  -0.0138413756  -0.0033747637  -0.0003493140
        0.0999722787  -0.2145562474   0.0392465258  -0.0134843131  -0.1350223842
       -0.1157061126  -0.0398085567  -0.0874569172   0.0825602655
       -0.0001056238  -0.0000154688  -0.0000566181  -0.0005492357   0.0007953988
       -0.0000144388  -0.0072394570  -0.0007453979  -0.0011382766  -0.0003153505
        0.0001772992  -0.0003987985   0.0007431005  -0.0000394551   0.0001128584
       -0.0196112283  -0.0056978232  -0.0709955272  -0.0114736136   0.0000559332
        0.5250087707  -0.0000162804  -0.0000184314   0.0001226383   0.0001342852
        0.0000919181  -0.0000872777  -0.0000306378   0.0000946583   0.0000181232
       -0.0001794821   0.0000146528   0.0001072319  -0.0003202560  -0.0000924889
        0.0001857916   0.0001571492  -0.0003824281   0.0004967084  -0.0000841390
       -0.0000911691   0.0000000793   0.0002009982   0.0000452881   0.0001706235
       -0.0001598971  -0.0000811806   0.0000289484  -0.0001731156   0.0000257162
        0.0000811812  -0.0008948963   0.0005586178  -0.0002719628  -0.0231360341
       -0.0086070095  -0.0049347754   0.0242467072   0.0077363954   0.0024769020
       -0.0222465554   0.0393719408  -0.0536799981  -0.0162378991  -0.1155978457
       -0.1924655380   0.0772914616   0.0824008796  -0.2047666458
       -0.0560046986  -0.0148216040   0.0508210162   0.0018543437   0.0018777365
       -0.0055977651   0.0004800353   0.0002409194  -0.0003728791  -0.0000302526
       -0.0001020312   0.0000851026  -0.0004349941  -0.0010015331  -0.0005322417
       -0.0001873187  -0.0001048412  -0.0000882030  -0.0000911032  -0.0000177413
       -0.0000162804   0.0637741487   0.0198423106  -0.0600389632   0.0036493912
        0.0067290763  -0.0157874453  -0.0118434685  -0.0116096091   0.0317288747
        0.0005444584  -0.0008836507  -0.0012385614  -0.0000446280   0.0002018488
        0.0004758057  -0.0000117618  -0.0000014808  -0.0000033998  -0.0000124908
        0.0000581523   0.0000183534  -0.0000038399   0.0000377669   0.0000847315
        0.0000963322  -0.0000737090   0.0000007098  -0.0017575313  -0.0008169453
        0.0003052881  -0.0000151794   0.0002195932   0.0000861959  -0.0000129900
        0.0001972950  -0.0001587927   0.0000243423   0.0000245434   0.0001755599
        0.0000276141  -0.0000164242   0.0000134184   0.0000337124   0.0000293607
        0.0000456459  -0.0000341215  -0.0000090331  -0.0000061702
       -0.0148832683  -0.0645650014   0.0674988203   0.0046868615   0.0058366428
       -0.0206916356   0.0002025663   0.0007071425   0.0003054971  -0.0000503162
       -0.0001388679   0.0000638093  -0.0005098489  -0.0001986865  -0.0000766416
        0.0000025558   0.0001525327   0.0001347604   0.0000067519  -0.0000207918
       -0.0000184314   0.0198423106   0.0740461055  -0.0760492428  -0.0053515036
       -0.0113626396   0.0271110102  -0.0025711975  -0.0017086784   0.0065317994
       -0.0008820122  -0.0026659471  -0.0044237275   0.0001441486   0.0006689405
       -0.0003749990   0.0000006001   0.0000211684   0.0000397040   0.0000309564
        0.0000247831  -0.0000463302   0.0000425807   0.0000023313   0.0000760946
        0.0000648694  -0.0006289017  -0.0001147268  -0.0010479293   0.0001010417
        0.0000012107   0.0001410477  -0.0000331076  -0.0000247060   0.0000974196
       -0.0000912786   0.0002077239   0.0000152898  -0.0001420532  -0.0001291338
        0.0000163113  -0.0000207571   0.0000116100  -0.0000140260  -0.0000123907
       -0.0000185623   0.0000158322   0.0000284132  -0.0000139027
        0.0506959175   0.0671635736  -0.2507382063   0.0035918877   0.0023510840
       -0.0241471866   0.0004855140   0.0005707506  -0.0000717565  -0.0000430034
        0.0000330440   0.0001454624   0.0006042958   0.0004042312   0.0003229294
       -0.0001178613  -0.0001357154  -0.0000323862   0.0000546469   0.0000422212
        0.0001226383  -0.0600389632  -0.0760492428   0.2918244231   0.0016000553
        0.0063799202  -0.0104461906   0.0038085853   0.0027275283  -0.0048348373
       -0.0006645457  -0.0042207038  -0.0037720936   0.0002011466   0.0004300502
        0.0005820675  -0.0000497275   0.0000011862   0.0000730115   0.0000721024
        0.0000273250  -0.0000338332   0.0000756359   0.0000209316   0.0000715412
       -0.0000320296  -0.0002776541   0.0000755255  -0.0003194152   0.0001660691
        0.0006938454   0.0001592622   0.0000892964   0.0001409352  -0.0002922254
        0.0002611289  -0.0001668114   0.0001641682   0.0000040520   0.0001524356
        0.0000289613   0.0000171214  -0.0000012746   0.0000520789   0.0000209180
        0.0000014446  -0.0000364869  -0.0000271158   0.0000383168
       -0.1035920024   0.1011025284  -0.0260973369   0.0035077008  -0.0035215638
        0.0020849290   0.0003914453  -0.0000084110   0.0001710661  -0.0000955761
        0.0000598438  -0.0001166754  -0.0001492571  -0.0000774854   0.0000060967
       -0.0009875523  -0.0010318925  -0.0010091498  -0.0000580471   0.0000140652
        0.0001342852   0.0036493912  -0.0053515036   0.0016000553   0.1212711164
       -0.1181811716   0.0321363067  -0.0225903425   0.0281895073  -0.0083807837
        0.0000165438   0.0002012202   0.0002783822   0.0007084782  -0.0010612017
       -0.0005043087  -0.0000035181   0.0000024423  -0.0000001755  -0.0000227401
        0.0000664252   0.0000273500  -0.0000008727   0.0000023551   0.0000490171
       -0.0000447136   0.0000689564  -0.0000012293   0.0000770689  -0.0000206923
        0.0000697263  -0.0000064064  -0.0000136991  -0.0000108872  -0.0022431295
       -0.0005201489  -0.0003236327   0.0000965717  -0.0000143670  -0.0001536066
       -0.0000272318   0.0000210957  -0.0000175160   0.0000832356   0.0000653768
        0.0000461734   0.0000198376   0.0000083206   0.0000119137
        0.1011074728  -0.2108314769   0.0463220273   0.0110042215  -0.0236654715
        0.0017285552   0.0007563237   0.0000065553   0.0004122378  -0.0001514947
        0.0000880752  -0.0000284526  -0.0001940456   0.0000114041  -0.0000763050
        0.0003638557   0.0001188094  -0.0001245289   0.0001370656   0.0002724755
        0.0000919181   0.0067290763  -0.0113626396   0.0063799202  -0.1181811716
        0.2450137806  -0.0510061640   0.0000990271   0.0030608188  -0.0002920887
        0.0001245798   0.0008172655   0.0004778749  -0.0006219690  -0.0043687924
       -0.0041598469  -0.0000557378   0.0000352761   0.0000287923   0.0000238805
        0.0001183083   0.0000253182   0.0000670182   0.0000089155  -0.0000031188
        0.0000744671   0.0001701119  -0.0000413535  -0.0000723203  -0.0001745379
        0.0002765788   0.0000165168   0.0000431543   0.0000213458  -0.0012155177
        0.0005677482   0.0002068817  -0.0001289501   0.0000397053  -0.0003107822
        0.0000245027   0.0000476608   0.0000043128   0.0000809674   0.0000193938
        0.0000451975   0.0000122314  -0.0000365404   0.0000216801
       -0.0262668713   0.0466582650  -0.0561694088   0.0097604081  -0.0172352008
        0.0037978092   0.0001097111   0.0004376206   0.0005134712  -0.0001222161
       -0.0000141934  -0.0001099988   0.0000592547   0.0001925389   0.0001480360
       -0.0003943785  -0.0000828116   0.0001831687   0.0000309401  -0.0000241651
       -0.0000872777  -0.0157874453   0.0271110102  -0.0104461906   0.0321363067
       -0.0510061640   0.0630718383   0.0008700499  -0.0010581160   0.0010164657
        0.0004447165  -0.0004357557   0.0006428281  -0.0004851533  -0.0043259318
       -0.0021490778  -0.0000041219   0.0000526967   0.0000073141   0.0000212323
        0.0000584564  -0.0000171825   0.0000334257  -0.0000359829  -0.0000037499
        0.0000197579  -0.0001624204  -0.0001346135  -0.0000274880   0.0002113781
       -0.0001198516   0.0000655259  -0.0000218979  -0.0000299950  -0.0004629559
       -0.0002350764   0.0005043291  -0.0000750020  -0.0001294742  -0.0005668329
       -0.0000091336   0.0000079216   0.0000064386  -0.0000130769  -0.0000178458
       -0.0000275441   0.0000965140   0.0000551487  -0.0000299756
       -0.2728409724  -0.0432634287   0.0124364470  -0.0097908391  -0.0041730184
       -0.0015349098   0.0008667592  -0.0012348554  -0.0015080251  -0.0005382659
       -0.0001896595  -0.0000142767  -0.0000662724   0.0000004106  -0.0000766829
       -0.0001976243  -0.0001983563   0.0000832235   0.0000848926   0.0000073483
       -0.0000306378  -0.0118434685  -0.0025711975   0.0038085853  -0.0225903425
        0.0000990271   0.0008700499   0.3158951866   0.0515002288  -0.0137959529
        0.0001551473   0.0004015296  -0.0001694894   0.0005744319   0.0000180580
        0.0004349926  -0.0000328994  -0.0001468475  -0.0001343475   0.0000246700
       -0.0000501714   0.0000351187  -0.0000097699   0.0000368632  -0.0000479522
       -0.0000084352  -0.0000171039  -0.0000141268   0.0000874302  -0.0000120726
       -0.0001846521   0.0000500382   0.0000212610  -0.0000255551   0.0001577137
       -0.0001823630  -0.0001325379  -0.0000212732  -0.0000215784   0.0000153388
       -0.0000010037   0.0000230198   0.0000100011  -0.0000020187  -0.0000523297
       -0.0000281608   0.0000469157   0.0000052358   0.0000035501
       -0.0430703301  -0.0509036847   0.0042172524  -0.0231802709  -0.0073647227
       -0.0019189142  -0.0002556929  -0.0027823630  -0.0031231618  -0.0011599877
       -0.0004904074  -0.0001724040  -0.0000780940   0.0000173207  -0.0001396047
        0.0003203900   0.0000122326   0.0000519483   0.0000628296   0.0002074742
        0.0000946583  -0.0116096091  -0.0017086784   0.0027275283   0.0281895073
        0.0030608188  -0.0010581160   0.0515002288   0.0596738439  -0.0012431636
        0.0000888773   0.0005049720   0.0003744702  -0.0006964663   0.0000879435
        0.0002981677  -0.0000811783  -0.0002984057  -0.0002473597  -0.0000060747
        0.0000327641   0.0000516566   0.0000025624   0.0000301252   0.0000261050
       -0.0000061515   0.0000178975  -0.0000015633   0.0000826350  -0.0000312623
        0.0000090071   0.0000473081   0.0000093134  -0.0000135773  -0.0001962102
       -0.0000394129   0.0001472225   0.0000053400  -0.0000321456  -0.0000977553
       -0.0000274341   0.0000199707  -0.0000119312   0.0000524154  -0.0000024274
        0.0000185970   0.0000154061  -0.0000211665   0.0000109378
        0.0125791095   0.0042243186  -0.0435528611  -0.0202904758  -0.0065743558
       -0.0009604124  -0.0003259406  -0.0026775319  -0.0023695250  -0.0009635640
       -0.0004357457  -0.0001008116   0.0003945012   0.0002033038   0.0000446754
       -0.0000679426  -0.0002283299   0.0000065074  -0.0000166633   0.0000458212
        0.0000181232   0.0317288747   0.0065317994  -0.0048348373  -0.0083807837
       -0.0002920887   0.0010164657  -0.0137959529  -0.0012431636   0.0500290402
       -0.0006411634   0.0000551778   0.0002455028  -0.0000158098   0.0004442759
        0.0004682558  -0.0000925882  -0.0002466609  -0.0002053869   0.0000006223
        0.0000474632   0.0000364362  -0.0000119286   0.0000266645   0.0000309326
        0.0000415199  -0.0000969034  -0.0000305962  -0.0002195570   0.0000788856
        0.0000486572  -0.0000301310   0.0000530080   0.0001263984   0.0000432608
        0.0000878147  -0.0000443615   0.0000245448   0.0000106375   0.0000286948
        0.0000020931   0.0000008518   0.0000017533   0.0000220984  -0.0000084250
        0.0000157694   0.0000158763  -0.0000068168  -0.0000184204
        0.0017173218   0.0005043798  -0.0048622168  -0.0568830498  -0.0159424875
        0.0505841860  -0.0120499784  -0.0113204106   0.0262158076   0.0005871288
        0.0005211745   0.0008652550  -0.0056476742  -0.0021238575   0.0000045472
        0.0003912086  -0.0009590250   0.0010927619   0.0002133192   0.0000785341
       -0.0001794821   0.0005444584  -0.0008820122  -0.0006645457   0.0000165438
        0.0001245798   0.0004447165   0.0001551473   0.0000888773  -0.0006411634
        0.0685243852   0.0226035386  -0.0566667874   0.0040484647   0.0075397220
       -0.0161619904   0.0001359773   0.0001861116   0.0000128088  -0.0000314968
       -0.0000530338  -0.0001145082  -0.0002590571  -0.0003590275  -0.0006091904
       -0.0000717647   0.0000674488  -0.0002423202   0.0000251306   0.0000016038
       -0.0000846918  -0.0007897393  -0.0007224936   0.0016078460  -0.0000141914
        0.0000300187  -0.0000464752  -0.0008016207   0.0006367991  -0.0005714519
        0.0000488594   0.0000295847   0.0000051792  -0.0000012389  -0.0000394526
        0.0000168645   0.0001418660  -0.0000105724  -0.0000051491
        0.0039104600   0.0047078741  -0.0221195686  -0.0158534564  -0.0670207389
        0.0679889947  -0.0043446798  -0.0035636976   0.0080951804  -0.0004451985
        0.0000638185   0.0006218273  -0.0023756693  -0.0004441088   0.0001675719
        0.0009205688   0.0004643715  -0.0004418762   0.0000756486  -0.0000338941
        0.0000146528  -0.0008836507  -0.0026659471  -0.0042207038   0.0002012202
        0.0008172655  -0.0004357557   0.0004015296   0.0005049720   0.0000551778
        0.0226035386   0.0796968298  -0.0757467024  -0.0038521270  -0.0119688115
        0.0264611822   0.0002427602   0.0000234612  -0.0000962354   0.0001071151
       -0.0003201011   0.0002515161  -0.0005657857  -0.0000964336  -0.0007012781
       -0.0000388794   0.0001672759  -0.0002177314  -0.0000401164  -0.0001320592
       -0.0001374055  -0.0004188867  -0.0001318117   0.0005579249   0.0000237691
       -0.0001568585  -0.0001242156   0.0003639769   0.0001785987   0.0000710042
        0.0000394038  -0.0000023175  -0.0000117950  -0.0000768269  -0.0000468416
       -0.0000264313   0.0000052861  -0.0000408462  -0.0000053331
        0.0039608419   0.0026088829  -0.0252811630   0.0500695630   0.0680830118
       -0.2297358775   0.0035503247   0.0026383457  -0.0042468384  -0.0012664257
       -0.0008228832   0.0009518758   0.0015213379   0.0004631327   0.0006337469
       -0.0009819109  -0.0002426007   0.0004458437  -0.0002274030  -0.0001282692
        0.0001072319  -0.0012385614  -0.0044237275  -0.0037720936   0.0002783822
        0.0004778749   0.0006428281  -0.0001694894   0.0003744702   0.0002455028
       -0.0566667874  -0.0757467024   0.2710818703   0.0009951890   0.0068535066
       -0.0108861556  -0.0001675417  -0.0000390400  -0.0000365706   0.0000839090
        0.0002192882  -0.0001851277  -0.0001405080  -0.0001429079   0.0002142243
       -0.0000126392  -0.0001901656   0.0000788133  -0.0001334340   0.0000285763
       -0.0000268538   0.0002440812   0.0001560630  -0.0004083095   0.0001183814
       -0.0000276357  -0.0002409444   0.0002079488  -0.0001359794   0.0004325921
        0.0000414342  -0.0000437213  -0.0000021178  -0.0000268762   0.0000252011
        0.0000125398  -0.0000398165   0.0000152795  -0.0000250171
        0.0025731935  -0.0029666396   0.0003379177  -0.1140759026   0.1015511444
       -0.0271169368  -0.0237751864   0.0221486110  -0.0076203380   0.0005489500
        0.0010874399   0.0005372600   0.0006939022   0.0007576914  -0.0008116416
       -0.0061486760  -0.0022576127  -0.0003040299  -0.0009579013   0.0014620863
       -0.0003202560  -0.0000446280   0.0001441486   0.0002011466   0.0007084782
       -0.0006219690  -0.0004851533   0.0005744319  -0.0006964663  -0.0000158098
        0.0040484647  -0.0038521270   0.0009951890   0.1360687023  -0.1147003060
        0.0343262408   0.0002698184   0.0000911090   0.0000977389  -0.0001427566
       -0.0010911999  -0.0004578618  -0.0000645219  -0.0000374423  -0.0000808038
       -0.0001898522  -0.0006362334   0.0007891825  -0.0000350938  -0.0000563411
       -0.0000151786   0.0002532029   0.0000368361  -0.0000728473   0.0001345889
       -0.0001108110  -0.0000131076   0.0000185004  -0.0002528644   0.0001197567
       -0.0005507625  -0.0000434103  -0.0001044589   0.0000571833   0.0000215672
       -0.0000012768   0.0000358647   0.0000227891   0.0000152678
        0.0119671213  -0.0245828158   0.0008518455   0.1011292386  -0.1838105423
        0.0420996059  -0.0011863035   0.0029859602  -0.0006257602  -0.0018952459
        0.0008347229  -0.0003255737  -0.0010249526   0.0005191189  -0.0002366500
       -0.0002620909   0.0004614833  -0.0001058186  -0.0001707910   0.0000463548
       -0.0000924889   0.0002018488   0.0006689405   0.0004300502  -0.0010612017
       -0.0043687924  -0.0043259318   0.0000180580   0.0000879435   0.0004442759
        0.0075397220  -0.0119688115   0.0068535066  -0.1147003060   0.2195283628
       -0.0445922025  -0.0001106553  -0.0000307402   0.0000085329  -0.0004229153
       -0.0001619855  -0.0003061365   0.0001525875  -0.0001782646   0.0000897864
       -0.0000527233   0.0002312952   0.0000448471   0.0001362970  -0.0001914097
       -0.0000345448  -0.0000889624  -0.0000419685  -0.0000690818  -0.0001164403
       -0.0000745540   0.0000646647  -0.0000790858  -0.0000057137  -0.0001643967
       -0.0000099995   0.0000103995  -0.0000045647  -0.0000135957   0.0000273352
        0.0000464404   0.0000503959   0.0000136815  -0.0000504054
        0.0098074906  -0.0186795426   0.0028971285  -0.0271628777   0.0418539480
       -0.0555615076  -0.0006984247   0.0000659769  -0.0000164746  -0.0009348568
        0.0003125514   0.0000095884   0.0009637145  -0.0004852906   0.0004755000
       -0.0005337047  -0.0000031022   0.0002814269  -0.0000968331   0.0000396087
        0.0001857916   0.0004758057  -0.0003749990   0.0005820675  -0.0005043087
       -0.0041598469  -0.0021490778   0.0004349926   0.0002981677   0.0004682558
       -0.0161619904   0.0264611822  -0.0108861556   0.0343262408  -0.0445922025
        0.0644135204   0.0001941292  -0.0000614572  -0.0000813691  -0.0004290552
       -0.0008243479   0.0000111888  -0.0000248398   0.0001920955  -0.0002224711
        0.0004394914   0.0003264236  -0.0001399896   0.0000418796  -0.0000759569
       -0.0001503946  -0.0000816960   0.0000278145  -0.0001186395  -0.0000424729
       -0.0001462511  -0.0001331244   0.0000746205  -0.0001339589   0.0001533416
       -0.0000191698  -0.0000238886  -0.0000025171  -0.0000198385   0.0000063649
       -0.0000224730  -0.0000482968  -0.0000232890   0.0000063845
       -0.0003226547  -0.0001317857   0.0000691760   0.0001551889  -0.0017156272
       -0.0014795368  -0.0045758150  -0.0042047958  -0.0020158975  -0.2459197260
       -0.0885712171   0.0017243335   0.0007011538   0.0006696855   0.0006773462
       -0.0000182887   0.0000122446   0.0000046603  -0.0005298131   0.0014094055
        0.0001571492  -0.0000117618   0.0000006001  -0.0000497275  -0.0000035181
       -0.0000557378  -0.0000041219  -0.0000328994  -0.0000811783  -0.0000925882
        0.0001359773   0.0002427602  -0.0001675417   0.0002698184  -0.0001106553
        0.0001941292   0.2869907119   0.1017302858  -0.0014455022  -0.0270245462
       -0.0064938767  -0.0001971213  -0.0092448090  -0.0044436429   0.0026196506
       -0.0003136711  -0.0000240020  -0.0000804926   0.0000208199   0.0001842923
        0.0001729471   0.0005165043   0.0000513431  -0.0001405069  -0.0001772582
       -0.0000002501   0.0000661129  -0.0001787367  -0.0000235632  -0.0000403267
       -0.0000087423   0.0001613698   0.0000406941  -0.0004440821   0.0012944171
       -0.0001925002   0.0000161478   0.0000999282   0.0001796644
       -0.0013275235  -0.0001798179  -0.0001042096  -0.0003987412  -0.0035411104
       -0.0035040989  -0.0212343319  -0.0108741365  -0.0020598459  -0.0885120016
       -0.0807965674   0.0014650996   0.0000791135   0.0006081539   0.0011966075
       -0.0004423711   0.0004071798   0.0001034470   0.0003085397  -0.0004382527
       -0.0003824281  -0.0000014808   0.0000211684   0.0000011862   0.0000024423
        0.0000352761   0.0000526967  -0.0001468475  -0.0002984057  -0.0002466609
        0.0001861116   0.0000234612  -0.0000390400   0.0000911090  -0.0000307402
       -0.0000614572   0.1017302858   0.0935499386  -0.0000295866   0.0216909147
        0.0078808629   0.0001563698  -0.0140001574  -0.0057508799   0.0028271515
        0.0001219160  -0.0000579796  -0.0000295015  -0.0000193439   0.0000055107
        0.0002363856   0.0001902095   0.0003603984  -0.0003586845  -0.0000116670
        0.0001554757   0.0000877635  -0.0001345844  -0.0000824595   0.0000021311
       -0.0000079055   0.0002591102   0.0001070568   0.0015855391  -0.0012166075
        0.0009039652   0.0002507745  -0.0000395786  -0.0003243472
       -0.0011033029  -0.0004721788   0.0001200991  -0.0005578338  -0.0032117271
       -0.0026767467  -0.0181883588  -0.0087900064  -0.0016359680   0.0017577884
        0.0015077447  -0.0429208348  -0.0011397495  -0.0007821451   0.0005637549
       -0.0000564443   0.0005416352   0.0003637832   0.0000310849   0.0003195653
        0.0004967084  -0.0000033998   0.0000397040   0.0000730115  -0.0000001755
        0.0000287923   0.0000073141  -0.0001343475  -0.0002473597  -0.0002053869
        0.0000128088  -0.0000962354  -0.0000365706   0.0000977389   0.0000085329
       -0.0000813691  -0.0014455022  -0.0000295866   0.0494856322  -0.0081470643
       -0.0019477974   0.0007379907   0.0286695012   0.0128842229  -0.0029672150
       -0.0000512440   0.0000673081  -0.0000950616   0.0000481290   0.0001562126
        0.0001358068   0.0004670608  -0.0001750103  -0.0009997837  -0.0000923927
        0.0000209350  -0.0000546581   0.0000986672   0.0000095437  -0.0001145995
       -0.0000087839  -0.0000099698  -0.0001969647  -0.0004862675   0.0004065637
        0.0003062561   0.0002320873  -0.0002287435  -0.0003051984
       -0.0000266896  -0.0001383531  -0.0000700676   0.0006851778  -0.0018759476
       -0.0006511727  -0.0005504029   0.0020443708   0.0009049168  -0.1483779032
        0.1126612587  -0.0339941044   0.0002289641  -0.0001976615  -0.0000855381
        0.0001679565   0.0001218995   0.0004083162  -0.0000966553   0.0004997758
       -0.0000841390  -0.0000124908   0.0000309564   0.0000721024  -0.0000227401
        0.0000238805   0.0000212323   0.0000246700  -0.0000060747   0.0000006223
       -0.0000314968   0.0001071151   0.0000839090  -0.0001427566  -0.0004229153
       -0.0004290552  -0.0270245462   0.0216909147  -0.0081470643   0.1718492295
       -0.1315382030   0.0410363155   0.0033907942  -0.0028836438   0.0004298495
        0.0003307853  -0.0000173136   0.0003529855  -0.0000439277  -0.0001917325
       -0.0000733292  -0.0003925354   0.0001132587  -0.0000269492  -0.0000634217
        0.0000488009  -0.0000718619  -0.0000856938  -0.0000691251   0.0000357596
        0.0000615947   0.0000539448   0.0000881303   0.0000942726  -0.0000341666
        0.0002954091   0.0000378153  -0.0000210391  -0.0000962667
       -0.0000632755   0.0003951920   0.0001591956   0.0010611466   0.0002868055
        0.0004460883   0.0152832214  -0.0210815706   0.0022546398   0.1129012717
       -0.1634669390   0.0380178401  -0.0002202175   0.0007653799   0.0008468319
       -0.0002265985  -0.0036605990  -0.0041817218  -0.0003333382   0.0002263416
       -0.0000911691   0.0000581523   0.0000247831   0.0000273250   0.0000664252
        0.0001183083   0.0000584564  -0.0000501714   0.0000327641   0.0000474632
       -0.0000530338  -0.0003201011   0.0002192882  -0.0010911999  -0.0001619855
       -0.0008243479  -0.0064938767   0.0078808629  -0.0019477974  -0.1315382030
        0.1915861421  -0.0416614888   0.0101197410  -0.0114741726   0.0068849146
       -0.0001051477   0.0001994576  -0.0003818304  -0.0000567162   0.0000822240
        0.0001737873   0.0000475897  -0.0000571907  -0.0000916931   0.0009124885
       -0.0015252488   0.0000547801  -0.0000458497   0.0001693994  -0.0000729069
       -0.0000276459   0.0000963567   0.0000657815  -0.0001284845  -0.0000689342
        0.0000706248  -0.0000162778  -0.0000472755  -0.0000740614
        0.0000749687   0.0000859568  -0.0000310787   0.0008394472  -0.0002375942
        0.0004182453   0.0124711841  -0.0150744238   0.0033031984  -0.0336461067
        0.0376268683  -0.0545318175   0.0003052074  -0.0007230595   0.0005507478
       -0.0002182893  -0.0028178848  -0.0022458317  -0.0001711512   0.0000791194
        0.0000000793   0.0000183534  -0.0000463302  -0.0000338332   0.0000273500
        0.0000253182  -0.0000171825   0.0000351187   0.0000516566   0.0000364362
       -0.0001145082   0.0002515161  -0.0001851277  -0.0004578618  -0.0003061365
        0.0000111888  -0.0001971213   0.0001563698   0.0007379907   0.0410363155
       -0.0416614888   0.0624497978  -0.0203402282   0.0234969612  -0.0101313288
       -0.0001139061  -0.0000662181  -0.0005453167  -0.0000903147   0.0001352686
        0.0000461349   0.0000337141   0.0000611281  -0.0000588953   0.0004769531
       -0.0010594422   0.0002196537  -0.0000735625  -0.0001326880  -0.0000562092
       -0.0000040934   0.0000363004   0.0000177649   0.0000975084   0.0001058180
        0.0000216297   0.0000110226   0.0000129847   0.0000237540
       -0.0000548834  -0.0000427282   0.0000493010   0.0003191548  -0.0002344526
       -0.0011349871   0.0000019899   0.0008232562  -0.0003972135  -0.0533785349
       -0.0174363443   0.0422210119   0.0003575357   0.0001456396   0.0003587993
        0.0001445614   0.0000343574   0.0005737853   0.0000163967   0.0002586827
        0.0002009982  -0.0000038399   0.0000425807   0.0000756359  -0.0000008727
        0.0000670182   0.0000334257  -0.0000097699   0.0000025624  -0.0000119286
       -0.0002590571  -0.0005657857  -0.0001405080  -0.0000645219   0.0001525875
       -0.0000248398  -0.0092448090  -0.0140001574   0.0286695012   0.0033907942
        0.0101197410  -0.0203402282   0.0589931303   0.0205567601  -0.0499060453
       -0.0000632596   0.0000158699   0.0000559428   0.0002227879  -0.0000158341
        0.0000968094   0.0000815061   0.0000151403  -0.0000612056  -0.0000622624
       -0.0000114326  -0.0001271189   0.0002125298   0.0002821779  -0.0000033767
       -0.0000251748  -0.0000610533  -0.0001172851  -0.0006289599  -0.0000204287
        0.0001289547   0.0000555588  -0.0001281568  -0.0001994287
        0.0000068136  -0.0000580364   0.0000644276   0.0005695767   0.0003389054
       -0.0006600459   0.0037787908   0.0065905332  -0.0186565488  -0.0173370663
       -0.0753940013   0.0799905330  -0.0001797237  -0.0022286031  -0.0030565124
        0.0002008426   0.0009895764  -0.0009444312   0.0000726933  -0.0000615520
        0.0000452881   0.0000377669   0.0000023313   0.0000209316   0.0000023551
        0.0000089155  -0.0000359829   0.0000368632   0.0000301252   0.0000266645
       -0.0003590275  -0.0000964336  -0.0001429079  -0.0000374423  -0.0001782646
        0.0001920955  -0.0044436429  -0.0057508799   0.0128842229  -0.0028836438
       -0.0114741726   0.0234969612   0.0205567601   0.0875751865  -0.0919640918
       -0.0000991377  -0.0000559085  -0.0001390619   0.0002480756   0.0003390188
       -0.0012000537   0.0001047741  -0.0001464675   0.0000145763  -0.0001054271
        0.0000751607   0.0000899006  -0.0000260851  -0.0005091911  -0.0000229519
       -0.0000199143  -0.0000176673  -0.0000471838  -0.0000379565   0.0001075909
        0.0000446314  -0.0000862448  -0.0000861660  -0.0000004604
       -0.0000329640   0.0001084283   0.0004021685   0.0005787931   0.0006228894
        0.0004096692   0.0045617776   0.0052481953  -0.0241707271   0.0425482839
        0.0804215523  -0.2383408145  -0.0002688572  -0.0043379428  -0.0038896057
       -0.0003039674   0.0009697929   0.0006818923  -0.0000407283  -0.0000218338
        0.0001706235   0.0000847315   0.0000760946   0.0000715412   0.0000490171
       -0.0000031188  -0.0000037499  -0.0000479522   0.0000261050   0.0000309326
       -0.0006091904  -0.0007012781   0.0002142243  -0.0000808038   0.0000897864
       -0.0002224711   0.0026196506   0.0028271515  -0.0029672150   0.0004298495
        0.0068849146  -0.0101313288  -0.0499060453  -0.0919640918   0.2785848033
        0.0000950187  -0.0000767519   0.0001893009   0.0004233278   0.0002664868
       -0.0017419571  -0.0002802550  -0.0001713725   0.0001898938  -0.0001981360
        0.0002347832   0.0001331177   0.0000663406  -0.0006046555   0.0002884271
        0.0000063268   0.0000531484   0.0000447861   0.0003952308   0.0000009308
        0.0000533621  -0.0000894484   0.0000507858   0.0000031267
       -0.0000722013  -0.0001002182   0.0000969634   0.0008597293  -0.0012900664
        0.0008305338   0.0038337150  -0.0029771379   0.0007573208   0.0002197430
       -0.0003000417   0.0001411078  -0.1537900581   0.1082693120  -0.0493313482
        0.0000638574  -0.0006548377   0.0008458164  -0.0000639171   0.0003167459
       -0.0001598971   0.0000963322   0.0000648694  -0.0000320296  -0.0000447136
        0.0000744671   0.0000197579  -0.0000084352  -0.0000061515   0.0000415199
       -0.0000717647  -0.0000388794  -0.0000126392  -0.0001898522  -0.0000527233
        0.0004394914  -0.0003136711   0.0001219160  -0.0000512440   0.0003307853
       -0.0001051477  -0.0001139061  -0.0000632596  -0.0000991377   0.0000950187
        0.1783213461  -0.1261732976   0.0561924810  -0.0027713589   0.0038768247
       -0.0002195107  -0.0267311758   0.0195427050  -0.0095889227  -0.0001017019
       -0.0001358704  -0.0000112880   0.0001456169  -0.0002664372   0.0001237824
        0.0000763905   0.0000106455  -0.0000401617   0.0000183514   0.0000300838
       -0.0000003928   0.0002562423  -0.0001076226  -0.0000224535
       -0.0001887416   0.0000361783   0.0001446802   0.0007148449   0.0002097782
       -0.0000981028   0.0078698502  -0.0106068801   0.0070561432  -0.0001223802
        0.0005781533  -0.0008698556   0.1082721180  -0.1489096599   0.0465474446
       -0.0008574607  -0.0008471943   0.0032954395  -0.0001833226   0.0001237660
       -0.0000811806  -0.0000737090  -0.0006289017  -0.0002776541   0.0000689564
        0.0001701119  -0.0001624204  -0.0000171039   0.0000178975  -0.0000969034
        0.0000674488   0.0001672759  -0.0001901656  -0.0006362334   0.0002312952
        0.0003264236  -0.0000240020  -0.0000579796   0.0000673081  -0.0000173136
        0.0001994576  -0.0000662181   0.0000158699  -0.0000559085  -0.0000767519
       -0.1261732976   0.1720932594  -0.0570886550   0.0198579977  -0.0208545998
        0.0048429560  -0.0089077133   0.0087693223  -0.0038612773  -0.0000465533
        0.0002562306   0.0000173626   0.0004659470  -0.0007719788   0.0006444718
        0.0000300243   0.0000468964  -0.0000787886  -0.0000451982  -0.0000068506
        0.0000434056  -0.0000700278  -0.0001596693  -0.0000376617
        0.0000616425  -0.0001049377   0.0001655500  -0.0010983549  -0.0000443065
        0.0007952299  -0.0173770846   0.0201340449  -0.0114516233  -0.0002524173
        0.0006024776   0.0004628410  -0.0496054388   0.0469158595  -0.0644553526
        0.0014534503   0.0019051147  -0.0048986270   0.0001620445   0.0001084027
        0.0000289484   0.0000007098  -0.0001147268   0.0000755255  -0.0000012293
       -0.0000413535  -0.0001346135  -0.0000141268  -0.0000015633  -0.0000305962
       -0.0002423202  -0.0002177314   0.0000788133   0.0007891825   0.0000448471
       -0.0001399896  -0.0000804926  -0.0000295015  -0.0000950616   0.0003529855
       -0.0003818304  -0.0005453167   0.0000559428  -0.0001390619   0.0001893009
        0.0561924810  -0.0570886550   0.0753456548   0.0146452402  -0.0151498032
        0.0057091890  -0.0044909742   0.0023595513  -0.0004329150   0.0001263758
       -0.0000968346  -0.0000738153  -0.0007141638   0.0014592552  -0.0006820260
       -0.0000178448  -0.0000412650   0.0000447623   0.0000179457   0.0000206357
        0.0000063935   0.0000364466  -0.0000986178   0.0000377282
       -0.0005183141  -0.0005094940   0.0007195839   0.0001795163   0.0001461361
        0.0001761022  -0.0004665260   0.0059440005   0.0058950332  -0.0000118986
       -0.0006348232   0.0011868877  -0.0444876967   0.0120946621   0.0104545447
        0.0002823361   0.0000187278  -0.0008337965   0.0000035053   0.0001263536
       -0.0001731156  -0.0017575313  -0.0010479293  -0.0003194152   0.0000770689
       -0.0000723203  -0.0000274880   0.0000874302   0.0000826350  -0.0002195570
        0.0000251306  -0.0000401164  -0.0001334340  -0.0000350938   0.0001362970
        0.0000418796   0.0000208199  -0.0000193439   0.0000481290  -0.0000439277
       -0.0000567162  -0.0000903147   0.0002227879   0.0002480756   0.0004233278
       -0.0027713589   0.0198579977   0.0146452402   0.0499219340  -0.0122597654
       -0.0119524667  -0.0006161837  -0.0240416312  -0.0197688361   0.0003230844
        0.0001310615  -0.0001146560  -0.0001257024   0.0001033160   0.0000154884
       -0.0000313261   0.0000151003   0.0000109662  -0.0000477235  -0.0000297972
        0.0001934050  -0.0002303308  -0.0001924263  -0.0001775083
       -0.0007867024  -0.0002827226   0.0002715571   0.0001433037   0.0001209782
       -0.0002743357   0.0000969147   0.0065273504   0.0043312152  -0.0001821011
        0.0002472070   0.0010948014   0.0119914957  -0.1740298680  -0.1193622786
       -0.0000260908   0.0009887114   0.0011310906   0.0000417168  -0.0000113727
        0.0000257162  -0.0008169453   0.0001010417   0.0001660691  -0.0000206923
       -0.0001745379   0.0002113781  -0.0000120726  -0.0000312623   0.0000788856
        0.0000016038  -0.0001320592   0.0000285763  -0.0000563411  -0.0001914097
       -0.0000759569   0.0001842923   0.0000055107   0.0001562126  -0.0001917325
        0.0000822240   0.0001352686  -0.0000158341   0.0003390188   0.0002664868
        0.0038768247  -0.0208545998  -0.0151498032  -0.0122597654   0.2022252366
        0.1385540037  -0.0016914510  -0.0145577134  -0.0119155891   0.0000064186
       -0.0002230868   0.0003822364   0.0000127989  -0.0000169187   0.0000334256
       -0.0000353103  -0.0000005840   0.0000397164  -0.0000556845  -0.0000862606
        0.0000637766  -0.0002046455  -0.0000448830  -0.0001924526
       -0.0004692292  -0.0000912681   0.0003706461  -0.0003501894  -0.0003179633
        0.0003616126   0.0022541679  -0.0191191928  -0.0228605046   0.0018613554
        0.0022308263  -0.0059891359   0.0102017481  -0.1193557229  -0.1503062308
        0.0002948054  -0.0012819083   0.0005949637  -0.0000216294   0.0002037620
        0.0000811812   0.0003052881   0.0000012107   0.0006938454   0.0000697263
        0.0002765788  -0.0001198516  -0.0001846521   0.0000090071   0.0000486572
       -0.0000846918  -0.0001374055  -0.0000268538  -0.0000151786  -0.0000345448
       -0.0001503946   0.0001729471   0.0002363856   0.0001358068  -0.0000733292
        0.0001737873   0.0000461349   0.0000968094  -0.0012000537  -0.0017419571
       -0.0002195107   0.0048429560   0.0057091890  -0.0119524667   0.1385540037
        0.1760320794  -0.0015405361  -0.0057214559  -0.0030716194  -0.0002013948
        0.0010508545  -0.0002024122   0.0000976781  -0.0001581165   0.0003339003
       -0.0000164232   0.0000077469   0.0000303006   0.0000948682  -0.0000068399
        0.0001475354  -0.0003201628  -0.0001626472  -0.0001168924
        0.0000577899   0.0000999717   0.0000988340  -0.0003333072  -0.0014098674
        0.0026937185  -0.0106777279  -0.0060012715   0.0027640108   0.0007232574
        0.0000892759  -0.0009175827  -0.2317843264  -0.0966927781  -0.0162136574
       -0.0000060077   0.0000659418  -0.0001853567  -0.0001165717   0.0009281593
       -0.0008948963  -0.0000151794   0.0001410477   0.0001592622  -0.0000064064
        0.0000165168   0.0000655259   0.0000500382   0.0000473081  -0.0000301310
       -0.0007897393  -0.0004188867   0.0002440812   0.0002532029  -0.0000889624
       -0.0000816960   0.0005165043   0.0001902095   0.0004670608  -0.0003925354
        0.0000475897   0.0000337141   0.0000815061   0.0001047741  -0.0002802550
       -0.0267311758  -0.0089077133  -0.0044909742  -0.0006161837  -0.0016914510
       -0.0015405361   0.2703626549   0.1127415104   0.0187507886  -0.0001567104
       -0.0000411905   0.0000269539  -0.0001566944  -0.0000338921  -0.0001211038
       -0.0000484999   0.0000678598   0.0000541989   0.0000642668  -0.0000499334
        0.0000378603  -0.0002781548   0.0007957817  -0.0006398202
       -0.0002863052   0.0000550543   0.0001559252  -0.0004135879  -0.0007671444
        0.0021264622  -0.0121319745  -0.0062235904   0.0010774809   0.0009097512
        0.0005832115  -0.0011520037  -0.0971270097  -0.0932561251  -0.0086906433
       -0.0002421893   0.0000981684  -0.0000126510  -0.0001464489  -0.0001476392
        0.0005586178   0.0002195932  -0.0000331076   0.0000892964  -0.0000136991
        0.0000431543  -0.0000218979   0.0000212610   0.0000093134   0.0000530080
       -0.0007224936  -0.0001318117   0.0001560630   0.0000368361  -0.0000419685
        0.0000278145   0.0000513431   0.0003603984  -0.0001750103   0.0001132587
       -0.0000571907   0.0000611281   0.0000151403  -0.0001464675  -0.0001713725
        0.0195427050   0.0087693223   0.0023595513  -0.0240416312  -0.0145577134
       -0.0057214559   0.1127415104   0.1058643614   0.0092147285  -0.0001832598
       -0.0001514573  -0.0000828250   0.0000438886   0.0000510391  -0.0001348424
        0.0000677178   0.0001427097  -0.0001954609   0.0000636124   0.0000920504
       -0.0000416607   0.0014819816  -0.0005545672   0.0005197475
       -0.0003583698  -0.0002123084  -0.0000191044   0.0015482708   0.0021143332
       -0.0046647216   0.0240550601   0.0118910285  -0.0005770665   0.0010310377
        0.0009800139   0.0008510489  -0.0161332838  -0.0086950828  -0.0430252696
        0.0000501759  -0.0003110050   0.0005475223  -0.0001431339   0.0002027606
       -0.0002719628   0.0000861959  -0.0000247060   0.0001409352  -0.0000108872
        0.0000213458  -0.0000299950  -0.0000255551  -0.0000135773   0.0001263984
        0.0016078460   0.0005579249  -0.0004083095  -0.0000728473  -0.0000690818
       -0.0001186395  -0.0001405069  -0.0003586845  -0.0009997837  -0.0000269492
       -0.0000916931  -0.0000588953  -0.0000612056   0.0000145763   0.0001898938
       -0.0095889227  -0.0038612773  -0.0004329150  -0.0197688361  -0.0119155891
       -0.0030716194   0.0187507886   0.0092147285   0.0521449478  -0.0000735488
       -0.0000106985  -0.0001122492   0.0000242476  -0.0000563375  -0.0000293602
        0.0000256008  -0.0001352054   0.0000324720  -0.0000202916   0.0000102239
       -0.0003494518  -0.0007548855   0.0007483111   0.0001361251
       -0.0013322787   0.0006435486  -0.0004169309   0.0003165057   0.0002209613
        0.0002158591  -0.0002326658   0.0126753040   0.0108220167  -0.0015920203
        0.0027105348  -0.0007484838   0.0002938322  -0.0003365914   0.0004305257
       -0.0403095800  -0.0057538190  -0.0045113879  -0.0076566896  -0.0209880453
       -0.0231360341  -0.0000129900   0.0000974196  -0.0002922254  -0.0022431295
       -0.0012155177  -0.0004629559   0.0001577137  -0.0001962102   0.0000432608
       -0.0000141914   0.0000237691   0.0001183814   0.0001345889  -0.0001164403
       -0.0000424729  -0.0001772582  -0.0000116670  -0.0000923927  -0.0000634217
        0.0009124885   0.0004769531  -0.0000622624  -0.0001054271  -0.0001981360
       -0.0001017019  -0.0000465533   0.0001263758   0.0003230844   0.0000064186
       -0.0002013948  -0.0001567104  -0.0001832598  -0.0000735488   0.0567194832
        0.0072697151   0.0101367326   0.0008847692   0.0072722815   0.0102790226
        0.0006759299  -0.0003915023  -0.0004129095  -0.0063188261  -0.0023985579
       -0.0017573721   0.0007678191  -0.0000888498  -0.0003028831
       -0.0010274261   0.0004687694  -0.0000952960  -0.0006151011   0.0003035307
       -0.0002313739   0.0026161065  -0.0222163889  -0.0177235787   0.0037063236
       -0.0042651506   0.0014206123  -0.0001961874   0.0007687220  -0.0011693909
       -0.0060144308  -0.1483061814  -0.1131122620  -0.0033650804  -0.0067765828
       -0.0086070095   0.0001972950  -0.0000912786   0.0002611289  -0.0005201489
        0.0005677482  -0.0002350764  -0.0001823630  -0.0000394129   0.0000878147
        0.0000300187  -0.0001568585  -0.0000276357  -0.0001108110  -0.0000745540
       -0.0001462511  -0.0000002501   0.0001554757   0.0000209350   0.0000488009
       -0.0015252488  -0.0010594422  -0.0000114326   0.0000751607   0.0002347832
       -0.0001358704   0.0002562306  -0.0000968346   0.0001310615  -0.0002230868
        0.0010508545  -0.0000411905  -0.0001514573  -0.0000106985   0.0072697151
        0.1733228078   0.1323270443   0.0001725362   0.0075267077   0.0074074799
        0.0005312557   0.0007078649   0.0004199483  -0.0026350250  -0.0000993670
       -0.0006172031   0.0001522044  -0.0002274500  -0.0000985484
       -0.0008536797  -0.0000889476   0.0000767642   0.0001710218  -0.0003291445
        0.0000752251   0.0009621119   0.0023014721   0.0032883499  -0.0002196310
        0.0005248628   0.0004316214  -0.0004689085   0.0014409738   0.0009177791
       -0.0044624000  -0.1131694016  -0.1681137807  -0.0036866008  -0.0055224793
       -0.0049347754  -0.0001587927   0.0002077239  -0.0001668114  -0.0003236327
        0.0002068817   0.0005043291  -0.0001325379   0.0001472225  -0.0000443615
       -0.0000464752  -0.0001242156  -0.0002409444  -0.0000131076   0.0000646647
       -0.0001331244   0.0000661129   0.0000877635  -0.0000546581  -0.0000718619
        0.0000547801   0.0002196537  -0.0001271189   0.0000899006   0.0001331177
       -0.0000112880   0.0000173626  -0.0000738153  -0.0001146560   0.0003822364
       -0.0002024122   0.0000269539  -0.0000828250  -0.0001122492   0.0101367326
        0.1323270443   0.1942087210   0.0011082937  -0.0186194074  -0.0269153524
       -0.0001147817   0.0001935228  -0.0001066922  -0.0020209911  -0.0004502100
        0.0006799325   0.0003552371   0.0003402192   0.0005634836
       -0.0001711853   0.0000518987  -0.0000724188   0.0004748439   0.0011242100
       -0.0016716508   0.0039051081   0.0069071356  -0.0121073788   0.0001658255
       -0.0000440698  -0.0003720546  -0.0012449931   0.0023953714  -0.0011091939
       -0.0703837789  -0.0327346297   0.0693217206  -0.0178898914  -0.0138413756
        0.0242467072   0.0000243423   0.0000152898   0.0001641682   0.0000965717
       -0.0001289501  -0.0000750020  -0.0000212732   0.0000053400   0.0000245448
       -0.0008016207   0.0003639769   0.0002079488   0.0000185004  -0.0000790858
        0.0000746205  -0.0001787367  -0.0001345844   0.0000986672  -0.0000856938
       -0.0000458497  -0.0000735625   0.0002125298  -0.0000260851   0.0000663406
        0.0001456169   0.0004659470  -0.0007141638  -0.0001257024   0.0000127989
        0.0000976781  -0.0001566944   0.0000438886   0.0000242476   0.0008847692
        0.0001725362   0.0011082937   0.0909088172   0.0374475344  -0.0796107995
        0.0003402194   0.0000190773   0.0004715105   0.0009350690   0.0000839330
        0.0004414220  -0.0070526436  -0.0020743076  -0.0005416451
       -0.0000649839   0.0002003768  -0.0001451268  -0.0010806650   0.0006080201
       -0.0000597572  -0.0058836692  -0.0133081761   0.0229093954  -0.0002424410
        0.0005909090   0.0008619242   0.0031851011  -0.0037317987   0.0014082487
       -0.0329064182  -0.0807970868   0.0743809206  -0.0059296322  -0.0033747637
        0.0077363954   0.0000245434  -0.0001420532   0.0000040520  -0.0000143670
        0.0000397053  -0.0001294742  -0.0000215784  -0.0000321456   0.0000106375
        0.0006367991   0.0001785987  -0.0001359794  -0.0002528644  -0.0000057137
       -0.0001339589  -0.0000235632  -0.0000824595   0.0000095437  -0.0000691251
        0.0001693994  -0.0001326880   0.0002821779  -0.0005091911  -0.0006046555
       -0.0002664372  -0.0007719788   0.0014592552   0.0001033160  -0.0000169187
       -0.0001581165  -0.0000338921   0.0000510391  -0.0000563375   0.0072722815
        0.0075267077  -0.0186194074   0.0374475344   0.0932203329  -0.0888829357
        0.0004898958   0.0002850689  -0.0002627743  -0.0000372463  -0.0001216470
        0.0004711645  -0.0026147661   0.0000237750   0.0000696741
       -0.0002194729   0.0000671674   0.0000863669   0.0005973304  -0.0000602578
        0.0003547111   0.0015165746   0.0070527498  -0.0105029068   0.0002261326
       -0.0009344021   0.0007855847  -0.0017765043   0.0025059959  -0.0004005154
        0.0694118542   0.0740990445  -0.2028232391   0.0003911286  -0.0003493140
        0.0024769020   0.0001755599  -0.0001291338   0.0001524356  -0.0001536066
       -0.0003107822  -0.0005668329   0.0000153388  -0.0000977553   0.0000286948
       -0.0005714519   0.0000710042   0.0004325921   0.0001197567  -0.0001643967
        0.0001533416  -0.0000403267   0.0000021311  -0.0001145995   0.0000357596
       -0.0000729069  -0.0000562092  -0.0000033767  -0.0000229519   0.0002884271
        0.0001237824   0.0006444718  -0.0006820260   0.0000154884   0.0000334256
        0.0003339003  -0.0001211038  -0.0001348424  -0.0000293602   0.0102790226
        0.0074074799  -0.0269153524  -0.0796107995  -0.0888829357   0.2349031879
        0.0001875300  -0.0003612290   0.0001697118  -0.0003689291  -0.0001339112
        0.0007922579  -0.0002296874  -0.0002286513   0.0011329276
       -0.0000039627   0.0000025868   0.0000193637  -0.0009712583   0.0011963266
       -0.0005452696  -0.0053999872  -0.0024018131  -0.0005025971   0.0000630875
       -0.0002267939  -0.0001375643   0.0000783569  -0.0001012368   0.0001408464
       -0.0212208319   0.0244719863  -0.0074862139  -0.0988773424   0.0999722787
       -0.0222465554   0.0000276141   0.0000163113   0.0000289613  -0.0000272318
        0.0000245027  -0.0000091336  -0.0000010037  -0.0000274341   0.0000020931
        0.0000488594   0.0000394038   0.0000414342  -0.0005507625  -0.0000099995
       -0.0000191698  -0.0000087423  -0.0000079055  -0.0000087839   0.0000615947
       -0.0000276459  -0.0000040934  -0.0000251748  -0.0000199143   0.0000063268
        0.0000763905   0.0000300243  -0.0000178448  -0.0000313261  -0.0000353103
       -0.0000164232  -0.0000484999   0.0000677178   0.0000256008   0.0006759299
        0.0005312557  -0.0001147817   0.0003402194   0.0004898958   0.0001875300
        0.1186177020  -0.1154757344   0.0274530909   0.0012358140   0.0005973695
        0.0008908726   0.0059405553  -0.0091058715   0.0023123109
        0.0000041280   0.0000294041  -0.0000023268  -0.0001665567   0.0000662975
        0.0000006645  -0.0009082056   0.0006049469  -0.0002753163   0.0002591204
       -0.0002369371   0.0001476049   0.0001162715  -0.0000707878   0.0000218391
       -0.0018537069   0.0040190297  -0.0008047942   0.1002592857  -0.2145562474
        0.0393719408  -0.0000164242  -0.0000207571   0.0000171214   0.0000210957
        0.0000476608   0.0000079216   0.0000230198   0.0000199707   0.0000008518
        0.0000295847  -0.0000023175  -0.0000437213  -0.0000434103   0.0000103995
       -0.0000238886   0.0001613698   0.0002591102  -0.0000099698   0.0000539448
        0.0000963567   0.0000363004  -0.0000610533  -0.0000176673   0.0000531484
        0.0000106455   0.0000468964  -0.0000412650   0.0000151003  -0.0000005840
        0.0000077469   0.0000678598   0.0001427097  -0.0001352054  -0.0003915023
        0.0007078649   0.0001935228   0.0000190773   0.0002850689  -0.0003612290
       -0.1154757344   0.2480051620  -0.0456672124   0.0109428525  -0.0231050308
        0.0014447617   0.0069332379  -0.0163305490   0.0060615044
       -0.0000241690   0.0000102295   0.0000178161  -0.0001802554   0.0002395486
       -0.0000763943  -0.0010820128  -0.0005111993   0.0002350863   0.0002968751
       -0.0002795610   0.0001610084  -0.0002597526   0.0001741209  -0.0000244841
       -0.0040130228   0.0041224723  -0.0008710515  -0.0221832989   0.0392465258
       -0.0536799981   0.0000134184   0.0000116100  -0.0000012746  -0.0000175160
        0.0000043128   0.0000064386   0.0000100011  -0.0000119312   0.0000017533
        0.0000051792  -0.0000117950  -0.0000021178  -0.0001044589  -0.0000045647
       -0.0000025171   0.0000406941   0.0001070568  -0.0001969647   0.0000881303
        0.0000657815   0.0000177649  -0.0001172851  -0.0000471838   0.0000447861
       -0.0000401617  -0.0000787886   0.0000447623   0.0000109662   0.0000397164
        0.0000303006   0.0000541989  -0.0001954609   0.0000324720  -0.0004129095
        0.0004199483  -0.0001066922   0.0004715105  -0.0002627743   0.0001697118
        0.0274530909  -0.0456672124   0.0588935594   0.0120233193  -0.0238470237
        0.0033606303  -0.0120325413   0.0264761722  -0.0080545956
       -0.0002413841   0.0000697559   0.0000338210  -0.0000387071  -0.0000443061
        0.0000643233   0.0009193604  -0.0004295242  -0.0001657627  -0.0003745708
        0.0004032445  -0.0000433887   0.0000534003   0.0001712744   0.0000315492
       -0.0057953438  -0.0192756614  -0.0235692380  -0.0438062747  -0.0134843131
       -0.0162378991   0.0000337124  -0.0000140260   0.0000520789   0.0000832356
        0.0000809674  -0.0000130769  -0.0000020187   0.0000524154   0.0000220984
       -0.0000012389  -0.0000768269  -0.0000268762   0.0000571833  -0.0000135957
       -0.0000198385  -0.0004440821   0.0015855391  -0.0004862675   0.0000942726
       -0.0001284845   0.0000975084  -0.0006289599  -0.0000379565   0.0003952308
        0.0000183514  -0.0000451982   0.0000179457  -0.0000477235  -0.0000556845
        0.0000948682   0.0000642668   0.0000636124  -0.0000202916  -0.0063188261
       -0.0026350250  -0.0020209911   0.0009350690  -0.0000372463  -0.0003689291
        0.0012358140   0.0109428525   0.0120233193   0.0530603564   0.0157254952
        0.0201478097   0.0011441075   0.0071826917   0.0099920064
       -0.0001514212   0.0000298199   0.0000352844   0.0001594168  -0.0000854399
       -0.0000859916   0.0001383318   0.0001573377   0.0000528544   0.0014475039
       -0.0003972676   0.0001767688   0.0001287901  -0.0000713270   0.0001125709
       -0.0040280243  -0.0055333884  -0.0069609308  -0.0137841245  -0.1350223842
       -0.1155978457   0.0000293607  -0.0000123907   0.0000209180   0.0000653768
        0.0000193938  -0.0000178458  -0.0000523297  -0.0000024274  -0.0000084250
       -0.0000394526  -0.0000468416   0.0000252011   0.0000215672   0.0000273352
        0.0000063649   0.0012944171  -0.0012166075   0.0004065637  -0.0000341666
       -0.0000689342   0.0001058180  -0.0000204287   0.0001075909   0.0000009308
        0.0000300838  -0.0000068506   0.0000206357  -0.0000297972  -0.0000862606
       -0.0000068399  -0.0000499334   0.0000920504   0.0000102239  -0.0023985579
       -0.0000993670  -0.0004502100   0.0000839330  -0.0001216470  -0.0001339112
        0.0005973695  -0.0231050308  -0.0238470237   0.0157254952   0.1575645868
        0.1361523335   0.0008665904   0.0078780497   0.0099825556
       -0.0000736192   0.0000468380   0.0000676787   0.0001226368  -0.0000077853
        0.0000118557   0.0000908825  -0.0005743011  -0.0001995633   0.0001592423
       -0.0004991135   0.0003849300  -0.0002346445   0.0001411747  -0.0000151478
       -0.0038311806  -0.0047522785  -0.0052307554  -0.0167486712  -0.1157061126
       -0.1924655380   0.0000456459  -0.0000185623   0.0000014446   0.0000461734
        0.0000451975  -0.0000275441  -0.0000281608   0.0000185970   0.0000157694
        0.0000168645  -0.0000264313   0.0000125398  -0.0000012768   0.0000464404
       -0.0000224730  -0.0001925002   0.0009039652   0.0003062561   0.0002954091
        0.0000706248   0.0000216297   0.0001289547   0.0000446314   0.0000533621
       -0.0000003928   0.0000434056   0.0000063935   0.0001934050   0.0000637766
        0.0001475354   0.0000378603  -0.0000416607  -0.0003494518  -0.0017573721
       -0.0006172031   0.0006799325   0.0004414220   0.0004711645   0.0007922579
        0.0008908726   0.0014447617   0.0033606303   0.0201478097   0.1361523335
        0.2195940887   0.0002506395  -0.0172494626  -0.0271458310
        0.0000093695   0.0000443695  -0.0000788493  -0.0000259574  -0.0000201329
       -0.0001356385   0.0008102140  -0.0003654577   0.0007658773  -0.0000190525
        0.0001359105  -0.0001124565  -0.0002586117  -0.0001637271  -0.0001381402
       -0.0161594812  -0.0138145943   0.0240676067  -0.0786096812  -0.0398085567
        0.0772914616  -0.0000341215   0.0000158322  -0.0000364869   0.0000198376
        0.0000122314   0.0000965140   0.0000469157   0.0000154061   0.0000158763
        0.0001418660   0.0000052861  -0.0000398165   0.0000358647   0.0000503959
       -0.0000482968   0.0000161478   0.0002507745   0.0002320873   0.0000378153
       -0.0000162778   0.0000110226   0.0000555588  -0.0000862448  -0.0000894484
        0.0002562423  -0.0000700278   0.0000364466  -0.0002303308  -0.0002046455
       -0.0003201628  -0.0002781548   0.0014819816  -0.0007548855   0.0007678191
        0.0001522044   0.0003552371  -0.0070526436  -0.0026147661  -0.0002296874
        0.0059405553   0.0069332379  -0.0120325413   0.0011441075   0.0008665904
        0.0002506395   0.0933857213   0.0472002105  -0.0891063591
       -0.0000346945   0.0000365511  -0.0000169918   0.0000410674  -0.0000227002
        0.0000364585   0.0003398243   0.0003986147  -0.0001452602   0.0002237733
       -0.0000302495  -0.0000067552   0.0010736230   0.0000944497   0.0003229739
       -0.0053079521  -0.0033285073   0.0061268125  -0.0399127199  -0.0874569172
        0.0824008796  -0.0000090331   0.0000284132  -0.0000271158   0.0000083206
       -0.0000365404   0.0000551487   0.0000052358  -0.0000211665  -0.0000068168
       -0.0000105724  -0.0000408462   0.0000152795   0.0000227891   0.0000136815
       -0.0000232890   0.0000999282  -0.0000395786  -0.0002287435  -0.0000210391
       -0.0000472755   0.0000129847  -0.0001281568  -0.0000861660   0.0000507858
       -0.0001076226  -0.0001596693  -0.0000986178  -0.0001924263  -0.0000448830
       -0.0001626472   0.0007957817  -0.0005545672   0.0007483111  -0.0000888498
       -0.0002274500   0.0003402192  -0.0020743076   0.0000237750  -0.0002286513
       -0.0091058715  -0.0163305490   0.0264761722   0.0071826917   0.0078780497
       -0.0172494626   0.0472002105   0.0999535310  -0.0983916745
       -0.0000748211  -0.0000377560   0.0000156307  -0.0000931935  -0.0000176078
       -0.0000868804   0.0002334733   0.0003159260   0.0000350080   0.0001663378
        0.0001105008   0.0000952524  -0.0008232802   0.0003324523  -0.0002212162
        0.0016526688  -0.0007410327   0.0030670959   0.0775217854   0.0825602655
       -0.2047666458  -0.0000061702  -0.0000139027   0.0000383168   0.0000119137
        0.0000216801  -0.0000299756   0.0000035501   0.0000109378  -0.0000184204
       -0.0000051491  -0.0000053331  -0.0000250171   0.0000152678  -0.0000504054
        0.0000063845   0.0001796644  -0.0003243472  -0.0003051984  -0.0000962667
       -0.0000740614   0.0000237540  -0.0001994287  -0.0000004604   0.0000031267
       -0.0000224535  -0.0000376617   0.0000377282  -0.0001775083  -0.0001924526
       -0.0001168924  -0.0006398202   0.0005197475   0.0001361251  -0.0003028831
       -0.0000985484   0.0005634836  -0.0005416451   0.0000696741   0.0011329276
        0.0023123109   0.0060615044  -0.0080545956   0.0099920064   0.0099825556
       -0.0271458310  -0.0891063591  -0.0983916745   0.2356158393
