           1           2   1.01767123286736     
           2           3  0.996768655290212     
           3           4   1.01778364449998     
           4           5  0.944354854694291     
           1           6  0.987239245996974     
           1           7  0.985651992784276     
           1           8  0.987236686963934     
           2           9  0.977829933065076     
           2          10  0.977830418924991     
           3          11  0.975289306337193     
           3          12  0.975281994833364     
           4          13  0.975664742825845     
           4          14  0.975659910395982     
