           1           2   1.02009258459260     
           2           3  0.994659366101463     
           3           4   1.00991851865745     
           3           5  0.997093680442554     
           5           6   1.01922676680787     
           1           7  0.986455010516812     
           1           8  0.985950947552461     
           1           9  0.987083822109474     
           2          10  0.977715281728738     
           2          11  0.977886808202588     
           3          12  0.968009872799040     
           4          13  0.986153210464594     
           4          14  0.984854480375905     
           4          15  0.984918798642971     
           5          16  0.976200904594794     
           5          17  0.977180869627964     
           6          18  0.986070060931397     
           6          19  0.987546412906624     
           6          20  0.987197346538290     
