$hessian                                                                        
        0.5275037751  -0.0009092750   0.0000480824  -0.0660017263  -0.0103073286
       -0.0005885783  -0.0024129718  -0.0135170163   0.0049234512  -0.0012800753
        0.0259755710  -0.0034558320   0.0004171723  -0.0014789679   0.0005432138
       -0.0018037064   0.0014722988  -0.0007923327  -0.2445040572   0.0844396533
       -0.0138037138  -0.1053832787  -0.0540421595  -0.0900179510  -0.1016123350
       -0.0180842582   0.1001864148  -0.0014287771  -0.0170805013   0.0009239880
       -0.0010705232  -0.0011085158   0.0029220660   0.0005027154   0.0003592327
       -0.0004064662   0.0005628924  -0.0009226858   0.0002108884  -0.0043245094
        0.0041978979  -0.0000026090   0.0005098173   0.0004377320  -0.0007465333
        0.0001709082   0.0001461059  -0.0000068382  -0.0001007480   0.0002337599
       -0.0001048890   0.0002554276   0.0001884568   0.0001676390
       -0.0009092750   0.4574257233   0.0133746085  -0.0119298785  -0.1929176257
        0.0196738933  -0.0033679861  -0.0112818031   0.0067829797   0.0055446698
       -0.0192186728   0.0030765529  -0.0009746984   0.0002682199  -0.0000891295
        0.0008227076   0.0004959060  -0.0000794971   0.0849327881  -0.0772372205
        0.0053559735  -0.0545721881  -0.0905518882  -0.0798567986  -0.0181656341
       -0.0478843129   0.0312827938  -0.0035145260  -0.0205163367   0.0006464850
       -0.0007256394   0.0003108517   0.0011810321   0.0005223660   0.0009031577
       -0.0008500728   0.0003042022   0.0005072923  -0.0006370522   0.0025564123
       -0.0011004262  -0.0000377053  -0.0006793920   0.0006746543   0.0002736297
       -0.0000530260   0.0001052942  -0.0001464878   0.0000739766   0.0001621472
       -0.0000912924   0.0001351211  -0.0001449605   0.0001400871
        0.0000480824   0.0133746085   0.5211048526  -0.0001858996   0.0201665765
       -0.0694543015   0.0048398128   0.0256706199  -0.0091653087  -0.0005043824
        0.0020236770  -0.0002079174   0.0002049094  -0.0000180379  -0.0001841894
        0.0000850441  -0.0002933462   0.0001323190  -0.0140250302   0.0052158673
       -0.0450881030  -0.0909535567  -0.0798360182  -0.1766622713   0.1008655605
        0.0309495397  -0.2212642957  -0.0031768648  -0.0214753999   0.0025550102
        0.0028858138   0.0026226976  -0.0045533970   0.0001491236   0.0012574293
        0.0012283683  -0.0006064432   0.0003979926   0.0004369756   0.0001777438
        0.0002868176   0.0005608392   0.0001672157  -0.0007208667   0.0004423293
        0.0000771845   0.0000605742   0.0000880271  -0.0000370461   0.0001945927
        0.0001466568  -0.0000112676   0.0001226760  -0.0001155939
       -0.0660017263  -0.0119298785  -0.0001858996   0.4758719098   0.0138168742
        0.0177918304  -0.0939369151  -0.0112345064   0.0496700651  -0.1567187689
        0.0482518214   0.0037212087  -0.0225090617   0.0055802640  -0.0065956618
        0.0004254208   0.0001621617  -0.0000628574  -0.0007830177   0.0282979832
       -0.0047627848  -0.0015942415  -0.0165474097   0.0015461502  -0.0017541473
       -0.0143064965   0.0039401353  -0.1037411094  -0.0477719188  -0.0860251952
       -0.0016237862  -0.0018566154   0.0030356021   0.0073459201   0.0024298737
       -0.0109609502  -0.0180239984  -0.0032426640   0.0255570580  -0.0006112834
        0.0021374202  -0.0002334514  -0.0155544360   0.0068347616   0.0037870374
       -0.0018427783  -0.0010661988  -0.0018542235   0.0008108024   0.0005091519
        0.0012457989   0.0002412171  -0.0000646239   0.0003861376
       -0.0103073286  -0.1929176257   0.0201665765   0.0138168742   0.4878484731
        0.0201436710  -0.0113837033  -0.0674977417   0.0169280604   0.0435556576
       -0.0881913605  -0.0035992610  -0.0064535013   0.0056252193   0.0029809120
        0.0001249868   0.0000006671  -0.0003185197   0.0022819021  -0.0165789301
        0.0025506026  -0.0039757586  -0.0192095777  -0.0012495089  -0.0019836734
       -0.0083074375   0.0039052152  -0.0477767633  -0.0780801199  -0.0659255920
       -0.0142855791  -0.0086293945   0.0262849592   0.0059495034   0.0018505230
       -0.0117195005   0.0057924586   0.0014142736  -0.0083865346   0.0265508458
       -0.0190794865  -0.0003888766  -0.0002921727   0.0010070134   0.0000724136
       -0.0015661117   0.0005001487  -0.0017010573  -0.0000425450   0.0005204559
        0.0001382349  -0.0000050916  -0.0002751001   0.0001182054
       -0.0005885783   0.0196738933  -0.0694543015   0.0177918304   0.0201436710
        0.5047310686   0.0517656532   0.0172266255  -0.1633046861   0.0006230148
       -0.0020607665  -0.0654962491  -0.0174978539   0.0081703182  -0.0003121313
        0.0004723629   0.0003728455   0.0000277683  -0.0000996006   0.0028748960
       -0.0003718302  -0.0019486195  -0.0226411800   0.0026132211   0.0034833147
        0.0267620783  -0.0072213922  -0.0861870238  -0.0660485132  -0.1608525902
        0.0039578342   0.0040823699  -0.0069656560   0.0095087762   0.0015607103
       -0.0266837688   0.0022495154  -0.0007518172  -0.0010357775  -0.0041594702
        0.0035039303   0.0006313679   0.0245867037  -0.0123782437  -0.0039801145
       -0.0037654163  -0.0010294675  -0.0026863866  -0.0001347662   0.0006945160
        0.0004087873  -0.0000576768  -0.0001558663  -0.0000473291
       -0.0024129718  -0.0033679861   0.0048398128  -0.0939369151  -0.0113837033
        0.0517656532   0.5028404134  -0.0073512718   0.0301634263  -0.0189025360
       -0.0010197212   0.0238939932   0.0008225375   0.0000733730  -0.0004648857
       -0.0004147160  -0.0006893070   0.0003840745   0.0007078918   0.0005787866
       -0.0005302999   0.0001045588   0.0003926474   0.0005325081   0.0004501759
       -0.0005354062   0.0002690387   0.0056216186   0.0015093025  -0.0110695881
       -0.0437826303  -0.0090428337   0.0003414369  -0.0945467336  -0.0507727417
       -0.0850286048  -0.2508299986   0.0799619699  -0.0178597069   0.0006831849
       -0.0011170322   0.0002627648  -0.0050973345   0.0023334626   0.0013326620
       -0.0000281419   0.0001685243   0.0003852889  -0.0013495274   0.0001595113
        0.0007940563   0.0000711243   0.0001024258  -0.0000116303
       -0.0135170163  -0.0112818031   0.0256706199  -0.0112345064  -0.0674977417
        0.0172266255  -0.0073512718   0.5234871847   0.0109087054   0.0060760650
        0.0004811440  -0.0086994267  -0.0000885168  -0.0002360908  -0.0001447748
        0.0001606870   0.0003870420  -0.0000957568  -0.0009468080   0.0007116434
        0.0004548259   0.0000191963   0.0010593180   0.0010720194  -0.0011472378
       -0.0061088452   0.0025649244   0.0043152382   0.0024321691  -0.0107712690
       -0.0089817092  -0.2745806761   0.0403097966  -0.0504710093  -0.0942361821
       -0.0830271841   0.0799337923  -0.0749345107   0.0059798066   0.0009056055
        0.0008555071  -0.0009939295   0.0028007292  -0.0006790591  -0.0004707792
        0.0000104950   0.0000662919  -0.0000523717  -0.0005237199   0.0001232473
        0.0000666353   0.0000399868  -0.0000486388   0.0000015329
        0.0049234512   0.0067829797  -0.0091653087   0.0496700651   0.0169280604
       -0.1633046861   0.0301634263   0.0109087054   0.4725958628   0.0068201446
       -0.0012098583  -0.0027959595   0.0004677272   0.0001244830  -0.0004722919
       -0.0000454086  -0.0002344527   0.0001679571   0.0001203375  -0.0005583397
        0.0002345971  -0.0002810887  -0.0009117496   0.0011807035   0.0000772594
        0.0014568422   0.0004002632   0.0112004658   0.0028559999  -0.0276308014
        0.0003896282   0.0400937655  -0.0501018173  -0.0842895318  -0.0829423444
       -0.1797245641  -0.0176166713   0.0061654462  -0.0433082922  -0.0006976883
        0.0002543236   0.0004447166   0.0002864974   0.0001058538   0.0010037551
       -0.0001484578   0.0000094698   0.0001010024  -0.0010279281   0.0001251534
        0.0005077159  -0.0000122283   0.0000456617  -0.0001328526
       -0.0012800753   0.0055446698  -0.0005043824  -0.1567187689   0.0435556576
        0.0006230148  -0.0189025360   0.0060760650   0.0068201446   0.4633417364
        0.0209902249  -0.0234794025  -0.1177712611  -0.0233107905  -0.0488797617
       -0.0133862361  -0.0146827870  -0.0085865173   0.0009851215  -0.0006114304
        0.0001725571   0.0004505245  -0.0002933732  -0.0000267966   0.0006733809
       -0.0006889929   0.0000216110  -0.0228902395   0.0084296223  -0.0030829928
        0.0004160381   0.0005661208  -0.0006260415   0.0002570101  -0.0000500953
       -0.0005449299  -0.0015481356  -0.0002539891   0.0029656242  -0.0444008067
       -0.0304343738   0.0070326978  -0.0760074855  -0.0097186980   0.0818965593
       -0.0202290590  -0.0057225202  -0.0189367196   0.0074865240   0.0027190781
        0.0046593590  -0.0004757318  -0.0021143879   0.0004759765
        0.0259755710  -0.0192186728   0.0020236770   0.0482518214  -0.0881913605
       -0.0020607665  -0.0010197212   0.0004811440  -0.0012098583   0.0209902249
        0.5077902011  -0.0279311945  -0.0249524608  -0.0776357990  -0.0275349409
       -0.0251606977  -0.0166229035  -0.0161022297   0.0007187034  -0.0063935372
        0.0009095078   0.0003722456   0.0008772324  -0.0000601375   0.0006209468
        0.0008303518  -0.0006005135  -0.0085548744   0.0040863273  -0.0012016358
       -0.0012417123   0.0007422408   0.0005121012   0.0001092211   0.0001485496
        0.0000465275  -0.0008630763   0.0002872678   0.0010988803  -0.0291636840
       -0.2598156689   0.0436332790  -0.0102141560  -0.0462491859   0.0231203320
        0.0115782987   0.0043192267   0.0114219972  -0.0042586584  -0.0010482357
       -0.0066449562  -0.0031879917  -0.0043871782   0.0005799307
       -0.0034558320   0.0030765529  -0.0002079174   0.0037212087  -0.0035992610
       -0.0654962491   0.0238939932  -0.0086994267  -0.0027959595  -0.0234794025
       -0.0279311945   0.5009077677  -0.0554931781  -0.0284596753  -0.1236797582
        0.0056675468   0.0009610142   0.0094169694   0.0000963120   0.0014343538
        0.0003204129   0.0002301559  -0.0001759916   0.0001523806  -0.0007857787
        0.0005961252   0.0003560221  -0.0210309660   0.0076483066  -0.0017547760
        0.0002636642  -0.0006740353   0.0006777080  -0.0001888204  -0.0003508713
        0.0007180468   0.0036778456   0.0001863173  -0.0043086041   0.0063466771
        0.0426776017  -0.0516945432   0.0821674678   0.0238084411  -0.2363721958
       -0.0054953907  -0.0017813845  -0.0034237777  -0.0170879991  -0.0105731675
       -0.0224515861   0.0009524964   0.0018562949  -0.0003639404
        0.0004171723  -0.0009746984   0.0002049094  -0.0225090617  -0.0064535013
       -0.0174978539   0.0008225375  -0.0000885168   0.0004677272  -0.1177712611
       -0.0249524608  -0.0554931781   0.4665633934  -0.0333152680  -0.0079418250
       -0.0786296099  -0.0449244002   0.0090786320   0.0001824370  -0.0000901776
        0.0000543231   0.0000592253   0.0005574303  -0.0002112615   0.0000711564
        0.0002239562  -0.0000791103  -0.0047440137   0.0021448265  -0.0003987658
       -0.0002790518   0.0000096798  -0.0000550189  -0.0012881050   0.0000505245
       -0.0000462058   0.0002343709  -0.0002010555  -0.0001474574  -0.0047537344
       -0.0035876187  -0.0046225681   0.0059573556   0.0022395844   0.0046777976
       -0.1516341382   0.1048980823  -0.0150068096  -0.0797062319   0.0248465504
        0.0756891377  -0.0129924406  -0.0203829373   0.0113275275
       -0.0014789679   0.0002682199  -0.0000180379   0.0055802640   0.0056252193
        0.0081703182   0.0000733730  -0.0002360908   0.0001244830  -0.0233107905
       -0.0776357990  -0.0284596753  -0.0333152680   0.4381350854   0.0181280913
       -0.0544503756  -0.1570956092   0.0518718935  -0.0002695291   0.0001737356
       -0.0000730988   0.0012970660  -0.0006267929  -0.0004151520   0.0002429670
        0.0000396451   0.0005330638   0.0034208855  -0.0002555081   0.0006092104
       -0.0000825564  -0.0000053644  -0.0000690784  -0.0000394896   0.0002797845
        0.0000272905   0.0002802314   0.0001348417   0.0000792689  -0.0186806282
       -0.0146003521  -0.0183847372  -0.0002526051   0.0009906659  -0.0008995248
        0.1030166724  -0.1292106188   0.0118400964   0.0245356425  -0.0514263874
       -0.0460796976  -0.0065668914  -0.0145546747   0.0030152858
        0.0005432138  -0.0000891295  -0.0001841894  -0.0065956618   0.0029809120
       -0.0003121313  -0.0004648857  -0.0001447748  -0.0004722919  -0.0488797617
       -0.0275349409  -0.1236797582  -0.0079418250   0.0181280913   0.4818720369
        0.0212331961   0.0666880771  -0.0948072041   0.0003025873  -0.0001661946
        0.0000505878  -0.0001237585   0.0000067141   0.0006093378  -0.0001668221
        0.0000621396  -0.0004529031   0.0002244303  -0.0000554203   0.0011022346
        0.0000888562   0.0000236667  -0.0000097260   0.0013605383  -0.0003303398
       -0.0000111208   0.0003118457   0.0001027410  -0.0001396947   0.0018421914
        0.0023178659   0.0030498983  -0.0189147354  -0.0120135030  -0.0272109601
       -0.0145815380   0.0117301740  -0.0464183470   0.0770006546  -0.0454519104
       -0.2010390609  -0.0052385254  -0.0162541683   0.0080532921
       -0.0018037064   0.0008227076   0.0000850441   0.0004254208   0.0001249868
        0.0004723629  -0.0004147160   0.0001606870  -0.0000454086  -0.0133862361
       -0.0251606977   0.0056675468  -0.0786296099  -0.0544503756   0.0212331961
        0.3144446561   0.1757860196   0.1707582177  -0.0005874409  -0.0002325892
       -0.0002019827  -0.0009149852   0.0002526619  -0.0004186187  -0.0000592177
        0.0000694712   0.0000366215  -0.0000142389  -0.0001526100  -0.0003112167
        0.0001716702  -0.0001136880   0.0000006877   0.0002591472  -0.0001602189
       -0.0001144036  -0.0000721031   0.0000687217  -0.0002251530  -0.0032781777
       -0.0032030080  -0.0029335029   0.0011034007   0.0011180386   0.0005699107
        0.0109538868   0.0070953946  -0.0060088298  -0.0093230336  -0.0196238938
        0.0150500311  -0.2188747163  -0.0824016076  -0.2036145024
        0.0014722988   0.0004959060  -0.0002933462   0.0001621617   0.0000006671
        0.0003728455  -0.0006893070   0.0003870420  -0.0002344527  -0.0146827870
       -0.0166229035   0.0009610142  -0.0449244002  -0.1570956092   0.0666880771
        0.1757860196   0.2791550160  -0.0281991052   0.0002474140  -0.0000382880
        0.0001970624  -0.0003705439   0.0002854305   0.0008414988  -0.0000521821
       -0.0001252339  -0.0004061629   0.0000173957  -0.0000226240  -0.0000708584
        0.0002994796   0.0000997615   0.0000261855   0.0002470593  -0.0004043247
        0.0001584239  -0.0002312060   0.0000347966  -0.0001483778  -0.0024342271
       -0.0011873641  -0.0021045640   0.0019824525   0.0011936887   0.0008722675
       -0.0089412768  -0.0446155077   0.0198210406  -0.0103245989  -0.0061003263
        0.0137009879  -0.0975637523  -0.0554401271  -0.0721825361
       -0.0007923327  -0.0000794971   0.0001323190  -0.0000628574  -0.0003185197
        0.0000277683   0.0003840745  -0.0000957568   0.0001679571  -0.0085865173
       -0.0161022297   0.0094169694   0.0090786320   0.0518718935  -0.0948072041
        0.1707582177  -0.0281991052   0.3062049819  -0.0001054273   0.0000666350
       -0.0000323715  -0.0004286666   0.0003354796   0.0000492388   0.0001347027
        0.0000127904  -0.0000028960   0.0001386731   0.0002057507  -0.0000557950
       -0.0001223770  -0.0001117905  -0.0001261424  -0.0002323385   0.0003168317
        0.0002619373   0.0001420616  -0.0000032685   0.0001115869  -0.0032690574
       -0.0030930261  -0.0024233250   0.0006506876  -0.0001138400   0.0017074563
        0.0018646002   0.0156328826  -0.0028631354   0.0171970353   0.0312129717
       -0.0184803472  -0.1867491103  -0.0515382016  -0.1992889982
       -0.2445040572   0.0849327881  -0.0140250302  -0.0007830177   0.0022819021
       -0.0000996006   0.0007078918  -0.0009468080   0.0001203375   0.0009851215
        0.0007187034   0.0000963120   0.0001824370  -0.0002695291   0.0003025873
       -0.0005874409   0.0002474140  -0.0001054273   0.2832902977  -0.0991648213
        0.0157614382  -0.0202134624   0.0057429358  -0.0037746940  -0.0195038317
        0.0065389987   0.0018391601   0.0005060778  -0.0001582123   0.0003292295
       -0.0000419922  -0.0001291572   0.0000300385  -0.0002767330   0.0000782855
       -0.0001390165   0.0002844777  -0.0000331673   0.0000089350  -0.0001829273
        0.0002569920  -0.0001132711   0.0000974474  -0.0001578195  -0.0001474639
        0.0000134984   0.0000580218  -0.0000106973   0.0000094386  -0.0000760723
        0.0000306577   0.0000167744   0.0000795457  -0.0001034948
        0.0844396533  -0.0772372205   0.0052158673   0.0282979832  -0.0165789301
        0.0028748960   0.0005787866   0.0007116434  -0.0005583397  -0.0006114304
       -0.0063935372   0.0014343538  -0.0000901776   0.0001737356  -0.0001661946
       -0.0002325892  -0.0000382880   0.0000666350  -0.0991648213   0.0927067768
       -0.0070496821  -0.0119989559   0.0054356318  -0.0012420775  -0.0025378025
        0.0020953149  -0.0007001504   0.0006202570   0.0006071981  -0.0001496007
        0.0000015789   0.0001814542  -0.0002058995  -0.0000515501  -0.0000700711
        0.0000271097  -0.0005185341  -0.0002223363   0.0004047457   0.0015669831
       -0.0013547760  -0.0000186680  -0.0002298082  -0.0000012017   0.0000515253
       -0.0000351038   0.0000435070   0.0000450760   0.0000082266  -0.0000486078
        0.0000299817  -0.0000426956  -0.0000102932  -0.0000595780
       -0.0138037138   0.0053559735  -0.0450881030  -0.0047627848   0.0025506026
       -0.0003718302  -0.0005302999   0.0004548259   0.0002345971   0.0001725571
        0.0009095078   0.0003204129   0.0000543231  -0.0000730988   0.0000505878
       -0.0002019827   0.0001970624  -0.0000323715   0.0157614382  -0.0070496821
        0.0485189705  -0.0251398158   0.0081026950  -0.0032603393   0.0280166454
       -0.0102596718  -0.0004187833   0.0003571067  -0.0005412071   0.0001019009
        0.0000706404  -0.0001662253  -0.0000494177  -0.0001650710  -0.0000222714
       -0.0001682814   0.0004080917   0.0004020251  -0.0001030240  -0.0002782748
        0.0001821698   0.0001592502  -0.0000277278   0.0000661987   0.0000002663
        0.0000381772  -0.0000084078   0.0000169444  -0.0000012682  -0.0001027261
        0.0000549615   0.0000319590   0.0000022295   0.0000342586
       -0.1053832787  -0.0545721881  -0.0909535567  -0.0015942415  -0.0039757586
       -0.0019486195   0.0001045588   0.0000191963  -0.0002810887   0.0004505245
        0.0003722456   0.0002301559   0.0000592253   0.0012970660  -0.0001237585
       -0.0009149852  -0.0003705439  -0.0004286666  -0.0202134624  -0.0119989559
       -0.0251398158   0.1203490028   0.0637226426   0.1063089090   0.0074055399
        0.0062464472   0.0117914183   0.0006814943  -0.0008639191   0.0001639203
        0.0000265469   0.0002528243   0.0000211385   0.0001767196  -0.0002459843
        0.0004579172  -0.0002787894  -0.0000138666  -0.0001651667  -0.0001465422
        0.0000160970  -0.0000668413  -0.0000451127  -0.0000452028   0.0000627128
       -0.0000001462  -0.0002152257   0.0000913925   0.0000741554   0.0001029761
       -0.0000310305  -0.0007512091   0.0002721499   0.0000109799
       -0.0540421595  -0.0905518882  -0.0798360182  -0.0165474097  -0.0192095777
       -0.0226411800   0.0003926474   0.0010593180  -0.0009117496  -0.0002933732
        0.0008772324  -0.0001759916   0.0005574303  -0.0006267929   0.0000067141
        0.0002526619   0.0002854305   0.0003354796   0.0057429358   0.0054356318
        0.0081026950   0.0637226426   0.1075014055   0.0925536191   0.0016849022
        0.0022673626   0.0013053919  -0.0012254117  -0.0074642007   0.0003241163
        0.0001551031   0.0003033205  -0.0001102386  -0.0000313446  -0.0000433283
        0.0006768212  -0.0000115002  -0.0000706746   0.0000344557  -0.0000977670
        0.0002992691  -0.0000227175  -0.0000887893  -0.0000957567  -0.0000445895
       -0.0003232861   0.0000740235   0.0001117587   0.0001649375  -0.0002858226
        0.0005960167  -0.0000122193   0.0002450480  -0.0003045832
       -0.0900179510  -0.0798567986  -0.1766622713   0.0015461502  -0.0012495089
        0.0026132211   0.0005325081   0.0010720194   0.0011807035  -0.0000267966
       -0.0000601375   0.0001523806  -0.0002112615  -0.0004151520   0.0006093378
       -0.0004186187   0.0008414988   0.0000492388  -0.0037746940  -0.0012420775
       -0.0032603393   0.1063089090   0.0925536191   0.2035401959  -0.0137797808
       -0.0128060522  -0.0280226132   0.0002934922   0.0005678411   0.0006982642
        0.0000082733   0.0000443745  -0.0001044911  -0.0000126364   0.0000964881
        0.0000532294  -0.0000625866  -0.0000635315  -0.0001378342  -0.0000199965
        0.0001079431  -0.0000950306  -0.0001075550  -0.0000475361  -0.0002639532
        0.0000224206   0.0000837617  -0.0000692088  -0.0000426049   0.0003411670
       -0.0001768345  -0.0002372713   0.0000320813  -0.0001039949
       -0.1016123350  -0.0181656341   0.1008655605  -0.0017541473  -0.0019836734
        0.0034833147   0.0004501759  -0.0011472378   0.0000772594   0.0006733809
        0.0006209468  -0.0007857787   0.0000711564   0.0002429670  -0.0001668221
       -0.0000592177  -0.0000521821   0.0001347027  -0.0195038317  -0.0025378025
        0.0280166454   0.0074055399   0.0016849022  -0.0137797808   0.1145874572
        0.0214647990  -0.1182207673  -0.0002536871  -0.0001130658   0.0001198359
        0.0000609888  -0.0001701893   0.0003232803  -0.0000705134  -0.0000215348
       -0.0001191922   0.0001801876   0.0000744905  -0.0001019600  -0.0001683809
        0.0000475548  -0.0000034156   0.0001541612   0.0002740238   0.0000661567
       -0.0000602988  -0.0000868649   0.0000628710  -0.0000348267  -0.0000929477
        0.0001140831  -0.0000658092  -0.0000385518  -0.0000859930
       -0.0180842582  -0.0478843129   0.0309495397  -0.0143064965  -0.0083074375
        0.0267620783  -0.0005354062  -0.0061088452   0.0014568422  -0.0006889929
        0.0008303518   0.0005961252   0.0002239562   0.0000396451   0.0000621396
        0.0000694712  -0.0001252339   0.0000127904   0.0065389987   0.0020953149
       -0.0102596718   0.0062464472   0.0022673626  -0.0128060522   0.0214647990
        0.0578638523  -0.0378183193  -0.0001680709   0.0006086079   0.0002762439
       -0.0009315272  -0.0006781262   0.0016608359   0.0000779051  -0.0001135336
       -0.0001580463   0.0000829064  -0.0000925912  -0.0001389570  -0.0001701398
        0.0002187351  -0.0001516262   0.0004832945  -0.0004987657  -0.0002335106
       -0.0000989936  -0.0000299186   0.0000275255  -0.0000857512  -0.0001305148
       -0.0000709170  -0.0001181419   0.0000454098  -0.0001670206
        0.1001864148   0.0312827938  -0.2212642957   0.0039401353   0.0039052152
       -0.0072213922   0.0002690387   0.0025649244   0.0004002632   0.0000216110
       -0.0006005135   0.0003560221  -0.0000791103   0.0005330638  -0.0004529031
        0.0000366215  -0.0004061629  -0.0000028960   0.0018391601  -0.0007001504
       -0.0004187833   0.0117914183   0.0013053919  -0.0280226132  -0.1182207673
       -0.0378183193   0.2554249983  -0.0000190780  -0.0003061909   0.0004935581
        0.0004041311   0.0004061721  -0.0005068633   0.0000153743  -0.0000590341
        0.0003629189  -0.0001945597  -0.0000546110   0.0000294523   0.0000309446
       -0.0002067481   0.0000896526  -0.0002746610   0.0002744164   0.0002968962
        0.0000035629  -0.0000825211   0.0000381316   0.0000461536  -0.0000624377
        0.0000903927   0.0002036101   0.0000247112   0.0003074608
       -0.0014287771  -0.0035145260  -0.0031768648  -0.1037411094  -0.0477767633
       -0.0861870238   0.0056216186   0.0043152382   0.0112004658  -0.0228902395
       -0.0085548744  -0.0210309660  -0.0047440137   0.0034208855   0.0002244303
       -0.0000142389   0.0000173957   0.0001386731   0.0005060778   0.0006202570
        0.0003571067   0.0006814943  -0.0012254117   0.0002934922  -0.0002536871
       -0.0001680709  -0.0000190780   0.1264787210   0.0535513087   0.0964873796
        0.0001743112   0.0003060233  -0.0002306915  -0.0003785101  -0.0001972120
        0.0028817606   0.0006767052   0.0002559091   0.0006120536   0.0004480269
       -0.0001923702  -0.0003192045  -0.0000392768  -0.0007130056  -0.0004152252
       -0.0013606165  -0.0002602057  -0.0011889356   0.0001796979   0.0001463886
        0.0003769941   0.0000838161  -0.0000309663  -0.0000043667
       -0.0170805013  -0.0205163367  -0.0214753999  -0.0477719188  -0.0780801199
       -0.0660485132   0.0015093025   0.0024321691   0.0028559999   0.0084296223
        0.0040863273   0.0076483066   0.0021448265  -0.0002555081  -0.0000554203
       -0.0001526100  -0.0000226240   0.0002057507  -0.0001582123   0.0006071981
       -0.0005412071  -0.0008639191  -0.0074642007   0.0005678411  -0.0001130658
        0.0006086079  -0.0003061909   0.0535513087   0.0972724489   0.0755119519
        0.0002028982   0.0002563366   0.0004238265  -0.0002671769   0.0005075551
        0.0006631356   0.0002004072  -0.0000610588  -0.0003878601   0.0003510943
        0.0002912657   0.0004046013  -0.0003525692   0.0003009127   0.0002389623
        0.0002908981   0.0000658050   0.0003114024  -0.0000300567  -0.0001057920
       -0.0000132025   0.0001096723   0.0000770138  -0.0000039843
        0.0009239880   0.0006464850   0.0025550102  -0.0860251952  -0.0659255920
       -0.1608525902  -0.0110695881  -0.0107712690  -0.0276308014  -0.0030829928
       -0.0012016358  -0.0017547760  -0.0003987658   0.0006092104   0.0011022346
       -0.0003112167  -0.0000708584  -0.0000557950   0.0003292295  -0.0001496007
        0.0001019009   0.0001639203   0.0003241163   0.0006982642   0.0001198359
        0.0002762439   0.0004935581   0.0964873796   0.0755119519   0.1904137201
       -0.0004729274  -0.0000248065   0.0002578844   0.0029687634   0.0008988052
       -0.0063681413  -0.0003951301  -0.0003713506   0.0006600788  -0.0001026115
        0.0002292184  -0.0002621643   0.0006503323  -0.0000855117   0.0007456944
       -0.0002105002   0.0000031936  -0.0002497615   0.0002465311   0.0000631769
        0.0000575309   0.0001789479   0.0000382231   0.0000881531
       -0.0010705232  -0.0007256394   0.0028858138  -0.0016237862  -0.0142855791
        0.0039578342  -0.0437826303  -0.0089817092   0.0003896282   0.0004160381
       -0.0012417123   0.0002636642  -0.0002790518  -0.0000825564   0.0000888562
        0.0001716702   0.0002994796  -0.0001223770  -0.0000419922   0.0000015789
        0.0000706404   0.0000265469   0.0001551031   0.0000082733   0.0000609888
       -0.0009315272   0.0004041311   0.0001743112   0.0002028982  -0.0004729274
        0.0488254046   0.0106036346  -0.0032300513  -0.0008393519  -0.0171943599
        0.0008218031  -0.0016247729   0.0318266115  -0.0053011484  -0.0004675118
        0.0004581019   0.0004607608   0.0000914096   0.0000787355  -0.0001291041
       -0.0000639655   0.0000371915   0.0000264219   0.0000233484  -0.0002181745
       -0.0000968726   0.0000038680  -0.0000020768  -0.0000253464
       -0.0011085158   0.0003108517   0.0026226976  -0.0018566154  -0.0086293945
        0.0040823699  -0.0090428337  -0.2745806761   0.0400937655   0.0005661208
        0.0007422408  -0.0006740353   0.0000096798  -0.0000053644   0.0000236667
       -0.0001136880   0.0000997615  -0.0001117905  -0.0001291572   0.0001814542
       -0.0001662253   0.0002528243   0.0003033205   0.0000443745  -0.0001701893
       -0.0006781262   0.0004061721   0.0003060233   0.0002563366  -0.0000248065
        0.0106036346   0.3184328811  -0.0485049558  -0.0018899072  -0.0201218747
       -0.0000538993   0.0027575878  -0.0164760902   0.0024879398  -0.0002292606
        0.0003935410  -0.0000054433   0.0002152445   0.0000441331  -0.0001057321
       -0.0000754024   0.0000600872  -0.0000172869  -0.0001831731  -0.0003391369
       -0.0000874251   0.0000876277   0.0000060552  -0.0000093857
        0.0029220660   0.0011810321  -0.0045533970   0.0030356021   0.0262849592
       -0.0069656560   0.0003414369   0.0403097966  -0.0501018173  -0.0006260415
        0.0005121012   0.0006777080  -0.0000550189  -0.0000690784  -0.0000097260
        0.0000006877   0.0000261855  -0.0001261424   0.0000300385  -0.0002058995
       -0.0000494177   0.0000211385  -0.0001102386  -0.0001044911   0.0003232803
        0.0016608359  -0.0005068633  -0.0002306915   0.0004238265   0.0002578844
       -0.0032300513  -0.0485049558   0.0584156917  -0.0017618385  -0.0250973018
        0.0028455799  -0.0009359809   0.0040574666   0.0001002471   0.0005213602
       -0.0003714821  -0.0000010583  -0.0003012070   0.0000405603   0.0000457741
       -0.0000662147   0.0000002349   0.0000061895   0.0000075283  -0.0001021924
        0.0000129841   0.0000039058  -0.0000358501   0.0000565103
        0.0005027154   0.0005223660   0.0001491236   0.0073459201   0.0059495034
        0.0095087762  -0.0945467336  -0.0504710093  -0.0842895318   0.0002570101
        0.0001092211  -0.0001888204  -0.0012881050  -0.0000394896   0.0013605383
        0.0002591472   0.0002470593  -0.0002323385  -0.0002767330  -0.0000515501
       -0.0001650710   0.0001767196  -0.0000313446  -0.0000126364  -0.0000705134
        0.0000779051   0.0000153743  -0.0003785101  -0.0002671769   0.0029687634
       -0.0008393519  -0.0018899072  -0.0017618385   0.1106528881   0.0598898537
        0.0983153092  -0.0198518396  -0.0139230893  -0.0251688581  -0.0000274629
        0.0000274919  -0.0000240941  -0.0000834888  -0.0001155873  -0.0001561315
        0.0002528330  -0.0000682250  -0.0002147164  -0.0019375221   0.0001041500
       -0.0001384193  -0.0001469730  -0.0000701711   0.0000345709
        0.0003592327   0.0009031577   0.0012574293   0.0024298737   0.0018505230
        0.0015607103  -0.0507727417  -0.0942361821  -0.0829423444  -0.0000500953
        0.0001485496  -0.0003508713   0.0000505245   0.0002797845  -0.0003303398
       -0.0001602189  -0.0004043247   0.0003168317   0.0000782855  -0.0000700711
       -0.0000222714  -0.0002459843  -0.0000433283   0.0000964881  -0.0000215348
       -0.0001135336  -0.0000590341  -0.0001972120   0.0005075551   0.0008988052
       -0.0171943599  -0.0201218747  -0.0250973018   0.0598898537   0.1057398003
        0.0965362067   0.0056209966   0.0051541441   0.0078154841  -0.0001727259
       -0.0002237235  -0.0000880038  -0.0000622187  -0.0000743677   0.0000912556
        0.0000312918  -0.0000572766   0.0000719949   0.0004695907   0.0007015757
        0.0002447644  -0.0000525577   0.0000595923   0.0000001963
       -0.0004064662  -0.0008500728   0.0012283683  -0.0109609502  -0.0117195005
       -0.0266837688  -0.0850286048  -0.0830271841  -0.1797245641  -0.0005449299
        0.0000465275   0.0007180468  -0.0000462058   0.0000272905  -0.0000111208
       -0.0001144036   0.0001584239   0.0002619373  -0.0001390165   0.0000271097
       -0.0001682814   0.0004579172   0.0006768212   0.0000532294  -0.0001191922
       -0.0001580463   0.0003629189   0.0028817606   0.0006631356  -0.0063681413
        0.0008218031  -0.0000538993   0.0028455799   0.0983153092   0.0965362067
        0.2105460495  -0.0054587567  -0.0023426038  -0.0039606121  -0.0000598123
       -0.0000432631  -0.0001585609  -0.0002052859  -0.0000382465   0.0001478451
       -0.0001670281   0.0000437851   0.0001109398   0.0007207924   0.0000929175
        0.0008358325   0.0000530696  -0.0000394013  -0.0000356981
        0.0005628924   0.0003042022  -0.0006064432  -0.0180239984   0.0057924586
        0.0022495154  -0.2508299986   0.0799337923  -0.0176166713  -0.0015481356
       -0.0008630763   0.0036778456   0.0002343709   0.0002802314   0.0003118457
       -0.0000721031  -0.0002312060   0.0001420616   0.0002844777  -0.0005185341
        0.0004080917  -0.0002787894  -0.0000115002  -0.0000625866   0.0001801876
        0.0000829064  -0.0001945597   0.0006767052   0.0002004072  -0.0003951301
       -0.0016247729   0.0027575878  -0.0009359809  -0.0198518396   0.0056209966
       -0.0054587567   0.2908829166  -0.0936536959   0.0182141796   0.0001366671
       -0.0002595073  -0.0000322931  -0.0010407720   0.0004681847   0.0002612625
        0.0000912268  -0.0000264363   0.0000144970   0.0002096505   0.0000599478
        0.0000890004   0.0000113149   0.0000632411  -0.0000658780
       -0.0009226858   0.0005072923   0.0003979926  -0.0032426640   0.0014142736
       -0.0007518172   0.0799619699  -0.0749345107   0.0061654462  -0.0002539891
        0.0002872678   0.0001863173  -0.0002010555   0.0001348417   0.0001027410
        0.0000687217   0.0000347966  -0.0000032685  -0.0000331673  -0.0002223363
        0.0004020251  -0.0000138666  -0.0000706746  -0.0000635315   0.0000744905
       -0.0000925912  -0.0000546110   0.0002559091  -0.0000610588  -0.0003713506
        0.0318266115  -0.0164760902   0.0040574666  -0.0139230893   0.0051541441
       -0.0023426038  -0.0936536959   0.0841276838  -0.0076902243  -0.0000590384
        0.0001054056   0.0000680453  -0.0000331810   0.0002119022  -0.0000430382
       -0.0000470815  -0.0000253129   0.0000415342   0.0002179833  -0.0000949919
       -0.0001065319  -0.0000221714  -0.0000000412   0.0000054086
        0.0002108884  -0.0006370522   0.0004369756   0.0255570580  -0.0083865346
       -0.0010357775  -0.0178597069   0.0059798066  -0.0433082922   0.0029656242
        0.0010988803  -0.0043086041  -0.0001474574   0.0000792689  -0.0001396947
       -0.0002251530  -0.0001483778   0.0001115869   0.0000089350   0.0004047457
       -0.0001030240  -0.0001651667   0.0000344557  -0.0001378342  -0.0001019600
       -0.0001389570   0.0000294523   0.0006120536  -0.0003878601   0.0006600788
       -0.0053011484   0.0024879398   0.0001002471  -0.0251688581   0.0078154841
       -0.0039606121   0.0182141796  -0.0076902243   0.0519380517  -0.0001561479
        0.0000824235  -0.0001185327   0.0013590053  -0.0006859109  -0.0003717310
       -0.0000322329   0.0000175489   0.0001037015   0.0001678532   0.0000671052
        0.0000461777   0.0000622341   0.0000072584   0.0000578309
       -0.0043245094   0.0025564123   0.0001777438  -0.0006112834   0.0265508458
       -0.0041594702   0.0006831849   0.0009056055  -0.0006976883  -0.0444008067
       -0.0291636840   0.0063466771  -0.0047537344  -0.0186806282   0.0018421914
       -0.0032781777  -0.0024342271  -0.0032690574  -0.0001829273   0.0015669831
       -0.0002782748  -0.0001465422  -0.0000977670  -0.0000199965  -0.0001683809
       -0.0001701398   0.0000309446   0.0004480269   0.0003510943  -0.0001026115
       -0.0004675118  -0.0002292606   0.0005213602  -0.0000274629  -0.0001727259
       -0.0000598123   0.0001366671  -0.0000590384  -0.0001561479   0.0595899163
        0.0339215586  -0.0046315157  -0.0012412299  -0.0124006657   0.0043251947
       -0.0005258769  -0.0014487239   0.0000804801  -0.0001917301   0.0000868514
       -0.0000432572  -0.0005376217  -0.0010824905   0.0000932399
        0.0041978979  -0.0011004262   0.0002868176   0.0021374202  -0.0190794865
        0.0035039303  -0.0011170322   0.0008555071   0.0002543236  -0.0304343738
       -0.2598156689   0.0426776017  -0.0035876187  -0.0146003521   0.0023178659
       -0.0032030080  -0.0011873641  -0.0030930261   0.0002569920  -0.0013547760
        0.0001821698   0.0000160970   0.0002992691   0.0001079431   0.0000475548
        0.0002187351  -0.0002067481  -0.0001923702   0.0002912657   0.0002292184
        0.0004581019   0.0003935410  -0.0003714821   0.0000274919  -0.0002237235
       -0.0000432631  -0.0002595073   0.0001054056   0.0000824235   0.0339215586
        0.3017159703  -0.0504498019  -0.0020989976  -0.0067966482   0.0039731843
        0.0001157517   0.0009753730   0.0005299425  -0.0000932660  -0.0001163119
       -0.0003348909  -0.0001926924  -0.0005803093   0.0003537917
       -0.0000026090  -0.0000377053   0.0005608392  -0.0002334514  -0.0003888766
        0.0006313679   0.0002627648  -0.0009939295   0.0004447166   0.0070326978
        0.0436332790  -0.0516945432  -0.0046225681  -0.0183847372   0.0030498983
       -0.0029335029  -0.0021045640  -0.0024233250  -0.0001132711  -0.0000186680
        0.0001592502  -0.0000668413  -0.0000227175  -0.0000950306  -0.0000034156
       -0.0001516262   0.0000896526  -0.0003192045   0.0004046013  -0.0002621643
        0.0004607608  -0.0000054433  -0.0000010583  -0.0000240941  -0.0000880038
       -0.0001585609  -0.0000322931   0.0000680453  -0.0001185327  -0.0046315157
       -0.0504498019   0.0579633419   0.0057141830   0.0301571911  -0.0089509351
        0.0000558069  -0.0008159428   0.0008670659  -0.0001136753  -0.0000698419
       -0.0005095577  -0.0004297713  -0.0007312588   0.0004475753
        0.0005098173  -0.0006793920   0.0001672157  -0.0155544360  -0.0002921727
        0.0245867037  -0.0050973345   0.0028007292   0.0002864974  -0.0760074855
       -0.0102141560   0.0821674678   0.0059573556  -0.0002526051  -0.0189147354
        0.0011034007   0.0019824525   0.0006506876   0.0000974474  -0.0002298082
       -0.0000277278  -0.0000451127  -0.0000887893  -0.0001075550   0.0001541612
        0.0004832945  -0.0002746610  -0.0000392768  -0.0003525692   0.0006503323
        0.0000914096   0.0002152445  -0.0003012070  -0.0000834888  -0.0000622187
       -0.0002052859  -0.0010407720  -0.0000331810   0.0013590053  -0.0012412299
       -0.0020989976   0.0057141830   0.0931702036   0.0105816201  -0.0927193651
        0.0001277557  -0.0000642793  -0.0001096530  -0.0022169739  -0.0016520246
       -0.0026473891   0.0001145589  -0.0000431469  -0.0002745135
        0.0004377320   0.0006746543  -0.0007208667   0.0068347616   0.0010070134
       -0.0123782437   0.0023334626  -0.0006790591   0.0001058538  -0.0097186980
       -0.0462491859   0.0238084411   0.0022395844   0.0009906659  -0.0120135030
        0.0011180386   0.0011936887  -0.0001138400  -0.0001578195  -0.0000012017
        0.0000661987  -0.0000452028  -0.0000957567  -0.0000475361   0.0002740238
       -0.0004987657   0.0002744164  -0.0007130056   0.0003009127  -0.0000855117
        0.0000787355   0.0000441331   0.0000405603  -0.0001155873  -0.0000743677
       -0.0000382465   0.0004681847   0.0002119022  -0.0006859109  -0.0124006657
       -0.0067966482   0.0301571911   0.0105816201   0.0509168472  -0.0261742069
        0.0002111714  -0.0002010683   0.0001237313  -0.0015881696  -0.0007691170
       -0.0024262094   0.0001618338   0.0000253527   0.0001076821
       -0.0007465333   0.0002736297   0.0004423293   0.0037870374   0.0000724136
       -0.0039801145   0.0013326620  -0.0004707792   0.0010037551   0.0818965593
        0.0231203320  -0.2363721958   0.0046777976  -0.0008995248  -0.0272109601
        0.0005699107   0.0008722675   0.0017074563  -0.0001474639   0.0000515253
        0.0000002663   0.0000627128  -0.0000445895  -0.0002639532   0.0000661567
       -0.0002335106   0.0002968962  -0.0004152252   0.0002389623   0.0007456944
       -0.0001291041  -0.0001057321   0.0000457741  -0.0001561315   0.0000912556
        0.0001478451   0.0002612625  -0.0000430382  -0.0003717310   0.0043251947
        0.0039731843  -0.0089509351  -0.0927193651  -0.0261742069   0.2759384856
        0.0001956379   0.0002172794  -0.0002752655  -0.0038374602  -0.0013553301
       -0.0034875758   0.0009763515   0.0004158618   0.0005842286
        0.0001709082  -0.0000530260   0.0000771845  -0.0018427783  -0.0015661117
       -0.0037654163  -0.0000281419   0.0000104950  -0.0001484578  -0.0202290590
        0.0115782987  -0.0054953907  -0.1516341382   0.1030166724  -0.0145815380
        0.0109538868  -0.0089412768   0.0018646002   0.0000134984  -0.0000351038
        0.0000381772  -0.0000001462  -0.0003232861   0.0000224206  -0.0000602988
       -0.0000989936   0.0000035629  -0.0013606165   0.0002908981  -0.0002105002
       -0.0000639655  -0.0000754024  -0.0000662147   0.0002528330   0.0000312918
       -0.0001670281   0.0000912268  -0.0000470815  -0.0000322329  -0.0005258769
        0.0001157517   0.0000558069   0.0001277557   0.0002111714   0.0001956379
        0.1762116219  -0.1150995664   0.0203990012  -0.0136494647   0.0129335936
        0.0019164035   0.0015727552  -0.0019483245  -0.0001060163
        0.0001461059   0.0001052942   0.0000605742  -0.0010661988   0.0005001487
       -0.0010294675   0.0001685243   0.0000662919   0.0000094698  -0.0057225202
        0.0043192267  -0.0017813845   0.1048980823  -0.1292106188   0.0117301740
        0.0070953946  -0.0446155077   0.0156328826   0.0000580218   0.0000435070
       -0.0000084078  -0.0002152257   0.0000740235   0.0000837617  -0.0000868649
       -0.0000299186  -0.0000825211  -0.0002602057   0.0000658050   0.0000031936
        0.0000371915   0.0000600872   0.0000002349  -0.0000682250  -0.0000572766
        0.0000437851  -0.0000264363  -0.0000253129   0.0000175489  -0.0014487239
        0.0009753730  -0.0008159428  -0.0000642793  -0.0002010683   0.0002172794
       -0.1150995664   0.1747336051  -0.0218806709   0.0115271613  -0.0070439847
       -0.0024584209   0.0001277648   0.0002403254   0.0002579112
       -0.0000068382  -0.0001464878   0.0000880271  -0.0018542235  -0.0017010573
       -0.0026863866   0.0003852889  -0.0000523717   0.0001010024  -0.0189367196
        0.0114219972  -0.0034237777  -0.0150068096   0.0118400964  -0.0464183470
       -0.0060088298   0.0198210406  -0.0028631354  -0.0000106973   0.0000450760
        0.0000169444   0.0000913925   0.0001117587  -0.0000692088   0.0000628710
        0.0000275255   0.0000381316  -0.0011889356   0.0003114024  -0.0002497615
        0.0000264219  -0.0000172869   0.0000061895  -0.0002147164   0.0000719949
        0.0001109398   0.0000144970   0.0000415342   0.0001037015   0.0000804801
        0.0005299425   0.0008670659  -0.0001096530   0.0001237313  -0.0002752655
        0.0203990012  -0.0218806709   0.0540813046   0.0218318929  -0.0193727903
       -0.0002630221   0.0004455776  -0.0011754348   0.0008355979
       -0.0001007480   0.0000739766  -0.0000370461   0.0008108024  -0.0000425450
       -0.0001347662  -0.0013495274  -0.0005237199  -0.0010279281   0.0074865240
       -0.0042586584  -0.0170879991  -0.0797062319   0.0245356425   0.0770006546
       -0.0093230336  -0.0103245989   0.0171970353   0.0000094386   0.0000082266
       -0.0000012682   0.0000741554   0.0001649375  -0.0000426049  -0.0000348267
       -0.0000857512   0.0000461536   0.0001796979  -0.0000300567   0.0002465311
        0.0000233484  -0.0001831731   0.0000075283  -0.0019375221   0.0004695907
        0.0007207924   0.0002096505   0.0002179833   0.0001678532  -0.0001917301
       -0.0000932660  -0.0001136753  -0.0022169739  -0.0015881696  -0.0038374602
       -0.0136494647   0.0115271613   0.0218318929   0.1000250610  -0.0195044313
       -0.0958728511  -0.0003086199  -0.0003631483   0.0009371579
        0.0002337599   0.0001621472   0.0001945927   0.0005091519   0.0005204559
        0.0006945160   0.0001595113   0.0001232473   0.0001251534   0.0027190781
       -0.0010482357  -0.0105731675   0.0248465504  -0.0514263874  -0.0454519104
       -0.0196238938  -0.0061003263   0.0312129717  -0.0000760723  -0.0000486078
       -0.0001027261   0.0001029761  -0.0002858226   0.0003411670  -0.0000929477
       -0.0001305148  -0.0000624377   0.0001463886  -0.0001057920   0.0000631769
       -0.0002181745  -0.0003391369  -0.0001021924   0.0001041500   0.0007015757
        0.0000929175   0.0000599478  -0.0000949919   0.0000671052   0.0000868514
       -0.0001163119  -0.0000698419  -0.0016520246  -0.0007691170  -0.0013553301
        0.0129335936  -0.0070439847  -0.0193727903  -0.0195044313   0.0654912794
        0.0436228889  -0.0007344149   0.0005105234   0.0006759070
       -0.0001048890  -0.0000912924   0.0001466568   0.0012457989   0.0001382349
        0.0004087873   0.0007940563   0.0000666353   0.0005077159   0.0046593590
       -0.0066449562  -0.0224515861   0.0756891377  -0.0460796976  -0.2010390609
        0.0150500311   0.0137009879  -0.0184803472   0.0000306577   0.0000299817
        0.0000549615  -0.0000310305   0.0005960167  -0.0001768345   0.0001140831
       -0.0000709170   0.0000903927   0.0003769941  -0.0000132025   0.0000575309
       -0.0000968726  -0.0000874251   0.0000129841  -0.0001384193   0.0002447644
        0.0008358325   0.0000890004  -0.0001065319   0.0000461777  -0.0000432572
       -0.0003348909  -0.0005095577  -0.0026473891  -0.0024262094  -0.0034875758
        0.0019164035  -0.0024584209  -0.0002630221  -0.0958728511   0.0436228889
        0.2427168033  -0.0010308132  -0.0000859660   0.0015301417
        0.0002554276   0.0001351211  -0.0000112676   0.0002412171  -0.0000050916
       -0.0000576768   0.0000711243   0.0000399868  -0.0000122283  -0.0004757318
       -0.0031879917   0.0009524964  -0.0129924406  -0.0065668914  -0.0052385254
       -0.2188747163  -0.0975637523  -0.1867491103   0.0000167744  -0.0000426956
        0.0000319590  -0.0007512091  -0.0000122193  -0.0002372713  -0.0000658092
       -0.0001181419   0.0002036101   0.0000838161   0.0001096723   0.0001789479
        0.0000038680   0.0000876277   0.0000039058  -0.0001469730  -0.0000525577
        0.0000530696   0.0000113149  -0.0000221714   0.0000622341  -0.0005376217
       -0.0001926924  -0.0004297713   0.0001145589   0.0001618338   0.0009763515
        0.0015727552   0.0001277648   0.0004455776  -0.0003086199  -0.0007344149
       -0.0010308132   0.2317822652   0.1078366136   0.1908585122
        0.0001884568  -0.0001449605   0.0001226760  -0.0000646239  -0.0002751001
       -0.0001558663   0.0001024258  -0.0000486388   0.0000456617  -0.0021143879
       -0.0043871782   0.0018562949  -0.0203829373  -0.0145546747  -0.0162541683
       -0.0824016076  -0.0554401271  -0.0515382016   0.0000795457  -0.0000102932
        0.0000022295   0.0002721499   0.0002450480   0.0000320813  -0.0000385518
        0.0000454098   0.0000247112  -0.0000309663   0.0000770138   0.0000382231
       -0.0000020768   0.0000060552  -0.0000358501  -0.0000701711   0.0000595923
       -0.0000394013   0.0000632411  -0.0000000412   0.0000072584  -0.0010824905
       -0.0005803093  -0.0007312588  -0.0000431469   0.0000253527   0.0004158618
       -0.0019483245   0.0002403254  -0.0011754348  -0.0003631483   0.0005105234
       -0.0000859660   0.1078366136   0.0742320024   0.0674711493
        0.0001676390   0.0001400871  -0.0001155939   0.0003861376   0.0001182054
       -0.0000473291  -0.0000116303   0.0000015329  -0.0001328526   0.0004759765
        0.0005799307  -0.0003639404   0.0113275275   0.0030152858   0.0080532921
       -0.2036145024  -0.0721825361  -0.1992889982  -0.0001034948  -0.0000595780
        0.0000342586   0.0000109799  -0.0003045832  -0.0001039949  -0.0000859930
       -0.0001670206   0.0003074608  -0.0000043667  -0.0000039843   0.0000881531
       -0.0000253464  -0.0000093857   0.0000565103   0.0000345709   0.0000001963
       -0.0000356981  -0.0000658780   0.0000054086   0.0000578309   0.0000932399
        0.0003537917   0.0004475753  -0.0002745135   0.0001076821   0.0005842286
       -0.0001060163   0.0002579112   0.0008355979   0.0009371579   0.0006759070
        0.0015301417   0.1908585122   0.0674711493   0.1880933580
