   -0.02764772
   -0.21852670
   -0.02836236
   -0.00385089
    0.05210440
   -0.38525942
    0.07745385
   -0.00895444
   -0.03795157
   -0.03589258
   -0.03581751
   -0.03625835
   -0.03197822
   -0.00220468
   -0.03663797
   -0.03495477
   -0.03504983
   -0.03541136
   -0.03024918
    0.03751919
    0.03357874
    0.03814867
    0.03973461
    0.03874939
    0.03337519
    0.06367693
    0.04626135
    0.04246580
    0.04912943
    0.03829375
    0.03666600
    0.03711354
    0.03714492
    0.03780640
    0.06027128
    0.03908738
    0.03817978
    0.03806658
    0.03903879
    0.07114160
