           1           2   1.02110177301091     
           2           3  0.991262456372475     
           3           4  0.979957234080344     
           4           5   1.69941125904167     
           4           6   1.15940437789207     
           5           6  0.169504857650974     
           6           7  0.939206721980085     
           1           8  0.987644570013059     
           1           9  0.985998818068284     
           1          10  0.986314402458333     
           2          11  0.976804221476816     
           2          12  0.975798274329524     
           3          13  0.943274700324553     
           3          14  0.970530264362864     
           7          15  0.976573802047198     
           7          16  0.976900816083562     
           7          17  0.976418308624415     
