$hessian                                                                        
        0.5196636917   0.0117064481  -0.0011296075  -0.0717579844   0.0252228352
        0.0005725826   0.0024067875  -0.0147538544  -0.0000527038   0.0002584207
       -0.0000805371  -0.0004084189  -0.0013505954  -0.0018934732   0.0019446875
       -0.0002116779  -0.0011605725   0.0001071230   0.0001945093  -0.0001915880
        0.0001437327   0.0000755623  -0.0000137557  -0.0000387273  -0.0000101773
        0.0000392289   0.0000043878  -0.0000132681  -0.0000031461   0.0000017510
       -0.0000838889  -0.0000660113   0.0001234159  -0.0552825081  -0.0157508186
       -0.0455653430  -0.1244272639  -0.0678682285   0.0905219439  -0.2635601892
        0.0413212667  -0.0471815741   0.0019337991  -0.0054104818  -0.0007381891
       -0.0081545411   0.0301930460   0.0015648608   0.0001352273  -0.0001628813
        0.0001103204   0.0002828161  -0.0009535471   0.0001714235  -0.0000549351
        0.0000090906  -0.0000384677   0.0000160408  -0.0000387527  -0.0000795706
       -0.0000163990  -0.0000299288   0.0000189981  -0.0000532259  -0.0000213731
       -0.0000157431  -0.0000227220  -0.0000401120  -0.0000235867   0.0000325216
       -0.0000528532  -0.0000132953
        0.0117064481   0.4606316947  -0.0048430697   0.0268354596  -0.1964879786
       -0.0123674707  -0.0018711299  -0.0217025447   0.0039479591   0.0004094069
        0.0008565474  -0.0008467704  -0.0018640638  -0.0017695225   0.0020966702
        0.0003743449  -0.0003227302  -0.0000309711   0.0001512597  -0.0001829147
       -0.0000905090   0.0000693939  -0.0001014449   0.0000393779  -0.0000219545
       -0.0000171356  -0.0000465256   0.0000907701  -0.0000461064   0.0000501286
        0.0001582749  -0.0000398398  -0.0000411671  -0.0159994158  -0.0660996167
       -0.0693883159  -0.0680181397  -0.0977055288   0.0763546800   0.0416642874
       -0.0499932561   0.0088210720   0.0017828891  -0.0154078762  -0.0040910284
        0.0048041967  -0.0110700558  -0.0000416842  -0.0002833919   0.0001200775
       -0.0000610304   0.0001904169  -0.0009704385   0.0000639324  -0.0000076329
        0.0001945692   0.0003169853  -0.0000088193   0.0000358734   0.0000614442
       -0.0000484650   0.0000300568   0.0000210648  -0.0000298923   0.0000315386
        0.0000138069  -0.0000433180   0.0000224653   0.0000063495  -0.0000409248
       -0.0000058336   0.0000550716
       -0.0011296075  -0.0048430697   0.5216052977   0.0003750451  -0.0112072950
       -0.0673883489  -0.0014758430   0.0175983885  -0.0005558520   0.0000704192
        0.0013658332   0.0010397437   0.0020928696   0.0023555453  -0.0021122048
       -0.0004249171   0.0003569083   0.0003671014  -0.0000179067   0.0000461975
       -0.0001452433  -0.0003175497   0.0001127718  -0.0000971289  -0.0000411571
        0.0000138640  -0.0000216891   0.0000222905   0.0000018826  -0.0000085262
       -0.0000041602  -0.0001427011  -0.0004147354  -0.0456690093  -0.0693845440
       -0.2474562859   0.0906155611   0.0761616064  -0.1470267440  -0.0473334350
        0.0086186656  -0.0555858980   0.0046416666  -0.0286221905  -0.0041569706
       -0.0017358249   0.0059778441   0.0012913316   0.0000493408  -0.0000803955
        0.0000023582  -0.0000655708   0.0012227114   0.0000210564   0.0000205286
        0.0002131837   0.0000529316   0.0001540839   0.0000960525   0.0001783200
        0.0000342930   0.0000022145   0.0000431886   0.0000346622   0.0000101833
        0.0000757525   0.0000515181   0.0000185146   0.0000992080   0.0000527025
        0.0001078284   0.0001933373
       -0.0717579844   0.0268354596   0.0003750451   0.5075210617  -0.0131389859
        0.0309002061  -0.0975278226  -0.0371144818   0.0444209324   0.0022661147
        0.0011991709  -0.0009291797   0.0022416313   0.0000299401  -0.0017368373
       -0.0270522289  -0.0127321266   0.0170695221  -0.0022429506  -0.0006317184
       -0.0010863765  -0.0008804582   0.0016562111  -0.0004262548  -0.0000366271
        0.0001623628   0.0003461102   0.0003146389   0.0010195679  -0.0001494078
       -0.0000956220  -0.0000570913   0.0006074533   0.0015131118  -0.0058382457
       -0.0002920209   0.0025696506  -0.0170329490  -0.0002787890  -0.0080205840
        0.0305951498   0.0015603615  -0.0548865926  -0.0139052458  -0.0445983215
       -0.2544220124   0.0369578935  -0.0455793351   0.0007978845   0.0010186907
       -0.0005848345   0.0002821076   0.0018025759  -0.0002252684   0.0002289656
        0.0002497939   0.0000173264  -0.0001254588  -0.0003888509   0.0000967007
       -0.0001953112   0.0000566874  -0.0000260085  -0.0000518848  -0.0002381224
        0.0001234370   0.0000490631  -0.0000277039   0.0000531907  -0.0004886922
       -0.0004779819   0.0003423486
        0.0252228352  -0.1964879786  -0.0112072950  -0.0131389859   0.4606886273
        0.0218369374  -0.0304207292  -0.0862418904   0.0370464174   0.0030241953
        0.0034801215  -0.0042155743  -0.0137788441  -0.0233978254   0.0193083328
       -0.0034710875   0.0020359201  -0.0015732269   0.0010516561  -0.0010990584
        0.0001125704   0.0000072695  -0.0003282894   0.0000555756   0.0000171412
       -0.0000238794  -0.0000504322   0.0000264775  -0.0001252446   0.0000898218
        0.0004744786   0.0002330743   0.0000770434   0.0015830613  -0.0150164674
       -0.0051545739   0.0015480441  -0.0198765602   0.0007777504   0.0059638267
       -0.0102230895   0.0002307863  -0.0139541323  -0.0620088777  -0.0654269248
        0.0372178131  -0.0471620636   0.0061539433  -0.0010147044   0.0006351195
        0.0002088848   0.0005850227  -0.0063685714   0.0007998096  -0.0005062944
        0.0010706272   0.0009172437  -0.0000032439   0.0001032383  -0.0000214567
        0.0000330718   0.0000428457  -0.0000247204  -0.0000070586   0.0000824049
       -0.0000073487  -0.0000306069   0.0000101213   0.0000122300  -0.0004292056
       -0.0000223040   0.0000542058
        0.0005725826  -0.0123674707  -0.0673883489   0.0309002061   0.0218369374
        0.5068343001   0.0378064281   0.0374712734  -0.1194552929   0.0163561368
        0.0138621581  -0.0256410315   0.0008150055   0.0040281582  -0.0011789593
        0.0059587410  -0.0024159047   0.0045336078  -0.0007857689   0.0003825554
        0.0000439462   0.0002605276   0.0000447042   0.0000285929  -0.0001022073
       -0.0000098168   0.0000389946   0.0006378260  -0.0001058139  -0.0000227905
       -0.0011965413   0.0000903125  -0.0011398700   0.0047838838  -0.0290356923
       -0.0044641693  -0.0024613027   0.0200023898   0.0005593810  -0.0014671056
        0.0063498213   0.0008436653  -0.0448519757  -0.0647198027  -0.2411609382
       -0.0456623811   0.0065607336  -0.0545431739   0.0001011611  -0.0002899202
        0.0000956541  -0.0000815113  -0.0004248846   0.0008349336  -0.0003474319
       -0.0011217832   0.0010055726  -0.0000232184   0.0001354096   0.0001316227
       -0.0001371436   0.0000566821   0.0001000008  -0.0000942978   0.0000418387
        0.0000300998  -0.0000801946   0.0000207822  -0.0000587599  -0.0009014184
       -0.0003926675  -0.0000270370
        0.0024067875  -0.0018711299  -0.0014758430  -0.0975278226  -0.0304207292
        0.0378064281   0.4694202625  -0.0015120629   0.0186886374  -0.0519036571
       -0.0154312636  -0.0412846401  -0.0661931796   0.0248462893  -0.0014304814
       -0.1887458873   0.0171364283  -0.0222721233  -0.0260874049   0.0073245337
        0.0024506945   0.0005832771   0.0024504204   0.0020197477  -0.0010691589
        0.0000782206  -0.0002587567   0.0015798848   0.0003319986  -0.0021189412
       -0.0177520115  -0.0011499413  -0.0113592356   0.0001381546   0.0001724061
        0.0000130738   0.0006550437   0.0011951616  -0.0002819049   0.0002749148
        0.0005170766  -0.0004581315   0.0026184935   0.0021665607  -0.0011049528
       -0.0226847865  -0.0146536219   0.0204463842  -0.0103984557   0.0291030221
        0.0004283826   0.0035027176  -0.0149781998  -0.0001876345   0.0011481659
       -0.0036507678   0.0005589960   0.0009203878  -0.0013040774  -0.0014329104
       -0.0007210451   0.0000095703  -0.0001716751   0.0001108604  -0.0003610297
        0.0001301078  -0.0003699058   0.0001092753   0.0000585678   0.0000943648
       -0.0001081398   0.0012362108
       -0.0147538544  -0.0217025447   0.0175983885  -0.0371144818  -0.0862418904
        0.0374712734  -0.0015120629   0.4535527548   0.0335338071  -0.0148997007
       -0.0663741939  -0.0683129997   0.0320684429  -0.1811650618  -0.0065585268
        0.0141627525  -0.0597478847  -0.0013941523   0.0133250336  -0.0001525474
       -0.0009107817   0.0020365185   0.0054184254  -0.0041433133   0.0003374502
       -0.0002828654  -0.0000411993  -0.0000102811   0.0052297672  -0.0037832960
       -0.0068318599   0.0010257192  -0.0000383641  -0.0003053596   0.0007266317
        0.0009061148   0.0005459894  -0.0061291423   0.0003893044  -0.0005493115
        0.0010282931   0.0002316615   0.0037864553   0.0033534366  -0.0038165694
       -0.0002762989   0.0007239595  -0.0002780476   0.0048824526  -0.0082353015
       -0.0001988844   0.0027535244  -0.0198274245   0.0017635341   0.0025880850
       -0.0157075184  -0.0051932072   0.0004691140  -0.0017914925   0.0013547738
        0.0006261245  -0.0002999614   0.0000803337  -0.0002564565  -0.0013900116
        0.0006268801  -0.0004446469   0.0000327116  -0.0001792227  -0.0006276286
       -0.0020438586   0.0008924930
       -0.0000527038   0.0039479591  -0.0005558520   0.0444209324   0.0370464174
       -0.1194552929   0.0186886374   0.0335338071   0.5184737832  -0.0402142404
       -0.0682453321  -0.2274865571  -0.0009161143  -0.0086043883  -0.0659519518
       -0.0316116876   0.0003620207  -0.0713973909   0.0177004610  -0.0039961069
        0.0021498847   0.0014969615  -0.0040319284  -0.0012178709   0.0002122501
       -0.0001389749  -0.0004330522  -0.0025775031  -0.0037437910  -0.0032599140
       -0.0248170431   0.0026800238  -0.0060725417  -0.0005168022  -0.0013868853
        0.0009718948  -0.0001705021  -0.0008962202   0.0007438457   0.0000429527
       -0.0002453272   0.0002365452   0.0161762313   0.0137144603  -0.0253626027
       -0.0007403049  -0.0012975055   0.0020834268  -0.0023399302   0.0076427095
        0.0004392213  -0.0037999453   0.0195265656  -0.0001151451   0.0062668564
       -0.0280598508  -0.0035804174   0.0025998481   0.0005119974   0.0002509476
        0.0012676191  -0.0002277061  -0.0001209997   0.0003197052   0.0005922375
       -0.0001552771  -0.0012508794   0.0001042724  -0.0003638466  -0.0001847988
        0.0012115458   0.0001791626
        0.0002584207   0.0004094069   0.0000704192   0.0022661147   0.0030241953
        0.0163561368  -0.0519036571  -0.0148997007  -0.0402142404   0.0671146452
        0.0161835234   0.0452782810   0.0018418351   0.0036119425   0.0055567682
       -0.0121390265  -0.0088335712  -0.0278336096   0.0001631216  -0.0011690858
       -0.0026114643   0.0002085545  -0.0000873442  -0.0001085716   0.0002498122
        0.0000230121   0.0001619238  -0.0003590396  -0.0004549365  -0.0012710360
       -0.0058776069   0.0011070805  -0.0007996202   0.0001728424  -0.0001078460
       -0.0001526937  -0.0000888832   0.0001568810  -0.0000259624  -0.0002053745
        0.0000691146  -0.0002041504  -0.0012982666  -0.0016979038   0.0028987617
        0.0002991526   0.0003473443   0.0005197901   0.0001836042   0.0003537308
        0.0006557610  -0.0000401948  -0.0004544937  -0.0001493334   0.0003375953
        0.0015532948   0.0003695343  -0.0009454771   0.0007404528   0.0012083713
        0.0001153790  -0.0000070667   0.0000474462   0.0000331382   0.0000200631
        0.0000665321  -0.0004623515   0.0000189733  -0.0001254406   0.0000756622
        0.0000929333   0.0003063969
       -0.0000805371   0.0008565474   0.0013658332   0.0011991709   0.0034801215
        0.0138621581  -0.0154312636  -0.0663741939  -0.0682453321   0.0161835234
        0.0835067389   0.0787777123  -0.0035978868  -0.0169154969  -0.0276711845
       -0.0000242507   0.0015452234   0.0010361532   0.0009469026   0.0000946254
        0.0010975372   0.0000213409  -0.0000165194  -0.0000395353   0.0000449833
        0.0000549765   0.0000650318   0.0001141710   0.0000564477   0.0000512475
        0.0005700644   0.0008445256  -0.0002505986  -0.0002432870  -0.0004307529
       -0.0001334161   0.0000367449   0.0000293169  -0.0001643699   0.0000736388
       -0.0000310375  -0.0000514515  -0.0015446849  -0.0011963477   0.0024157265
        0.0004400993   0.0002492353  -0.0002305710  -0.0002118535   0.0007340258
       -0.0003149982  -0.0002843650   0.0004697693  -0.0003940013   0.0015952223
       -0.0068056675  -0.0011267452   0.0002184556   0.0000633105  -0.0001249642
       -0.0000148966  -0.0000105934   0.0000142015  -0.0000233463  -0.0000072721
       -0.0000136921  -0.0000009159  -0.0000974789   0.0000202547   0.0000129699
       -0.0000995039   0.0000550038
       -0.0004084189  -0.0008467704   0.0010397437  -0.0009291797  -0.0042155743
       -0.0256410315  -0.0412846401  -0.0683129997  -0.2274865571   0.0452782810
        0.0787777123   0.2663409297  -0.0004984516  -0.0036414497  -0.0035743600
       -0.0063050168  -0.0034315098  -0.0102946386   0.0024320100   0.0000832930
        0.0011972064   0.0001932680  -0.0001027283  -0.0001458652   0.0002367128
        0.0000530604   0.0002782574   0.0000657342  -0.0002302867  -0.0004513696
       -0.0021732904   0.0000126290   0.0000784646   0.0002101363   0.0007140605
        0.0002894943  -0.0001497136  -0.0001833414   0.0002840961  -0.0000870526
        0.0000047883  -0.0002197645   0.0033029016   0.0023355950  -0.0038735067
       -0.0001952040  -0.0003912583   0.0004108186   0.0002648640   0.0001824712
        0.0002346958  -0.0001394282   0.0001887554   0.0004340546   0.0003494479
       -0.0012921612   0.0006111495  -0.0000506544   0.0001503366   0.0004453892
        0.0000153320   0.0000240143   0.0000459726  -0.0000557024   0.0000076565
       -0.0000137951  -0.0001916543   0.0000239138  -0.0001394303   0.0001197193
        0.0000897936   0.0001500462
       -0.0013505954  -0.0018640638   0.0020928696   0.0022416313  -0.0137788441
        0.0008150055  -0.0661931796   0.0320684429  -0.0009161143   0.0018418351
       -0.0035978868  -0.0004984516   0.5172502533   0.0189738581   0.0003383409
       -0.0146985210   0.0278029567  -0.0001208980  -0.0023914551   0.0003556445
       -0.0015036366  -0.0012024091  -0.0010972984   0.0007142954  -0.0000618985
        0.0001560153   0.0003498968   0.0002548336  -0.0008624132   0.0006513406
       -0.0002957765   0.0007763990   0.0000820502  -0.0000170719   0.0000613032
       -0.0000029578   0.0000657812  -0.0010017273   0.0001631903   0.0000228704
       -0.0001948631   0.0000406838   0.0002626387  -0.0001017639  -0.0001643130
        0.0010045005  -0.0012946234   0.0002269273  -0.2646855558   0.0249552023
       -0.0573736068  -0.1220419798  -0.0694942895   0.0882657118  -0.0493435939
       -0.0133457078  -0.0327875554   0.0000123013   0.0003853278  -0.0001859468
       -0.0003024329   0.0000793039   0.0000423791  -0.0000438275   0.0002725150
       -0.0000903193  -0.0000205377   0.0000229842  -0.0000331550  -0.0003078105
        0.0007235286  -0.0001057369
       -0.0018934732  -0.0017695225   0.0023555453   0.0000299401  -0.0233978254
        0.0040281582   0.0248462893  -0.1811650618  -0.0086043883   0.0036119425
       -0.0169154969  -0.0036414497   0.0189738581   0.4503039734  -0.0001043097
        0.0123865029  -0.0080245131   0.0018592658  -0.0006963542  -0.0001219960
        0.0008685541   0.0005753628   0.0002286332  -0.0001189405  -0.0000405192
        0.0000089204  -0.0000595848   0.0005226005   0.0001837292  -0.0002209678
       -0.0011209405  -0.0001850543  -0.0010766399   0.0000212282   0.0001589354
        0.0002979546   0.0001581472  -0.0010545602   0.0000677684  -0.0001913194
        0.0000302606  -0.0000392939   0.0004596425   0.0008016448  -0.0007308597
        0.0008441919   0.0004794085  -0.0005491587   0.0246565976  -0.0441818830
        0.0067910641  -0.0695000355  -0.1021745364   0.0776616842  -0.0133352110
       -0.0730867848  -0.0790883130  -0.0000382563  -0.0000459714   0.0002777308
        0.0000006457   0.0000775342   0.0000660353  -0.0000571707  -0.0000551580
        0.0000497598  -0.0000302189  -0.0000386040  -0.0000100233  -0.0001834503
       -0.0000560717  -0.0000795912
        0.0019446875   0.0020966702  -0.0021122048  -0.0017368373   0.0193083328
       -0.0011789593  -0.0014304814  -0.0065585268  -0.0659519518   0.0055567682
       -0.0276711845  -0.0035743600   0.0003383409  -0.0001043097   0.5218057302
       -0.0007121413   0.0055373849   0.0016569312   0.0000848749   0.0001857475
       -0.0003998381  -0.0001523588  -0.0000510188   0.0000110051  -0.0000769137
        0.0001008899   0.0001177396   0.0005173025  -0.0001690625   0.0001491504
       -0.0005258947  -0.0004939628  -0.0006459489   0.0000521927   0.0002110220
        0.0000719557  -0.0000266511   0.0011536146   0.0000888379  -0.0000292604
       -0.0000254643  -0.0000115766  -0.0003048040   0.0010476479   0.0008985170
       -0.0005868160   0.0000938468   0.0004076458  -0.0575148384   0.0064645023
       -0.0591929127   0.0883823083   0.0777059376  -0.1448540734  -0.0328372430
       -0.0795560433  -0.2475559928  -0.0000764952   0.0000638588   0.0002508876
       -0.0000563339   0.0000025292   0.0000638094  -0.0000493462   0.0000295773
        0.0000743674  -0.0000234875   0.0000102279   0.0000279813  -0.0007365720
        0.0006177830  -0.0001467402
       -0.0002116779   0.0003743449  -0.0004249171  -0.0270522289  -0.0034710875
        0.0059587410  -0.1887458873   0.0141627525  -0.0316116876  -0.0121390265
       -0.0000242507  -0.0063050168  -0.0146985210   0.0123865029  -0.0007121413
        0.5975024666  -0.0786776795   0.0276710076  -0.1676628157   0.0763131930
        0.1243419314  -0.0439934188   0.0141239777   0.0124109358   0.0040191033
        0.0009762355   0.0073082028  -0.0228986325  -0.0076628496  -0.0293108771
       -0.1265939046  -0.0322165147  -0.1136596622  -0.0001080833  -0.0001859918
       -0.0002155521   0.0000178603   0.0004978651  -0.0001222666   0.0005805411
       -0.0002808799   0.0001145758   0.0009171293   0.0004061621  -0.0007623522
       -0.0020687308  -0.0015615741   0.0016799738  -0.0003330194   0.0011177901
       -0.0002098880   0.0006128834  -0.0007141264   0.0000739270   0.0005562666
       -0.0006057369   0.0000247578   0.0053889143  -0.0041863092  -0.0079436944
       -0.0052532153   0.0021635726  -0.0014593546   0.0009474775  -0.0000875013
        0.0002039192  -0.0053575305   0.0019736576  -0.0019691897   0.0065740504
        0.0051784476   0.0149186275
       -0.0011605725  -0.0003227302   0.0003569083  -0.0127321266   0.0020359201
       -0.0024159047   0.0171364283  -0.0597478847   0.0003620207  -0.0088335712
        0.0015452234  -0.0034315098   0.0278029567  -0.0080245131   0.0055373849
       -0.0786776795   0.2435466509   0.1736092840   0.0468929959  -0.0953907798
       -0.0875477877   0.0367269044  -0.0018902227   0.0139730818   0.0011371523
       -0.0159119706  -0.0228024671  -0.0302558517   0.0097547720   0.0084164324
       -0.0042105078  -0.0758383657  -0.0626901023  -0.0000536566  -0.0000845139
       -0.0001828620  -0.0001014936  -0.0001390612   0.0000037844  -0.0003215304
       -0.0007336923   0.0004455914   0.0003748116   0.0002794724  -0.0004757212
       -0.0022549799  -0.0012717459   0.0022598759   0.0028992477  -0.0058055183
       -0.0000124779   0.0006849663   0.0002591734   0.0002694076   0.0000719105
        0.0008409210  -0.0001058646   0.0043284400  -0.0033991457  -0.0083647613
        0.0018707451   0.0068657396  -0.0022138748  -0.0000912478  -0.0000448030
       -0.0003052656   0.0022608970   0.0069200990  -0.0021277818  -0.0034942382
       -0.0034430248  -0.0125573906
        0.0001071230  -0.0000309711   0.0003671014   0.0170695221  -0.0015732269
        0.0045336078  -0.0222721233  -0.0013941523  -0.0713973909  -0.0278336096
        0.0010361532  -0.0102946386  -0.0001208980   0.0018592658   0.0016569312
        0.0276710076   0.1736092840   0.5809350200   0.0536111927  -0.0730462571
       -0.1969831012   0.0661898795   0.0030018648   0.0391675390   0.0076069297
       -0.0229356515  -0.0569628938  -0.0834235500   0.0194945900   0.0057423863
       -0.0468116754  -0.0763459811  -0.2545863283  -0.0001218507  -0.0000139716
       -0.0002109549   0.0000750555   0.0000602209  -0.0000599662   0.0001144899
        0.0003269059   0.0002252245   0.0005029965  -0.0005991493   0.0002040316
        0.0035509253   0.0020403092  -0.0022682518   0.0003453589  -0.0002077161
        0.0004805678  -0.0004254774   0.0004539973   0.0000337699   0.0006132190
       -0.0002657139  -0.0001729232   0.0124008842  -0.0125672944  -0.0227549567
       -0.0021222267  -0.0020703369   0.0021844071   0.0002232008  -0.0003019266
       -0.0005592107  -0.0013008611  -0.0022633096   0.0022607950  -0.0056495123
       -0.0082669328  -0.0215407653
        0.0001945093   0.0001512597  -0.0000179067  -0.0022429506   0.0010516561
       -0.0007857689  -0.0260874049   0.0133250336   0.0177004610   0.0001631216
        0.0009469026   0.0024320100  -0.0023914551  -0.0006963542   0.0000848749
       -0.1676628157   0.0468929959   0.0536111927   0.6436289817  -0.0884175825
        0.0470317210  -0.3206136177   0.0538181142  -0.0061945300  -0.0229973633
       -0.0302930922  -0.0839976128  -0.0538019527   0.0186006204   0.0207348346
        0.0545102464   0.0061685405   0.0409275155  -0.0000762728   0.0000352993
        0.0000114985   0.0000371545  -0.0000259830   0.0000207302  -0.0001808105
       -0.0003977721   0.0002055328  -0.0002142253  -0.0000461444   0.0002813039
       -0.0007711352  -0.0004444990   0.0006850223  -0.0003125866   0.0010549175
        0.0000872395   0.0001304710  -0.0000743753  -0.0001407579  -0.0001671663
        0.0003067600   0.0001269194  -0.0815741006  -0.0267875327  -0.0865777494
       -0.0198306917   0.0038746240  -0.0008913177   0.0004174018   0.0004183344
       -0.0026839056  -0.0003136000   0.0002811380   0.0005190665   0.0001562627
        0.0002571389  -0.0031703739
       -0.0001915880  -0.0001829147   0.0000461975  -0.0006317184  -0.0010990584
        0.0003825554   0.0073245337  -0.0001525474  -0.0039961069  -0.0011690858
        0.0000946254   0.0000832930   0.0003556445  -0.0001219960   0.0001857475
        0.0763131930  -0.0953907798  -0.0730462571  -0.0884175825   0.2116718691
        0.1848229819   0.0234791197  -0.0599549776  -0.0185985552  -0.0073879464
        0.0107018537   0.0189552116   0.0179807570  -0.0110048341  -0.0038576399
       -0.0149385315  -0.0087975077  -0.0308156548  -0.0000431206   0.0000540197
        0.0000841890  -0.0000917559   0.0000170012   0.0000293905  -0.0002257340
        0.0001694999   0.0000232362   0.0000636869   0.0000633305  -0.0000962400
       -0.0000824788   0.0000496624  -0.0001958734   0.0000065569  -0.0001015292
        0.0000155038   0.0000152444   0.0000786428   0.0000752447   0.0000331679
       -0.0000441046  -0.0001413891  -0.0265208944  -0.0567204217  -0.0667043348
        0.0132001149  -0.0015809735   0.0006919986   0.0002038586   0.0062409110
       -0.0041534153   0.0002765884  -0.0000800633   0.0002877467   0.0004479704
        0.0060902923  -0.0040778301
        0.0001437327  -0.0000905090  -0.0001452433  -0.0010863765   0.0001125704
        0.0000439462   0.0024506945  -0.0009107817   0.0021498847  -0.0026114643
        0.0010975372   0.0011972064  -0.0015036366   0.0008685541  -0.0003998381
        0.1243419314  -0.0875477877  -0.1969831012   0.0470317210   0.1848229819
        0.5787222891  -0.0781121409  -0.0037905359  -0.0944763493  -0.0294428422
        0.0077275399   0.0051240129   0.0192221691  -0.0035252768  -0.0046913564
       -0.0093642033  -0.0204054209  -0.0521403566  -0.0002402863  -0.0000622085
        0.0000488224  -0.0000933685  -0.0000710608  -0.0000644884   0.0003125023
        0.0005030292  -0.0000766456   0.0000183523  -0.0000759458  -0.0001692141
       -0.0004537980  -0.0001136694   0.0001696202  -0.0004614448   0.0003019657
       -0.0000701667   0.0000682557  -0.0000959255   0.0001922181   0.0000496083
       -0.0000543732  -0.0001720332  -0.0861121845  -0.0668699836  -0.2345489173
        0.0212374751  -0.0038780576   0.0020523275  -0.0032756397  -0.0040346080
       -0.0032009956   0.0005757298   0.0002782189   0.0007993689  -0.0026947865
       -0.0041862528  -0.0033609908
        0.0000755623   0.0000693939  -0.0003175497  -0.0008804582   0.0000072695
        0.0002605276   0.0005832771   0.0020365185   0.0014969615   0.0002085545
        0.0000213409   0.0001932680  -0.0012024091   0.0005753628  -0.0001523588
       -0.0439934188   0.0367269044   0.0661898795  -0.3206136177   0.0234791197
       -0.0781121409   0.6396988035  -0.0944964722   0.0319521830  -0.1319770514
       -0.0041083524  -0.0513055103   0.0567128392  -0.0160398029  -0.0111088406
       -0.0411367231  -0.0061669056  -0.0322073665  -0.0000739377  -0.0000512342
        0.0000034926   0.0000948483   0.0000317568  -0.0000479219  -0.0000448293
       -0.0000634601   0.0002311994   0.0000614836   0.0000453943  -0.0002824486
        0.0000188396  -0.0001080141  -0.0000099815  -0.0000278194   0.0001675354
       -0.0000678806  -0.0001330679  -0.0000390908   0.0001015038   0.0000253669
       -0.0001751164  -0.0002053431  -0.0141747290   0.0011745126  -0.0045110943
       -0.1271575780   0.0620548536   0.1020441018  -0.0151943109  -0.0077984473
       -0.0263375287  -0.0008176966   0.0029872043   0.0028608789  -0.0000519278
       -0.0003302707  -0.0006680307
       -0.0000137557  -0.0001014449   0.0001127718   0.0016562111  -0.0003282894
        0.0000447042   0.0024504204   0.0054184254  -0.0040319284  -0.0000873442
       -0.0000165194  -0.0001027283  -0.0010972984   0.0002286332  -0.0000510188
        0.0141239777  -0.0018902227   0.0030018648   0.0538181142  -0.0599549776
       -0.0037905359  -0.0944964722   0.2162090851   0.1909977973  -0.0344492182
       -0.0752543465  -0.0826465520   0.0069520155  -0.0089636047  -0.0211471158
       -0.0067049824  -0.0043357910  -0.0009061065   0.0000351699   0.0000052180
       -0.0000232891  -0.0000521188  -0.0000071710   0.0000254418  -0.0000302019
        0.0000287395  -0.0000579095   0.0000142222  -0.0000181390   0.0000506710
        0.0002853072   0.0002262296  -0.0002816723  -0.0001906734   0.0003294447
        0.0000249915  -0.0000453318  -0.0000270433   0.0000072702  -0.0000119273
        0.0000415655   0.0000332824  -0.0082635606   0.0013558701  -0.0022902526
        0.0620683442  -0.0798049046  -0.0777174018   0.0015674644   0.0013695948
        0.0029013616   0.0027556991   0.0054877760  -0.0044941941  -0.0002840610
        0.0000018725   0.0003405484
       -0.0000387273   0.0000393779  -0.0000971289  -0.0004262548   0.0000555756
        0.0000285929   0.0020197477  -0.0041433133  -0.0012178709  -0.0001085716
       -0.0000395353  -0.0001458652   0.0007142954  -0.0001189405   0.0000110051
        0.0124109358   0.0139730818   0.0391675390  -0.0061945300  -0.0185985552
       -0.0944763493   0.0319521830   0.1909977973   0.5872658924  -0.1235051413
       -0.0677851624  -0.2700363693   0.0436042975  -0.0324020681  -0.0544459779
       -0.0334370947  -0.0006038122  -0.0232091885  -0.0000264983  -0.0000032922
       -0.0000489537  -0.0000130208  -0.0000252450   0.0000435125   0.0001102785
        0.0000876422   0.0000390054   0.0000250193  -0.0000009448  -0.0000193304
       -0.0000981621  -0.0000466929   0.0000223156   0.0000420540  -0.0002403984
       -0.0000433713   0.0000260497   0.0000565159   0.0000378970   0.0000313081
       -0.0000170849  -0.0000184407  -0.0268558584   0.0023161712  -0.0070274862
        0.1020977797  -0.0777337897  -0.1691660086  -0.0039831467  -0.0017117371
       -0.0055898124   0.0022536065  -0.0043766125  -0.0013603747  -0.0006005493
        0.0003210227   0.0002867682
       -0.0000101773  -0.0000219545  -0.0000411571  -0.0000366271   0.0000171412
       -0.0001022073  -0.0010691589   0.0003374502   0.0002122501   0.0002498122
        0.0000449833   0.0002367128  -0.0000618985  -0.0000405192  -0.0000769137
        0.0040191033   0.0011371523   0.0076069297  -0.0229973633  -0.0073879464
       -0.0294428422  -0.1319770514  -0.0344492182  -0.1235051413   0.6554616359
       -0.0936014802   0.0429588744  -0.1734774291   0.0803576630   0.1295858101
       -0.0452309428   0.0146043964   0.0119788519   0.0000424924   0.0000289202
        0.0000378489   0.0000625863   0.0000059904  -0.0000218432  -0.0001385864
       -0.0000502727   0.0000131502   0.0000662051   0.0000682698  -0.0001192456
        0.0001153497  -0.0000564209  -0.0000226085   0.0001089656  -0.0000156696
       -0.0000350091  -0.0000861900  -0.0000553349  -0.0000101081   0.0000380277
       -0.0001389056  -0.0000534776  -0.0053116825   0.0019634259  -0.0019492245
        0.0058955310   0.0053420724   0.0152672631  -0.2864817488   0.0342821321
       -0.0429123148   0.0061218971  -0.0045653371  -0.0082086102  -0.0053027502
        0.0021934620  -0.0013969878
        0.0000392289  -0.0000171356   0.0000138640   0.0001623628  -0.0000238794
       -0.0000098168   0.0000782206  -0.0002828654  -0.0001389749   0.0000230121
        0.0000549765   0.0000530604   0.0001560153   0.0000089204   0.0001008899
        0.0009762355  -0.0159119706  -0.0229356515  -0.0302930922   0.0107018537
        0.0077275399  -0.0041083524  -0.0752543465  -0.0677851624  -0.0936014802
        0.2120408675   0.1842166591   0.0499899841  -0.0971143545  -0.0925934055
        0.0374065209  -0.0008289699   0.0133894588   0.0000152557   0.0000392766
        0.0000190065  -0.0000211148   0.0000025116   0.0000211079   0.0000076348
        0.0000064843  -0.0000170315  -0.0000548670  -0.0000188560   0.0001645410
        0.0000106456   0.0000518169   0.0000486735   0.0000260480  -0.0000357203
        0.0000385101   0.0000068999  -0.0000074882  -0.0000212944  -0.0000302072
        0.0001149754   0.0000725306   0.0022040452   0.0067779800  -0.0020507203
       -0.0040334095  -0.0036699866  -0.0124620802   0.0342768260  -0.0399648976
        0.0021268108   0.0048314847  -0.0035339668  -0.0077829968   0.0019321030
        0.0068647744  -0.0021955182
        0.0000043878  -0.0000465256  -0.0000216891   0.0003461102  -0.0000504322
        0.0000389946  -0.0002587567  -0.0000411993  -0.0004330522   0.0001619238
        0.0000650318   0.0002782574   0.0003498968  -0.0000595848   0.0001177396
        0.0073082028  -0.0228024671  -0.0569628938  -0.0839976128   0.0189552116
        0.0051240129  -0.0513055103  -0.0826465520  -0.2700363693   0.0429588744
        0.1842166591   0.5753270852   0.0572737658  -0.0777136694  -0.2045481799
        0.0662509557   0.0022147239   0.0390195347   0.0000746654   0.0001083039
        0.0000589492  -0.0000167426   0.0000136989   0.0000496411  -0.0000618255
       -0.0000372408  -0.0000123537  -0.0000949863  -0.0000275543   0.0002822614
        0.0001138907   0.0000880905   0.0000383061   0.0000949904  -0.0000493786
        0.0001172690   0.0000058542  -0.0000479264  -0.0000285989  -0.0000558550
        0.0002284943   0.0001944172  -0.0013165571  -0.0021937167   0.0022932135
       -0.0070781636  -0.0078452002  -0.0214390660  -0.0429058307   0.0021302425
       -0.0498655708   0.0141433236  -0.0123983349  -0.0218412162  -0.0019950011
       -0.0020606744   0.0022493083
       -0.0000132681   0.0000907701   0.0000222905   0.0003146389   0.0000264775
        0.0006378260   0.0015798848  -0.0000102811  -0.0025775031  -0.0003590396
        0.0001141710   0.0000657342   0.0002548336   0.0005226005   0.0005173025
       -0.0228986325  -0.0302558517  -0.0834235500  -0.0538019527   0.0179807570
        0.0192221691   0.0567128392   0.0069520155   0.0436042975  -0.1734774291
        0.0499899841   0.0572737658   0.6393329208  -0.0896998751   0.0433920854
       -0.3238223463   0.0541499204  -0.0072926452   0.0001328210   0.0000271252
        0.0000655681   0.0000022833   0.0000139343   0.0000223285  -0.0000532063
       -0.0002043932  -0.0001146768  -0.0001089864   0.0000410236   0.0001713536
        0.0003197801   0.0001036957  -0.0000456835   0.0002343827  -0.0001139187
        0.0001155981  -0.0000838032  -0.0001166711  -0.0001525248  -0.0001236787
        0.0000531656   0.0001956821  -0.0002770653   0.0002283005   0.0005551606
        0.0005108365   0.0001421612  -0.0033762012  -0.0207536429   0.0128600580
        0.0201484238  -0.0832373344  -0.0268770752  -0.0880908230  -0.0203848354
        0.0039819059  -0.0009359782
       -0.0000031461  -0.0000461064   0.0000018826   0.0010195679  -0.0001252446
       -0.0001058139   0.0003319986   0.0052297672  -0.0037437910  -0.0004549365
        0.0000564477  -0.0002302867  -0.0008624132   0.0001837292  -0.0001690625
       -0.0076628496   0.0097547720   0.0194945900   0.0186006204  -0.0110048341
       -0.0035252768  -0.0160398029  -0.0089636047  -0.0324020681   0.0803576630
       -0.0971143545  -0.0777136694  -0.0896998751   0.2147081000   0.1897199552
        0.0239990754  -0.0592045972  -0.0185427202  -0.0000145062   0.0000331272
        0.0000147703   0.0000110434   0.0000033864  -0.0000115049  -0.0000441949
        0.0000398254   0.0000432015   0.0000054927  -0.0000734078   0.0000526090
        0.0001521796   0.0000670359  -0.0001996588  -0.0000950942   0.0003108293
        0.0000909794  -0.0000653491  -0.0000331878   0.0000260592  -0.0000537242
       -0.0000301602  -0.0000888209   0.0002040372  -0.0001338047   0.0002641741
        0.0004116910   0.0062837195  -0.0040817040   0.0034626608  -0.0015417931
       -0.0031130447  -0.0268978131  -0.0567014169  -0.0664813688   0.0133376751
       -0.0016982279   0.0007005694
        0.0000017510   0.0000501286  -0.0000085262  -0.0001494078   0.0000898218
       -0.0000227905  -0.0021189412  -0.0037832960  -0.0032599140  -0.0012710360
        0.0000512475  -0.0004513696   0.0006513406  -0.0002209678   0.0001491504
       -0.0293108771   0.0084164324   0.0057423863   0.0207348346  -0.0038576399
       -0.0046913564  -0.0111088406  -0.0211471158  -0.0544459779   0.1295858101
       -0.0925934055  -0.2045481799   0.0433920854   0.1897199552   0.5894638604
       -0.0792257759  -0.0037889237  -0.0944116079   0.0000278292   0.0000535263
        0.0000671751   0.0000452335   0.0000123401  -0.0000215245  -0.0000593737
       -0.0000917849   0.0000164602  -0.0001406176  -0.0000847593  -0.0000143970
        0.0000516404  -0.0000574713   0.0001394870   0.0001688632  -0.0001215240
        0.0000019139  -0.0000394281   0.0000172630   0.0000488783  -0.0000834867
        0.0001198552  -0.0000690655   0.0004572801   0.0002931488   0.0006839222
       -0.0027513614  -0.0042042900  -0.0032911989  -0.0021986963   0.0015053229
        0.0029918376  -0.0881088143  -0.0664833876  -0.2360374549   0.0214499884
       -0.0038944760   0.0019682916
       -0.0000838889   0.0001582749  -0.0000041602  -0.0000956220   0.0004744786
       -0.0011965413  -0.0177520115  -0.0068318599  -0.0248170431  -0.0058776069
        0.0005700644  -0.0021732904  -0.0002957765  -0.0011209405  -0.0005258947
       -0.1265939046  -0.0042105078  -0.0468116754   0.0545102464  -0.0149385315
       -0.0093642033  -0.0411367231  -0.0067049824  -0.0334370947  -0.0452309428
        0.0374065209   0.0662509557  -0.3238223463   0.0239990754  -0.0792257759
        0.6483609419  -0.0962510362   0.0309158378  -0.0000779428  -0.0000627937
       -0.0000297244   0.0000170396  -0.0000973739  -0.0000043607   0.0000222019
       -0.0001755833   0.0000504723  -0.0007289013  -0.0004298510  -0.0005814352
       -0.0002892941  -0.0002938251   0.0000719134  -0.0001274999   0.0004143692
       -0.0001347367   0.0000147830   0.0001672169  -0.0001580607  -0.0005565359
        0.0000580751  -0.0005325490  -0.0009940373   0.0029222439   0.0026823188
       -0.0000450038  -0.0003085435  -0.0006734883  -0.0009391323   0.0027121981
        0.0021968420  -0.0140933218   0.0011064876  -0.0046276047  -0.1241847205
        0.0614368237   0.1021292987
       -0.0000660113  -0.0000398398  -0.0001427011  -0.0000570913   0.0002330743
        0.0000903125  -0.0011499413   0.0010257192   0.0026800238   0.0011070805
        0.0008445256   0.0000126290   0.0007763990  -0.0001850543  -0.0004939628
       -0.0322165147  -0.0758383657  -0.0763459811   0.0061685405  -0.0087975077
       -0.0204054209  -0.0061669056  -0.0043357910  -0.0006038122   0.0146043964
       -0.0008289699   0.0022147239   0.0541499204  -0.0592045972  -0.0037889237
       -0.0962510362   0.2146133101   0.1861312218  -0.0000359431  -0.0001146025
       -0.0000910854   0.0000862458   0.0000842620  -0.0000324617  -0.0003688260
       -0.0002676404   0.0000737325   0.0001752094   0.0000293274  -0.0003279481
        0.0000960164   0.0000105965  -0.0002585466   0.0002745680  -0.0000413274
        0.0002297010   0.0000416597   0.0001951407  -0.0000954926   0.0005194793
       -0.0002100715   0.0007294743   0.0026344421   0.0053275820  -0.0045134226
       -0.0003363489   0.0000104356   0.0003642078   0.0029558187   0.0053641411
       -0.0042630073  -0.0081035763   0.0014785432  -0.0023042116   0.0611624185
       -0.0793528903  -0.0788590490
        0.0001234159  -0.0000411671  -0.0004147354   0.0006074533   0.0000770434
       -0.0011398700  -0.0113592356  -0.0000383641  -0.0060725417  -0.0007996202
       -0.0002505986   0.0000784646   0.0000820502  -0.0010766399  -0.0006459489
       -0.1136596622  -0.0626901023  -0.2545863283   0.0409275155  -0.0308156548
       -0.0521403566  -0.0322073665  -0.0009061065  -0.0232091885   0.0119788519
        0.0133894588   0.0390195347  -0.0072926452  -0.0185427202  -0.0944116079
        0.0309158378   0.1861312218   0.5743251063  -0.0000605706  -0.0000799591
       -0.0000504623   0.0002160909   0.0000122622  -0.0000205543  -0.0000407678
       -0.0004271678   0.0002862972   0.0008397817   0.0007131644   0.0001584893
        0.0002990953   0.0000514867   0.0001231856   0.0001704854  -0.0001079834
       -0.0000060508  -0.0000408391   0.0000880424  -0.0001943329   0.0004456548
       -0.0005682870   0.0001695026   0.0020124030  -0.0043596812  -0.0016652741
       -0.0007147829   0.0003752635   0.0003228279   0.0027406952  -0.0043818090
       -0.0013090287  -0.0265932090   0.0022215364  -0.0069650795   0.1014093682
       -0.0787732387  -0.1716520483
       -0.0552825081  -0.0159994158  -0.0456690093   0.0015131118   0.0015830613
        0.0047838838   0.0001381546  -0.0003053596  -0.0005168022   0.0001728424
       -0.0002432870   0.0002101363  -0.0000170719   0.0000212282   0.0000521927
       -0.0001080833  -0.0000536566  -0.0001218507  -0.0000762728  -0.0000431206
       -0.0002402863  -0.0000739377   0.0000351699  -0.0000264983   0.0000424924
        0.0000152557   0.0000746654   0.0001328210  -0.0000145062   0.0000278292
       -0.0000779428  -0.0000359431  -0.0000605706   0.0598445368   0.0175838810
        0.0530948159   0.0034132325   0.0047478920   0.0189519182  -0.0104508871
       -0.0090043712  -0.0320610444   0.0006719844   0.0012918671   0.0003415272
        0.0002460269   0.0002966352   0.0007041807  -0.0000174864   0.0000540759
        0.0000180731  -0.0000191372  -0.0000311935   0.0000110823  -0.0000302884
        0.0000352584   0.0000283547  -0.0000431117  -0.0000101510   0.0002288236
        0.0000060078   0.0000102727   0.0000106844   0.0000286936   0.0000056042
        0.0000309245   0.0000214293   0.0000134785   0.0000394012  -0.0000346059
        0.0000473247   0.0000875687
       -0.0157508186  -0.0660996167  -0.0693845440  -0.0058382457  -0.0150164674
       -0.0290356923   0.0001724061   0.0007266317  -0.0013868853  -0.0001078460
       -0.0004307529   0.0007140605   0.0000613032   0.0001589354   0.0002110220
       -0.0001859918  -0.0000845139  -0.0000139716   0.0000352993   0.0000540197
       -0.0000622085  -0.0000512342   0.0000052180  -0.0000032922   0.0000289202
        0.0000392766   0.0001083039   0.0000271252   0.0000331272   0.0000535263
       -0.0000627937  -0.0001146025  -0.0000799591   0.0175838810   0.0796561302
        0.0824328930   0.0025489752   0.0048064763   0.0141137078   0.0004852272
        0.0022065183   0.0038649230   0.0012356630  -0.0071026712  -0.0014988405
       -0.0003236621   0.0008852784  -0.0002758924   0.0000254046   0.0000082570
       -0.0000564475  -0.0000295478   0.0000733960   0.0000530298   0.0000302829
        0.0001344101   0.0000611513  -0.0001007690   0.0000296441   0.0001112218
        0.0000458215  -0.0000078255  -0.0000065006   0.0000228639  -0.0000029406
        0.0000057996   0.0000466155  -0.0000033149   0.0000115365   0.0001011201
        0.0000453866   0.0000630582
       -0.0455653430  -0.0693883159  -0.2474562859  -0.0002920209  -0.0051545739
       -0.0044641693   0.0000130738   0.0009061148   0.0009718948  -0.0001526937
       -0.0001334161   0.0002894943  -0.0000029578   0.0002979546   0.0000719557
       -0.0002155521  -0.0001828620  -0.0002109549   0.0000114985   0.0000841890
        0.0000488224   0.0000034926  -0.0000232891  -0.0000489537   0.0000378489
        0.0000190065   0.0000589492   0.0000655681   0.0000147703   0.0000671751
       -0.0000297244  -0.0000910854  -0.0000504623   0.0530948159   0.0824328930
        0.2864315184  -0.0031801447  -0.0053662733  -0.0264480663  -0.0047700294
       -0.0023153979  -0.0100856788   0.0006462792  -0.0015053918   0.0005444653
        0.0002467071   0.0002459362   0.0002528062   0.0000512975  -0.0000088084
       -0.0000098448  -0.0000254978   0.0000035556   0.0000328673   0.0000359915
        0.0000627926  -0.0000778839   0.0000025445   0.0000399952   0.0000673059
       -0.0000020557   0.0000081031   0.0000190620  -0.0000228933   0.0000023154
       -0.0000088344   0.0000138271  -0.0000043919  -0.0000182980   0.0000359681
        0.0000561794   0.0000231156
       -0.1244272639  -0.0680181397   0.0906155611   0.0025696506   0.0015480441
       -0.0024613027   0.0006550437   0.0005459894  -0.0001705021  -0.0000888832
        0.0000367449  -0.0001497136   0.0000657812   0.0001581472  -0.0000266511
        0.0000178603  -0.0001014936   0.0000750555   0.0000371545  -0.0000917559
       -0.0000933685   0.0000948483  -0.0000521188  -0.0000130208   0.0000625863
       -0.0000211148  -0.0000167426   0.0000022833   0.0000110434   0.0000452335
        0.0000170396   0.0000862458   0.0002160909   0.0034132325   0.0025489752
       -0.0031801447   0.1415416275   0.0784170211  -0.1062037409  -0.0243522288
       -0.0151085071   0.0219859106  -0.0000460552  -0.0002328759  -0.0001721868
        0.0005077493   0.0003657463  -0.0002664650   0.0000313466  -0.0000240786
        0.0000129037   0.0000058304   0.0000272189  -0.0000209893  -0.0000169402
       -0.0000357709  -0.0000248759  -0.0000245523  -0.0000296620  -0.0000890531
       -0.0000109154   0.0000014462  -0.0000082370  -0.0000120678   0.0000037053
       -0.0000124848  -0.0000233553  -0.0000040095  -0.0000222624  -0.0000197720
       -0.0000308010  -0.0000190141
       -0.0678682285  -0.0977055288   0.0761616064  -0.0170329490  -0.0198765602
        0.0200023898   0.0011951616  -0.0061291423  -0.0008962202   0.0001568810
        0.0000293169  -0.0001833414  -0.0010017273  -0.0010545602   0.0011536146
        0.0004978651  -0.0001390612   0.0000602209  -0.0000259830   0.0000170012
       -0.0000710608   0.0000317568  -0.0000071710  -0.0000252450   0.0000059904
        0.0000025116   0.0000136989   0.0000139343   0.0000033864   0.0000123401
       -0.0000973739   0.0000842620   0.0000122622   0.0047478920   0.0048064763
       -0.0053662733   0.0784170211   0.1165910287  -0.0889718359   0.0014753203
        0.0027919721  -0.0025003182  -0.0004220561   0.0004791973   0.0001772574
       -0.0001920854   0.0006182477   0.0003428683  -0.0000081704   0.0000599623
        0.0000205105   0.0000816298  -0.0005786542   0.0000575225  -0.0000293332
        0.0000484203  -0.0000021534   0.0000259785  -0.0000131067  -0.0000054305
        0.0000001162   0.0000066615   0.0000095989  -0.0000039855  -0.0000014865
       -0.0000040440  -0.0000012965  -0.0000069560  -0.0000164392   0.0000336419
       -0.0000262170   0.0000184715
        0.0905219439   0.0763546800  -0.1470267440  -0.0002787890   0.0007777504
        0.0005593810  -0.0002819049   0.0003893044   0.0007438457  -0.0000259624
       -0.0001643699   0.0002840961   0.0001631903   0.0000677684   0.0000888379
       -0.0001222666   0.0000037844  -0.0000599662   0.0000207302   0.0000293905
       -0.0000644884  -0.0000479219   0.0000254418   0.0000435125  -0.0000218432
        0.0000211079   0.0000496411   0.0000223285  -0.0000115049  -0.0000215245
       -0.0000043607  -0.0000324617  -0.0000205543   0.0189519182   0.0141137078
       -0.0264480663  -0.1062037409  -0.0889718359   0.1677834499  -0.0023065850
       -0.0024123702   0.0035935220  -0.0001362261  -0.0003781864   0.0005091945
       -0.0001847071   0.0001240383  -0.0001339403  -0.0000184454  -0.0000031471
       -0.0000267183  -0.0000215446   0.0000257894   0.0000016847   0.0000072371
        0.0000614342   0.0000353775  -0.0000808881  -0.0000198498   0.0000656833
        0.0000070305  -0.0000111516  -0.0000185848   0.0000277451  -0.0000035492
        0.0000072681   0.0000074447   0.0000059598   0.0000222289   0.0000056172
        0.0000082694   0.0000328639
       -0.2635601892   0.0416642874  -0.0473334350  -0.0080205840   0.0059638267
       -0.0014671056   0.0002749148  -0.0005493115   0.0000429527  -0.0002053745
        0.0000736388  -0.0000870526   0.0000228704  -0.0001913194  -0.0000292604
        0.0005805411  -0.0003215304   0.0001144899  -0.0001808105  -0.0002257340
        0.0003125023  -0.0000448293  -0.0000302019   0.0001102785  -0.0001385864
        0.0000076348  -0.0000618255  -0.0000532063  -0.0000441949  -0.0000593737
        0.0000222019  -0.0003688260  -0.0000407678  -0.0104508871   0.0004852272
       -0.0047700294  -0.0243522288   0.0014753203  -0.0023065850   0.3057123430
       -0.0501338852   0.0549774678   0.0002325470  -0.0003200312   0.0001960487
        0.0001861232   0.0023026531   0.0004454882  -0.0000365491  -0.0000519883
        0.0000319313   0.0000531032  -0.0000194789  -0.0000273991  -0.0000227848
       -0.0000036313   0.0000375563   0.0000189611   0.0000481394  -0.0000861276
       -0.0000138800   0.0000498367  -0.0000138226  -0.0000048981   0.0000369520
       -0.0000131720  -0.0000094211   0.0000433293  -0.0000114521  -0.0000093767
        0.0001092874   0.0000386927
        0.0413212667  -0.0499932561   0.0086186656   0.0305951498  -0.0102230895
        0.0063498213   0.0005170766   0.0010282931  -0.0002453272   0.0000691146
       -0.0000310375   0.0000047883  -0.0001948631   0.0000302606  -0.0000254643
       -0.0002808799  -0.0007336923   0.0003269059  -0.0003977721   0.0001694999
        0.0005030292  -0.0000634601   0.0000287395   0.0000876422  -0.0000502727
        0.0000064843  -0.0000372408  -0.0002043932   0.0000398254  -0.0000917849
       -0.0001755833  -0.0002676404  -0.0004271678  -0.0090043712   0.0022065183
       -0.0023153979  -0.0151085071   0.0027919721  -0.0024123702  -0.0501338852
        0.0608806853  -0.0101202664   0.0002300584   0.0009251212   0.0002903663
        0.0025180564  -0.0069315687  -0.0003174942  -0.0000632865   0.0000978198
       -0.0000697746  -0.0000609037   0.0000530184   0.0000223829   0.0000693983
        0.0000452778  -0.0000080178   0.0000430820   0.0000015624  -0.0000364907
        0.0001001001  -0.0000437202  -0.0000375470   0.0000754551  -0.0000244389
       -0.0000022257   0.0000788175  -0.0000097508   0.0000219151   0.0001206025
       -0.0000468835  -0.0000789473
       -0.0471815741   0.0088210720  -0.0555858980   0.0015603615   0.0002307863
        0.0008436653  -0.0004581315   0.0002316615   0.0002365452  -0.0002041504
       -0.0000514515  -0.0002197645   0.0000406838  -0.0000392939  -0.0000115766
        0.0001145758   0.0004455914   0.0002252245   0.0002055328   0.0000232362
       -0.0000766456   0.0002311994  -0.0000579095   0.0000390054   0.0000131502
       -0.0000170315  -0.0000123537  -0.0001146768   0.0000432015   0.0000164602
        0.0000504723   0.0000737325   0.0002862972  -0.0320610444   0.0038649230
       -0.0100856788   0.0219859106  -0.0025003182   0.0035935220   0.0549774678
       -0.0101202664   0.0602712736   0.0006992236  -0.0002733975   0.0002089992
        0.0002255857  -0.0004121855   0.0008989894   0.0000320782  -0.0000400514
       -0.0000219423   0.0000065085   0.0000221818  -0.0000283920   0.0000167306
       -0.0000532791  -0.0000076366  -0.0000754206  -0.0000540256  -0.0002448398
       -0.0000240285  -0.0000210919  -0.0000389028  -0.0000360287  -0.0000102970
       -0.0000560985  -0.0000454384  -0.0000133988  -0.0000875288   0.0000410130
       -0.0000923883  -0.0001427240
        0.0019337991   0.0017828891   0.0046416666  -0.0548865926  -0.0139541323
       -0.0448519757   0.0026184935   0.0037864553   0.0161762313  -0.0012982666
       -0.0015446849   0.0033029016   0.0002626387   0.0004596425  -0.0003048040
        0.0009171293   0.0003748116   0.0005029965  -0.0002142253   0.0000636869
        0.0000183523   0.0000614836   0.0000142222   0.0000250193   0.0000662051
       -0.0000548670  -0.0000949863  -0.0001089864   0.0000054927  -0.0001406176
       -0.0007289013   0.0001752094   0.0008397817   0.0006719844   0.0012356630
        0.0006462792  -0.0000460552  -0.0004220561  -0.0001362261   0.0002325470
        0.0002300584   0.0006992236   0.0620945717   0.0178856242   0.0505903355
       -0.0108584356  -0.0088477106  -0.0311277132  -0.0001834334  -0.0001111258
       -0.0001382448  -0.0000572078   0.0000508562   0.0000132591   0.0002526488
        0.0000071576  -0.0000036436   0.0000459096  -0.0000640094  -0.0001140503
        0.0000505421  -0.0000187683  -0.0000431624   0.0000668467  -0.0000354815
       -0.0000299197   0.0000335761  -0.0000160488  -0.0000039189  -0.0009262714
       -0.0010028840  -0.0004667841
       -0.0054104818  -0.0154078762  -0.0286221905  -0.0139052458  -0.0620088777
       -0.0647198027   0.0021665607   0.0033534366   0.0137144603  -0.0016979038
       -0.0011963477   0.0023355950  -0.0001017639   0.0008016448   0.0010476479
        0.0004061621   0.0002794724  -0.0005991493  -0.0000461444   0.0000633305
       -0.0000759458   0.0000453943  -0.0000181390  -0.0000009448   0.0000682698
       -0.0000188560  -0.0000275543   0.0000410236  -0.0000734078  -0.0000847593
       -0.0004298510   0.0000293274   0.0007131644   0.0012918671  -0.0071026712
       -0.0015053918  -0.0002328759   0.0004791973  -0.0003781864  -0.0003200312
        0.0009251212  -0.0002733975   0.0178856242   0.0782860651   0.0756458842
        0.0009470856   0.0023524731   0.0034815052   0.0000515842  -0.0000519066
       -0.0000445621   0.0000248289   0.0000148240  -0.0001999464  -0.0001332730
       -0.0004569460  -0.0000735945   0.0000349752  -0.0000607082  -0.0000362676
        0.0000101418  -0.0000158620  -0.0000138573   0.0000243710  -0.0000184917
       -0.0000236835   0.0000075663  -0.0000049424  -0.0000037722  -0.0007278840
       -0.0001498597  -0.0002552510
       -0.0007381891  -0.0040910284  -0.0041569706  -0.0445983215  -0.0654269248
       -0.2411609382  -0.0011049528  -0.0038165694  -0.0253626027   0.0028987617
        0.0024157265  -0.0038735067  -0.0001643130  -0.0007308597   0.0008985170
       -0.0007623522  -0.0004757212   0.0002040316   0.0002813039  -0.0000962400
       -0.0001692141  -0.0002824486   0.0000506710  -0.0000193304  -0.0001192456
        0.0001645410   0.0002822614   0.0001713536   0.0000526090  -0.0000143970
       -0.0005814352  -0.0003279481   0.0001584893   0.0003415272  -0.0014988405
        0.0005444653  -0.0001721868   0.0001772574   0.0005091945   0.0001960487
        0.0002903663   0.0002089992   0.0505903355   0.0756458842   0.2810509522
       -0.0057637101  -0.0030099259  -0.0102363149  -0.0000889490  -0.0000186585
       -0.0002084386  -0.0001266325  -0.0001212392   0.0002610668   0.0001639416
        0.0006539935   0.0003205515  -0.0001251429   0.0000524856   0.0001002337
       -0.0000327781  -0.0000036694  -0.0000236845  -0.0000012232   0.0000024455
        0.0000048396  -0.0000676285  -0.0000041206   0.0000025755   0.0000862369
        0.0001157658   0.0006792204
       -0.0081545411   0.0048041967  -0.0017358249  -0.2544220124   0.0372178131
       -0.0456623811  -0.0226847865  -0.0002762989  -0.0007403049   0.0002991526
        0.0004400993  -0.0001952040   0.0010045005   0.0008441919  -0.0005868160
       -0.0020687308  -0.0022549799   0.0035509253  -0.0007711352  -0.0000824788
       -0.0004537980   0.0000188396   0.0002853072  -0.0000981621   0.0001153497
        0.0000106456   0.0001138907   0.0003197801   0.0001521796   0.0000516404
       -0.0002892941   0.0000960164   0.0002990953   0.0002460269  -0.0003236621
        0.0002467071   0.0005077493  -0.0001920854  -0.0001847071   0.0001861232
        0.0025180564   0.0002255857  -0.0108584356   0.0009470856  -0.0057637101
        0.2963829633  -0.0436550012   0.0508196462   0.0003965238  -0.0005606400
        0.0003040446   0.0002120670   0.0001991774  -0.0001589410  -0.0002322861
       -0.0001529861  -0.0001149776  -0.0000031705  -0.0000482725   0.0000603850
       -0.0001096262   0.0000571479   0.0000423335  -0.0000703632  -0.0000327074
        0.0000091545  -0.0000269055  -0.0000192628  -0.0000477144   0.0000022114
        0.0000264580   0.0000191330
        0.0301930460  -0.0110700558   0.0059778441   0.0369578935  -0.0471620636
        0.0065607336  -0.0146536219   0.0007239595  -0.0012975055   0.0003473443
        0.0002492353  -0.0003912583  -0.0012946234   0.0004794085   0.0000938468
       -0.0015615741  -0.0012717459   0.0020403092  -0.0004444990   0.0000496624
       -0.0001136694  -0.0001080141   0.0002262296  -0.0000466929  -0.0000564209
        0.0000518169   0.0000880905   0.0001036957   0.0000670359  -0.0000574713
       -0.0002938251   0.0000105965   0.0000514867   0.0002966352   0.0008852784
        0.0002459362   0.0003657463   0.0006182477   0.0001240383   0.0023026531
       -0.0069315687  -0.0004121855  -0.0088477106   0.0023524731  -0.0030099259
       -0.0436550012   0.0614584886  -0.0102018161   0.0001679154  -0.0005939189
        0.0005089484   0.0001713658   0.0000453530  -0.0000835098  -0.0000336245
       -0.0000867325  -0.0001295424   0.0000102683  -0.0000722787  -0.0000013049
       -0.0000442189   0.0000069075  -0.0000009949  -0.0000085883  -0.0000318270
        0.0000090799  -0.0000044983  -0.0000138659   0.0000069786   0.0000896566
        0.0000093643   0.0000385847
        0.0015648608  -0.0000416842   0.0012913316  -0.0455793351   0.0061539433
       -0.0545431739   0.0204463842  -0.0002780476   0.0020834268   0.0005197901
       -0.0002305710   0.0004108186   0.0002269273  -0.0005491587   0.0004076458
        0.0016799738   0.0022598759  -0.0022682518   0.0006850223  -0.0001958734
        0.0001696202  -0.0000099815  -0.0002816723   0.0000223156  -0.0000226085
        0.0000486735   0.0000383061  -0.0000456835  -0.0001996588   0.0001394870
        0.0000719134  -0.0002585466   0.0001231856   0.0007041807  -0.0002758924
        0.0002528062  -0.0002664650   0.0003428683  -0.0001339403   0.0004454882
       -0.0003174942   0.0008989894  -0.0311277132   0.0034815052  -0.0102363149
        0.0508196462  -0.0102018161   0.0614473891  -0.0000764961   0.0003195970
        0.0000993518  -0.0000134897  -0.0001534391  -0.0000570747  -0.0002240018
       -0.0000126273  -0.0001948244  -0.0000193645   0.0000880806   0.0000119282
        0.0000458201   0.0000004204  -0.0000059224   0.0000104852   0.0000562954
       -0.0000211162   0.0000170394  -0.0000061466   0.0000162501   0.0001476072
        0.0002513685   0.0000477665
        0.0001352273  -0.0002833919   0.0000493408   0.0007978845  -0.0010147044
        0.0001011611  -0.0103984557   0.0048824526  -0.0023399302   0.0001836042
       -0.0002118535   0.0002648640  -0.2646855558   0.0246565976  -0.0575148384
       -0.0003330194   0.0028992477   0.0003453589  -0.0003125866   0.0000065569
       -0.0004614448  -0.0000278194  -0.0001906734   0.0000420540   0.0001089656
        0.0000260480   0.0000949904   0.0002343827  -0.0000950942   0.0001688632
       -0.0001274999   0.0002745680   0.0001704854  -0.0000174864   0.0000254046
        0.0000512975   0.0000313466  -0.0000081704  -0.0000184454  -0.0000365491
       -0.0000632865   0.0000320782  -0.0001834334   0.0000515842  -0.0000889490
        0.0003965238   0.0001679154  -0.0000764961   0.3067255786  -0.0303507828
        0.0668030668  -0.0239850148  -0.0003868992  -0.0031735167  -0.0083004640
       -0.0005301524  -0.0045379223  -0.0000066111   0.0000727805   0.0000342374
       -0.0000843683   0.0000275288   0.0000478050  -0.0000557213   0.0000371994
       -0.0000155079  -0.0000250391  -0.0000088305  -0.0000431493  -0.0000338891
        0.0000159556   0.0000645974
       -0.0001628813   0.0001200775  -0.0000803955   0.0010186907   0.0006351195
       -0.0002899202   0.0291030221  -0.0082353015   0.0076427095   0.0003537308
        0.0007340258   0.0001824712   0.0249552023  -0.0441818830   0.0064645023
        0.0011177901  -0.0058055183  -0.0002077161   0.0010549175  -0.0001015292
        0.0003019657   0.0001675354   0.0003294447  -0.0002403984  -0.0000156696
       -0.0000357203  -0.0000493786  -0.0001139187   0.0003108293  -0.0001215240
        0.0004143692  -0.0000413274  -0.0001079834   0.0000540759   0.0000082570
       -0.0000088084  -0.0000240786   0.0000599623  -0.0000031471  -0.0000519883
        0.0000978198  -0.0000400514  -0.0001111258  -0.0000519066  -0.0000186585
       -0.0005606400  -0.0005939189   0.0003195970  -0.0303507828   0.0537552675
       -0.0073922501  -0.0161659819   0.0016650668  -0.0031508857  -0.0106995859
        0.0016058040  -0.0034508296  -0.0000622243  -0.0000799128   0.0000615889
        0.0000880283  -0.0000259672  -0.0000158507   0.0000010647  -0.0000722258
        0.0000387516   0.0000161914   0.0000048324   0.0000289764  -0.0000257410
       -0.0001012956   0.0001372350
        0.0001103204  -0.0000610304   0.0000023582  -0.0005848345   0.0002088848
        0.0000956541   0.0004283826  -0.0001988844   0.0004392213   0.0006557610
       -0.0003149982   0.0002346958  -0.0573736068   0.0067910641  -0.0591929127
       -0.0002098880  -0.0000124779   0.0004805678   0.0000872395   0.0000155038
       -0.0000701667  -0.0000678806   0.0000249915  -0.0000433713  -0.0000350091
        0.0000385101   0.0001172690   0.0001155981   0.0000909794   0.0000019139
       -0.0001347367   0.0002297010  -0.0000060508   0.0000180731  -0.0000564475
       -0.0000098448   0.0000129037   0.0000205105  -0.0000267183   0.0000319313
       -0.0000697746  -0.0000219423  -0.0001382448  -0.0000445621  -0.0002084386
        0.0003040446   0.0005089484   0.0000993518   0.0668030668  -0.0073922501
        0.0648269867   0.0213881293  -0.0009105596   0.0044537672  -0.0315203906
        0.0013061050  -0.0114100670  -0.0000018542   0.0000014226   0.0000353144
       -0.0000125391  -0.0000064192   0.0000121926  -0.0000102764  -0.0000200114
        0.0000072135   0.0000168417   0.0000080843  -0.0000013060   0.0001169691
       -0.0001572901   0.0001843122
        0.0002828161   0.0001904169  -0.0000655708   0.0002821076   0.0005850227
       -0.0000815113   0.0035027176   0.0027535244  -0.0037999453  -0.0000401948
       -0.0002843650  -0.0001394282  -0.1220419798  -0.0695000355   0.0883823083
        0.0006128834   0.0006849663  -0.0004254774   0.0001304710   0.0000152444
        0.0000682557  -0.0001330679  -0.0000453318   0.0000260497  -0.0000861900
        0.0000068999   0.0000058542  -0.0000838032  -0.0000653491  -0.0000394281
        0.0000147830   0.0000416597  -0.0000408391  -0.0000191372  -0.0000295478
       -0.0000254978   0.0000058304   0.0000816298  -0.0000215446   0.0000531032
       -0.0000609037   0.0000065085  -0.0000572078   0.0000248289  -0.0001266325
        0.0002120670   0.0001713658  -0.0000134897  -0.0239850148  -0.0161659819
        0.0213881293   0.1388947821   0.0798848586  -0.1034734936   0.0023018823
        0.0017724128  -0.0016678796   0.0000422217  -0.0000420022  -0.0000347368
        0.0000286849  -0.0000172451  -0.0000175845   0.0000353268   0.0000055268
        0.0000049330   0.0000141281   0.0000038635   0.0000339363   0.0000327904
       -0.0000114584   0.0000570845
       -0.0009535471  -0.0009704385   0.0012227114   0.0018025759  -0.0063685714
       -0.0004248846  -0.0149781998  -0.0198274245   0.0195265656  -0.0004544937
        0.0004697693   0.0001887554  -0.0694942895  -0.1021745364   0.0777059376
       -0.0007141264   0.0002591734   0.0004539973  -0.0000743753   0.0000786428
       -0.0000959255  -0.0000390908  -0.0000270433   0.0000565159  -0.0000553349
       -0.0000074882  -0.0000479264  -0.0001166711  -0.0000331878   0.0000172630
        0.0001672169   0.0001951407   0.0000880424  -0.0000311935   0.0000733960
        0.0000035556   0.0000272189  -0.0005786542   0.0000257894  -0.0000194789
        0.0000530184   0.0000221818   0.0000508562   0.0000148240  -0.0001212392
        0.0001991774   0.0000453530  -0.0001534391  -0.0003868992   0.0016650668
       -0.0009105596   0.0798848586   0.1216134786  -0.0911881775   0.0053445868
        0.0056080784  -0.0061949402  -0.0000314368  -0.0000812016  -0.0001162543
       -0.0000542940  -0.0000003282  -0.0000183300  -0.0000188335   0.0000094655
       -0.0000179905  -0.0000457273  -0.0000026842  -0.0000123503  -0.0000084988
       -0.0000138485  -0.0000092980
        0.0001714235   0.0000639324   0.0000210564  -0.0002252684   0.0007998096
        0.0008349336  -0.0001876345   0.0017635341  -0.0001151451  -0.0001493334
       -0.0003940013   0.0004340546   0.0882657118   0.0776616842  -0.1448540734
        0.0000739270   0.0002694076   0.0000337699  -0.0001407579   0.0000752447
        0.0001922181   0.0001015038   0.0000072702   0.0000378970  -0.0000101081
       -0.0000212944  -0.0000285989  -0.0001525248   0.0000260592   0.0000488783
       -0.0001580607  -0.0000954926  -0.0001943329   0.0000110823   0.0000530298
        0.0000328673  -0.0000209893   0.0000575225   0.0000016847  -0.0000273991
        0.0000223829  -0.0000283920   0.0000132591  -0.0001999464   0.0002610668
       -0.0001589410  -0.0000835098  -0.0000570747  -0.0031735167  -0.0031508857
        0.0044537672  -0.1034734936  -0.0911881775   0.1650537484   0.0190047999
        0.0144086476  -0.0260065728   0.0000008994  -0.0000293257  -0.0000435129
        0.0000186483  -0.0000007875  -0.0000095431   0.0000005913  -0.0000066433
       -0.0000185152   0.0000318065  -0.0000072723  -0.0000202411   0.0001843748
       -0.0000311886  -0.0000299403
       -0.0000549351  -0.0000076329   0.0000205286   0.0002289656  -0.0005062944
       -0.0003474319   0.0011481659   0.0025880850   0.0062668564   0.0003375953
        0.0015952223   0.0003494479  -0.0493435939  -0.0133352110  -0.0328372430
        0.0005562666   0.0000719105   0.0006132190  -0.0001671663   0.0000331679
        0.0000496083   0.0000253669  -0.0000119273   0.0000313081   0.0000380277
       -0.0000302072  -0.0000558550  -0.0001236787  -0.0000537242  -0.0000834867
       -0.0005565359   0.0005194793   0.0004456548  -0.0000302884   0.0000302829
        0.0000359915  -0.0000169402  -0.0000293332   0.0000072371  -0.0000227848
        0.0000693983   0.0000167306   0.0002526488  -0.0001332730   0.0001639416
       -0.0002322861  -0.0000336245  -0.0002240018  -0.0083004640  -0.0106995859
       -0.0315203906   0.0023018823   0.0053445868   0.0190047999   0.0541755768
        0.0141249366   0.0391601682   0.0000193137  -0.0000554406  -0.0001127778
        0.0000350749  -0.0000285399  -0.0000368138   0.0000581124  -0.0000189996
       -0.0000327311   0.0000235233  -0.0000024039  -0.0000126161  -0.0003518468
        0.0005691283  -0.0009021442
        0.0000090906   0.0001945692   0.0002131837   0.0002497939   0.0010706272
       -0.0011217832  -0.0036507678  -0.0157075184  -0.0280598508   0.0015532948
       -0.0068056675  -0.0012921612  -0.0133457078  -0.0730867848  -0.0795560433
       -0.0006057369   0.0008409210  -0.0002657139   0.0003067600  -0.0000441046
       -0.0000543732  -0.0001751164   0.0000415655  -0.0000170849  -0.0001389056
        0.0001149754   0.0002284943   0.0000531656  -0.0000301602   0.0001198552
        0.0000580751  -0.0002100715  -0.0005682870   0.0000352584   0.0001344101
        0.0000627926  -0.0000357709   0.0000484203   0.0000614342  -0.0000036313
        0.0000452778  -0.0000532791   0.0000071576  -0.0004569460   0.0006539935
       -0.0001529861  -0.0000867325  -0.0000126273  -0.0005301524   0.0016058040
        0.0013061050   0.0017724128   0.0056080784   0.0144086476   0.0141249366
        0.0866999671   0.0929067672  -0.0001166924   0.0000566957   0.0001030958
       -0.0000443878   0.0000063408   0.0000016787  -0.0000362287   0.0000110855
        0.0000195969  -0.0000521616   0.0000188489  -0.0000060004   0.0007183003
       -0.0000696015   0.0009215596
       -0.0000384677   0.0003169853   0.0000529316   0.0000173264   0.0009172437
        0.0010055726   0.0005589960  -0.0051932072  -0.0035804174   0.0003695343
       -0.0011267452   0.0006111495  -0.0327875554  -0.0790883130  -0.2475559928
        0.0000247578  -0.0001058646  -0.0001729232   0.0001269194  -0.0001413891
       -0.0001720332  -0.0002053431   0.0000332824  -0.0000184407  -0.0000534776
        0.0000725306   0.0001944172   0.0001956821  -0.0000888209  -0.0000690655
       -0.0005325490   0.0007294743   0.0001695026   0.0000283547   0.0000611513
       -0.0000778839  -0.0000248759  -0.0000021534   0.0000353775   0.0000375563
       -0.0000080178  -0.0000076366  -0.0000036436  -0.0000735945   0.0003205515
       -0.0001149776  -0.0001295424  -0.0001948244  -0.0045379223  -0.0034508296
       -0.0114100670  -0.0016678796  -0.0061949402  -0.0260065728   0.0391601682
        0.0929067672   0.2867926001  -0.0000506686   0.0000689193   0.0000500886
       -0.0000076878  -0.0000078415  -0.0000242827   0.0000258618  -0.0000028277
       -0.0000028063  -0.0000367781   0.0000248861   0.0000042124  -0.0004833307
        0.0004828470   0.0000565428
        0.0000160408  -0.0000088193   0.0001540839  -0.0001254588  -0.0000032439
       -0.0000232184   0.0009203878   0.0004691140   0.0025998481  -0.0009454771
        0.0002184556  -0.0000506544   0.0000123013  -0.0000382563  -0.0000764952
        0.0053889143   0.0043284400   0.0124008842  -0.0815741006  -0.0265208944
       -0.0861121845  -0.0141747290  -0.0082635606  -0.0268558584  -0.0053116825
        0.0022040452  -0.0013165571  -0.0002770653   0.0002040372   0.0004572801
       -0.0009940373   0.0026344421   0.0020124030  -0.0000431117  -0.0001007690
        0.0000025445  -0.0000245523   0.0000259785  -0.0000808881   0.0000189611
        0.0000430820  -0.0000754206   0.0000459096   0.0000349752  -0.0001251429
       -0.0000031705   0.0000102683  -0.0000193645  -0.0000066111  -0.0000622243
       -0.0000018542   0.0000422217  -0.0000314368   0.0000008994   0.0000193137
       -0.0001166924  -0.0000506686   0.0974700957   0.0262349745   0.0981273017
        0.0004956642  -0.0008473287  -0.0004321575  -0.0009483743  -0.0003842299
       -0.0014250978  -0.0001147597  -0.0003159371   0.0000895324   0.0001133199
        0.0002855802   0.0008007851
       -0.0000387527   0.0000358734   0.0000960525  -0.0003888509   0.0001032383
        0.0001354096  -0.0013040774  -0.0017914925   0.0005119974   0.0007404528
        0.0000633105   0.0001503366   0.0003853278  -0.0000459714   0.0000638588
       -0.0041863092  -0.0033991457  -0.0125672944  -0.0267875327  -0.0567204217
       -0.0668699836   0.0011745126   0.0013558701   0.0023161712   0.0019634259
        0.0067779800  -0.0021937167   0.0002283005  -0.0001338047   0.0002931488
        0.0029222439   0.0053275820  -0.0043596812  -0.0000101510   0.0000296441
        0.0000399952  -0.0000296620  -0.0000131067  -0.0000198498   0.0000481394
        0.0000015624  -0.0000540256  -0.0000640094  -0.0000607082   0.0000524856
       -0.0000482725  -0.0000722787   0.0000880806   0.0000727805  -0.0000799128
        0.0000014226  -0.0000420022  -0.0000812016  -0.0000293257  -0.0000554406
        0.0000566957   0.0000689193   0.0262349745   0.0524944123   0.0808252590
       -0.0003199233  -0.0020611544   0.0014580243   0.0000848618   0.0000710374
        0.0000685911  -0.0003170936  -0.0015018088   0.0006266326  -0.0002629419
       -0.0003561989  -0.0007025083
       -0.0000795706   0.0000614442   0.0001783200   0.0000967007  -0.0000214567
        0.0001316227  -0.0014329104   0.0013547738   0.0002509476   0.0012083713
       -0.0001249642   0.0004453892  -0.0001859468   0.0002777308   0.0002508876
       -0.0079436944  -0.0083647613  -0.0227549567  -0.0865777494  -0.0667043348
       -0.2345489173  -0.0045110943  -0.0022902526  -0.0070274862  -0.0019492245
       -0.0020507203   0.0022932135   0.0005551606   0.0002641741   0.0006839222
        0.0026823188  -0.0045134226  -0.0016652741   0.0002288236   0.0001112218
        0.0000673059  -0.0000890531  -0.0000054305   0.0000656833  -0.0000861276
       -0.0000364907  -0.0002448398  -0.0001140503  -0.0000362676   0.0001002337
        0.0000603850  -0.0000013049   0.0000119282   0.0000342374   0.0000615889
        0.0000353144  -0.0000347368  -0.0001162543  -0.0000435129  -0.0001127778
        0.0001030958   0.0000500886   0.0981273017   0.0808252590   0.2634009348
        0.0008256609   0.0011906238   0.0005008469  -0.0002839629  -0.0001656139
       -0.0004798833   0.0000898801   0.0006246088  -0.0002966903  -0.0005079412
       -0.0004432467  -0.0014050777
       -0.0000163990  -0.0000484650   0.0000342930  -0.0001953112   0.0000330718
       -0.0001371436  -0.0007210451   0.0006261245   0.0012676191   0.0001153790
       -0.0000148966   0.0000153320  -0.0003024329   0.0000006457  -0.0000563339
       -0.0052532153   0.0018707451  -0.0021222267  -0.0198306917   0.0132001149
        0.0212374751  -0.1271575780   0.0620683442   0.1020977797   0.0058955310
       -0.0040334095  -0.0070781636   0.0005108365   0.0004116910  -0.0027513614
       -0.0000450038  -0.0003363489  -0.0007147829   0.0000060078   0.0000458215
       -0.0000020557  -0.0000109154   0.0000001162   0.0000070305  -0.0000138800
        0.0001001001  -0.0000240285   0.0000505421   0.0000101418  -0.0000327781
       -0.0001096262  -0.0000442189   0.0000458201  -0.0000843683   0.0000880283
       -0.0000125391   0.0000286849  -0.0000542940   0.0000186483   0.0000350749
       -0.0000443878  -0.0000076878   0.0004956642  -0.0003199233   0.0008256609
        0.1456791845  -0.0721581064  -0.1119573112   0.0008171026  -0.0009022379
       -0.0004413330   0.0001897398  -0.0001963444  -0.0003755163  -0.0000832806
       -0.0003023124   0.0001636033
       -0.0000299288   0.0000300568   0.0000022145   0.0000566874   0.0000428457
        0.0000566821   0.0000095703  -0.0002999614  -0.0002277061  -0.0000070667
       -0.0000105934   0.0000240143   0.0000793039   0.0000775342   0.0000025292
        0.0021635726   0.0068657396  -0.0020703369   0.0038746240  -0.0015809735
       -0.0038780576   0.0620548536  -0.0798049046  -0.0777337897   0.0053420724
       -0.0036699866  -0.0078452002   0.0001421612   0.0062837195  -0.0042042900
       -0.0003085435   0.0000104356   0.0003752635   0.0000102727  -0.0000078255
        0.0000081031   0.0000014462   0.0000066615  -0.0000111516   0.0000498367
       -0.0000437202  -0.0000210919  -0.0000187683  -0.0000158620  -0.0000036694
        0.0000571479   0.0000069075   0.0000004204   0.0000275288  -0.0000259672
       -0.0000064192  -0.0000172451  -0.0000003282  -0.0000007875  -0.0000285399
        0.0000063408  -0.0000078415  -0.0008473287  -0.0020611544   0.0011906238
       -0.0721581064   0.0780030468   0.0929329783  -0.0004193700  -0.0019989383
        0.0012749469   0.0002786757  -0.0002758255  -0.0004930929  -0.0003128558
       -0.0015372470   0.0006356585
        0.0000189981   0.0000210648   0.0000431886  -0.0000260085  -0.0000247204
        0.0001000008  -0.0001716751   0.0000803337  -0.0001209997   0.0000474462
        0.0000142015   0.0000459726   0.0000423791   0.0000660353   0.0000638094
       -0.0014593546  -0.0022138748   0.0021844071  -0.0008913177   0.0006919986
        0.0020523275   0.1020441018  -0.0777174018  -0.1691660086   0.0152672631
       -0.0124620802  -0.0214390660  -0.0033762012  -0.0040817040  -0.0032911989
       -0.0006734883   0.0003642078   0.0003228279   0.0000106844  -0.0000065006
        0.0000190620  -0.0000082370   0.0000095989  -0.0000185848  -0.0000138226
       -0.0000375470  -0.0000389028  -0.0000431624  -0.0000138573  -0.0000236845
        0.0000423335  -0.0000009949  -0.0000059224   0.0000478050  -0.0000158507
        0.0000121926  -0.0000175845  -0.0000183300  -0.0000095431  -0.0000368138
        0.0000016787  -0.0000242827  -0.0004321575   0.0014580243   0.0005008469
       -0.1119573112   0.0929329783   0.1902469019   0.0006942254   0.0010422662
        0.0001971035   0.0007624361  -0.0007311570  -0.0013730099   0.0001294618
        0.0006416305  -0.0002774372
       -0.0000532259  -0.0000298923   0.0000346622  -0.0000518848  -0.0000070586
       -0.0000942978   0.0001108604  -0.0002564565   0.0003197052   0.0000331382
       -0.0000233463  -0.0000557024  -0.0000438275  -0.0000571707  -0.0000493462
        0.0009474775  -0.0000912478   0.0002232008   0.0004174018   0.0002038586
       -0.0032756397  -0.0151943109   0.0015674644  -0.0039831467  -0.2864817488
        0.0342768260  -0.0429058307  -0.0207536429   0.0034626608  -0.0021986963
       -0.0009391323   0.0029558187   0.0027406952   0.0000286936   0.0000228639
       -0.0000228933  -0.0000120678  -0.0000039855   0.0000277451  -0.0000048981
        0.0000754551  -0.0000360287   0.0000668467   0.0000243710  -0.0000012232
       -0.0000703632  -0.0000085883   0.0000104852  -0.0000557213   0.0000010647
       -0.0000102764   0.0000353268  -0.0000188335   0.0000005913   0.0000581124
       -0.0000362287   0.0000258618  -0.0009483743   0.0000848618  -0.0002839629
        0.0008171026  -0.0004193700   0.0006942254   0.3225809204  -0.0412109135
        0.0490453016   0.0007415030  -0.0007505467  -0.0001618057  -0.0012281856
        0.0002383934  -0.0000436236
       -0.0000213731   0.0000315386   0.0000101833  -0.0002381224   0.0000824049
        0.0000418387  -0.0003610297  -0.0013900116   0.0005922375   0.0000200631
       -0.0000072721   0.0000076565   0.0002725150  -0.0000551580   0.0000295773
       -0.0000875013  -0.0000448030  -0.0003019266   0.0004183344   0.0062409110
       -0.0040346080  -0.0077984473   0.0013695948  -0.0017117371   0.0342821321
       -0.0399648976   0.0021302425   0.0128600580  -0.0015417931   0.0015053229
        0.0027121981   0.0053641411  -0.0043818090   0.0000056042  -0.0000029406
        0.0000023154   0.0000037053  -0.0000014865  -0.0000035492   0.0000369520
       -0.0000244389  -0.0000102970  -0.0000354815  -0.0000184917   0.0000024455
       -0.0000327074  -0.0000318270   0.0000562954   0.0000371994  -0.0000722258
       -0.0000200114   0.0000055268   0.0000094655  -0.0000066433  -0.0000189996
        0.0000110855  -0.0000028277  -0.0003842299   0.0000710374  -0.0001656139
       -0.0009022379  -0.0019989383   0.0010422662  -0.0412109135   0.0340918631
        0.0039959555  -0.0002771897  -0.0019953643   0.0012314467   0.0007139448
       -0.0001223933  -0.0000087602
       -0.0000157431   0.0000138069   0.0000757525   0.0001234370  -0.0000073487
        0.0000300998   0.0001301078   0.0006268801  -0.0001552771   0.0000665321
       -0.0000136921  -0.0000137951  -0.0000903193   0.0000497598   0.0000743674
        0.0002039192  -0.0003052656  -0.0005592107  -0.0026839056  -0.0041534153
       -0.0032009956  -0.0263375287   0.0029013616  -0.0055898124  -0.0429123148
        0.0021268108  -0.0498655708   0.0201484238  -0.0031130447   0.0029918376
        0.0021968420  -0.0042630073  -0.0013090287   0.0000309245   0.0000057996
       -0.0000088344  -0.0000124848  -0.0000040440   0.0000072681  -0.0000131720
       -0.0000022257  -0.0000560985  -0.0000299197  -0.0000236835   0.0000048396
        0.0000091545   0.0000090799  -0.0000211162  -0.0000155079   0.0000387516
        0.0000072135   0.0000049330  -0.0000179905  -0.0000185152  -0.0000327311
        0.0000195969  -0.0000028063  -0.0014250978   0.0000685911  -0.0004798833
       -0.0004413330   0.0012749469   0.0001971035   0.0490453016   0.0039959555
        0.0575980248   0.0009834249   0.0010058634   0.0003010149   0.0010670577
       -0.0002334868  -0.0000065773
       -0.0000227220  -0.0000433180   0.0000515181   0.0000490631  -0.0000306069
       -0.0000801946  -0.0003699058  -0.0004446469  -0.0012508794  -0.0004623515
       -0.0000009159  -0.0001916543  -0.0000205377  -0.0000302189  -0.0000234875
       -0.0053575305   0.0022608970  -0.0013008611  -0.0003136000   0.0002765884
        0.0005757298  -0.0008176966   0.0027556991   0.0022536065   0.0061218971
        0.0048314847   0.0141433236  -0.0832373344  -0.0268978131  -0.0881088143
       -0.0140933218  -0.0081035763  -0.0265932090   0.0000214293   0.0000466155
        0.0000138271  -0.0000233553  -0.0000012965   0.0000074447  -0.0000094211
        0.0000788175  -0.0000454384   0.0000335761   0.0000075663  -0.0000676285
       -0.0000269055  -0.0000044983   0.0000170394  -0.0000250391   0.0000161914
        0.0000168417   0.0000141281  -0.0000457273   0.0000318065   0.0000235233
       -0.0000521616  -0.0000367781  -0.0001147597  -0.0003170936   0.0000898801
        0.0001897398   0.0002786757   0.0007624361   0.0007415030  -0.0002771897
        0.0009834249   0.0971660106   0.0265743980   0.0992185171   0.0005336107
       -0.0008778707  -0.0004664506
       -0.0000401120   0.0000224653   0.0000185146  -0.0000277039   0.0000101213
        0.0000207822   0.0001092753   0.0000327116   0.0001042724   0.0000189733
       -0.0000974789   0.0000239138   0.0000229842  -0.0000386040   0.0000102279
        0.0019736576   0.0069200990  -0.0022633096   0.0002811380  -0.0000800633
        0.0002782189   0.0029872043   0.0054877760  -0.0043766125  -0.0045653371
       -0.0035339668  -0.0123983349  -0.0268770752  -0.0567014169  -0.0664833876
        0.0011064876   0.0014785432   0.0022215364   0.0000134785  -0.0000033149
       -0.0000043919  -0.0000040095  -0.0000069560   0.0000059598   0.0000433293
       -0.0000097508  -0.0000133988  -0.0000160488  -0.0000049424  -0.0000041206
       -0.0000192628  -0.0000138659  -0.0000061466  -0.0000088305   0.0000048324
        0.0000080843   0.0000038635  -0.0000026842  -0.0000072723  -0.0000024039
        0.0000188489   0.0000248861  -0.0003159371  -0.0015018088   0.0006246088
       -0.0001963444  -0.0002758255  -0.0007311570  -0.0007505467  -0.0019953643
        0.0010058634   0.0265743980   0.0523834134   0.0804620450  -0.0003111775
       -0.0020927683   0.0014792182
       -0.0000235867   0.0000063495   0.0000992080   0.0000531907   0.0000122300
       -0.0000587599   0.0000585678  -0.0001792227  -0.0003638466  -0.0001254406
        0.0000202547  -0.0001394303  -0.0000331550  -0.0000100233   0.0000279813
       -0.0019691897  -0.0021277818   0.0022607950   0.0005190665   0.0002877467
        0.0007993689   0.0028608789  -0.0044941941  -0.0013603747  -0.0082086102
       -0.0077829968  -0.0218412162  -0.0880908230  -0.0664813688  -0.2360374549
       -0.0046276047  -0.0023042116  -0.0069650795   0.0000394012   0.0000115365
       -0.0000182980  -0.0000222624  -0.0000164392   0.0000222289  -0.0000114521
        0.0000219151  -0.0000875288  -0.0000039189  -0.0000037722   0.0000025755
       -0.0000477144   0.0000069786   0.0000162501  -0.0000431493   0.0000289764
       -0.0000013060   0.0000339363  -0.0000123503  -0.0000202411  -0.0000126161
       -0.0000060004   0.0000042124   0.0000895324   0.0006266326  -0.0002966903
       -0.0003755163  -0.0004930929  -0.0013730099  -0.0001618057   0.0012314467
        0.0003010149   0.0992185171   0.0804620450   0.2645196024   0.0008837542
        0.0011953422   0.0005099986
        0.0000325216  -0.0000409248   0.0000527025  -0.0004886922  -0.0004292056
       -0.0009014184   0.0000943648  -0.0006276286  -0.0001847988   0.0000756622
        0.0000129699   0.0001197193  -0.0003078105  -0.0001834503  -0.0007365720
        0.0065740504  -0.0034942382  -0.0056495123   0.0001562627   0.0004479704
       -0.0026947865  -0.0000519278  -0.0002840610  -0.0006005493  -0.0053027502
        0.0019321030  -0.0019950011  -0.0203848354   0.0133376751   0.0214499884
       -0.1241847205   0.0611624185   0.1014093682  -0.0000346059   0.0001011201
        0.0000359681  -0.0000197720   0.0000336419   0.0000056172  -0.0000093767
        0.0001206025   0.0000410130  -0.0009262714  -0.0007278840   0.0000862369
        0.0000022114   0.0000896566   0.0001476072  -0.0000338891  -0.0000257410
        0.0001169691   0.0000327904  -0.0000084988   0.0001843748  -0.0003518468
        0.0007183003  -0.0004833307   0.0001133199  -0.0002629419  -0.0005079412
       -0.0000832806  -0.0003128558   0.0001294618  -0.0012281856   0.0007139448
        0.0010670577   0.0005336107  -0.0003111775   0.0008837542   0.1457931707
       -0.0719617956  -0.1119759279
       -0.0000528532  -0.0000058336   0.0001078284  -0.0004779819  -0.0000223040
       -0.0003926675  -0.0001081398  -0.0020438586   0.0012115458   0.0000929333
       -0.0000995039   0.0000897936   0.0007235286  -0.0000560717   0.0006177830
        0.0051784476  -0.0034430248  -0.0082669328   0.0002571389   0.0060902923
       -0.0041862528  -0.0003302707   0.0000018725   0.0003210227   0.0021934620
        0.0068647744  -0.0020606744   0.0039819059  -0.0016982279  -0.0038944760
        0.0614368237  -0.0793528903  -0.0787732387   0.0000473247   0.0000453866
        0.0000561794  -0.0000308010  -0.0000262170   0.0000082694   0.0001092874
       -0.0000468835  -0.0000923883  -0.0010028840  -0.0001498597   0.0001157658
        0.0000264580   0.0000093643   0.0002513685   0.0000159556  -0.0001012956
       -0.0001572901  -0.0000114584  -0.0000138485  -0.0000311886   0.0005691283
       -0.0000696015   0.0004828470   0.0002855802  -0.0003561989  -0.0004432467
       -0.0003023124  -0.0015372470   0.0006416305   0.0002383934  -0.0001223933
       -0.0002334868  -0.0008778707  -0.0020927683   0.0011953422  -0.0719617956
        0.0782263380   0.0934324664
       -0.0000132953   0.0000550716   0.0001933373   0.0003423486   0.0000542058
       -0.0000270370   0.0012362108   0.0008924930   0.0001791626   0.0003063969
        0.0000550038   0.0001500462  -0.0001057369  -0.0000795912  -0.0001467402
        0.0149186275  -0.0125573906  -0.0215407653  -0.0031703739  -0.0040778301
       -0.0033609908  -0.0006680307   0.0003405484   0.0002867682  -0.0013969878
       -0.0021955182   0.0022493083  -0.0009359782   0.0007005694   0.0019682916
        0.1021292987  -0.0788590490  -0.1716520483   0.0000875687   0.0000630582
        0.0000231156  -0.0000190141   0.0000184715   0.0000328639   0.0000386927
       -0.0000789473  -0.0001427240  -0.0004667841  -0.0002552510   0.0006792204
        0.0000191330   0.0000385847   0.0000477665   0.0000645974   0.0001372350
        0.0001843122   0.0000570845  -0.0000092980  -0.0000299403  -0.0009021442
        0.0009215596   0.0000565428   0.0008007851  -0.0007025083  -0.0014050777
        0.0001636033   0.0006356585  -0.0002774372  -0.0000436236  -0.0000087602
       -0.0000065773  -0.0004664506   0.0014792182   0.0005099986  -0.1119759279
        0.0934324664   0.1920286039
