           1           2   1.01992704162667     
           2           3  0.984902710400898     
           3           4  0.966683686993259     
           3           5  0.996347319574739     
           3           6  0.999446320451757     
           6           7   1.41508286017265     
           7           8   1.44247271885012     
           6           9  0.110192435986715     
           8           9   1.44099080452784     
           7          10  0.110097337832654     
           9          10   1.43509600269576     
           6          11   1.40864303727756     
           8          11  0.111532272233860     
          10          11   1.44948156838939     
           1          12  0.987567294703185     
           1          13  0.986940944763559     
           1          14  0.986862053481258     
           2          15  0.975892557013012     
           2          16  0.976551471112612     
           5          17  0.985237773652004     
           5          18  0.987160989220712     
           5          19  0.985255628367501     
           7          20  0.968409668860055     
           8          21  0.971034056983222     
           9          22  0.971467582759461     
          10          23  0.971094196942695     
          11          24  0.966610741780824     
