$coord
         -4.124013234620          0.254416795423          1.247952917516     c 
         -2.647901017893         -0.525953328191         -1.093617179997     c 
         -0.198023804349         -1.460764697070         -0.450659270960     o 
          1.633095582565          0.243479156304         -0.086954842693     c 
          1.351730192639          2.485057548202         -0.325560671296     o 
          4.065540415512         -1.031497361584          0.662866004295     c 
         -3.180586835874          1.824245986118          2.179075167553     h 
         -6.014448288840          0.842358080542          0.706162039540     h 
         -4.259290638453         -1.320186113062          2.561296781536     h 
         -2.432584058695          1.086329095661         -2.372606479160     h 
         -3.576397301917         -2.085792302942         -2.074685297324     h 
          4.101143400984         -2.959908142878         -0.034129153811     h 
          4.180379862695         -1.060970074564          2.716424462004     h 
          5.657957219099          0.040865546074         -0.062073448130     h 
$end
