           1           2   1.00655807653600     
           2           3   1.01032961715949     
           2           4  0.985170693212101     
           4           5  0.925384590157771     
           5           6   1.16608170618065     
           5           7  0.170722081212931     
           6           7   1.68416888238412     
           6           8  0.998444203190781     
           1           9  0.984160228087080     
           1          10  0.986042821965166     
           1          11  0.985566764320388     
           2          12  0.966567268339894     
           3          13  0.984929944749101     
           3          14  0.986548715486880     
           3          15  0.986089688961241     
           4          16  0.967232675415208     
           4          17  0.965804063430920     
           8          18  0.952804525760831     
           8          19  0.955686898158683     
           8          20  0.980430875431469     
