           1           2   1.01994848406155     
           2           3   1.00720240434576     
           3           4  0.996876942137028     
           4           5   1.00774924402174     
           4           6   1.00985377788934     
           1           7  0.986052619259222     
           1           8  0.987556632136362     
           1           9  0.987361624709386     
           2          10  0.976162357206025     
           2          11  0.978179728742465     
           3          12  0.976366000595450     
           3          13  0.976418795426847     
           4          14  0.967472445952446     
           5          15  0.986746944982457     
           5          16  0.986851724973112     
           5          17  0.986523554768830     
           6          18  0.986161166691488     
           6          19  0.984381035294783     
           6          20  0.986745139600258     
