$coord
         -9.561941517101         -0.715219534944          0.004701874189     c 
         -7.182245912079          0.905915350936          0.005632920432     c 
         -4.786384800435         -0.701512767196         -0.005045110593     c 
         -2.393974296061          0.910748603785         -0.003289510778     c 
          0.000376071338         -0.698668850585         -0.004702343408     c 
          2.393731393144          0.912569909939         -0.004175482144     c 
          4.786274590862         -0.699367176700         -0.001945792040     c 
          7.183132154810          0.906726502949          0.001503556294     c 
          9.561106702317         -0.717148615381          0.006337669725     c 
        -11.244147272315          0.465571552716          0.011493251430     h 
         -9.617058376431         -1.913345918341         -1.665157052856     h 
         -9.611143119982         -1.923860068363          1.667163417037     h 
         -7.186921809905          2.131865471884         -1.655518159076     h 
         -7.180083674986          2.119405301921          1.675920432976     h 
         -4.783060171558         -1.928336606906          1.655986901440     h 
         -4.789185349726         -1.915748830364         -1.675257481586     h 
         -2.394494168740          2.129791582503          1.663498381809     h 
         -2.394336858504          2.133764496041         -1.667217554095     h 
          0.001069724349         -1.920176267023          1.660171386805     h 
          0.000562681586         -1.918725413484         -1.670598014926     h 
          2.394564547426          2.132857978062         -1.670050797534     h 
          2.392664400205          2.134275027238          1.660675350260     h 
          4.787794116096         -1.919537979580         -1.667963940098     h 
          4.783834096159         -1.920374623430          1.663488314672     h 
          7.188448313142          2.125926549452         -1.664709732425     h 
          7.182715026341          2.127046209998          1.666824918365     h 
          9.614727347694         -1.920747436502         -1.659277962360     h 
          9.608214284567         -1.920560192439          1.672625317082     h 
         11.244949804721          0.461038596405          0.009607979186     h 
$end
