$coord
         -1.278435514784         -4.099957118717          0.000253451178     c 
          0.403074621914         -1.828743811667          0.000292613292     c 
          3.017633263757         -2.055175840700         -0.000244150514     c 
          4.567448170203          0.051388731443         -0.000396558613     c 
          3.518761309207          2.446517739443         -0.000039020951     c 
          0.918687493865          2.727544729719          0.000561751274     c 
         -0.605665770672          0.602421667174          0.000422588454     c 
         -3.857434496335          0.998228948084         -0.000275411683     cl
         -2.489074341743         -4.090023261393         -1.664829212427     h 
         -0.170831531385         -5.828822605680          0.009099513649     h 
         -2.502211205372         -4.081291796061          1.655513627135     h 
          3.846017947937         -3.921043461127          0.000154095435     h 
          6.594538292707         -0.179424162520         -0.001158754630     h 
          4.714571857831          4.098653368627          0.000236160186     h 
          0.071108215421          4.581922144387          0.000534843466     h 
$end
