           1           2   1.02052369542906     
           2           3   1.00417757545995     
           3           4  0.999297327900733     
           4           5  0.996421185332387     
           5           6   1.00750139607627     
           6           7   1.00609611826263     
           4           8  0.991437328413239     
           7           8   1.00282083688087     
           1           9  0.987876811892212     
           1          10  0.987348781567857     
           1          11  0.985296936888020     
           2          12  0.973136749817695     
           2          13  0.981044359720058     
           3          14  0.978584364745822     
           3          15  0.976143290732302     
           4          16  0.971814652677089     
           5          17  0.979654107669060     
           5          18  0.973578146861010     
           6          19  0.980568486069009     
           6          20  0.979939323208736     
           7          21  0.982371887492126     
           7          22  0.983028432414584     
           8          23  0.983950882005030     
           8          24  0.978774110634801     
