           1           2  0.968762680099626     
           2           3  0.989843035339951     
           3           4  0.989751095687858     
           4           5  0.968797738014529     
           1           6  0.976794450564407     
           1           7  0.976915965427542     
           1           8  0.978082078726488     
           3           9  0.956553608727579     
           3          10  0.950480481321018     
           5          11  0.978056266072000     
           5          12  0.976862495514483     
           5          13  0.976734443398934     
