           1           2  0.984750778581716     
           2           3  0.978759549274119     
           3           4  0.977766355084828     
           4           5   1.03346548055020     
           1           6  0.978349377790798     
           1           7  0.977523471826570     
           1           8  0.978952128394694     
           3           9  0.967963134239909     
           3          10  0.969683452749663     
           4          11  0.974427064074173     
           4          12  0.973623091115655     
           5          13  0.959137151134348     
           5          14  0.959089780804781     
