$coord
          0.562970098337         -1.125826298923          0.706037245251     c 
         -0.562899158592          1.126310006783         -0.706254930153     c 
         -3.103458261604          1.918547297176          0.364748720117     c 
         -5.410344356634         -0.512818609590         -0.062532015076     cl
          3.103086250721         -1.918467622362         -0.365584135267     c 
          5.410471539726          0.512575351405          0.062960313147     cl
         -0.721477962035         -2.734984261417          0.561486517391     h 
          0.777312647562         -0.652437602855          2.702642004118     h 
         -0.776750898366          0.653001754081         -2.702944049977     h 
          0.721274946319          2.735677130193         -0.561266450490     h 
         -2.989829564483          2.271195229175          2.390660077873     h 
         -3.831792767134          3.587697760860         -0.595533572626     h 
          3.831223306912         -3.588164874847          0.594045157950     h 
          2.989154433998         -2.270142256113         -2.391605479041     h 
$end
