           1           2  0.995112835407407     
           2           3   1.01528842046553     
           3           4  0.948986982680226     
           1           5   1.01527819284590     
           5           6  0.948990074853937     
           1           7  0.974949734615951     
           1           8  0.975093275876974     
           2           9  0.974948014571485     
           2          10  0.975089539685961     
           3          11  0.978810592070801     
           3          12  0.978888018450823     
           5          13  0.978814436629058     
           5          14  0.978889755802235     
