           1           2   1.00782620146795     
           2           3   1.00998078016369     
           2           4  0.996432724728424     
           4           5  0.996436056471494     
           5           6   1.00782440414481     
           5           7   1.00997999663010     
           1           8  0.986400998458290     
           1           9  0.986673168230062     
           1          10  0.986992789765287     
           2          11  0.965888701527836     
           3          12  0.986384149387975     
           3          13  0.986441522152352     
           3          14  0.983216134651740     
           4          15  0.974827945504692     
           4          16  0.974831483385153     
           5          17  0.965898753280843     
           6          18  0.986675948854300     
           6          19  0.986991948465286     
           6          20  0.986399036484036     
           7          21  0.986380267738770     
           7          22  0.986442437943257     
           7          23  0.983209046352877     
