           1           2   1.01905955421427     
           2           3   1.00728376778306     
           3           4   1.00488264545597     
           4           5  0.996211744495151     
           5           6   1.02546087916966     
           6           7  0.952975740491356     
           1           8  0.987237188057745     
           1           9  0.987855186207433     
           1          10  0.987854249876502     
           2          11  0.978577148645054     
           2          12  0.978563888797689     
           3          13  0.977273083894377     
           3          14  0.977267756819219     
           4          15  0.977259733529582     
           4          16  0.977233792812035     
           5          17  0.977295961809303     
           5          18  0.977354519585966     
           6          19  0.983588885297672     
           6          20  0.983601995289139     
