           1           2   1.01968640196411     
           2           3  0.996776287992568     
           3           4  0.967246259973563     
           3           5   1.01028499260504     
           3           6  0.991163572883209     
           6           7  0.994043953008140     
           1           8  0.987294513844749     
           1           9  0.986881731413151     
           1          10  0.985564439464696     
           2          11  0.977025600534223     
           2          12  0.976641660729098     
           5          13  0.986135501637126     
           5          14  0.985852674944615     
           5          15  0.983752392221878     
           6          16  0.971035561500272     
           6          17  0.970933200394879     
           7          18  0.858570796517362     
