           1           2   1.02214684873418     
           2           3   1.88744658988509     
           3           4   1.02218589014098     
           4           5   1.00698146251047     
           5           6   1.00893367361741     
           2           7   1.00878680502878     
           6           7   1.00697046809868     
           1           8  0.972899486123649     
           1           9  0.974875890746037     
           1          10  0.985290061890762     
           3          11  0.965883318105138     
           4          12  0.968885513274307     
           4          13  0.960441548655217     
           5          14  0.978577348558808     
           5          15  0.978654739273376     
           6          16  0.978400367619022     
           6          17  0.978521726870423     
           7          18  0.961514165245615     
           7          19  0.968924710817904     
