           1           2   1.01041740471214     
           2           3   1.00847911698302     
           2           4  0.976932779581807     
           4           5   1.01463197783136     
           5           6   1.41269510343841     
           6           7   1.44289970298643     
           5           8  0.109686842437427     
           7           8   1.44057706509552     
           6           9  0.109901873742747     
           8           9   1.43489986820409     
           5          10   1.40750660116119     
           7          10  0.111191065815080     
           9          10   1.44988269151546     
           1          11  0.986274371485849     
           1          12  0.985055389673917     
           1          13  0.986193661920407     
           2          14  0.968910456494166     
           3          15  0.986488043769421     
           3          16  0.986500208423467     
           3          17  0.985595121512389     
           4          18  0.974001061732309     
           4          19  0.967582718108189     
           6          20  0.968830310011342     
           7          21  0.971088308321154     
           8          22  0.971526803013855     
           9          23  0.971099135923321     
          10          24  0.969200138712995     
