$hessian                                                                        
        0.4918567862   0.0353273107  -0.0452093121  -0.0903957440   0.0045049714
       -0.0428946648  -0.0272045107   0.0064002264  -0.0300406180  -0.0004070876
       -0.0003898094  -0.0001667179   0.0000077923   0.0002692115  -0.0001113418
       -0.0432025737   0.0018570726   0.0018474872  -0.2418890378  -0.0850337019
        0.0392593061  -0.0840050516   0.0375398344   0.0789995003   0.0015585795
        0.0012133753   0.0002592412  -0.0053882452  -0.0018621367  -0.0012492112
       -0.0006093234  -0.0000742266  -0.0006561212  -0.0003507050   0.0001613370
       -0.0001069917   0.0000291208   0.0000865352   0.0000694439
        0.0353273107   0.4849129347   0.0154641705   0.0168111430  -0.0736016699
        0.0563791593  -0.0032156832   0.0000307499  -0.0131549675   0.0007508601
        0.0005981445   0.0004654549  -0.0005755898  -0.0000825383  -0.0003883706
        0.0019362735  -0.2569925930   0.0054673569  -0.0820348283  -0.0774562607
        0.0145104695   0.0376479060  -0.0803021409  -0.0738743255  -0.0033404319
        0.0031183708  -0.0034797736  -0.0037353362  -0.0003256926  -0.0013998514
        0.0000914511   0.0002647798  -0.0002154042   0.0001934814  -0.0000746532
        0.0001454157   0.0001434438  -0.0000894311   0.0000806661
       -0.0452093121   0.0154641705   0.4327903207  -0.0564804881   0.0469533990
       -0.1657874914  -0.0138129909  -0.0069490145  -0.0059149730  -0.0009013702
        0.0003469747   0.0020572746   0.0014733648  -0.0000387571  -0.0003802504
        0.0026668507   0.0047913085  -0.0406108594   0.0338743894   0.0119617293
       -0.0457150782   0.0792768293  -0.0727934160  -0.1786078850   0.0014856482
        0.0005662610   0.0014500055  -0.0022306994  -0.0003242139   0.0005964739
        0.0000835375   0.0004234931   0.0000002020   0.0000429106  -0.0004085706
        0.0001359441  -0.0002686698   0.0000066359  -0.0000136835
       -0.0903957440   0.0168111430  -0.0564804881   0.3628352776   0.0805759409
        0.0953071952  -0.1728835646  -0.0706427054   0.0081021745  -0.0326637486
       -0.0131232263   0.0007006890  -0.0144491437   0.0012883858   0.0048570757
       -0.0054343254   0.0091761872  -0.0104926117  -0.0240971563   0.0069941262
       -0.0284826343   0.0077861897  -0.0044960319  -0.0026491902  -0.0143343751
       -0.0200985478  -0.0005143964  -0.0198382778  -0.0066778738  -0.0095585926
        0.0007899960  -0.0001296244   0.0007422947   0.0018145940  -0.0004232344
       -0.0014103664   0.0008702782   0.0007454610  -0.0001211494
        0.0045049714  -0.0736016699   0.0469533990   0.0805759409   0.1869514618
       -0.0906568479  -0.0613455631  -0.0898417985   0.0190132653   0.0013237099
        0.0056381422   0.0025559792   0.0014436759   0.0003676756  -0.0003362374
        0.0183491914  -0.0165049086   0.0337380755  -0.0067629250   0.0032200863
       -0.0096496466  -0.0050478414   0.0060715007  -0.0017327409  -0.0378757592
       -0.0266081247  -0.0005593250   0.0048764361   0.0030319385  -0.0000921719
        0.0000270467  -0.0001121142   0.0006198498  -0.0004682140   0.0012173126
        0.0005526005   0.0003993303   0.0001704983  -0.0004061994
       -0.0428946648   0.0563791593  -0.1657874914   0.0953071952  -0.0906568479
        0.2959292862  -0.0092754098   0.0101172522  -0.0680027704   0.0174999889
        0.0083379730   0.0046884931   0.0053847186  -0.0009736335  -0.0019542010
       -0.0110312918   0.0179402633  -0.0149801887  -0.0063571808  -0.0006514427
       -0.0010651614  -0.0184367762   0.0086975871  -0.0450287062   0.0016823280
        0.0019709228   0.0016832523  -0.0303057165  -0.0122671107  -0.0061572502
       -0.0009352004   0.0001524116   0.0001759722  -0.0009267214   0.0010398948
        0.0007641600   0.0002887310  -0.0000864291  -0.0002653947
       -0.0272045107  -0.0032156832  -0.0138129909  -0.1728835646  -0.0613455631
       -0.0092754098   0.4201494116  -0.0162273229   0.0325239465  -0.0874311231
        0.0287693619   0.0396739021  -0.0375876439   0.0065491069   0.0152447411
        0.0016474371  -0.0009026307   0.0009318026  -0.0023446005   0.0006746294
       -0.0040778986   0.0008297725   0.0007416982   0.0011336167  -0.0418823605
        0.0245849102  -0.0037038840  -0.0556253634   0.0174726245  -0.0601736134
        0.0037324251  -0.0008029596  -0.0002839398  -0.0017730645   0.0042060085
        0.0022270921   0.0003731850  -0.0005041802  -0.0004073645
        0.0064002264   0.0000307499  -0.0069490145  -0.0706427054  -0.0898417985
        0.0101172522  -0.0162273229   0.4743150045  -0.0410108419   0.0314791880
       -0.0868201771  -0.0311190205  -0.0093441362   0.0048596564   0.0038106143
        0.0044441266   0.0031425460   0.0015422996   0.0020475814   0.0003206584
        0.0018472366  -0.0008675193   0.0008138806  -0.0001446114   0.0231922526
       -0.2374257340   0.0271523834   0.0145361722  -0.0570999132   0.0488150570
       -0.0037680509   0.0034270520   0.0049821913   0.0200573748  -0.0171690534
       -0.0204070371  -0.0013071873   0.0014471284   0.0013634910
       -0.0300406180  -0.0131549675  -0.0059149730   0.0081021745   0.0190132653
       -0.0680027704   0.0325239465  -0.0410108419   0.4995214880   0.0416247234
       -0.0306548689  -0.1166571649  -0.0064627375   0.0021826389   0.0070395169
       -0.0002954937  -0.0008608011   0.0008390695  -0.0032972477   0.0007350047
       -0.0037208283  -0.0009182371  -0.0004370074   0.0005187329  -0.0044031965
        0.0259203141  -0.0489480231  -0.0566297997   0.0506919302  -0.2405567559
        0.0183110543  -0.0110817047  -0.0251231468   0.0013040365  -0.0017602055
        0.0004082859   0.0001813949   0.0004172438   0.0005965693
       -0.0004070876   0.0007508601  -0.0009013702  -0.0326637486   0.0013237099
        0.0174999889  -0.0874311231   0.0314791880   0.0416247234   0.4181602865
        0.0018122002   0.0182715802  -0.2084110938  -0.0431251561  -0.0460866911
       -0.0004865204  -0.0000623469  -0.0000268064   0.0001782511   0.0002258754
        0.0000945248  -0.0008215434  -0.0000171368  -0.0001364556  -0.0025607078
        0.0047686175   0.0041293049   0.0037799772  -0.0022173408  -0.0017479702
       -0.0425697339   0.0130586555  -0.0327584918  -0.0392272099  -0.0000736155
        0.0002827344  -0.0075397463  -0.0079235105  -0.0002450713
       -0.0003898094   0.0005981445   0.0003469747  -0.0131232263   0.0056381422
        0.0083379730   0.0287693619  -0.0868201771  -0.0306548689   0.0018122002
        0.5232472860  -0.0299288100  -0.0162675979  -0.0803302896  -0.0009518861
       -0.0003113898  -0.0002552962  -0.0003502947  -0.0001808686   0.0001458712
       -0.0001218595   0.0004396585   0.0001371296   0.0000433903   0.0204226683
       -0.0177096545  -0.0203393881  -0.0024186834   0.0030350893   0.0032315680
        0.0114765846  -0.0667793822   0.0598109699   0.0049976016  -0.2704649275
        0.0196058020  -0.0352264997  -0.0104419356  -0.0090295706
       -0.0001667179   0.0004654549   0.0020572746   0.0007006890   0.0025559792
        0.0046884931   0.0396739021  -0.0311190205  -0.1166571649   0.0182715802
       -0.0299288100   0.4689593106  -0.0440127973  -0.0063953196  -0.0570205495
       -0.0001283612   0.0002076619  -0.0000602363  -0.0003109090   0.0001191871
       -0.0003655813  -0.0000413977  -0.0005128865   0.0003702704   0.0003328738
       -0.0008384870   0.0009051009   0.0179447637  -0.0113621409  -0.0260777783
       -0.0333720039   0.0619083737  -0.2262909224  -0.0007573093   0.0174523269
       -0.0473928306   0.0018656876  -0.0025523195  -0.0031153862
        0.0000077923  -0.0005755898   0.0014733648  -0.0144491437   0.0014436759
        0.0053847186  -0.0375876439  -0.0093441362  -0.0064627375  -0.2084110938
       -0.0162675979  -0.0440127973   0.3317582547   0.0706954139   0.0721710256
        0.0001989278   0.0000724041  -0.0000845517  -0.0001529190  -0.0000815620
        0.0000245620   0.0007207472   0.0001946909  -0.0000115377   0.0013642581
        0.0008587879  -0.0004681067   0.0019876852  -0.0008798072  -0.0012971618
       -0.0287517314  -0.0051252875  -0.0188902098  -0.0096820220  -0.0102561469
       -0.0018744163  -0.0370031115  -0.0307348451  -0.0059521521
        0.0002692115  -0.0000825383  -0.0000387571   0.0012883858   0.0003676756
       -0.0009736335   0.0065491069   0.0048596564   0.0021826389  -0.0431251561
       -0.0803302896  -0.0063953196   0.0706954139   0.5072997019  -0.0304476233
        0.0000246515   0.0000720764   0.0000730490   0.0000351432  -0.0000603885
        0.0000448359  -0.0000700171  -0.0000958830   0.0000788047  -0.0000645002
        0.0009306796  -0.0000299735  -0.0003317066  -0.0001266100   0.0006238841
        0.0032665634   0.0047015837  -0.0016259731  -0.0356944009  -0.0150403618
       -0.0090321380  -0.0028426954  -0.4224953024   0.0455402055
       -0.0001113418  -0.0003883706  -0.0003802504   0.0048570757  -0.0003362374
       -0.0019542010   0.0152447411   0.0038106143   0.0070395169  -0.0460866911
       -0.0009518861  -0.0570205495   0.0721710256  -0.0304476233   0.0689453430
        0.0000996041  -0.0000851029   0.0000405568   0.0000311827  -0.0000420262
        0.0003263578   0.0001391154   0.0003046480   0.0002722249  -0.0001195214
        0.0005302416  -0.0001981015  -0.0010997272   0.0003140650   0.0022525350
       -0.0358661440  -0.0087891409  -0.0111542503   0.0003507632  -0.0012477499
        0.0014142244  -0.0096100823   0.0373285684  -0.0095834061
       -0.0432025737   0.0019362735   0.0026668507  -0.0054343254   0.0183491914
       -0.0110312918   0.0016474371   0.0044441266  -0.0002954937  -0.0004865204
       -0.0003113898  -0.0001283612   0.0001989278   0.0000246515   0.0000996041
        0.0482063985  -0.0093285397   0.0042593868  -0.0013134414  -0.0296153873
        0.0012304758  -0.0001146660   0.0156983134   0.0025509005   0.0003534607
       -0.0010274559   0.0003099967   0.0001850956  -0.0000823834   0.0002343023
       -0.0000879412   0.0001144968   0.0001323767   0.0001669853  -0.0001761898
        0.0000061670  -0.0001188369  -0.0000257072  -0.0000349139
        0.0018570726  -0.2569925930   0.0047913085   0.0091761872  -0.0165049086
        0.0179402633  -0.0009026307   0.0031425460  -0.0008608011  -0.0000623469
       -0.0002552962   0.0002076619   0.0000724041   0.0000720764  -0.0000851029
       -0.0093285397   0.3042598793  -0.0182915914  -0.0025502105  -0.0153175383
        0.0001071336   0.0006089398  -0.0188363814  -0.0035791505   0.0015497327
        0.0002989770   0.0003780838  -0.0004294114   0.0001427937  -0.0003664917
        0.0002355063  -0.0001630798  -0.0001677622  -0.0002208290   0.0000744118
       -0.0001122977  -0.0000058746   0.0000791131   0.0000387462
        0.0018474872   0.0054673569  -0.0406108594  -0.0104926117   0.0337380755
       -0.0149801887   0.0009318026   0.0015422996   0.0008390695  -0.0000268064
       -0.0003502947  -0.0000602363  -0.0000845517   0.0000730490   0.0000405568
        0.0042593868  -0.0182915914   0.0544404645   0.0013962865   0.0056227846
        0.0005858883   0.0015341265  -0.0265274088  -0.0007124914   0.0000557230
       -0.0010854909   0.0003726906   0.0004278480   0.0000306305   0.0002408683
        0.0000523996  -0.0001867967  -0.0000088579   0.0000642713  -0.0000094534
       -0.0001923550   0.0000346382  -0.0000231602   0.0000454506
       -0.2418890378  -0.0820348283   0.0338743894  -0.0240971563  -0.0067629250
       -0.0063571808  -0.0023446005   0.0020475814  -0.0032972477   0.0001782511
       -0.0001808686  -0.0003109090  -0.0001529190   0.0000351432   0.0000311827
       -0.0013134414  -0.0025502105   0.0013962865   0.2863049758   0.0950382773
       -0.0316106628  -0.0164413150  -0.0058883548   0.0066020056   0.0003652844
        0.0005918281  -0.0000181856  -0.0008063503  -0.0002788622  -0.0001227102
        0.0001332309   0.0000306428  -0.0001542926  -0.0000164754  -0.0000648231
       -0.0000323980   0.0000795534   0.0000173997  -0.0000002774
       -0.0850337019  -0.0774562607   0.0119617293   0.0069941262   0.0032200863
       -0.0006514427   0.0006746294   0.0003206584   0.0007350047   0.0002258754
        0.0001458712   0.0001191871  -0.0000815620  -0.0000603885  -0.0000420262
       -0.0296153873  -0.0153175383   0.0056227846   0.0950382773   0.0840170727
       -0.0148293086   0.0114749602   0.0046079175  -0.0029427298   0.0000877692
        0.0001952169   0.0000767695   0.0002187479   0.0003293426   0.0000331175
       -0.0000203198  -0.0001058093  -0.0000579967  -0.0000154104   0.0000318299
       -0.0000273239   0.0000519957   0.0000720013   0.0000022351
        0.0392593061   0.0145104695  -0.0457150782  -0.0284826343  -0.0096496466
       -0.0010651614  -0.0040778986   0.0018472366  -0.0037208283   0.0000945248
       -0.0001218595  -0.0003655813   0.0000245620   0.0000448359   0.0003263578
        0.0012304758   0.0001071336   0.0005858883  -0.0316106628  -0.0148293086
        0.0559125380   0.0247049049   0.0085768550  -0.0056054858   0.0001988216
        0.0001401134  -0.0001373256  -0.0012149182  -0.0004814287  -0.0002763928
       -0.0001270345  -0.0001248097   0.0001162589   0.0000276572  -0.0000114395
       -0.0000309047  -0.0000271041  -0.0000081514  -0.0000242847
       -0.0840050516   0.0376479060   0.0792768293   0.0077861897  -0.0050478414
       -0.0184367762   0.0008297725  -0.0008675193  -0.0009182371  -0.0008215434
        0.0004396585  -0.0000413977   0.0007207472  -0.0000700171   0.0001391154
       -0.0001146660   0.0006089398   0.0015341265  -0.0164413150   0.0114749602
        0.0247049049   0.0944512602  -0.0439122704  -0.0861768770  -0.0002251169
        0.0000495747  -0.0000365835  -0.0002944080   0.0000089342   0.0001067149
       -0.0018184859  -0.0003971324  -0.0000086774  -0.0000010377   0.0001165380
       -0.0000916679  -0.0000663451  -0.0000517307  -0.0000514742
        0.0375398344  -0.0803021409  -0.0727934160  -0.0044960319   0.0060715007
        0.0086975871   0.0007416982   0.0008138806  -0.0004370074  -0.0000171368
        0.0001371296  -0.0005128865   0.0001946909  -0.0000958830   0.0003046480
        0.0156983134  -0.0188363814  -0.0265274088  -0.0058883548   0.0046079175
        0.0085768550  -0.0439122704   0.0879028735   0.0822452099   0.0004398218
       -0.0003907365  -0.0000276502   0.0000948225  -0.0000133746   0.0000988547
       -0.0004392554   0.0002708807   0.0002562639   0.0001577981  -0.0001385209
        0.0002041881  -0.0001139300  -0.0000271451  -0.0000852380
        0.0789995003  -0.0738743255  -0.1786078850  -0.0026491902  -0.0017327409
       -0.0450287062   0.0011336167  -0.0001446114   0.0005187329  -0.0001364556
        0.0000433903   0.0003702704  -0.0000115377   0.0000788047   0.0002722249
        0.0025509005  -0.0035791505  -0.0007124914   0.0066020056  -0.0029427298
       -0.0056054858  -0.0861768770   0.0822452099   0.2280931149   0.0000055161
       -0.0000425540  -0.0002099430   0.0000586014  -0.0000999587   0.0002897472
       -0.0003132890  -0.0001931411   0.0008233818  -0.0001277964   0.0001814444
       -0.0001500445   0.0000650054   0.0000603624  -0.0000529164
        0.0015585795  -0.0033404319   0.0014856482  -0.0143343751  -0.0378757592
        0.0016823280  -0.0418823605   0.0231922526  -0.0044031965  -0.0025607078
        0.0204226683   0.0003328738   0.0013642581  -0.0000645002  -0.0001195214
        0.0003534607   0.0015497327   0.0000557230   0.0003652844   0.0000877692
        0.0001988216  -0.0002251169   0.0004398218   0.0000055161   0.0574863979
       -0.0145041393   0.0007837472   0.0004649404   0.0090751058  -0.0021003307
        0.0006499352  -0.0000894100  -0.0008545720  -0.0027866762   0.0016358572
        0.0028630279  -0.0004536197  -0.0005289671   0.0000699349
        0.0012133753   0.0031183708   0.0005662610  -0.0200985478  -0.0266081247
        0.0019709228   0.0245849102  -0.2374257340   0.0259203141   0.0047686175
       -0.0177096545  -0.0008384870   0.0008587879   0.0009306796   0.0005302416
       -0.0010274559   0.0002989770  -0.0010854909   0.0005918281   0.0001952169
        0.0001401134   0.0000495747  -0.0003907365  -0.0000425540  -0.0145041393
        0.2881956423  -0.0290653912   0.0020296692  -0.0102765257   0.0040828079
       -0.0007046199   0.0005336138   0.0006920179   0.0019011574  -0.0010870115
       -0.0027098741   0.0003368426   0.0002252866  -0.0001608815
        0.0002592412  -0.0034797736   0.0014500055  -0.0005143964  -0.0005593250
        0.0016832523  -0.0037038840   0.0271523834  -0.0489480231   0.0041293049
       -0.0203393881   0.0009051009  -0.0004681067  -0.0000299735  -0.0001981015
        0.0003099967   0.0003780838   0.0003726906  -0.0000181856   0.0000767695
       -0.0001373256  -0.0000365835  -0.0000276502  -0.0002099430   0.0007837472
       -0.0290653912   0.0525907299  -0.0036485162   0.0291284136  -0.0065176736
       -0.0000664741  -0.0009459664   0.0006928270   0.0030938034  -0.0025815862
       -0.0021458328  -0.0001199468   0.0002934040   0.0004622934
       -0.0053882452  -0.0037353362  -0.0022306994  -0.0198382778   0.0048764361
       -0.0303057165  -0.0556253634   0.0145361722  -0.0566297997   0.0037799772
       -0.0024186834   0.0179447637   0.0019876852  -0.0003317066  -0.0010997272
        0.0001850956  -0.0004294114   0.0004278480  -0.0008063503   0.0002187479
       -0.0012149182  -0.0002944080   0.0000948225   0.0000586014   0.0004649404
        0.0020296692  -0.0036485162   0.0779251017  -0.0158043620   0.0732690052
       -0.0026106120   0.0014591785   0.0030151540   0.0005232924  -0.0005055855
       -0.0000720768  -0.0003028360   0.0000100588   0.0004860815
       -0.0018621367  -0.0003256926  -0.0003242139  -0.0066778738   0.0030319385
       -0.0122671107   0.0174726245  -0.0570999132   0.0506919302  -0.0022173408
        0.0030350893  -0.0113621409  -0.0008798072  -0.0001266100   0.0003140650
       -0.0000823834   0.0001427937   0.0000306305  -0.0002788622   0.0003293426
       -0.0004814287   0.0000089342  -0.0000133746  -0.0000999587   0.0090751058
       -0.0102765257   0.0291284136  -0.0158043620   0.0612308390  -0.0529791569
        0.0015093882  -0.0000307493  -0.0023347975  -0.0001195774   0.0002891700
       -0.0008397533  -0.0001437091  -0.0001863075   0.0005235214
       -0.0012492112  -0.0013998514   0.0005964739  -0.0095585926  -0.0000921719
       -0.0061572502  -0.0601736134   0.0488150570  -0.2405567559  -0.0017479702
        0.0032315680  -0.0260777783  -0.0012971618   0.0006238841   0.0022525350
        0.0002343023  -0.0003664917   0.0002408683  -0.0001227102   0.0000331175
       -0.0002763928   0.0001067149   0.0000988547   0.0002897472  -0.0021003307
        0.0040828079  -0.0065176736   0.0732690052  -0.0529791569   0.2794910711
        0.0031377170  -0.0024332155  -0.0032537817  -0.0006652037   0.0004723519
        0.0003910187   0.0001670546  -0.0000867535  -0.0004220816
       -0.0006093234   0.0000914511   0.0000835375   0.0007899960   0.0000270467
       -0.0009352004   0.0037324251  -0.0037680509   0.0183110543  -0.0425697339
        0.0114765846  -0.0333720039  -0.0287517314   0.0032665634  -0.0358661440
       -0.0000879412   0.0002355063   0.0000523996   0.0001332309  -0.0000203198
       -0.0001270345  -0.0018184859  -0.0004392554  -0.0003132890   0.0006499352
       -0.0007046199  -0.0000664741  -0.0026106120   0.0015093882   0.0031377170
        0.0688212130  -0.0131447972   0.0504335374   0.0015501692   0.0013710846
       -0.0008790505   0.0007708584   0.0000994182  -0.0004590494
       -0.0000742266   0.0002647798   0.0004234931  -0.0001296244  -0.0001121142
        0.0001524116  -0.0008029596   0.0034270520  -0.0110817047   0.0130586555
       -0.0667793822   0.0619083737  -0.0051252875   0.0047015837  -0.0087891409
        0.0001144968  -0.0001630798  -0.0001867967   0.0000306428  -0.0001058093
       -0.0001248097  -0.0003971324   0.0002708807  -0.0001931411  -0.0000894100
        0.0005336138  -0.0009459664   0.0014591785  -0.0000307493  -0.0024332155
       -0.0131447972   0.0709952568  -0.0667644710   0.0059334982  -0.0139984078
        0.0303626374  -0.0008330341   0.0009963760  -0.0023276699
       -0.0006561212  -0.0002154042   0.0000002020   0.0007422947   0.0006198498
        0.0001759722  -0.0002839398   0.0049821913  -0.0251231468  -0.0327584918
        0.0598109699  -0.2262909224  -0.0188902098  -0.0016259731  -0.0111542503
        0.0001323767  -0.0001677622  -0.0000088579  -0.0001542926  -0.0000579967
        0.0001162589  -0.0000086774   0.0002562639   0.0008233818  -0.0008545720
        0.0006920179   0.0006928270   0.0030151540  -0.0023347975  -0.0032537817
        0.0504335374  -0.0667644710   0.2677048781  -0.0010823238   0.0045066615
       -0.0052072808   0.0003652656   0.0002984504   0.0015247200
       -0.0003507050   0.0001934814   0.0000429106   0.0018145940  -0.0004682140
       -0.0009267214  -0.0017730645   0.0200573748   0.0013040365  -0.0392272099
        0.0049976016  -0.0007573093  -0.0096820220  -0.0356944009   0.0003507632
        0.0001669853  -0.0002208290   0.0000642713  -0.0000164754  -0.0000154104
        0.0000276572  -0.0000010377   0.0001577981  -0.0001277964  -0.0027866762
        0.0019011574   0.0030938034   0.0005232924  -0.0001195774  -0.0006652037
        0.0015501692   0.0059334982  -0.0010823238   0.0546038247   0.0062563394
        0.0005440912  -0.0048216750  -0.0029788192  -0.0018681787
        0.0001613370  -0.0000746532  -0.0004085706  -0.0004232344   0.0012173126
        0.0010398948   0.0042060085  -0.0171690534  -0.0017602055  -0.0000736155
       -0.2704649275   0.0174523269  -0.0102561469  -0.0150403618  -0.0012477499
       -0.0001761898   0.0000744118  -0.0000094534  -0.0000648231   0.0000318299
       -0.0000114395   0.0001165380  -0.0001385209   0.0001814444   0.0016358572
       -0.0010870115  -0.0025815862  -0.0005055855   0.0002891700   0.0004723519
        0.0013710846  -0.0139984078   0.0045066615   0.0062563394   0.3160908573
       -0.0166806864  -0.0022475695   0.0002693546  -0.0009529881
       -0.0001069917   0.0001454157   0.0001359441  -0.0014103664   0.0005526005
        0.0007641600   0.0022270921  -0.0204070371   0.0004082859   0.0002827344
        0.0196058020  -0.0473928306  -0.0018744163  -0.0090321380   0.0014142244
        0.0000061670  -0.0001122977  -0.0001923550  -0.0000323980  -0.0000273239
       -0.0000309047  -0.0000916679   0.0002041881  -0.0001500445   0.0028630279
       -0.0027098741  -0.0021458328  -0.0000720768  -0.0008397533   0.0003910187
       -0.0008790505   0.0303626374  -0.0052072808   0.0005440912  -0.0166806864
        0.0512467182  -0.0014561450  -0.0010615334   0.0007588971
        0.0000291208   0.0001434438  -0.0002686698   0.0008702782   0.0003993303
        0.0002887310   0.0003731850  -0.0013071873   0.0001813949  -0.0075397463
       -0.0352264997   0.0018656876  -0.0370031115  -0.0028426954  -0.0096100823
       -0.0001188369  -0.0000058746   0.0000346382   0.0000795534   0.0000519957
       -0.0000271041  -0.0000663451  -0.0001139300   0.0000650054  -0.0004536197
        0.0003368426  -0.0001199468  -0.0003028360  -0.0001437091   0.0001670546
        0.0007708584  -0.0008330341   0.0003652656  -0.0048216750  -0.0022475695
       -0.0014561450   0.0481831748   0.0417888873   0.0085141706
        0.0000865352  -0.0000894311   0.0000066359   0.0007454610   0.0001704983
       -0.0000864291  -0.0005041802   0.0014471284   0.0004172438  -0.0079235105
       -0.0104419356  -0.0025523195  -0.0307348451  -0.4224953024   0.0373285684
       -0.0000257072   0.0000791131  -0.0000231602   0.0000173997   0.0000720013
       -0.0000081514  -0.0000517307  -0.0000271451   0.0000603624  -0.0005289671
        0.0002252866   0.0002934040   0.0000100588  -0.0001863075  -0.0000867535
        0.0000994182   0.0009963760   0.0002984504  -0.0029788192   0.0002693546
       -0.0010615334   0.0417888873   0.4299803634  -0.0345863177
        0.0000694439   0.0000806661  -0.0000136835  -0.0001211494  -0.0004061994
       -0.0002653947  -0.0004073645   0.0013634910   0.0005965693  -0.0002450713
       -0.0090295706  -0.0031153862  -0.0059521521   0.0455402055  -0.0095834061
       -0.0000349139   0.0000387462   0.0000454506  -0.0000002774   0.0000022351
       -0.0000242847  -0.0000514742  -0.0000852380  -0.0000529164   0.0000699349
       -0.0001608815   0.0004622934   0.0004860815   0.0005235214  -0.0004220816
       -0.0004590494  -0.0023276699   0.0015247200  -0.0018681787  -0.0009529881
        0.0007588971   0.0085141706  -0.0345863177   0.0100892229
