           1           2   1.02966105365568     
           2           3   1.59692510425492     
           3           4   1.06194068458421     
           4           5   1.70886844715535     
           4           6   1.08456047982459     
           5           6  0.143923099613163     
           6           7   1.13060789181011     
           6           8  0.137066733793255     
           7           8   1.64231198718709     
           2           9   1.16023820699933     
           7           9   1.10672101767455     
           8           9  0.130496149811443     
           6          10  0.914256315983844     
          10          11  0.997945384110628     
          10          12  0.993478621232701     
          10          13  0.994660807910742     
           3          14  0.987547835847371     
           1          15  0.960694976836614     
           1          16  0.965914423610626     
           1          17  0.975412484190983     
           9          18  0.922458537346811     
          11          19  0.981039778437180     
          11          20  0.985248769556692     
          11          21  0.975470407809765     
          12          22  0.982407492241720     
          12          23  0.982547691215248     
          12          24  0.984045608170527     
          13          25  0.981506286729177     
          13          26  0.975757699439538     
          13          27  0.985745678154155     
