           1           2   1.00950149116636     
           2           3   1.00950329718641     
           2           4  0.994908244366872     
           4           5  0.990004246929816     
           5           6   1.67940767705889     
           5           7   1.19214669100715     
           6           7  0.170139090404217     
           1           8  0.985945269324334     
           1           9  0.986520455888104     
           1          10  0.983608182409963     
           2          11  0.967545821538467     
           3          12  0.986535070937222     
           3          13  0.983646268348880     
           3          14  0.985950260517392     
           4          15  0.943529936740238     
           4          16  0.944373864479767     
           7          17  0.804153372230609     
