           1           2   1.01990677873621     
           2           3  0.995445945877590     
           3           4  0.966042397643379     
           3           5   1.00929758655251     
           3           6  0.986509433022498     
           6           7  0.993303028756508     
           1           8  0.986393195916816     
           1           9  0.987122231451809     
           1          10  0.985232838546623     
           2          11  0.977688231245914     
           2          12  0.976177325959108     
           5          13  0.986606141313555     
           5          14  0.984448634640549     
           5          15  0.986829044070108     
           6          16  0.968041737454878     
           6          17  0.972893780703609     
           7          18  0.863260771808461     
