           1           2   1.04209150565547     
           2           3   1.40122481297829     
           3           4   1.45367280173254     
           4           5   1.41424536400429     
           3           6  0.107332508310635     
           5           6   1.46443724951731     
           2           7   1.34841061337441     
           6           7   1.37349238446379     
           7           8  0.972067123332732     
           8           9   1.44600439282403     
           8          10   1.44403697993849     
           9          10  0.355624199731377     
           1          11  0.961401472184541     
           1          12  0.981886686851449     
           1          13  0.954246327078150     
           3          14  0.966651709631891     
           4          15  0.969555309650495     
           5          16  0.969050265832685     
           6          17  0.960276105937413     
