           1           2  0.995547971925716     
           2           3   1.00613369604162     
           3           4  0.952032461847060     
           4           5  0.939913625340458     
           4           6  0.951880610316521     
           4           7  0.930300954802193     
           2           8  0.994647892854770     
           8           9   1.40737909608938     
           9          10   1.44302457160940     
           8          11  0.108697456916987     
          10          11   1.43952128599485     
           9          12  0.111343646436582     
          11          12   1.43867042732070     
           8          13   1.40754429213438     
          10          13  0.111515299703940     
          12          13   1.44416872607883     
           1          14  0.978734606103687     
           1          15  0.975412226814669     
           1          16  0.981964253573412     
           3          17  0.956055269966689     
           3          18  0.950977423046878     
           9          19  0.966948303040021     
          10          20  0.969950749369690     
          11          21  0.970367509293394     
          12          22  0.969955716501189     
          13          23  0.968177924337264     
