$hessian                                                                        
        0.4728204904  -0.0274176452   0.0047190297  -0.1667230214  -0.0552578164
        0.0219488498  -0.0230931367  -0.0073813708  -0.0028769745   0.0005549618
       -0.0010605132   0.0009400270  -0.0004771466  -0.0003394697   0.0002967294
       -0.0022207121  -0.0000390331  -0.0027622188   0.0002020781   0.0000097315
       -0.0000928500  -0.0009769953  -0.0000398804   0.0003262050  -0.0851377117
        0.0331761954   0.0855165822  -0.0479970942   0.0361527092  -0.0017176374
       -0.1305330382   0.0309123811  -0.1118958173  -0.0167688635  -0.0072784038
        0.0062201056   0.0005250559  -0.0017004056  -0.0003297938   0.0002608755
        0.0002257256   0.0002800493  -0.0002995497  -0.0000407704  -0.0001211541
        0.0000895463   0.0000114177   0.0000761936   0.0000217876   0.0002532949
       -0.0002134684   0.0000425542  -0.0001699127   0.0000004332   0.0000765865
        0.0000167219  -0.0000493325  -0.0001086723  -0.0000290149  -0.0000487809
       -0.0002293896  -0.0000228099  -0.0002466999   0.0000023921   0.0000529049
        0.0000333455  -0.0000309973  -0.0000340361  -0.0000028228
       -0.0274176452   0.5054325460   0.0028764702  -0.0551286300  -0.0972852282
        0.0102299873   0.0014685142   0.0012992971  -0.0015640282   0.0014484061
        0.0013242427   0.0003591191   0.0004190693  -0.0001525500  -0.0002756726
        0.0010043041  -0.0001029933   0.0008515510   0.0000102972  -0.0001572481
        0.0001181957   0.0003226727  -0.0000030832  -0.0000791041   0.0332596002
       -0.0682851209  -0.0639879784   0.0362819272  -0.2749584425   0.0110407043
        0.0307880177  -0.0537132310   0.0366386733   0.0058186026   0.0043313019
       -0.0015360590  -0.0277483267  -0.0184433197   0.0057314347  -0.0005711715
       -0.0002235556  -0.0004544190  -0.0000798685   0.0002233066   0.0001100404
       -0.0000830772   0.0000895532   0.0000531669   0.0001302648   0.0002214982
       -0.0001621239  -0.0000537375   0.0001309581  -0.0000212524   0.0000222725
        0.0000303100  -0.0000192699   0.0000287422   0.0001147199   0.0000547535
        0.0001255999   0.0000377830   0.0000415580   0.0000099829   0.0000469539
        0.0000520134  -0.0000558170   0.0000423018  -0.0000577602
        0.0047190297   0.0028764702   0.5212223716   0.0194976415   0.0093004893
       -0.0694913215  -0.0181861784  -0.0077638893   0.0020545161  -0.0004366346
       -0.0009788401   0.0008284098   0.0008559191   0.0002060711  -0.0002846663
       -0.0021482240   0.0002680545  -0.0027321271   0.0001118541  -0.0000784936
       -0.0000120675  -0.0010020157  -0.0000944439   0.0002961634   0.0858190080
       -0.0638079536  -0.2156159176  -0.0017008775   0.0111759862  -0.0454812651
       -0.1117121182   0.0366657274  -0.1838429516   0.0251286001   0.0116304095
       -0.0069009380   0.0018684418   0.0015007106   0.0005593956  -0.0017455302
       -0.0006146929  -0.0008388503  -0.0002288457  -0.0001430754  -0.0000813453
       -0.0003204900  -0.0000945944   0.0000168820  -0.0000974639  -0.0002269935
        0.0000182925  -0.0001500933   0.0002055920   0.0001272619  -0.0000849038
        0.0000496453   0.0001109791   0.0000659990  -0.0000351048   0.0000641149
       -0.0003429530  -0.0000321615  -0.0001616643   0.0000255479   0.0000144880
        0.0000566700   0.0000642869  -0.0000234010   0.0000880576
       -0.1667230214  -0.0551286300   0.0194976415   0.4602000638  -0.0131252879
       -0.0274192360  -0.1080206193   0.0156235306  -0.0552594598  -0.0016471624
        0.0018232468  -0.0026301086   0.0025615516  -0.0010908904  -0.0004630083
       -0.0251633123   0.0026412552  -0.0168021217   0.0004937967   0.0001007152
        0.0001009391  -0.0042756989  -0.0003391954   0.0016020242  -0.0152809081
       -0.0058859147   0.0063889473   0.0010506475  -0.0026334319  -0.0000357007
       -0.0215232800  -0.0098292903   0.0008605076  -0.0718620111   0.0297094132
        0.0751395277  -0.0477898203   0.0359559857  -0.0010637334   0.0000589382
       -0.0000731416   0.0008185632   0.0001919583   0.0002967437   0.0005505672
        0.0002023817   0.0007537735   0.0014402103   0.0007182707   0.0009087678
       -0.0012997771  -0.0014615843   0.0004493407  -0.0002749419  -0.0000731405
        0.0000143968  -0.0001931580  -0.0003608985   0.0000767810  -0.0000889187
       -0.0011599725  -0.0002314042  -0.0010225332  -0.0000765418   0.0000518320
        0.0000579049  -0.0000596370  -0.0000685958   0.0000958645
       -0.0552578164  -0.0972852282   0.0093004893  -0.0131252879   0.5208594028
        0.0191023112   0.0160661862  -0.0721579693   0.0180121921   0.0178623613
       -0.0088672185   0.0228914846  -0.0084541288   0.0014560910  -0.0119800557
       -0.0037291252   0.0005856193  -0.0031405654   0.0002229567  -0.0003991479
       -0.0007734865  -0.0013877380   0.0002261896   0.0003682530   0.0066549871
        0.0045570253  -0.0003750218  -0.0274953294  -0.0192129097   0.0053376629
        0.0032703468   0.0023048710  -0.0006919588   0.0294853241  -0.0697639141
       -0.0652763487   0.0370255145  -0.2630674184   0.0125929418  -0.0003983083
        0.0006961350   0.0000334671  -0.0007592648   0.0004855422  -0.0011916963
        0.0002364588  -0.0013446908  -0.0033867594  -0.0010592436   0.0008644548
       -0.0006325088   0.0011202232  -0.0003322830   0.0000402601   0.0000732063
        0.0000614667   0.0002278935   0.0000512491   0.0001774652   0.0001104007
       -0.0003948016   0.0000606449  -0.0002923507   0.0001155651   0.0000243902
       -0.0000418442  -0.0001233350   0.0000714821  -0.0002347601
        0.0219488498   0.0102299873  -0.0694913215  -0.0274192360   0.0191023112
        0.4973991390  -0.0541759365   0.0178673631  -0.1276623390  -0.0078884464
        0.0049657327  -0.0081371845  -0.0145453621  -0.0001030992  -0.0277415517
       -0.0008602685  -0.0011672600   0.0044888858  -0.0008290855   0.0002574195
       -0.0009266900   0.0016573913   0.0003054087  -0.0002887607   0.0241853967
        0.0115333380  -0.0058651003   0.0014880841   0.0016276945  -0.0000913365
       -0.0206100725  -0.0099885521   0.0021673853   0.0751422148  -0.0649067698
       -0.2162173914  -0.0013736257   0.0130805032  -0.0451495585  -0.0007574621
        0.0005543349   0.0004068211   0.0000426192   0.0008018708   0.0007202149
        0.0004383503  -0.0030991542  -0.0046507494   0.0008419981   0.0001245904
        0.0006200091   0.0017772569  -0.0008374672   0.0001039823   0.0003910907
       -0.0001990067   0.0000701341  -0.0000300584  -0.0000953920  -0.0001306521
        0.0005596014   0.0000145128   0.0002140339  -0.0000038967   0.0000883987
        0.0000326638   0.0000205972  -0.0001567648   0.0001293663
       -0.0230931367   0.0014685142  -0.0181861784  -0.1080206193   0.0160661862
       -0.0541759365   0.4472974636   0.0001524008  -0.0044303878  -0.0435193652
       -0.0157855002   0.0038289419  -0.0695635684   0.0149121670   0.0222663722
       -0.1504772114  -0.0191242215   0.0339911330  -0.0131321668   0.0026602553
        0.0088738146  -0.0242131109  -0.0032304314   0.0009696072   0.0007680599
        0.0004500524  -0.0004158279   0.0009226249   0.0008956148  -0.0001170287
       -0.0049851571  -0.0022454817   0.0001589487   0.0050390708  -0.0023241621
        0.0045023275  -0.0048089697   0.0039327593  -0.0062098185  -0.0100030560
        0.0170541262   0.0237836618   0.0012507533  -0.0020268010  -0.0040644174
        0.0032355703  -0.0085590720  -0.0125273086  -0.0059243745  -0.0037101349
        0.0031530558   0.0001036724  -0.0003908009  -0.0007012033  -0.0005150038
        0.0011168162   0.0008805760   0.0006974130  -0.0008772568  -0.0003820972
       -0.0025751533  -0.0003124577  -0.0025515181   0.0006113493   0.0000571946
        0.0004186043   0.0009049156  -0.0001797669   0.0009346795
       -0.0073813708   0.0012992971  -0.0077638893   0.0156235306  -0.0721579693
        0.0178673631   0.0001524008   0.5305119349  -0.0156711929  -0.0163764667
       -0.2422063517   0.0591734725   0.0164102955  -0.1122995998  -0.0582651521
       -0.0208324260  -0.0704870576   0.0100983373   0.0173894174   0.0009728660
       -0.0074002638  -0.0019156472  -0.0001809916   0.0000782447   0.0002648451
        0.0003125052  -0.0001901376  -0.0012029321   0.0004781918  -0.0010480748
       -0.0029809561  -0.0007659884  -0.0000585767  -0.0057099212   0.0022237428
       -0.0084632438   0.0198699361  -0.0099997300   0.0223612872   0.0009494995
        0.0012856369   0.0005355616   0.0066993703  -0.0237346586  -0.0231214879
       -0.0020233403   0.0036872036   0.0044129216  -0.0243356607  -0.0080175555
        0.0116747757   0.0001051941   0.0006788387   0.0000676641   0.0024868448
       -0.0027791270  -0.0031130293   0.0014000521   0.0004836521  -0.0006881518
        0.0004418948   0.0004314897  -0.0004422018  -0.0001291277  -0.0003341615
       -0.0001299588   0.0010945679   0.0005978323   0.0000857330
       -0.0028769745  -0.0015640282   0.0020545161  -0.0552594598   0.0180121921
       -0.1276623390  -0.0044303878  -0.0156711929   0.4667387493   0.0046078334
        0.0586574997  -0.0585885867   0.0223677052  -0.0571818718  -0.1401531608
        0.0329790511   0.0101741944  -0.0736102095   0.0180431389  -0.0002889620
       -0.0088946248  -0.0174093783  -0.0033103657   0.0055276206   0.0005123130
       -0.0002415995   0.0000882362   0.0007323818   0.0002973604   0.0005435068
        0.0014816325   0.0004665602   0.0007163115  -0.0153945644   0.0036160742
       -0.0241016791  -0.0047972478   0.0041050181  -0.0050901828   0.0054545469
       -0.0052908062  -0.0083676029  -0.0010601301  -0.0001612296   0.0035354681
        0.0036500764  -0.0142627909  -0.0228439538   0.0148786415   0.0053355326
       -0.0062549354  -0.0001202442   0.0004924751   0.0000642063   0.0016738523
       -0.0027999623  -0.0022897804  -0.0005714532   0.0006467758   0.0006011390
       -0.0040458912  -0.0006644094  -0.0028964553  -0.0000646108  -0.0003161556
        0.0001101686  -0.0003508308  -0.0000503084   0.0007735880
        0.0005549618   0.0014484061  -0.0004366346  -0.0016471624   0.0178623613
       -0.0078884464  -0.0435193652  -0.0163764667   0.0046078334   0.0569242653
        0.0175903195  -0.0057582393   0.0014879666   0.0064326705  -0.0007385510
       -0.0069763132  -0.0266148873   0.0108308407   0.0007601671  -0.0012715946
       -0.0001486526   0.0003146194  -0.0003556229   0.0006605547  -0.0002028283
        0.0001902156   0.0001505600  -0.0003726155  -0.0005526933  -0.0004843043
        0.0001221737  -0.0000749080   0.0001793282  -0.0000161298   0.0000765707
        0.0001414324  -0.0023394120   0.0015612489  -0.0033450484  -0.0000603233
        0.0003443176  -0.0000963570   0.0002461902   0.0008834579   0.0009581517
        0.0002258886  -0.0004932443  -0.0002878006  -0.0051773745  -0.0019286342
        0.0022717116   0.0000515333   0.0000642480   0.0000055675   0.0002079121
       -0.0000086927  -0.0002432596  -0.0005538965   0.0006845227   0.0001156174
        0.0000561856   0.0001641428  -0.0001586186   0.0000160608   0.0001064265
        0.0000520355  -0.0001025040   0.0002678359  -0.0003877205
       -0.0010605132   0.0013242427  -0.0009788401   0.0018232468  -0.0088672185
        0.0049657327  -0.0157855002  -0.2422063517   0.0586574997   0.0175903195
        0.2836641627  -0.0663165963  -0.0007907434  -0.0223805346   0.0010391911
       -0.0038879251  -0.0097157192   0.0047236833   0.0014490725   0.0013676396
       -0.0012314525   0.0003714647   0.0003727393  -0.0000575177   0.0003028476
       -0.0002765970  -0.0000640058   0.0001876385   0.0003927823   0.0000785860
       -0.0002260954   0.0000377857  -0.0002588051  -0.0000186840  -0.0001879722
        0.0000949983   0.0009239275  -0.0006321307   0.0021309085   0.0001103798
        0.0000879222   0.0002607202   0.0014338914  -0.0031856063  -0.0037747818
       -0.0002955070   0.0005142078   0.0003417463  -0.0020319913  -0.0007089930
        0.0006611831  -0.0000675062  -0.0000745113   0.0002188463   0.0002930716
        0.0000046605  -0.0001545480  -0.0000520740   0.0003738523   0.0000214071
        0.0000748682   0.0000209561  -0.0001401097   0.0000299331  -0.0001216056
        0.0000457146  -0.0003741214   0.0001962888  -0.0002635602
        0.0009400270   0.0003591191   0.0008284098  -0.0026301086   0.0228914846
       -0.0081371845   0.0038289419   0.0591734725  -0.0585885867  -0.0057582393
       -0.0663165963   0.0736543724  -0.0009535803  -0.0240909541   0.0026434143
        0.0040087929   0.0103435012  -0.0037729527   0.0000327256   0.0007309103
        0.0003107861  -0.0001430090  -0.0003766440   0.0004110230   0.0000540300
       -0.0001157501  -0.0000160745  -0.0004770708  -0.0005301771  -0.0000404551
        0.0003375351  -0.0000397114   0.0000595329   0.0000515705   0.0002171688
       -0.0002923831  -0.0029024381   0.0015149036  -0.0036564631  -0.0002280178
        0.0000966276   0.0004186986   0.0012462815  -0.0040408547  -0.0032295093
       -0.0001595280  -0.0006036660   0.0007172524   0.0024878710   0.0011147719
       -0.0008275718  -0.0000436526   0.0001609910  -0.0004652132  -0.0002085202
       -0.0001162263  -0.0000088998   0.0005818826  -0.0003740549   0.0001531126
        0.0000398013   0.0000731967  -0.0000356890   0.0000463170  -0.0000905552
       -0.0001212473  -0.0001516118   0.0000190429  -0.0000043721
       -0.0004771466   0.0004190693   0.0008559191   0.0025615516  -0.0084541288
       -0.0145453621  -0.0695635684   0.0164102955   0.0223677052   0.0014879666
       -0.0007907434  -0.0009535803   0.5198075831   0.0098629006   0.0173270130
       -0.0107963204   0.0145659001   0.0208192579  -0.0046079844  -0.0009518250
        0.0022040395  -0.0004853967  -0.0000772440  -0.0000007297  -0.0006098447
       -0.0006737896  -0.0014379613  -0.0000329264  -0.0001091118  -0.0001379148
       -0.0000321994  -0.0002020680  -0.0002647696  -0.0018166955   0.0002082439
       -0.0035201901   0.0007204723  -0.0006596453  -0.0001478318  -0.2703348821
       -0.0226238613   0.0480717550  -0.0529531218  -0.0445419168   0.0093773815
       -0.1101360193   0.0351407428  -0.1030464262   0.0000685074   0.0003383689
        0.0000013334  -0.0000310055   0.0000374680   0.0000554052  -0.0007422212
        0.0011366269   0.0010799389  -0.0000385652  -0.0001411938  -0.0000110013
       -0.0000720118   0.0004358829   0.0006754473  -0.0015510516   0.0006365220
        0.0009945862  -0.0003651201   0.0000335069   0.0002359849
       -0.0003394697  -0.0001525500   0.0002060711  -0.0010908904   0.0014560910
       -0.0001030992   0.0149121670  -0.1122995998  -0.0571818718   0.0064326705
       -0.0223805346  -0.0240909541   0.0098629006   0.4952865589  -0.0345668938
        0.0028390186   0.0016874942   0.0007189331  -0.0003633734   0.0001656414
        0.0001204918  -0.0000418814  -0.0006622921   0.0000432867  -0.0001795088
       -0.0001755140  -0.0003221049   0.0001501123   0.0002255220  -0.0000756979
        0.0001357783   0.0001061427  -0.0000416153   0.0004430985   0.0006013237
        0.0015720422   0.0004069896   0.0014383590   0.0014364286  -0.0231369113
       -0.0457536223   0.0065567670  -0.0445944607  -0.2589916780   0.0500637482
        0.0354788600  -0.0626189935   0.0551213277  -0.0005094713   0.0006682046
        0.0005247135   0.0001360273  -0.0000222367   0.0002235530  -0.0000771422
        0.0002031419  -0.0000012779  -0.0000825667   0.0003411627  -0.0001058647
       -0.0002090374   0.0002664914   0.0000780540  -0.0002989856   0.0006408741
        0.0000528409   0.0001260761  -0.0000299866  -0.0002288783
        0.0002967294  -0.0002756726  -0.0002846663  -0.0004630083  -0.0119800557
       -0.0277415517   0.0222663722  -0.0582651521  -0.1401531608  -0.0007385510
        0.0010391911   0.0026434143   0.0173270130  -0.0345668938   0.4854899943
        0.0079219886  -0.0064030212  -0.0100797136   0.0015054103   0.0004752544
       -0.0003442179   0.0000277377   0.0001053778  -0.0005769145   0.0002496050
        0.0000877047  -0.0000226394  -0.0001227169  -0.0001107437  -0.0002614593
        0.0000269612  -0.0000483827   0.0001005057  -0.0030662422  -0.0001872646
       -0.0042274588   0.0009175023  -0.0016126955   0.0006544028   0.0483937024
        0.0063335960  -0.0522322429   0.0094750046   0.0506169669  -0.0550802140
       -0.1038812469   0.0555281195  -0.1983550464  -0.0002541877  -0.0002677636
        0.0003557490  -0.0000188805   0.0000954916   0.0001369765   0.0001158416
       -0.0004673852  -0.0003047084   0.0000695667   0.0000706040  -0.0000490497
       -0.0001694307  -0.0000701742  -0.0002419551   0.0002468524  -0.0003274569
        0.0002912781  -0.0001260235   0.0002303558   0.0002826782
       -0.0022207121   0.0010043041  -0.0021482240  -0.0251633123  -0.0037291252
       -0.0008602685  -0.1504772114  -0.0208324260   0.0329790511  -0.0069763132
       -0.0038879251   0.0040087929  -0.0107963204   0.0028390186   0.0079219886
        0.4574681183  -0.0032145493   0.0079899840  -0.0737046988   0.0274442067
        0.0210356654  -0.1165481155  -0.0058867555  -0.0612637145   0.0000134987
       -0.0000731975  -0.0001665335  -0.0000502887   0.0001895177  -0.0001089507
       -0.0008693847  -0.0004277182   0.0001287485   0.0001970867  -0.0001287413
        0.0013329932   0.0004610640  -0.0002453001   0.0002169982   0.0000081988
        0.0006091605   0.0008924114   0.0005199110  -0.0006962988  -0.0004696669
        0.0003168744  -0.0001751773  -0.0006643592  -0.0423830300  -0.0024129573
        0.0027287949   0.0048554011  -0.0134311343  -0.0110578524  -0.0121290182
        0.0203128031   0.0176660571  -0.0006793501   0.0027429392   0.0004901843
       -0.0245939300  -0.0019588801  -0.0207817243   0.0028184237  -0.0005358101
        0.0018812388  -0.0000668911   0.0024940465  -0.0017516145
       -0.0000390331  -0.0001029933   0.0002680545   0.0026412552   0.0005856193
       -0.0011672600  -0.0191242215  -0.0704870576   0.0101741944  -0.0266148873
       -0.0097157192   0.0103435012   0.0145659001   0.0016874942  -0.0064030212
       -0.0032145493   0.5171545163  -0.0303267188   0.0292055944  -0.1388114037
       -0.0545078515  -0.0050863853  -0.0668486518  -0.0028833422   0.0000993890
       -0.0000912738  -0.0001611990  -0.0000656701   0.0001453366   0.0000388729
        0.0001832345   0.0001974251  -0.0000302389   0.0000227188   0.0004426834
       -0.0003684114   0.0009988241  -0.0000849355   0.0000796769   0.0018438674
       -0.0015601134  -0.0034725899   0.0010079283   0.0006122193  -0.0003544442
       -0.0000188339   0.0001446367   0.0002322788  -0.0032308022  -0.2020535029
        0.0967603135  -0.0003098663  -0.0031838766  -0.0041785825   0.0000630312
        0.0027073655   0.0014778690   0.0088009528  -0.0269866131  -0.0139085533
       -0.0022627405   0.0000524757  -0.0021024495  -0.0156404386  -0.0032143696
       -0.0193886346   0.0161747320  -0.0005892612   0.0198785358
       -0.0027622188   0.0008515510  -0.0027321271  -0.0168021217  -0.0031405654
        0.0044888858   0.0339911330   0.0100983373  -0.0736102095   0.0108308407
        0.0047236833  -0.0037729527   0.0208192579   0.0007189331  -0.0100797136
        0.0079899840  -0.0303267188   0.4784420479   0.0231495795  -0.0540888978
       -0.1084266177  -0.0644354489  -0.0035227744  -0.1384538021  -0.0000453896
        0.0000178377   0.0000501087   0.0000689234  -0.0000153963  -0.0000195050
       -0.0012722261  -0.0004822623  -0.0001113604  -0.0010429771  -0.0008338217
        0.0001769769  -0.0007805578   0.0000752681  -0.0002007511   0.0012644640
       -0.0025435479  -0.0034844920  -0.0003152069   0.0005999526   0.0012321758
       -0.0000946915   0.0004212597  -0.0001401118   0.0025597505   0.0962458218
       -0.0994703233   0.0045522990  -0.0180995493  -0.0169074467   0.0062007085
       -0.0095479479  -0.0084990290  -0.0040478433   0.0093737759   0.0083069258
        0.0045805756   0.0000698373   0.0063015686  -0.0109238494  -0.0034477256
       -0.0153326153  -0.0134849850   0.0028529492  -0.0177576321
        0.0002020781   0.0000102972   0.0001118541   0.0004937967   0.0002229567
       -0.0008290855  -0.0131321668   0.0173894174   0.0180431389   0.0007601671
        0.0014490725   0.0000327256  -0.0046079844  -0.0003633734   0.0015054103
       -0.0737046988   0.0292055944   0.0231495795   0.5152333285   0.0196941746
        0.0163858797   0.0016175117  -0.0123161057  -0.0121187851  -0.0001529369
       -0.0000610374   0.0000585612   0.0000141558   0.0000757478   0.0000418876
       -0.0000378229   0.0000231705   0.0000117092  -0.0022568471   0.0011057017
        0.0010176166  -0.0003275541   0.0002462078   0.0003219649  -0.0005513401
        0.0007715943   0.0013101896  -0.0000842818  -0.0000512890  -0.0000204983
       -0.0001194548  -0.0000069104   0.0000264205   0.0003801503   0.0016959929
        0.0009437545  -0.1367353795  -0.0171655556  -0.1164104100  -0.2418754003
       -0.0453210847   0.0760107468  -0.0444504490   0.0059584932  -0.0041549943
        0.0010676996  -0.0009714966  -0.0015273210  -0.0020012208  -0.0011311461
       -0.0038911320   0.0002686495  -0.0004604222  -0.0000192128
        0.0000097315  -0.0001572481  -0.0000784936   0.0001007152  -0.0003991479
        0.0002574195   0.0026602553   0.0009728660  -0.0002889620  -0.0012715946
        0.0013676396   0.0007309103  -0.0009518250   0.0001656414   0.0004752544
        0.0274442067  -0.1388114037  -0.0540888978   0.0196941746   0.4790824920
       -0.0281585303  -0.0011968203  -0.0056659304  -0.0082268122   0.0000261345
        0.0000653021   0.0000101168   0.0000658554   0.0001536355  -0.0000389685
       -0.0000309724   0.0000324408  -0.0000225240   0.0002572400   0.0000525350
       -0.0001141691   0.0000384028   0.0001340957  -0.0002632986  -0.0001427411
        0.0001991774   0.0001421819   0.0000003500   0.0003442622   0.0000935146
        0.0001172008  -0.0000110930  -0.0000032660   0.0087140761  -0.0254459127
       -0.0159897942  -0.0166757440  -0.0457396522  -0.0185289583  -0.0454377700
       -0.0531766106   0.0185169450   0.0062958855  -0.2150014348   0.1055070121
        0.0005372213   0.0001718833   0.0001246900  -0.0005150814   0.0006613108
       -0.0008353927   0.0002610988   0.0010051517   0.0007800227
       -0.0000928500   0.0001181957  -0.0000120675   0.0001009391  -0.0007734865
       -0.0009266900   0.0088738146  -0.0074002638  -0.0088946248  -0.0001486526
       -0.0012314525   0.0003107861   0.0022040395   0.0001204918  -0.0003442179
        0.0210356654  -0.0545078515  -0.1084266177   0.0163858797  -0.0281585303
        0.5027371597   0.0012724252  -0.0207192348  -0.0220662863  -0.0000757050
       -0.0000668660   0.0000048239  -0.0000072142  -0.0000458932   0.0000772622
       -0.0000119413   0.0000238422   0.0000080822  -0.0015191989   0.0008134283
        0.0004571399   0.0002003902  -0.0001031810  -0.0000265063   0.0002118669
       -0.0004185178  -0.0005435686   0.0000393886   0.0000501229  -0.0001121854
       -0.0000110977  -0.0000505218   0.0001842877  -0.0028876073   0.0091484951
        0.0072327764  -0.1161641179  -0.0190738719  -0.1861696686   0.0762023831
        0.0188355350  -0.0723330567  -0.0044661886   0.1058969728  -0.1079326934
        0.0011967514  -0.0001906012   0.0006159944  -0.0028792834  -0.0013155020
       -0.0043563520   0.0005403130  -0.0009513095   0.0005162227
       -0.0009769953   0.0003226727  -0.0010020157  -0.0042756989  -0.0013877380
        0.0016573913  -0.0242131109  -0.0019156472  -0.0174093783   0.0003146194
        0.0003714647  -0.0001430090  -0.0004853967  -0.0000418814   0.0000277377
       -0.1165481155  -0.0050863853  -0.0644354489   0.0016175117  -0.0011968203
        0.0012724252   0.4853161244  -0.0028710035  -0.0367321054   0.0000275169
       -0.0000110268  -0.0000500646   0.0000161475   0.0000539359  -0.0000147392
       -0.0004588309  -0.0001984938  -0.0000062151   0.0000083620  -0.0000517969
        0.0001558442  -0.0001433466  -0.0000702420  -0.0001124444  -0.0003107664
       -0.0002095513  -0.0006696782  -0.0003300751  -0.0000885137   0.0001360696
       -0.0016130624   0.0001970955  -0.0002168214  -0.0014446728   0.0004713393
       -0.0037733721   0.0002022629   0.0011759754   0.0013000059   0.0009637031
        0.0006986805   0.0010896780   0.0002904376   0.0001751517   0.0003168360
       -0.2446632287  -0.0105872885   0.0851278882  -0.0489809009   0.0338213779
        0.0229388590  -0.0443124844  -0.0135713051   0.0105425570
       -0.0000398804  -0.0000030832  -0.0000944439  -0.0003391954   0.0002261896
        0.0003054087  -0.0032304314  -0.0001809916  -0.0033103657  -0.0003556229
        0.0003727393  -0.0003766440  -0.0000772440  -0.0006622921   0.0001053778
       -0.0058867555  -0.0668486518  -0.0035227744  -0.0123161057  -0.0056659304
       -0.0207192348  -0.0028710035   0.5277050519   0.0033351809   0.0000256970
        0.0000460292   0.0000036798   0.0000399372   0.0000667847  -0.0000446109
       -0.0000418555  -0.0000086376  -0.0000081410   0.0000737719  -0.0001543097
       -0.0000956736  -0.0001783468   0.0001867960  -0.0000922873  -0.0000903026
        0.0000616600  -0.0001679116   0.0004501846   0.0001076135   0.0002539280
       -0.0000589662   0.0006374889  -0.0001334321   0.0155639964  -0.0000841365
        0.0204759683   0.0004239515  -0.0032831102  -0.0043308126  -0.0007352856
        0.0003055256   0.0000775585  -0.0007619270   0.0011400285  -0.0010731778
       -0.0110526023  -0.0451486630   0.0054146738   0.0346813003  -0.2094375893
       -0.1077497959  -0.0132233140  -0.1993785117   0.1117475297
        0.0003262050  -0.0000791041   0.0002961634   0.0016020242   0.0003682530
       -0.0002887607   0.0009696072   0.0000782447   0.0055276206   0.0006605547
       -0.0000575177   0.0004110230  -0.0000007297   0.0000432867  -0.0005769145
       -0.0612637145  -0.0028833422  -0.1384538021  -0.0121187851  -0.0082268122
       -0.0220662863  -0.0367321054   0.0033351809   0.4873454136  -0.0000900539
       -0.0000265614   0.0000356984  -0.0000497232  -0.0000006945  -0.0000010238
        0.0002040366   0.0000316860   0.0000920518   0.0000057436   0.0001055651
        0.0003018291   0.0000596328  -0.0001961546   0.0000533070   0.0003418237
       -0.0001757230   0.0001827588   0.0002255268  -0.0000480219   0.0001068852
        0.0010082451  -0.0000369902   0.0004270709  -0.0134315548   0.0014838877
       -0.0170591416   0.0007133301  -0.0034859840  -0.0026299617  -0.0011416796
        0.0003025999   0.0002059849  -0.0002267681   0.0008672698   0.0010213548
        0.0851721739   0.0051222661  -0.0773190904   0.0232538323  -0.1077555521
       -0.1134131752   0.0105123783   0.1112342179  -0.1241990052
       -0.0851377117   0.0332596002   0.0858190080  -0.0152809081   0.0066549871
        0.0241853967   0.0007680599   0.0002648451   0.0005123130  -0.0002028283
        0.0003028476   0.0000540300  -0.0006098447  -0.0001795088   0.0002496050
        0.0000134987   0.0000993890  -0.0000453896  -0.0001529369   0.0000261345
       -0.0000757050   0.0000275169   0.0000256970  -0.0000900539   0.0999781503
       -0.0358329350  -0.1003945966  -0.0024677209   0.0045487192   0.0063923637
        0.0075368312  -0.0056623634  -0.0167527705  -0.0056454486  -0.0031100761
        0.0020544440   0.0009064265   0.0005187009  -0.0001275170  -0.0002838866
       -0.0009031613  -0.0016890050   0.0000948085  -0.0000121314  -0.0000071179
        0.0002128923   0.0000252193   0.0000050653   0.0001153052   0.0000853438
        0.0000379745   0.0000704939  -0.0000804779  -0.0000799508   0.0000318333
       -0.0000287605  -0.0000320535   0.0000073408  -0.0000037873  -0.0000153227
        0.0000589042   0.0000046180   0.0000022015  -0.0000159047  -0.0000380260
       -0.0000021717  -0.0000248713   0.0000351260  -0.0000007474
        0.0331761954  -0.0682851209  -0.0638079536  -0.0058859147   0.0045570253
        0.0115333380   0.0004500524   0.0003125052  -0.0002415995   0.0001902156
       -0.0002765970  -0.0001157501  -0.0006737896  -0.0001755140   0.0000877047
       -0.0000731975  -0.0000912738   0.0000178377  -0.0000610374   0.0000653021
       -0.0000668660  -0.0000110268   0.0000460292  -0.0000265614  -0.0358329350
        0.0765208657   0.0753485148   0.0144481980  -0.0152348893  -0.0292871045
       -0.0020723434   0.0024323932   0.0054150074  -0.0031512484  -0.0003873844
        0.0010192025  -0.0001306198   0.0005356701   0.0006169193  -0.0004957853
        0.0002718466  -0.0006786944  -0.0001325133  -0.0001644180   0.0000476057
        0.0002414846   0.0000086648   0.0000710120  -0.0000132758  -0.0000022458
        0.0000431916   0.0000031111  -0.0000749607   0.0000265201   0.0000246395
       -0.0000029089  -0.0000001206  -0.0000217040  -0.0000295909  -0.0000291466
        0.0000114623  -0.0000080754   0.0000017413  -0.0000034146   0.0000066324
        0.0000088194   0.0000134467  -0.0000239554   0.0000163821
        0.0855165822  -0.0639879784  -0.2156159176   0.0063889473  -0.0003750218
       -0.0058651003  -0.0004158279  -0.0001901376   0.0000882362   0.0001505600
       -0.0000640058  -0.0000160745  -0.0014379613  -0.0003221049  -0.0000226394
       -0.0001665335  -0.0001611990   0.0000501087   0.0000585612   0.0000101168
        0.0000048239  -0.0000500646   0.0000036798   0.0000356984  -0.1003945966
        0.0753485148   0.2508357782   0.0005247341  -0.0020424301  -0.0008080042
        0.0088269478  -0.0091207019  -0.0285846348   0.0017044755   0.0012157136
        0.0002430025  -0.0002161033   0.0000570116  -0.0000115762  -0.0007059121
       -0.0005383565  -0.0002447042   0.0001098579   0.0000415976  -0.0000063393
        0.0001270559   0.0001005336  -0.0000470356  -0.0000327586   0.0000084867
       -0.0000784782  -0.0000367306   0.0000297461   0.0000387841   0.0000341969
       -0.0000003645  -0.0000126182  -0.0000020923  -0.0000106067   0.0000145728
        0.0000102491  -0.0000003657  -0.0000194357   0.0000039183   0.0000223953
        0.0000131118   0.0000024948  -0.0000245230   0.0000084416
       -0.0479970942   0.0362819272  -0.0017008775   0.0010506475  -0.0274953294
        0.0014880841   0.0009226249  -0.0012029321   0.0007323818  -0.0003726155
        0.0001876385  -0.0004770708  -0.0000329264   0.0001501123  -0.0001227169
       -0.0000502887  -0.0000656701   0.0000689234   0.0000141558   0.0000658554
       -0.0000072142   0.0000161475   0.0000399372  -0.0000497232  -0.0024677209
        0.0144481980   0.0005247341   0.0568739908  -0.0394778112   0.0014887500
       -0.0042297833   0.0209463964  -0.0027150755   0.0008369864  -0.0002450440
       -0.0002847556  -0.0046735856  -0.0039430921   0.0009751190  -0.0000100516
        0.0000423432  -0.0000354997  -0.0000255803   0.0000984069   0.0000430837
        0.0000368597   0.0000376421   0.0000334601   0.0000871473   0.0000889449
       -0.0000278588  -0.0000247824  -0.0000793148   0.0001036066   0.0000851933
        0.0000334498  -0.0000104746  -0.0000845905   0.0000591683  -0.0000571067
        0.0000448944   0.0000073891   0.0000163612   0.0000126853   0.0000189045
        0.0000302408  -0.0000123133   0.0000028799  -0.0000163714
        0.0361527092  -0.2749584425   0.0111759862  -0.0026334319  -0.0192129097
        0.0016276945   0.0008956148   0.0004781918   0.0002973604  -0.0005526933
        0.0003927823  -0.0005301771  -0.0001091118   0.0002255220  -0.0001107437
        0.0001895177   0.0001453366  -0.0000153963   0.0000757478   0.0001536355
       -0.0000458932   0.0000539359   0.0000667847  -0.0000006945   0.0045487192
       -0.0152348893  -0.0020424301  -0.0394778112   0.3202230539  -0.0142992462
        0.0040271105  -0.0108415791   0.0026004839   0.0005027505   0.0005560361
        0.0000459174  -0.0039406687  -0.0018215117   0.0011721405   0.0000603013
       -0.0002728387   0.0000099623   0.0001578698   0.0001157290   0.0000739684
       -0.0000471573   0.0000396605  -0.0000336011   0.0001658413  -0.0000386529
       -0.0000084312  -0.0000987320  -0.0000637687   0.0001072874   0.0000616433
       -0.0000010654   0.0000207075  -0.0000471297   0.0000530040  -0.0000364442
        0.0000078382  -0.0000051704   0.0000264226   0.0000185429  -0.0000280699
       -0.0000008902  -0.0000114065   0.0000291619  -0.0000339833
       -0.0017176374   0.0110407043  -0.0454812651  -0.0000357007   0.0053376629
       -0.0000913365  -0.0001170287  -0.0010480748   0.0005435068  -0.0004843043
        0.0000785860  -0.0000404551  -0.0001379148  -0.0000756979  -0.0002614593
       -0.0001089507   0.0000388729  -0.0000195050   0.0000418876  -0.0000389685
        0.0000772622  -0.0000147392  -0.0000446109  -0.0000010238   0.0063923637
       -0.0292871045  -0.0008080042   0.0014887500  -0.0142992462   0.0489435188
       -0.0064557736   0.0265806276  -0.0031392835  -0.0000468557   0.0007088718
       -0.0000156255   0.0011163934   0.0008921408   0.0004608580   0.0001362952
       -0.0000912488   0.0001088229   0.0000166643   0.0001090087  -0.0000496117
       -0.0000900350  -0.0000235650  -0.0000298702   0.0000052883   0.0000565125
       -0.0000632879   0.0000467085   0.0000482780  -0.0000697396  -0.0000170963
       -0.0000068301  -0.0000433836  -0.0000097735   0.0000084610   0.0000241043
        0.0000184853   0.0000109670  -0.0000122464  -0.0000052109  -0.0000035185
       -0.0000181012  -0.0000218157   0.0000081715  -0.0000138743
       -0.1305330382   0.0307880177  -0.1117121182  -0.0215232800   0.0032703468
       -0.0206100725  -0.0049851571  -0.0029809561   0.0014816325   0.0001221737
       -0.0002260954   0.0003375351  -0.0000321994   0.0001357783   0.0000269612
       -0.0008693847   0.0001832345  -0.0012722261  -0.0000378229  -0.0000309724
       -0.0000119413  -0.0004588309  -0.0000418555   0.0002040366   0.0075368312
       -0.0020723434   0.0088269478  -0.0042297833   0.0040271105  -0.0064557736
        0.1542323824  -0.0335608374   0.1299258227   0.0002062332   0.0004718636
       -0.0003370190   0.0006130586   0.0001539997  -0.0002727515  -0.0000948816
       -0.0000017161  -0.0000494326   0.0000082709  -0.0000089758   0.0000182233
        0.0000843303  -0.0000155897  -0.0000351289   0.0000339392  -0.0000432097
       -0.0000085557  -0.0000494569   0.0000125162  -0.0000509725  -0.0000183532
       -0.0000066020   0.0000195566   0.0000574379  -0.0000424788   0.0000000503
       -0.0001548818  -0.0000113425  -0.0000664045   0.0000398539   0.0000021337
        0.0000140409   0.0000525587  -0.0000020262   0.0000275895
        0.0309123811  -0.0537132310   0.0366657274  -0.0098292903   0.0023048710
       -0.0099885521  -0.0022454817  -0.0007659884   0.0004665602  -0.0000749080
        0.0000377857  -0.0000397114  -0.0002020680   0.0001061427  -0.0000483827
       -0.0004277182   0.0001974251  -0.0004822623   0.0000231705   0.0000324408
        0.0000238422  -0.0001984938  -0.0000086376   0.0000316860  -0.0056623634
        0.0024323932  -0.0091207019   0.0209463964  -0.0108415791   0.0265806276
       -0.0335608374   0.0597783554  -0.0435283043   0.0004727211   0.0001786613
       -0.0001310159  -0.0002937119   0.0002383445  -0.0004562349   0.0001584390
        0.0000299898   0.0000859636  -0.0000352850   0.0000383368   0.0000185879
        0.0000096005  -0.0000184527  -0.0000025907   0.0000631666   0.0000135930
       -0.0000330384   0.0000132515  -0.0000222401   0.0000026138   0.0000031795
        0.0000074593  -0.0000162303  -0.0000340178  -0.0000144668  -0.0000081688
       -0.0000376293  -0.0000031818  -0.0000333400   0.0000032793   0.0000048477
        0.0000060329  -0.0000037806  -0.0000128686   0.0000068920
       -0.1118958173   0.0366386733  -0.1838429516   0.0008605076  -0.0006919588
        0.0021673853   0.0001589487  -0.0000585767   0.0007163115   0.0001793282
       -0.0002588051   0.0000595329  -0.0002647696  -0.0000416153   0.0001005057
        0.0001287485  -0.0000302389  -0.0001113604   0.0000117092  -0.0000225240
        0.0000080822  -0.0000062151  -0.0000081410   0.0000920518  -0.0167527705
        0.0054150074  -0.0285846348  -0.0027150755   0.0026004839  -0.0031392835
        0.1299258227  -0.0435283043   0.2114814106   0.0003687973   0.0001242387
        0.0006580587   0.0000528913  -0.0003265045   0.0000351632   0.0000791593
        0.0002630141   0.0001926126  -0.0001058646  -0.0000439245   0.0000322621
        0.0000597438   0.0000217345   0.0000904776  -0.0000574450  -0.0000648948
        0.0000290960  -0.0000356676   0.0000242529   0.0000054448  -0.0000265686
       -0.0000036121   0.0000247290   0.0000290545  -0.0000025300  -0.0000123305
       -0.0000499529   0.0000005418   0.0000151044   0.0000210666  -0.0000009996
       -0.0000158435   0.0000343693  -0.0000053170  -0.0000018241
       -0.0167688635   0.0058186026   0.0251286001  -0.0718620111   0.0294853241
        0.0751422148   0.0050390708  -0.0057099212  -0.0153945644  -0.0000161298
       -0.0000186840   0.0000515705  -0.0018166955   0.0004430985  -0.0030662422
        0.0001970867   0.0000227188  -0.0010429771  -0.0022568471   0.0002572400
       -0.0015191989   0.0000083620   0.0000737719   0.0000057436  -0.0056454486
       -0.0031512484   0.0017044755   0.0008369864   0.0005027505  -0.0000468557
        0.0002062332   0.0004727211   0.0003687973   0.0955517261  -0.0331769505
       -0.0876724576  -0.0016583566   0.0040581473   0.0059704179  -0.0001432155
        0.0000830839   0.0000408689  -0.0000747126   0.0000197063   0.0000013558
        0.0000756023  -0.0005518450  -0.0009646752  -0.0000813685  -0.0003658917
       -0.0000918673  -0.0020120522   0.0017567380   0.0008917152   0.0000956387
       -0.0000830048   0.0002543472   0.0001749634   0.0000624533   0.0000805846
        0.0000259409  -0.0000121173   0.0000048522   0.0000718578   0.0000637880
        0.0000985145   0.0000522325  -0.0000504815   0.0000547803
       -0.0072784038   0.0043313019   0.0116304095   0.0297094132  -0.0697639141
       -0.0649067698  -0.0023241621   0.0022237428   0.0036160742   0.0000765707
       -0.0001879722   0.0002171688   0.0002082439   0.0006013237  -0.0001872646
       -0.0001287413   0.0004426834  -0.0008338217   0.0011057017   0.0000525350
        0.0008134283  -0.0000517969  -0.0001543097   0.0001055651  -0.0031100761
       -0.0003873844   0.0012157136  -0.0002450440   0.0005560361   0.0007088718
        0.0004718636   0.0001786613   0.0001242387  -0.0331769505   0.0788509356
        0.0766673064   0.0140902728  -0.0161902496  -0.0288558171  -0.0002550902
       -0.0001630905   0.0001664044   0.0001442999   0.0001568348   0.0000855042
       -0.0000948296   0.0001747585  -0.0000430459  -0.0003627636  -0.0005164868
       -0.0002488945   0.0013854737   0.0000603478  -0.0003672961  -0.0002301893
       -0.0000047049  -0.0001520086   0.0000533673  -0.0002027030   0.0001461555
       -0.0000538231   0.0000061147   0.0000190780   0.0000166665  -0.0000310889
       -0.0000157051   0.0000499971  -0.0000333717   0.0000947052
        0.0062201056  -0.0015360590  -0.0069009380   0.0751395277  -0.0652763487
       -0.2162173914   0.0045023275  -0.0084632438  -0.0241016791   0.0001414324
        0.0000949983  -0.0002923831  -0.0035201901   0.0015720422  -0.0042274588
        0.0013329932  -0.0003684114   0.0001769769   0.0010176166  -0.0001141691
        0.0004571399   0.0001558442  -0.0000956736   0.0003018291   0.0020544440
        0.0010192025   0.0002430025  -0.0002847556   0.0000459174  -0.0000156255
       -0.0003370190  -0.0001310159   0.0006580587  -0.0876724576   0.0766673064
        0.2508672058   0.0013629611  -0.0028092147  -0.0009173020  -0.0001060987
        0.0001853586   0.0003129015  -0.0000100103   0.0001830692   0.0000909213
        0.0002374834  -0.0009394618  -0.0015303638  -0.0003427917  -0.0004655179
       -0.0000087299  -0.0001336559   0.0002463292   0.0011478397   0.0001428362
        0.0001078688  -0.0000109846  -0.0000664043   0.0000593966  -0.0000505617
       -0.0000250353   0.0000069688   0.0000845992   0.0000916002   0.0000409961
       -0.0000363335   0.0000992463  -0.0000303384  -0.0000307231
        0.0005250559  -0.0277483267   0.0018684418  -0.0477898203   0.0370255145
       -0.0013736257  -0.0048089697   0.0198699361  -0.0047972478  -0.0023394120
        0.0009239275  -0.0029024381   0.0007204723   0.0004069896   0.0009175023
        0.0004610640   0.0009988241  -0.0007805578  -0.0003275541   0.0000384028
        0.0002003902  -0.0001433466  -0.0001783468   0.0000596328   0.0009064265
       -0.0001306198  -0.0002161033  -0.0046735856  -0.0039406687   0.0011163934
        0.0006130586  -0.0002937119   0.0000528913  -0.0016583566   0.0140902728
        0.0013629611   0.0590466941  -0.0397390268   0.0041707442  -0.0000057809
       -0.0002053138   0.0001552387  -0.0000520917  -0.0004415500  -0.0003456153
       -0.0000499970   0.0000100928   0.0003163251  -0.0005572990  -0.0003197671
        0.0002296494   0.0000738633   0.0000084312  -0.0001027373  -0.0000429727
       -0.0000483441  -0.0000620965   0.0000321090  -0.0002075833   0.0000107764
       -0.0000070197  -0.0000228874   0.0000252284  -0.0000079394  -0.0000133329
       -0.0000415557   0.0000854017  -0.0000829120   0.0001358023
       -0.0017004056  -0.0184433197   0.0015007106   0.0359559857  -0.2630674184
        0.0130805032   0.0039327593  -0.0099997300   0.0041050181   0.0015612489
       -0.0006321307   0.0015149036  -0.0006596453   0.0014383590  -0.0016126955
       -0.0002453001  -0.0000849355   0.0000752681   0.0002462078   0.0001340957
       -0.0001031810  -0.0000702420   0.0001867960  -0.0001961546   0.0005187009
        0.0005356701   0.0000570116  -0.0039430921  -0.0018215117   0.0008921408
        0.0001539997   0.0002383445  -0.0003265045   0.0040581473  -0.0161902496
       -0.0028092147  -0.0397390268   0.3071898882  -0.0162857476  -0.0001745268
       -0.0001578446   0.0003485903   0.0000255281   0.0004136823   0.0001565813
       -0.0002093272   0.0000279075  -0.0003487580   0.0004446419   0.0002492307
       -0.0001124979  -0.0000298151  -0.0001495023   0.0001167786   0.0000564957
        0.0000261473   0.0000202441  -0.0001262726   0.0000981610  -0.0000504652
        0.0000335965  -0.0000057928  -0.0000173274  -0.0000140673   0.0000436732
        0.0000339509  -0.0000755910  -0.0000295203  -0.0000391549
       -0.0003297938   0.0057314347   0.0005593956  -0.0010637334   0.0125929418
       -0.0451495585  -0.0062098185   0.0223612872  -0.0050901828  -0.0033450484
        0.0021309085  -0.0036564631  -0.0001478318   0.0014364286   0.0006544028
        0.0002169982   0.0000796769  -0.0002007511   0.0003219649  -0.0002632986
       -0.0000265063  -0.0001124444  -0.0000922873   0.0000533070  -0.0001275170
        0.0006169193  -0.0000115762   0.0009751190   0.0011721405   0.0004608580
       -0.0002727515  -0.0004562349   0.0000351632   0.0059704179  -0.0288558171
       -0.0009173020   0.0041707442  -0.0162857476   0.0535431316   0.0002588821
        0.0002811426  -0.0003694857  -0.0006201051  -0.0004404586  -0.0003497479
        0.0001374351  -0.0000608909   0.0001646158   0.0001520325  -0.0000022487
        0.0001955498  -0.0001385070   0.0000279741   0.0001113843   0.0001000342
       -0.0000155075   0.0000861376   0.0000565821   0.0000530194  -0.0000450725
        0.0000055690  -0.0000291311  -0.0000071094  -0.0000295668   0.0000102037
       -0.0000235386   0.0000313387   0.0000075450  -0.0000166516
        0.0002608755  -0.0005711715  -0.0017455302   0.0000589382  -0.0003983083
       -0.0007574621  -0.0100030560   0.0009494995   0.0054545469  -0.0000603233
        0.0001103798  -0.0002280178  -0.2703348821  -0.0231369113   0.0483937024
        0.0000081988   0.0018438674   0.0012644640  -0.0005513401  -0.0001427411
        0.0002118669  -0.0003107664  -0.0000903026   0.0003418237  -0.0002838866
       -0.0004957853  -0.0007059121  -0.0000100516   0.0000603013   0.0001362952
       -0.0000948816   0.0001584390   0.0000791593  -0.0001432155  -0.0002550902
       -0.0001060987  -0.0000057809  -0.0001745268   0.0002588821   0.3152270827
        0.0272743801  -0.0554725788  -0.0101459268  -0.0040549082   0.0022238372
       -0.0236749762  -0.0015297156   0.0003732907   0.0000196654   0.0000489582
       -0.0001285544   0.0000254916  -0.0000100637   0.0000406946  -0.0000753785
        0.0001599078   0.0001221305  -0.0000210019   0.0000034149  -0.0000386837
        0.0000811137   0.0000554737   0.0000850818  -0.0000360947   0.0003426270
        0.0001780701   0.0000701966  -0.0001477240   0.0000189924
        0.0002257256  -0.0002235556  -0.0006146929  -0.0000731416   0.0006961350
        0.0005543349   0.0170541262   0.0012856369  -0.0052908062   0.0003443176
        0.0000879222   0.0000966276  -0.0226238613  -0.0457536223   0.0063335960
        0.0006091605  -0.0015601134  -0.0025435479   0.0007715943   0.0001991774
       -0.0004185178  -0.0002095513   0.0000616600  -0.0001757230  -0.0009031613
        0.0002718466  -0.0005383565   0.0000423432  -0.0002728387  -0.0000912488
       -0.0000017161   0.0000299898   0.0002630141   0.0000830839  -0.0001630905
        0.0001853586  -0.0002053138  -0.0001578446   0.0002811426   0.0272743801
        0.0508937978  -0.0043238848  -0.0325305460  -0.0068214713   0.0070222826
        0.0098736522   0.0015052861  -0.0006249295   0.0001432492  -0.0000170020
       -0.0002093636  -0.0000041933   0.0000289708   0.0000313560   0.0001276675
       -0.0001877508  -0.0001727717  -0.0000169644   0.0000524614   0.0000353216
       -0.0000212751   0.0000253392   0.0000012157   0.0000772416  -0.0000396207
        0.0001361022  -0.0000368177   0.0000586868   0.0000634906
        0.0002800493  -0.0004544190  -0.0008388503   0.0008185632   0.0000334671
        0.0004068211   0.0237836618   0.0005355616  -0.0083676029  -0.0000963570
        0.0002607202   0.0004186986   0.0480717550   0.0065567670  -0.0522322429
        0.0008924114  -0.0034725899  -0.0034844920   0.0013101896   0.0001421819
       -0.0005435686  -0.0006696782  -0.0001679116   0.0001827588  -0.0016890050
       -0.0006786944  -0.0002447042  -0.0000354997   0.0000099623   0.0001088229
       -0.0000494326   0.0000859636   0.0001926126   0.0000408689   0.0001664044
        0.0003129015   0.0001552387   0.0003485903  -0.0003694857  -0.0554725788
       -0.0043238848   0.0623717133   0.0090212191   0.0028419016  -0.0012438628
       -0.0264916289  -0.0018977096   0.0035492057  -0.0000048177   0.0000783454
       -0.0000073515   0.0000036002   0.0000420543   0.0000176342   0.0002128066
       -0.0002886898  -0.0002687163  -0.0000153694   0.0000372756   0.0000264941
       -0.0000538686   0.0000782583   0.0001065688  -0.0000797267   0.0002734481
       -0.0000342206   0.0000675986  -0.0002070023  -0.0000591340
       -0.0002995497  -0.0000798685  -0.0002288457   0.0001919583  -0.0007592648
        0.0000426192   0.0012507533   0.0066993703  -0.0010601301   0.0002461902
        0.0014338914   0.0012462815  -0.0529531218  -0.0445944607   0.0094750046
        0.0005199110   0.0010079283  -0.0003152069  -0.0000842818   0.0000003500
        0.0000393886  -0.0003300751   0.0004501846   0.0002255268   0.0000948085
       -0.0001325133   0.0001098579  -0.0000255803   0.0001578698   0.0000166643
        0.0000082709  -0.0000352850  -0.0001058646  -0.0000747126   0.0001442999
       -0.0000100103  -0.0000520917   0.0000255281  -0.0006201051  -0.0101459268
       -0.0325305460   0.0090212191   0.0593605365   0.0513021572  -0.0121013926
        0.0030945319   0.0171197667  -0.0054729625   0.0001432733  -0.0000897620
        0.0002169061  -0.0000065185  -0.0000604679  -0.0000870777  -0.0000105845
       -0.0000135903   0.0000009550  -0.0000094551  -0.0000812506   0.0000142621
        0.0000318697  -0.0001462179  -0.0000687740  -0.0009958164   0.0003110211
       -0.0003100016   0.0000456107  -0.0001291405  -0.0000283141
       -0.0000407704   0.0002233066  -0.0001430754   0.0002967437   0.0004855422
        0.0008018708  -0.0020268010  -0.0237346586  -0.0001612296   0.0008834579
       -0.0031856063  -0.0040408547  -0.0445419168  -0.2589916780   0.0506169669
       -0.0006962988   0.0006122193   0.0005999526  -0.0000512890   0.0003442622
        0.0000501229  -0.0000885137   0.0001076135  -0.0000480219  -0.0000121314
       -0.0001644180   0.0000415976   0.0000984069   0.0001157290   0.0001090087
       -0.0000089758   0.0000383368  -0.0000439245   0.0000197063   0.0001568348
        0.0001830692  -0.0004415500   0.0004136823  -0.0004404586  -0.0040549082
       -0.0068214713   0.0028419016   0.0513021572   0.3027331109  -0.0563625787
       -0.0014136443  -0.0128760774   0.0059653625   0.0003250959   0.0001620349
       -0.0005019956  -0.0000459900  -0.0000299491   0.0000489819   0.0000717403
        0.0000840502  -0.0000029863  -0.0001273889   0.0000508590   0.0000374523
       -0.0000546997   0.0001113110   0.0001256488   0.0007013264   0.0002051479
        0.0002956780  -0.0000937564  -0.0000401820   0.0000275116
       -0.0001211541   0.0001100404  -0.0000813453   0.0005505672  -0.0011916963
        0.0007202149  -0.0040644174  -0.0231214879   0.0035354681   0.0009581517
       -0.0037747818  -0.0032295093   0.0093773815   0.0500637482  -0.0550802140
       -0.0004696669  -0.0003544442   0.0012321758  -0.0000204983   0.0000935146
       -0.0001121854   0.0001360696   0.0002539280   0.0001068852  -0.0000071179
        0.0000476057  -0.0000063393   0.0000430837   0.0000739684  -0.0000496117
        0.0000182233   0.0000185879   0.0000322621   0.0000013558   0.0000855042
        0.0000909213  -0.0003456153   0.0001565813  -0.0003497479   0.0022238372
        0.0070222826  -0.0012438628  -0.0121013926  -0.0563625787   0.0630143632
        0.0041728246   0.0268358463  -0.0082649642   0.0000291101   0.0000831076
       -0.0002285041  -0.0000106213  -0.0000404439   0.0000235912  -0.0000127646
        0.0000550071   0.0000240385  -0.0000265498   0.0000869864  -0.0000423608
        0.0000066625  -0.0001509947  -0.0000740976  -0.0003579261   0.0000453916
        0.0001137993   0.0000204572  -0.0000356728  -0.0001309771
        0.0000895463  -0.0000830772  -0.0003204900   0.0002023817   0.0002364588
        0.0004383503   0.0032355703  -0.0020233403   0.0036500764   0.0002258886
       -0.0002955070  -0.0001595280  -0.1101360193   0.0354788600  -0.1038812469
        0.0003168744  -0.0000188339  -0.0000946915  -0.0001194548   0.0001172008
       -0.0000110977  -0.0016130624  -0.0000589662   0.0010082451   0.0002128923
        0.0002414846   0.0001270559   0.0000368597  -0.0000471573  -0.0000900350
        0.0000843303   0.0000096005   0.0000597438   0.0000756023  -0.0000948296
        0.0002374834  -0.0000499970  -0.0002093272   0.0001374351  -0.0236749762
        0.0098736522  -0.0264916289   0.0030945319  -0.0014136443   0.0041728246
        0.1305845015  -0.0416062672   0.1199856097  -0.0000783917  -0.0000513652
       -0.0000742487  -0.0000253702  -0.0000424353  -0.0000850659   0.0000186988
        0.0000047127   0.0000124490   0.0000229676  -0.0000271774   0.0000164435
       -0.0000994818   0.0001049437   0.0001010101  -0.0018399064  -0.0007651899
        0.0010222941  -0.0005639859   0.0006702046   0.0002390117
        0.0000114177   0.0000895532  -0.0000945944   0.0007537735  -0.0013446908
       -0.0030991542  -0.0085590720   0.0036872036  -0.0142627909  -0.0004932443
        0.0005142078  -0.0006036660   0.0351407428  -0.0626189935   0.0555281195
       -0.0001751773   0.0001446367   0.0004212597  -0.0000069104  -0.0000110930
       -0.0000505218   0.0001970955   0.0006374889  -0.0000369902   0.0000252193
        0.0000086648   0.0001005336   0.0000376421   0.0000396605  -0.0000235650
       -0.0000155897  -0.0000184527   0.0000217345  -0.0005518450   0.0001747585
       -0.0009394618   0.0000100928   0.0000279075  -0.0000608909  -0.0015297156
        0.0015052861  -0.0018977096   0.0171197667  -0.0128760774   0.0268358463
       -0.0416062672   0.0708156932  -0.0619108753   0.0000526926  -0.0000943886
        0.0000476569  -0.0000276199  -0.0000311835  -0.0000006679  -0.0000328373
       -0.0000000545   0.0000345726  -0.0000137857  -0.0000130237  -0.0000357117
        0.0000456461  -0.0002752227  -0.0001172370  -0.0008928412  -0.0001335956
        0.0003070864   0.0005108166  -0.0002282845  -0.0001629728
        0.0000761936   0.0000531669   0.0000168820   0.0014402103  -0.0033867594
       -0.0046507494  -0.0125273086   0.0044129216  -0.0228439538  -0.0002878006
        0.0003417463   0.0007172524  -0.1030464262   0.0551213277  -0.1983550464
       -0.0006643592   0.0002322788  -0.0001401118   0.0000264205  -0.0000032660
        0.0001842877  -0.0002168214  -0.0001334321   0.0004270709   0.0000050653
        0.0000710120  -0.0000470356   0.0000334601  -0.0000336011  -0.0000298702
       -0.0000351289  -0.0000025907   0.0000904776  -0.0009646752  -0.0000430459
       -0.0015303638   0.0003163251  -0.0003487580   0.0001646158   0.0003732907
       -0.0006249295   0.0035492057  -0.0054729625   0.0059653625  -0.0082649642
        0.1199856097  -0.0619108753   0.2301676941  -0.0001510782  -0.0000209971
       -0.0000582469  -0.0000730642   0.0000641324   0.0000664392   0.0000022653
        0.0000383030   0.0000192022  -0.0000303444  -0.0000694604  -0.0000033179
       -0.0002055801   0.0000757891   0.0002738697   0.0009799169   0.0007333092
        0.0000754675   0.0004367920  -0.0005316341   0.0001711951
        0.0000217876   0.0001302648  -0.0000974639   0.0007182707  -0.0010592436
        0.0008419981  -0.0059243745  -0.0243356607   0.0148786415  -0.0051773745
       -0.0020319913   0.0024878710   0.0000685074  -0.0005094713  -0.0002541877
       -0.0423830300  -0.0032308022   0.0025597505   0.0003801503   0.0087140761
       -0.0028876073  -0.0014446728   0.0155639964  -0.0134315548   0.0001153052
       -0.0000132758  -0.0000327586   0.0000871473   0.0001658413   0.0000052883
        0.0000339392   0.0000631666  -0.0000574450  -0.0000813685  -0.0003627636
       -0.0003427917  -0.0005572990   0.0004446419   0.0001520325   0.0000196654
        0.0001432492  -0.0000048177   0.0001432733   0.0003250959   0.0000291101
       -0.0000783917   0.0000526926  -0.0001510782   0.0557043526   0.0030569538
       -0.0010385671   0.0000545868  -0.0004686187  -0.0001437428   0.0000180391
        0.0005374693  -0.0002867013  -0.0000415621   0.0018510811   0.0009831838
        0.0001404935   0.0004346104  -0.0000208634   0.0005837994   0.0001475687
        0.0004356674  -0.0024012451   0.0003811190  -0.0036239637
        0.0002532949   0.0002214982  -0.0002269935   0.0009087678   0.0008644548
        0.0001245904  -0.0037101349  -0.0080175555   0.0053355326  -0.0019286342
       -0.0007089930   0.0011147719   0.0003383689   0.0006682046  -0.0002677636
       -0.0024129573  -0.2020535029   0.0962458218   0.0016959929  -0.0254459127
        0.0091484951   0.0004713393  -0.0000841365   0.0014838877   0.0000853438
       -0.0000022458   0.0000084867   0.0000889449  -0.0000386529   0.0000565125
       -0.0000432097   0.0000135930  -0.0000648948  -0.0003658917  -0.0005164868
       -0.0004655179  -0.0003197671   0.0002492307  -0.0000022487   0.0000489582
       -0.0000170020   0.0000783454  -0.0000897620   0.0001620349   0.0000831076
       -0.0000513652  -0.0000943886  -0.0000209971   0.0030569538   0.2376159408
       -0.1098721963  -0.0003276597   0.0002588415   0.0003218642   0.0000230602
        0.0005344681   0.0004328626   0.0017635237  -0.0049696451  -0.0032593055
        0.0002903932  -0.0000377424  -0.0000995148  -0.0002055922   0.0007299529
       -0.0003597521   0.0004300323   0.0006680447   0.0002049060
       -0.0002134684  -0.0001621239   0.0000182925  -0.0012997771  -0.0006325088
        0.0006200091   0.0031530558   0.0116747757  -0.0062549354   0.0022717116
        0.0006611831  -0.0008275718   0.0000013334   0.0005247135   0.0003557490
        0.0027287949   0.0967603135  -0.0994703233   0.0009437545  -0.0159897942
        0.0072327764  -0.0037733721   0.0204759683  -0.0170591416   0.0000379745
        0.0000431916  -0.0000784782  -0.0000278588  -0.0000084312  -0.0000632879
       -0.0000085557  -0.0000330384   0.0000290960  -0.0000918673  -0.0002488945
       -0.0000087299   0.0002296494  -0.0001124979   0.0001955498  -0.0001285544
       -0.0002093636  -0.0000073515   0.0002169061  -0.0005019956  -0.0002285041
       -0.0000742487   0.0000476569  -0.0000582469  -0.0010385671  -0.1098721963
        0.1198142383  -0.0000694799  -0.0000512808   0.0005248665  -0.0003233810
       -0.0000217953   0.0005510909   0.0010154529  -0.0033776788  -0.0013087263
        0.0002976814   0.0000328517   0.0004188900   0.0003826599   0.0004719894
        0.0000962817  -0.0042298438   0.0005289557  -0.0044915431
        0.0000425542  -0.0000537375  -0.0001500933  -0.0014615843   0.0011202232
        0.0017772569   0.0001036724   0.0001051941  -0.0001202442   0.0000515333
       -0.0000675062  -0.0000436526  -0.0000310055   0.0001360273  -0.0000188805
        0.0048554011  -0.0003098663   0.0045522990  -0.1367353795  -0.0166757440
       -0.1161641179   0.0002022629   0.0004239515   0.0007133301   0.0000704939
        0.0000031111  -0.0000367306  -0.0000247824  -0.0000987320   0.0000467085
       -0.0000494569   0.0000132515  -0.0000356676  -0.0020120522   0.0013854737
       -0.0001336559   0.0000738633  -0.0000298151  -0.0001385070   0.0000254916
       -0.0000041933   0.0000036002  -0.0000065185  -0.0000459900  -0.0000106213
       -0.0000253702  -0.0000276199  -0.0000730642   0.0000545868  -0.0003276597
       -0.0000694799   0.1614387232   0.0173882059   0.1362158890  -0.0255554492
       -0.0038485849  -0.0237860463  -0.0015439449   0.0007520442  -0.0028288917
        0.0002028856   0.0001293478  -0.0000098342   0.0003547733   0.0000846906
        0.0001564792  -0.0000306981  -0.0000520722   0.0001539241
       -0.0001699127   0.0001309581   0.0002055920   0.0004493407  -0.0003322830
       -0.0008374672  -0.0003908009   0.0006788387   0.0004924751   0.0000642480
       -0.0000745113   0.0001609910   0.0000374680  -0.0000222367   0.0000954916
       -0.0134311343  -0.0031838766  -0.0180995493  -0.0171655556  -0.0457396522
       -0.0190738719   0.0011759754  -0.0032831102  -0.0034859840  -0.0000804779
       -0.0000749607   0.0000297461  -0.0000793148  -0.0000637687   0.0000482780
        0.0000125162  -0.0000222401   0.0000242529   0.0017567380   0.0000603478
        0.0002463292   0.0000084312  -0.0001495023   0.0000279741  -0.0000100637
        0.0000289708   0.0000420543  -0.0000604679  -0.0000299491  -0.0000404439
       -0.0000424353  -0.0000311835   0.0000641324  -0.0004686187   0.0002588415
       -0.0000512808   0.0173882059   0.0517835219   0.0238991743  -0.0065515699
       -0.0001716412  -0.0054549876   0.0180872015   0.0006158908   0.0230132062
        0.0001960454  -0.0001250058   0.0001027403  -0.0007680265  -0.0001695817
       -0.0013048009   0.0000422078  -0.0000838666  -0.0001040521
        0.0000004332  -0.0000212524   0.0001272619  -0.0002749419   0.0000402601
        0.0001039823  -0.0007012033   0.0000676641   0.0000642063   0.0000055675
        0.0002188463  -0.0004652132   0.0000554052   0.0002235530   0.0001369765
       -0.0110578524  -0.0041785825  -0.0169074467  -0.1164104100  -0.0185289583
       -0.1861696686   0.0013000059  -0.0043308126  -0.0026299617  -0.0000799508
        0.0000265201   0.0000387841   0.0001036066   0.0001072874  -0.0000697396
       -0.0000509725   0.0000026138   0.0000054448   0.0008917152  -0.0003672961
        0.0011478397  -0.0001027373   0.0001167786   0.0001113843   0.0000406946
        0.0000313560   0.0000176342  -0.0000870777   0.0000489819   0.0000235912
       -0.0000850659  -0.0000006679   0.0000664392  -0.0001437428   0.0003218642
        0.0005248665   0.1362158890   0.0238991743   0.2149029837   0.0048490963
        0.0009671698   0.0071708081  -0.0139519669   0.0017917307  -0.0173316682
        0.0003207258   0.0000515138   0.0000622030  -0.0009054771  -0.0004270520
       -0.0012272770   0.0000682592  -0.0000606924   0.0002965692
        0.0000765865   0.0000222725  -0.0000849038  -0.0000731405   0.0000732063
        0.0003910907  -0.0005150038   0.0024868448   0.0016738523   0.0002079121
        0.0002930716  -0.0002085202  -0.0007422212  -0.0000771422   0.0001158416
       -0.0121290182   0.0000630312   0.0062007085  -0.2418754003  -0.0454377700
        0.0762023831   0.0009637031  -0.0007352856  -0.0011416796   0.0000318333
        0.0000246395   0.0000341969   0.0000851933   0.0000616433  -0.0000170963
       -0.0000183532   0.0000031795  -0.0000265686   0.0000956387  -0.0002301893
        0.0001428362  -0.0000429727   0.0000564957   0.0001000342  -0.0000753785
        0.0001276675   0.0002128066  -0.0000105845   0.0000717403  -0.0000127646
        0.0000186988  -0.0000328373   0.0000022653   0.0000180391   0.0000230602
       -0.0003233810  -0.0255554492  -0.0065515699   0.0048490963   0.2810264016
        0.0523176495  -0.0893982390  -0.0017654061  -0.0023762454   0.0015320696
        0.0004489922  -0.0000780930  -0.0001161783  -0.0000070338  -0.0001040272
       -0.0002091023  -0.0001630365  -0.0000013419   0.0000812523
        0.0000167219   0.0000303100   0.0000496453   0.0000143968   0.0000614667
       -0.0001990067   0.0011168162  -0.0027791270  -0.0027999623  -0.0000086927
        0.0000046605  -0.0001162263   0.0011366269   0.0002031419  -0.0004673852
        0.0203128031   0.0027073655  -0.0095479479  -0.0453210847  -0.0531766106
        0.0188355350   0.0006986805   0.0003055256   0.0003025999  -0.0000287605
       -0.0000029089  -0.0000003645   0.0000334498  -0.0000010654  -0.0000068301
       -0.0000066020   0.0000074593  -0.0000036121  -0.0000830048  -0.0000047049
        0.0001078688  -0.0000483441   0.0000261473  -0.0000155075   0.0001599078
       -0.0001877508  -0.0002886898  -0.0000135903   0.0000840502   0.0000550071
        0.0000047127  -0.0000000545   0.0000383030   0.0005374693   0.0005344681
       -0.0000217953  -0.0038485849  -0.0001716412   0.0009671698   0.0523176495
        0.0614204096  -0.0184971895  -0.0267012140  -0.0089696401   0.0118111662
       -0.0002279970   0.0000946043  -0.0004126726   0.0001127800  -0.0000143914
        0.0001197027  -0.0001741394  -0.0001717140   0.0000901919
       -0.0000493325  -0.0000192699   0.0001109791  -0.0001931580   0.0002278935
        0.0000701341   0.0008805760  -0.0031130293  -0.0022897804  -0.0002432596
       -0.0001545480  -0.0000088998   0.0010799389  -0.0000012779  -0.0003047084
        0.0176660571   0.0014778690  -0.0084990290   0.0760107468   0.0185169450
       -0.0723330567   0.0010896780   0.0000775585   0.0002059849  -0.0000320535
       -0.0000001206  -0.0000126182  -0.0000104746   0.0000207075  -0.0000433836
        0.0000195566  -0.0000162303   0.0000247290   0.0002543472  -0.0001520086
       -0.0000109846  -0.0000620965   0.0000202441   0.0000861376   0.0001221305
       -0.0001727717  -0.0002687163   0.0000009550  -0.0000029863   0.0000240385
        0.0000124490   0.0000345726   0.0000192022  -0.0002867013   0.0004328626
        0.0005510909  -0.0237860463  -0.0054549876   0.0071708081  -0.0893982390
       -0.0184971895   0.0837624039   0.0176916574   0.0072380913  -0.0075040506
       -0.0006878264  -0.0007073988  -0.0007915771  -0.0001070582   0.0001618281
        0.0001665530   0.0000281536   0.0000832464  -0.0001252565
       -0.0001086723   0.0000287422   0.0000659990  -0.0003608985   0.0000512491
       -0.0000300584   0.0006974130   0.0014000521  -0.0005714532  -0.0005538965
       -0.0000520740   0.0005818826  -0.0000385652  -0.0000825667   0.0000695667
       -0.0006793501   0.0088009528  -0.0040478433  -0.0444504490   0.0062958855
       -0.0044661886   0.0002904376  -0.0007619270  -0.0002267681   0.0000073408
       -0.0000217040  -0.0000020923  -0.0000845905  -0.0000471297  -0.0000097735
        0.0000574379  -0.0000340178   0.0000290545   0.0001749634   0.0000533673
       -0.0000664043   0.0000321090  -0.0001262726   0.0000565821  -0.0000210019
       -0.0000169644  -0.0000153694  -0.0000094551  -0.0001273889  -0.0000265498
        0.0000229676  -0.0000137857  -0.0000303444  -0.0000415621   0.0017635237
        0.0010154529  -0.0015439449   0.0180872015  -0.0139519669  -0.0017654061
       -0.0267012140   0.0176916574   0.0484746445  -0.0082718518   0.0039499144
       -0.0001843851  -0.0001987578   0.0001899338  -0.0001334914   0.0000178538
       -0.0000497977   0.0002183547  -0.0000431735  -0.0001554336
       -0.0000290149   0.0001147199  -0.0000351048   0.0000767810   0.0001774652
       -0.0000953920  -0.0008772568   0.0004836521   0.0006467758   0.0006845227
        0.0003738523  -0.0003740549  -0.0001411938   0.0003411627   0.0000706040
        0.0027429392  -0.0269866131   0.0093737759   0.0059584932  -0.2150014348
        0.1058969728   0.0001751517   0.0011400285   0.0008672698  -0.0000037873
       -0.0000295909  -0.0000106067   0.0000591683   0.0000530040   0.0000084610
       -0.0000424788  -0.0000144668  -0.0000025300   0.0000624533  -0.0002027030
        0.0000593966  -0.0002075833   0.0000981610   0.0000530194   0.0000034149
        0.0000524614   0.0000372756  -0.0000812506   0.0000508590   0.0000869864
       -0.0000271774  -0.0000130237  -0.0000694604   0.0018510811  -0.0049696451
       -0.0033776788   0.0007520442   0.0006158908   0.0017917307  -0.0023762454
       -0.0089696401   0.0072380913  -0.0082718518   0.2524420756  -0.1217071193
       -0.0002499754  -0.0002756593   0.0000745423  -0.0000283570   0.0003603354
        0.0002477164  -0.0000298770   0.0001591089  -0.0007806711
       -0.0000487809   0.0000547535   0.0000641149  -0.0000889187   0.0001104007
       -0.0001306521  -0.0003820972  -0.0006881518   0.0006011390   0.0001156174
        0.0000214071   0.0001531126  -0.0000110013  -0.0001058647  -0.0000490497
        0.0004901843  -0.0139085533   0.0083069258  -0.0041549943   0.1055070121
       -0.1079326934   0.0003168360  -0.0010731778   0.0010213548  -0.0000153227
       -0.0000291466   0.0000145728  -0.0000571067  -0.0000364442   0.0000241043
        0.0000000503  -0.0000081688  -0.0000123305   0.0000805846   0.0001461555
       -0.0000505617   0.0000107764  -0.0000504652  -0.0000450725  -0.0000386837
        0.0000353216   0.0000264941   0.0000142621   0.0000374523  -0.0000423608
        0.0000164435  -0.0000357117  -0.0000033179   0.0009831838  -0.0032593055
       -0.0013087263  -0.0028288917   0.0230132062  -0.0173316682   0.0015320696
        0.0118111662  -0.0075040506   0.0039499144  -0.1217071193   0.1245688659
        0.0000126576   0.0001433378  -0.0000948354   0.0000521620   0.0000885173
       -0.0000266637   0.0000510552  -0.0000666213  -0.0002487015
       -0.0002293896   0.0001255999  -0.0003429530  -0.0011599725  -0.0003948016
        0.0005596014  -0.0025751533   0.0004418948  -0.0040458912   0.0000561856
        0.0000748682   0.0000398013  -0.0000720118  -0.0002090374  -0.0001694307
       -0.0245939300  -0.0022627405   0.0045805756   0.0010676996   0.0005372213
        0.0011967514  -0.2446632287  -0.0110526023   0.0851721739   0.0000589042
        0.0000114623   0.0000102491   0.0000448944   0.0000078382   0.0000184853
       -0.0001548818  -0.0000376293  -0.0000499529   0.0000259409  -0.0000538231
       -0.0000250353  -0.0000070197   0.0000335965   0.0000055690   0.0000811137
       -0.0000212751  -0.0000538686   0.0000318697  -0.0000546997   0.0000066625
       -0.0000994818   0.0000456461  -0.0002055801   0.0001404935   0.0002903932
        0.0002976814   0.0002028856   0.0001960454   0.0003207258   0.0004489922
       -0.0002279970  -0.0006878264  -0.0001843851  -0.0002499754   0.0000126576
        0.2858278979   0.0130492669  -0.0972081990  -0.0090311213   0.0019119542
        0.0061664075  -0.0052163017  -0.0021612054   0.0044013952
       -0.0000228099   0.0000377830  -0.0000321615  -0.0002314042   0.0000606449
        0.0000145128  -0.0003124577   0.0004314897  -0.0006644094   0.0001641428
        0.0000209561   0.0000731967   0.0004358829   0.0002664914  -0.0000701742
       -0.0019588801   0.0000524757   0.0000698373  -0.0009714966   0.0001718833
       -0.0001906012  -0.0105872885  -0.0451486630   0.0051222661   0.0000046180
       -0.0000080754  -0.0000003657   0.0000073891  -0.0000051704   0.0000109670
       -0.0000113425  -0.0000031818   0.0000005418  -0.0000121173   0.0000061147
        0.0000069688  -0.0000228874  -0.0000057928  -0.0000291311   0.0000554737
        0.0000253392   0.0000782583  -0.0001462179   0.0001113110  -0.0001509947
        0.0001049437  -0.0002752227   0.0000757891   0.0004346104  -0.0000377424
        0.0000328517   0.0001293478  -0.0001250058   0.0000515138  -0.0000780930
        0.0000946043  -0.0007073988  -0.0001987578  -0.0002756593   0.0001433378
        0.0130492669   0.0490078107  -0.0042669699   0.0257847343  -0.0007998443
       -0.0129062765  -0.0256166568  -0.0036025459   0.0133384417
       -0.0002466999   0.0000415580  -0.0001616643  -0.0010225332  -0.0002923507
        0.0002140339  -0.0025515181  -0.0004422018  -0.0028964553  -0.0001586186
       -0.0001401097  -0.0000356890   0.0006754473   0.0000780540  -0.0002419551
       -0.0207817243  -0.0021024495   0.0063015686  -0.0015273210   0.0001246900
        0.0006159944   0.0851278882   0.0054146738  -0.0773190904   0.0000022015
        0.0000017413  -0.0000194357   0.0000163612   0.0000264226  -0.0000122464
       -0.0000664045  -0.0000333400   0.0000151044   0.0000048522   0.0000190780
        0.0000845992   0.0000252284  -0.0000173274  -0.0000071094   0.0000850818
        0.0000012157   0.0001065688  -0.0000687740   0.0001256488  -0.0000740976
        0.0001010101  -0.0001172370   0.0002738697  -0.0000208634  -0.0000995148
        0.0004188900  -0.0000098342   0.0001027403   0.0000622030  -0.0001161783
       -0.0004126726  -0.0007915771   0.0001899338   0.0000745423  -0.0000948354
       -0.0972081990  -0.0042669699   0.0916030232   0.0181987711  -0.0013631982
       -0.0085323424   0.0193518929   0.0032770070  -0.0095093571
        0.0000023921   0.0000099829   0.0000255479  -0.0000765418   0.0001155651
       -0.0000038967   0.0006113493  -0.0001291277  -0.0000646108   0.0000160608
        0.0000299331   0.0000463170  -0.0015510516  -0.0002989856   0.0002468524
        0.0028184237  -0.0156404386  -0.0109238494  -0.0020012208  -0.0005150814
       -0.0028792834  -0.0489809009   0.0346813003   0.0232538323  -0.0000159047
       -0.0000034146   0.0000039183   0.0000126853   0.0000185429  -0.0000052109
        0.0000398539   0.0000032793   0.0000210666   0.0000718578   0.0000166665
        0.0000916002  -0.0000079394  -0.0000140673  -0.0000295668  -0.0000360947
        0.0000772416  -0.0000797267  -0.0009958164   0.0007013264  -0.0003579261
       -0.0018399064  -0.0008928412   0.0009799169   0.0005837994  -0.0002055922
        0.0003826599   0.0003547733  -0.0007680265  -0.0009054771  -0.0000070338
        0.0001127800  -0.0001070582  -0.0001334914  -0.0000283570   0.0000521620
       -0.0090311213   0.0257847343   0.0181987711   0.0592898288  -0.0408013317
       -0.0269829896   0.0008759987  -0.0022540886  -0.0009630489
        0.0000529049   0.0000469539   0.0000144880   0.0000518320   0.0000243902
        0.0000883987   0.0000571946  -0.0003341615  -0.0003161556   0.0001064265
       -0.0001216056  -0.0000905552   0.0006365220   0.0006408741  -0.0003274569
       -0.0005358101  -0.0032143696  -0.0034477256  -0.0011311461   0.0006613108
       -0.0013155020   0.0338213779  -0.2094375893  -0.1077555521  -0.0000380260
        0.0000066324   0.0000223953   0.0000189045  -0.0000280699  -0.0000035185
        0.0000021337   0.0000048477  -0.0000009996   0.0000637880  -0.0000310889
        0.0000409961  -0.0000133329   0.0000436732   0.0000102037   0.0003426270
       -0.0000396207   0.0002734481   0.0003110211   0.0002051479   0.0000453916
       -0.0007651899  -0.0001335956   0.0007333092   0.0001475687   0.0007299529
        0.0004719894   0.0000846906  -0.0001695817  -0.0004270520  -0.0001040272
       -0.0000143914   0.0001618281   0.0000178538   0.0003603354   0.0000885173
        0.0019119542  -0.0007998443  -0.0013631982  -0.0408013317   0.2398736411
        0.1262185256   0.0057620643  -0.0282738413  -0.0131217753
        0.0000333455   0.0000520134   0.0000566700   0.0000579049  -0.0000418442
        0.0000326638   0.0004186043  -0.0001299588   0.0001101686   0.0000520355
        0.0000457146  -0.0001212473   0.0009945862   0.0000528409   0.0002912781
        0.0018812388  -0.0193886346  -0.0153326153  -0.0038911320  -0.0008353927
       -0.0043563520   0.0229388590  -0.1077497959  -0.1134131752  -0.0000021717
        0.0000088194   0.0000131118   0.0000302408  -0.0000008902  -0.0000181012
        0.0000140409   0.0000060329  -0.0000158435   0.0000985145  -0.0000157051
       -0.0000363335  -0.0000415557   0.0000339509  -0.0000235386   0.0001780701
        0.0001361022  -0.0000342206  -0.0003100016   0.0002956780   0.0001137993
        0.0010222941   0.0003070864   0.0000754675   0.0004356674  -0.0003597521
        0.0000962817   0.0001564792  -0.0013048009  -0.0012272770  -0.0002091023
        0.0001197027   0.0001665530  -0.0000497977   0.0002477164  -0.0000266637
        0.0061664075  -0.0129062765  -0.0085323424  -0.0269829896   0.1262185256
        0.1328110490  -0.0029915382   0.0152088674   0.0093706675
       -0.0000309973  -0.0000558170   0.0000642869  -0.0000596370  -0.0001233350
        0.0000205972   0.0009049156   0.0010945679  -0.0003508308  -0.0001025040
       -0.0003741214  -0.0001516118  -0.0003651201   0.0001260761  -0.0001260235
       -0.0000668911   0.0161747320  -0.0134849850   0.0002686495   0.0002610988
        0.0005403130  -0.0443124844  -0.0132233140   0.0105123783  -0.0000248713
        0.0000134467   0.0000024948  -0.0000123133  -0.0000114065  -0.0000218157
        0.0000525587  -0.0000037806   0.0000343693   0.0000522325   0.0000499971
        0.0000992463   0.0000854017  -0.0000755910   0.0000313387   0.0000701966
       -0.0000368177   0.0000675986   0.0000456107  -0.0000937564   0.0000204572
       -0.0005639859   0.0005108166   0.0004367920  -0.0024012451   0.0004300323
       -0.0042298438  -0.0000306981   0.0000422078   0.0000682592  -0.0001630365
       -0.0001741394   0.0000281536   0.0002183547  -0.0000298770   0.0000510552
       -0.0052163017  -0.0256166568   0.0193518929   0.0008759987   0.0057620643
       -0.0029915382   0.0507761671   0.0153535731  -0.0099725842
       -0.0000340361   0.0000423018  -0.0000234010  -0.0000685958   0.0000714821
       -0.0001567648  -0.0001797669   0.0005978323  -0.0000503084   0.0002678359
        0.0001962888   0.0000190429   0.0000335069  -0.0000299866   0.0002303558
        0.0024940465  -0.0005892612   0.0028529492  -0.0004604222   0.0010051517
       -0.0009513095  -0.0135713051  -0.1993785117   0.1112342179   0.0000351260
       -0.0000239554  -0.0000245230   0.0000028799   0.0000291619   0.0000081715
       -0.0000020262  -0.0000128686  -0.0000053170  -0.0000504815  -0.0000333717
       -0.0000303384  -0.0000829120  -0.0000295203   0.0000075450  -0.0001477240
        0.0000586868  -0.0002070023  -0.0001291405  -0.0000401820  -0.0000356728
        0.0006702046  -0.0002282845  -0.0005316341   0.0003811190   0.0006680447
        0.0005289557  -0.0000520722  -0.0000838666  -0.0000606924  -0.0000013419
       -0.0001717140   0.0000832464  -0.0000431735   0.0001591089  -0.0000666213
       -0.0021612054  -0.0036025459   0.0032770070  -0.0022540886  -0.0282738413
        0.0152088674   0.0153535731   0.2296698508  -0.1313067738
       -0.0000028228  -0.0000577602   0.0000880576   0.0000958645  -0.0002347601
        0.0001293663   0.0009346795   0.0000857330   0.0007735880  -0.0003877205
       -0.0002635602  -0.0000043721   0.0002359849  -0.0002288783   0.0002826782
       -0.0017516145   0.0198785358  -0.0177576321  -0.0000192128   0.0007800227
        0.0005162227   0.0105425570   0.1117475297  -0.1241990052  -0.0000007474
        0.0000163821   0.0000084416  -0.0000163714  -0.0000339833  -0.0000138743
        0.0000275895   0.0000068920  -0.0000018241   0.0000547803   0.0000947052
       -0.0000307231   0.0001358023  -0.0000391549  -0.0000166516   0.0000189924
        0.0000634906  -0.0000591340  -0.0000283141   0.0000275116  -0.0001309771
        0.0002390117  -0.0001629728   0.0001711951  -0.0036239637   0.0002049060
       -0.0044915431   0.0001539241  -0.0001040521   0.0002965692   0.0000812523
        0.0000901919  -0.0001252565  -0.0001554336  -0.0007806711  -0.0002487015
        0.0044013952   0.0133384417  -0.0095093571  -0.0009630489  -0.0131217753
        0.0093706675  -0.0099725842  -0.1313067738   0.1449522656
