           1           2   1.01974981142087     
           2           3  0.995727042881362     
           3           4  0.967731696862752     
           3           5   1.00976362872628     
           3           6  0.982962995169551     
           6           7   1.00940156138206     
           6           8   1.00851160568414     
           1           9  0.984454294772155     
           1          10  0.987601850397133     
           1          11  0.987030570538665     
           2          12  0.971874035301436     
           2          13  0.977748977074143     
           5          14  0.981849953673471     
           5          15  0.986662929575686     
           5          16  0.985289959493349     
           6          17  0.969603108662044     
           7          18  0.980917397952712     
           7          19  0.986031594079006     
           7          20  0.986469074626356     
           8          21  0.985310958045003     
           8          22  0.985305252342128     
           8          23  0.986808880201201     
