           1           2   1.01742948888287     
           2           3   1.01341569899932     
           3           4   1.01341767590191     
           4           5   1.01742766382821     
           1           6  0.986271237255590     
           1           7  0.986654738371908     
           1           8  0.985556265602393     
           2           9  0.965937424316465     
           2          10  0.974217948071549     
           3          11  0.950830086479519     
           4          12  0.974219006358225     
           4          13  0.965937047149847     
           5          14  0.986272434922160     
           5          15  0.985556383642219     
           5          16  0.986653215918990     
