           1           2   1.02022821660711     
           2           3  0.983780985138052     
           3           4  0.953534759805819     
           3           5   1.00829681176546     
           3           6  0.932517686772680     
           6           7   1.10059695759679     
           6           8  0.136445327671897     
           7           8   1.63862635445897     
           7           9   1.11176444706964     
           9          10   1.55106254836962     
          10          11   1.19161942726683     
           6          12   1.14348409940550     
          11          12   1.12982228907074     
           6          13  0.134283212599638     
          11          13  0.128190022345743     
          12          13   1.60462056302308     
          10          14   1.04327685476738     
           9          15  0.983778329112824     
           1          16  0.985749197830784     
           1          17  0.985336720755014     
           1          18  0.985168853806844     
           2          19  0.972945211714382     
           2          20  0.976823182262935     
           5          21  0.979549959195599     
           5          22  0.985303062225579     
           5          23  0.977069899557298     
          11          24  0.890981141386492     
          14          25  0.952208123301072     
          14          26  0.940228765332823     
          14          27  0.969417652437309     
