           1           2   1.01917054780063     
           2           3   1.00780853486533     
           3           4   1.00707268886005     
           4           5   1.00742799922091     
           5           6   1.00648436517799     
           6           7   1.01446673675076     
           7           8   1.92646798902080     
           1           9  0.987460109507233     
           1          10  0.987911663601021     
           1          11  0.987912550174296     
           2          12  0.978629062726387     
           2          13  0.978633352589456     
           3          14  0.977243928126661     
           3          15  0.977262359498580     
           4          16  0.977356722489819     
           4          17  0.977315269441874     
           5          18  0.975796196120495     
           5          19  0.975726819305919     
           6          20  0.943928004532960     
           6          21  0.943497759502880     
           7          22  0.930261296167310     
