$hessian                                                                        
        0.5264878481   0.0014418536  -0.0145759462  -0.0708705663   0.0022325515
       -0.0250798169   0.0000660146   0.0003838933  -0.0005142819  -0.0128928825
       -0.0024566157  -0.0275401988   0.0004785487  -0.0003534702  -0.0015203978
        0.0015832588   0.0000957259  -0.0000145575  -0.0006135035  -0.0003860417
       -0.0003397556   0.0000936898   0.0000732808   0.0001339560  -0.1521148069
        0.0897219130   0.0804095774  -0.0445207080  -0.0066752349   0.0031118351
       -0.2482817114  -0.0830855395  -0.0297441362   0.0036712146   0.0011227559
        0.0181994487   0.0002195172  -0.0002033076  -0.0005710199   0.0005548012
       -0.0002800379   0.0007542633   0.0005007635  -0.0003898018  -0.0000108847
        0.0007379561   0.0009128474  -0.0004908940  -0.0050271448  -0.0021132414
       -0.0021828839  -0.0000070582   0.0000190201   0.0000031435  -0.0000494339
       -0.0000436772  -0.0000203394  -0.0000157971  -0.0000168736  -0.0000071112
        0.0014418536   0.5271305436   0.0003112048   0.0018613150  -0.0649745373
       -0.0005550624   0.0049420626  -0.0049370923   0.0269541688  -0.0041257028
       -0.0011999397  -0.0106086961  -0.0001645383   0.0005687993   0.0000961105
        0.0005864652  -0.0001027946   0.0000132390  -0.0001971869   0.0000231360
       -0.0000051820  -0.0001960464   0.0000704704  -0.0000300195   0.0899848617
       -0.1194565724  -0.0663421673  -0.0066401052  -0.2565112802   0.0758938906
       -0.0831106200  -0.0776301119  -0.0123359615  -0.0021739356  -0.0000537052
       -0.0170096756  -0.0002759414   0.0010442347   0.0008738961   0.0007655836
        0.0007019859   0.0005693037   0.0000927163  -0.0050449278   0.0037328396
       -0.0002475859   0.0006934715  -0.0009735218  -0.0025988372  -0.0002837965
       -0.0006255002   0.0000072677  -0.0000005079   0.0000184926   0.0000716266
       -0.0000484805   0.0000118696  -0.0000232525   0.0000111049   0.0000107711
       -0.0145759462   0.0003112048   0.4565891260  -0.0240621201  -0.0005931926
       -0.1913442425  -0.0032469975   0.0063631624  -0.0171100691  -0.0098923889
       -0.0019408192  -0.0104014861   0.0002324104  -0.0000397355  -0.0001300177
        0.0003156731  -0.0002213833  -0.0002117262  -0.0001166358  -0.0000286460
        0.0001753434  -0.0000016132   0.0000381781  -0.0000770667   0.0811685074
       -0.0666209143  -0.1017433077   0.0029381636   0.0765612336  -0.0695706376
       -0.0304206774  -0.0126080195  -0.0462695713  -0.0020193040  -0.0019325611
       -0.0217387577   0.0000065670  -0.0008756928   0.0009508961  -0.0001867069
       -0.0008188210   0.0004306405  -0.0000066283   0.0024925079  -0.0006227284
        0.0008847524   0.0002941930   0.0005815896  -0.0010454589  -0.0003966501
        0.0004755166  -0.0000154164   0.0000090727   0.0000079131   0.0000478370
        0.0000052077  -0.0000024137  -0.0000040171   0.0000016753   0.0000109995
       -0.0708705663   0.0018613150  -0.0240621201   0.4888724077  -0.0308390281
       -0.0234378125  -0.0656625220  -0.0015044080   0.0026974216  -0.1548658224
       -0.0443979050  -0.0194448354  -0.0329785503  -0.0020417538   0.0022504198
       -0.0042936074   0.0017228485   0.0021781045   0.0013485188   0.0005714961
        0.0004722225  -0.0007622888  -0.0002284997  -0.0001669108   0.0041353364
        0.0003162577   0.0197859028  -0.0000974197   0.0002836853  -0.0003776566
       -0.0089264328  -0.0012275094  -0.0280861872  -0.1392982843   0.0848490005
        0.0724948184   0.0003057426   0.0201981800  -0.0066956733  -0.0037386051
       -0.0269387130   0.0092988740   0.0000313017   0.0050797322  -0.0025821744
       -0.0041149551  -0.0040920145  -0.0001016726  -0.0088116573  -0.0038197763
       -0.0042905141  -0.0001708585   0.0001963476   0.0000646358  -0.0000185227
       -0.0000209510  -0.0000677234  -0.0000832147   0.0000316959   0.0000708809
        0.0022325515  -0.0649745373  -0.0005931926  -0.0308390281   0.4965350429
        0.0196205060  -0.0022912548  -0.1801701319   0.0426388602  -0.0450701460
       -0.0827134087  -0.0081602355   0.0163371195   0.0070243082   0.0024269280
        0.0020679576  -0.0023393230  -0.0025758909  -0.0004650938   0.0005895876
        0.0003476600   0.0010093903  -0.0000581288   0.0000837697  -0.0025430743
       -0.0007941827  -0.0177632496   0.0056988928  -0.0029334048   0.0286607460
       -0.0034921362  -0.0004055997  -0.0106640354   0.0839760613  -0.1150357228
       -0.0635017586   0.0027714703  -0.0236739808   0.0048992890  -0.0037074252
       -0.0143690249   0.0044688828   0.0002206731  -0.0028014357   0.0033478460
       -0.0248471025  -0.0139624037  -0.0029466381  -0.0012755249   0.0001700329
       -0.0001931165   0.0001499037  -0.0001230265  -0.0000893010  -0.0000171754
        0.0000760214  -0.0000122277   0.0000839412  -0.0000406818   0.0000051580
       -0.0250798169  -0.0005550624  -0.1913442425  -0.0234378125   0.0196205060
        0.4909046393   0.0034043562   0.0425357371  -0.0813091710  -0.0198196526
       -0.0080979888  -0.0663116909   0.0161108658   0.0045100630   0.0023083421
        0.0015075500  -0.0024364844  -0.0018729308  -0.0006916687   0.0004620633
        0.0005063848   0.0008013458  -0.0000627703   0.0001097727  -0.0006099068
       -0.0032527522  -0.0218357327  -0.0028202710   0.0033863044  -0.0145709321
       -0.0041226914  -0.0010116029  -0.0077158933   0.0718662573  -0.0636013248
       -0.0941151226  -0.0006019594  -0.0122438119   0.0048875081   0.0000807251
       -0.0024489330   0.0010793894   0.0002979522   0.0287086393  -0.0148368049
        0.0084773194   0.0054384693   0.0016146403  -0.0255550013  -0.0108305582
       -0.0074316895   0.0001108665  -0.0000777749  -0.0000527824   0.0000253163
        0.0000137206   0.0000250892   0.0000562260  -0.0000564391  -0.0000387731
        0.0000660146   0.0049420626  -0.0032469975  -0.0656625220  -0.0022912548
        0.0034043562   0.5294053062  -0.0011493574   0.0015998428  -0.0069731432
       -0.0266345659   0.0084212159   0.0006232123  -0.0013040820   0.0000055846
        0.0014755453  -0.0000297731   0.0000769286  -0.0004747027  -0.0004246972
       -0.0002127712   0.0000901267   0.0001600864  -0.0000379579   0.0002829109
       -0.0005244401   0.0002424350   0.0002293376   0.0000769419  -0.0015700725
        0.0005208924   0.0007453247  -0.0003982259   0.0004531687   0.0190417684
       -0.0055859952  -0.1527454304   0.0928226060   0.0761886841  -0.2491075279
       -0.0812005514  -0.0327115388  -0.0540182265  -0.0003899284  -0.0468812667
       -0.0048650970  -0.0035280537  -0.0002905499   0.0007415508  -0.0002601560
        0.0009799261   0.0000039452   0.0000198680   0.0000173198  -0.0000490640
       -0.0000445407  -0.0000017969   0.0000037031  -0.0000272571   0.0000008791
        0.0003838933  -0.0049370923   0.0063631624  -0.0015044080  -0.1801701319
        0.0425357371  -0.0011493574   0.4628938412   0.0243722857  -0.0093735233
       -0.0177448574   0.0051040996   0.0002000427  -0.0002622143   0.0001931419
        0.0008269413  -0.0000742211  -0.0002082679  -0.0002197360   0.0000646376
       -0.0001276732  -0.0000616779  -0.0000181352   0.0000778927  -0.0003106656
        0.0008658988  -0.0008074063   0.0000229437   0.0008528928   0.0002553430
       -0.0000336079   0.0004700291  -0.0007597527   0.0016976122  -0.0231079712
        0.0065308106   0.0934824447  -0.1219432170  -0.0663526486  -0.0818501147
       -0.0743298952  -0.0138296416  -0.0004167289  -0.0423823270  -0.0035155994
       -0.0025147364  -0.0006043831  -0.0002250665   0.0008260937   0.0004296186
        0.0003668602  -0.0000129529   0.0000015083   0.0000308064   0.0000015366
        0.0000014238  -0.0000328031   0.0000060008  -0.0000054044   0.0000287197
       -0.0005142819   0.0269541688  -0.0171100691   0.0026974216   0.0426388602
       -0.0813091710   0.0015998428   0.0243722857   0.5168770123   0.0018136328
       -0.0014970116   0.0002803298  -0.0002195596   0.0005725428   0.0005259276
        0.0000980253   0.0000393648  -0.0000811698  -0.0000225911   0.0000467194
        0.0001071946  -0.0001976609  -0.0000341610   0.0000050507  -0.0002362526
        0.0009674435   0.0010437760  -0.0012704919   0.0015477017  -0.0062482345
        0.0007334221   0.0006555779   0.0006982035   0.0001187957  -0.0111974295
        0.0045380187   0.0760849777  -0.0659469534  -0.0981988003  -0.0325275897
       -0.0136711197  -0.0486940347  -0.0466676050  -0.0041685125  -0.2737648690
       -0.0011344112  -0.0004282691   0.0005390237  -0.0004065068  -0.0008688479
        0.0007898202  -0.0000101723  -0.0000100056   0.0000218392   0.0000053482
        0.0000267709  -0.0000290724   0.0000556567   0.0000008747   0.0000092247
       -0.0128928825  -0.0041257028  -0.0098923889  -0.1548658224  -0.0450701460
       -0.0198196526  -0.0069731432  -0.0093735233   0.0018136328   0.4261806853
        0.0315823292   0.0373439333  -0.0881961986   0.0325857568   0.0264964938
       -0.0472495793   0.0140472011   0.0130026822   0.0013801910   0.0037869120
        0.0033446799  -0.0028324935  -0.0021897368  -0.0011054753   0.0003894582
        0.0004024544   0.0008133180   0.0003438700  -0.0002103849   0.0004139852
       -0.0000377242  -0.0001986560  -0.0019795643  -0.0225514558  -0.0057831546
       -0.0010988091   0.0003411194   0.0007980456   0.0001566755   0.0005158293
       -0.0007904758   0.0001912216   0.0004889500   0.0004027793  -0.0002301888
       -0.0402361163  -0.0157234124   0.0022787842  -0.0519754551  -0.0015733677
       -0.0523290537  -0.0010113283   0.0013594205   0.0004017074  -0.0000934019
       -0.0001853214  -0.0003075444  -0.0007245024   0.0002589829   0.0005055633
       -0.0024566157  -0.0011999397  -0.0019408192  -0.0443979050  -0.0827134087
       -0.0080979888  -0.0266345659  -0.0177448574  -0.0014970116   0.0315823292
        0.4747880253  -0.0327680756   0.0396991157  -0.1131428127  -0.0468884127
        0.0119588900   0.0068285541   0.0052622162  -0.0044554804  -0.0000717528
        0.0031588445  -0.0025565041   0.0036341179  -0.0022425600  -0.0000823616
        0.0000616525  -0.0001166563   0.0010450871   0.0006924130   0.0007133749
       -0.0001418159   0.0004320324  -0.0000006840   0.0142505669   0.0043945765
        0.0008165501  -0.0003801896   0.0005593406  -0.0005997014  -0.0013843292
       -0.0060504896   0.0019310912  -0.0003562320   0.0007244312  -0.0005328683
       -0.0161507014  -0.2288540125   0.0779090372   0.0005089586  -0.0425679218
        0.0046056781   0.0001334763  -0.0003768741  -0.0000819150   0.0002476934
        0.0000479613   0.0001491668  -0.0004294164   0.0005589645   0.0002207337
       -0.0275401988  -0.0106086961  -0.0104014861  -0.0194448354  -0.0081602355
       -0.0663116909   0.0084212159   0.0051040996   0.0002803298   0.0373439333
       -0.0327680756   0.4908748965   0.0333470901  -0.0471977928  -0.0975301232
        0.0113093954   0.0062525431   0.0050559262  -0.0037202238   0.0021702298
       -0.0016703904  -0.0024060062  -0.0025468950   0.0038800351  -0.0002093384
       -0.0005082629   0.0007893154  -0.0006016603  -0.0005299549   0.0006447089
       -0.0025402413  -0.0006250509  -0.0062534698   0.0130292458   0.0034329246
        0.0013156590   0.0000432378  -0.0003883657   0.0003072059   0.0003514508
        0.0025021424  -0.0002887866   0.0011019488   0.0007798161   0.0004832881
        0.0048353144   0.0768481489  -0.0732123689  -0.0541150263   0.0063600498
       -0.2484171050  -0.0005128805   0.0001708438   0.0006578102   0.0002918550
        0.0001300574   0.0003949835   0.0010157235  -0.0004175259  -0.0005987376
        0.0004785487  -0.0001645383   0.0002324104  -0.0329785503   0.0163371195
        0.0161108658   0.0006232123   0.0002000427  -0.0002195596  -0.0881961986
        0.0396991157   0.0333470901   0.4794170555   0.0049301327  -0.0025863045
       -0.2283217662  -0.0404524057  -0.0311106798  -0.0573647146  -0.0547924681
       -0.0440440367  -0.0495205116   0.0118606109   0.0075532901   0.0002144354
       -0.0001597957  -0.0002123590   0.0002190868   0.0007940412   0.0001233242
       -0.0002014483  -0.0001106886   0.0005858991  -0.0077771843  -0.0019833768
       -0.0004223750   0.0002831042  -0.0002011226  -0.0001908020  -0.0002688687
        0.0005037136  -0.0002753107   0.0002177775   0.0004138208   0.0006385485
       -0.0082668470   0.0162102738   0.0040538570  -0.0032939002   0.0044998319
        0.0116652814  -0.0034343681   0.0032420099   0.0033962788   0.0001359466
       -0.0013732589   0.0006672762  -0.0019648092   0.0005469419   0.0006873059
       -0.0003534702   0.0005687993  -0.0000397355  -0.0020417538   0.0070243082
        0.0045100630  -0.0013040820  -0.0002622143   0.0005725428   0.0325857568
       -0.1131428127  -0.0471977928   0.0049301327   0.2379711107   0.1354754798
       -0.0326035989  -0.0807651617  -0.0208382082  -0.0555272694  -0.0215343229
       -0.0385024976   0.0217416824   0.0063275698  -0.0027121244  -0.0002481335
       -0.0000799072   0.0002788225  -0.0001495390   0.0000924889  -0.0002492290
       -0.0000033881  -0.0001215595  -0.0000650794  -0.0027021249   0.0002158697
        0.0000942671  -0.0005349445   0.0005575559   0.0004998332  -0.0003221866
        0.0001664119  -0.0000596902   0.0000958697  -0.0000081620  -0.0002017435
        0.0280118186  -0.0289434774  -0.0192742435   0.0047715120  -0.0052726406
       -0.0110624699   0.0029758673  -0.0018299020  -0.0017415079   0.0006739674
       -0.0003846814   0.0006598709   0.0000038839  -0.0005792727  -0.0001465575
       -0.0015203978   0.0000961105  -0.0001300177   0.0022504198   0.0024269280
        0.0023083421   0.0000055846   0.0001931419   0.0005259276   0.0264964938
       -0.0468884127  -0.0975301232  -0.0025863045   0.1354754798   0.1888275701
       -0.0237134416  -0.0213779862  -0.0732080718  -0.0445763949  -0.0378851810
       -0.0047598522   0.0174430810  -0.0012177386   0.0046157519  -0.0005428437
        0.0006375764   0.0003294434   0.0002116439  -0.0002325984   0.0000703157
       -0.0003210606  -0.0000376095   0.0001492504  -0.0010133934   0.0000179761
        0.0007473242  -0.0000856945  -0.0000124325  -0.0002676472   0.0000828750
       -0.0002476257  -0.0000964709  -0.0000980841  -0.0002517059   0.0001437842
       -0.0025918171  -0.0031996716   0.0043711971   0.0267168633  -0.0258379597
       -0.0256374582   0.0027454647  -0.0016811747  -0.0008422258  -0.0003673499
        0.0008217410   0.0006395613   0.0014643561  -0.0007988575  -0.0002566010
        0.0015832588   0.0005864652   0.0003156731  -0.0042936074   0.0020679576
        0.0015075500   0.0014755453   0.0008269413   0.0000980253  -0.0472495793
        0.0119588900   0.0113093954  -0.2283217662  -0.0326035989  -0.0237134416
        0.5057528554   0.0675834583   0.0511990340  -0.1087833349  -0.0989298135
       -0.0807364205  -0.1060722509   0.0387009354   0.0380360371  -0.0008190770
       -0.0004711400  -0.0009039570  -0.0005460242  -0.0002708589  -0.0001885326
        0.0008752735   0.0003466107  -0.0000597573  -0.0002324463  -0.0007463288
       -0.0004105820  -0.0006498093  -0.0011696697   0.0000000149   0.0008864461
        0.0001385891   0.0002057857  -0.0004573706  -0.0003826732  -0.0000703028
        0.0016765146  -0.0028232632   0.0003729999   0.0016007005  -0.0002724220
       -0.0029137425  -0.0202729143   0.0129110012   0.0118898661   0.0099181475
       -0.0065906350  -0.0082415329  -0.0060705612   0.0091395544   0.0023038878
        0.0000957259  -0.0001027946  -0.0002213833   0.0017228485  -0.0023393230
       -0.0024364844  -0.0000297731  -0.0000742211   0.0000393648   0.0140472011
        0.0068285541   0.0062525431  -0.0404524057  -0.0807651617  -0.0213779862
        0.0675834583   0.5857235933   0.3205984513  -0.1121713925  -0.3801834000
       -0.2578427920   0.0480005286  -0.1090245587  -0.0368415015  -0.0004315021
        0.0001557167  -0.0002546600   0.0000364497  -0.0003010039   0.0001134203
        0.0000322523   0.0000783379  -0.0000762128   0.0015677432   0.0001026882
       -0.0001126958  -0.0005640075  -0.0005653952  -0.0000908692   0.0002329899
       -0.0001068584   0.0001326544  -0.0001788693  -0.0000856120   0.0001164047
        0.0037793305  -0.0013401732   0.0004109579   0.0018768001   0.0018283744
       -0.0018699398  -0.0062698300   0.0087479414   0.0092701645   0.0028950741
       -0.0092901631  -0.0070764144   0.0182273779  -0.0192865412  -0.0087330214
       -0.0000145575   0.0000132390  -0.0002117262   0.0021781045  -0.0025758909
       -0.0018729308   0.0000769286  -0.0002082679  -0.0000811698   0.0130026822
        0.0052622162   0.0050559262  -0.0311106798  -0.0208382082  -0.0732080718
        0.0511990340   0.3205984513   0.4562712649  -0.0912937210  -0.2575335599
       -0.2767013508   0.0389516862  -0.0310010848  -0.1016801243  -0.0005156767
       -0.0002814501  -0.0002985857  -0.0002575235   0.0000890573  -0.0001004317
        0.0001867142   0.0001199928  -0.0001281040   0.0014335523   0.0001252041
       -0.0000544040  -0.0002039920  -0.0000409079   0.0003434105  -0.0000359951
        0.0000030890   0.0000602556   0.0001147139   0.0000270142  -0.0003855808
        0.0013074247  -0.0009484498   0.0015430498   0.0033950509   0.0001415379
       -0.0008315046   0.0092652176  -0.0058623598  -0.0037178387   0.0116525785
       -0.0171017050  -0.0141698508  -0.0093315418   0.0100120823   0.0101677670
       -0.0006135035  -0.0001971869  -0.0001166358   0.0013485188  -0.0004650938
       -0.0006916687  -0.0004747027  -0.0002197360  -0.0000225911   0.0013801910
       -0.0044554804  -0.0037202238  -0.0573647146  -0.0555272694  -0.0445763949
       -0.1087833349  -0.1121713925  -0.0912937210   0.1544175794   0.1546219601
        0.1245807047   0.0101562698   0.0135466057   0.0133647268   0.0002003613
        0.0001942316   0.0004149788   0.0001318335  -0.0000169000   0.0001233442
       -0.0002967592  -0.0000536423  -0.0000018110   0.0000518604   0.0000674004
        0.0000350225   0.0001282157   0.0004722102  -0.0000062648  -0.0002644924
       -0.0000347203  -0.0000156521   0.0000925100   0.0001409720  -0.0000636403
        0.0008094528   0.0001966712   0.0004905235   0.0003167583   0.0000906294
        0.0000769327   0.0010702135   0.0003148763  -0.0012338870  -0.0016569994
        0.0031711140   0.0024147887  -0.0006492578   0.0003247507   0.0002414688
       -0.0003860417   0.0000231360  -0.0000286460   0.0005714961   0.0005895876
        0.0004620633  -0.0004246972   0.0000646376   0.0000467194   0.0037869120
       -0.0000717528   0.0021702298  -0.0547924681  -0.0215343229  -0.0378851810
       -0.0989298135  -0.3801834000  -0.2575335599   0.1546219601   0.4329702922
        0.3323855492  -0.0051717863  -0.0296643958  -0.0356088480   0.0002969708
        0.0000767696   0.0003750528   0.0000439659   0.0000577628   0.0000394540
       -0.0001429097  -0.0000713865   0.0000767854  -0.0004012890   0.0000564281
        0.0001039597   0.0002848920   0.0003959738  -0.0000655539  -0.0001596458
       -0.0000030307  -0.0000939675   0.0001195439   0.0000628299   0.0000197057
       -0.0014269645   0.0006386165  -0.0006916797  -0.0007203889  -0.0008160532
        0.0017675722  -0.0014770221   0.0007199417  -0.0003315194   0.0055090712
       -0.0044267667  -0.0048192848  -0.0012017851   0.0011151330  -0.0003888515
       -0.0003397556  -0.0000051820   0.0001753434   0.0004722225   0.0003476600
        0.0005063848  -0.0002127712  -0.0001276732   0.0001071946   0.0033446799
        0.0031588445  -0.0016703904  -0.0440440367  -0.0385024976  -0.0047598522
       -0.0807364205  -0.2578427920  -0.2767013508   0.1245807047   0.3323855492
        0.2981407470  -0.0022752719  -0.0363503932  -0.0123974357   0.0003231753
        0.0001204002   0.0002818956   0.0001482317   0.0000304581   0.0000277778
       -0.0001361315  -0.0000859849   0.0000613430  -0.0003176721   0.0000849427
        0.0000345619   0.0001275935   0.0003281473  -0.0001228453  -0.0000903620
        0.0000190029  -0.0000518863  -0.0000579815   0.0000499912   0.0000730041
       -0.0007744452   0.0012765600  -0.0004898685  -0.0010874812  -0.0002100211
        0.0007386417  -0.0026245917   0.0018203430   0.0006405078   0.0034842046
       -0.0040845892  -0.0021740934   0.0002161092  -0.0024127657  -0.0024196790
        0.0000936898  -0.0001960464  -0.0000016132  -0.0007622888   0.0010093903
        0.0008013458   0.0000901267  -0.0000616779  -0.0001976609  -0.0028324935
       -0.0025565041  -0.0024060062  -0.0495205116   0.0217416824   0.0174430810
       -0.1060722509   0.0480005286   0.0389516862   0.0101562698  -0.0051717863
       -0.0022752719   0.5144287133   0.0414244145   0.0251863131   0.0000063851
        0.0001248080   0.0002406201   0.0000356763   0.0000323123   0.0000677531
       -0.0001539028  -0.0000198514   0.0000007527  -0.0006869081  -0.0001378269
       -0.0000063183  -0.0000323794   0.0002621223   0.0000408689  -0.0001483201
       -0.0000285687   0.0000071994   0.0000267365   0.0000793171  -0.0000019949
       -0.0003701813   0.0003467965   0.0002350341  -0.0001960804   0.0001497629
        0.0001160490  -0.2073175316  -0.1060359668   0.0565072502  -0.1017926828
       -0.0477019366  -0.0939486405  -0.0549520663   0.0487390301  -0.0407604478
        0.0000732808   0.0000704704   0.0000381781  -0.0002284997  -0.0000581288
       -0.0000627703   0.0001600864  -0.0000181352  -0.0000341610  -0.0021897368
        0.0036341179  -0.0025468950   0.0118606109   0.0063275698  -0.0012177386
        0.0387009354  -0.1090245587  -0.0310010848   0.0135466057  -0.0296643958
       -0.0363503932   0.0414244145   0.4817411393   0.0050426543  -0.0000791365
       -0.0000971225  -0.0000233710  -0.0000715880   0.0000572773  -0.0000576537
        0.0001167227   0.0000250588  -0.0000007984   0.0000032966   0.0000137298
        0.0000033410  -0.0000236484  -0.0000057642   0.0000748786   0.0000391167
        0.0000640538   0.0000120091  -0.0000023643  -0.0000267894  -0.0000306175
       -0.0005889558   0.0002434321   0.0001916885   0.0005544884  -0.0004739794
       -0.0003677005  -0.1060121788  -0.1040935781   0.0318355305  -0.0478579507
       -0.0751337657  -0.0757063862   0.0505745006  -0.1735806314   0.1102012902
        0.0001339560  -0.0000300195  -0.0000770667  -0.0001669108   0.0000837697
        0.0001097727  -0.0000379579   0.0000778927   0.0000050507  -0.0011054753
       -0.0022425600   0.0038800351   0.0075532901  -0.0027121244   0.0046157519
        0.0380360371  -0.0368415015  -0.1016801243   0.0133647268  -0.0356088480
       -0.0123974357   0.0251863131   0.0050426543   0.4982824624  -0.0000916551
        0.0000916589   0.0000098945   0.0000291680  -0.0000455023   0.0000121342
        0.0000064915   0.0000148716   0.0000419853  -0.0000474042  -0.0000091892
        0.0000132301  -0.0000070338  -0.0000637457   0.0000042723   0.0000689781
        0.0000011542   0.0000055894  -0.0000213399  -0.0000452109   0.0000627817
        0.0007277791  -0.0004714441  -0.0004563286  -0.0006644330   0.0001331516
        0.0002586224   0.0566777273   0.0328760444  -0.0626515888  -0.0953147494
       -0.0753871166  -0.1990997593  -0.0443275077   0.1151360648  -0.1309392793
       -0.1521148069   0.0899848617   0.0811685074   0.0041353364  -0.0025430743
       -0.0006099068   0.0002829109  -0.0003106656  -0.0002362526   0.0003894582
       -0.0000823616  -0.0002093384   0.0002144354  -0.0002481335  -0.0005428437
       -0.0008190770  -0.0004315021  -0.0005156767   0.0002003613   0.0002969708
        0.0003231753   0.0000063851  -0.0000791365  -0.0000916551   0.1734712254
       -0.1049935589  -0.0935018005  -0.0001497604   0.0015051846  -0.0000112796
       -0.0259516218   0.0168183352   0.0150922893   0.0006969756  -0.0001376007
       -0.0012165692   0.0003090956  -0.0001440353   0.0001201442  -0.0003291834
        0.0000807905   0.0000939188  -0.0000492145  -0.0000403727  -0.0001562632
       -0.0000601889   0.0000403237   0.0000579705  -0.0001273327   0.0001403800
        0.0001142482   0.0000219098   0.0000155190   0.0000378490  -0.0001398957
        0.0001061021   0.0000608236   0.0000129874   0.0000219737   0.0000226595
        0.0897219130  -0.1194565724  -0.0666209143   0.0003162577  -0.0007941827
       -0.0032527522  -0.0005244401   0.0008658988   0.0009674435   0.0004024544
        0.0000616525  -0.0005082629  -0.0001597957  -0.0000799072   0.0006375764
       -0.0004711400   0.0001557167  -0.0002814501   0.0001942316   0.0000767696
        0.0001204002   0.0001248080  -0.0000971225   0.0000916589  -0.1049935589
        0.1353905810   0.0782528364   0.0226220384  -0.0226490496  -0.0144095474
       -0.0074556758   0.0063034211   0.0052088362  -0.0001557370   0.0006135132
       -0.0004644043   0.0001301197   0.0000377697   0.0001885430  -0.0000485085
       -0.0000682304  -0.0000378633   0.0000321272  -0.0001325109   0.0000263995
        0.0001106604  -0.0002355136  -0.0000827627   0.0001288670  -0.0000929474
        0.0001824679  -0.0000257776  -0.0000174881  -0.0000305582  -0.0000014748
        0.0001426262  -0.0000024303   0.0000526310  -0.0000244240   0.0000147837
        0.0804095774  -0.0663421673  -0.1017433077   0.0197859028  -0.0177632496
       -0.0218357327   0.0002424350  -0.0008074063   0.0010437760   0.0008133180
       -0.0001166563   0.0007893154  -0.0002123590   0.0002788225   0.0003294434
       -0.0009039570  -0.0002546600  -0.0002985857   0.0004149788   0.0003750528
        0.0002818956   0.0002406201  -0.0000233710   0.0000098945  -0.0935018005
        0.0782528364   0.1208850619  -0.0057569893   0.0048257325   0.0052495337
       -0.0004990537   0.0014230450   0.0021578272  -0.0010247763  -0.0005779318
       -0.0071896747  -0.0003408252   0.0005986380  -0.0002285587   0.0000760377
        0.0000413788  -0.0000928325  -0.0000415937  -0.0000361556   0.0003750744
        0.0000378513   0.0000163877  -0.0001329363   0.0002922674   0.0000734847
        0.0003249741   0.0000469417   0.0000014023  -0.0000254202  -0.0000577229
        0.0000286058   0.0001415451  -0.0000208528   0.0000062113  -0.0000412928
       -0.0445207080  -0.0066401052   0.0029381636  -0.0000974197   0.0056988928
       -0.0028202710   0.0002293376   0.0000229437  -0.0012704919   0.0003438700
        0.0010450871  -0.0006016603   0.0002190868  -0.0001495390   0.0002116439
       -0.0005460242   0.0000364497  -0.0002575235   0.0001318335   0.0000439659
        0.0001482317   0.0000356763  -0.0000715880   0.0000291680  -0.0001497604
        0.0226220384  -0.0057569893   0.0478396020   0.0082191303  -0.0020598690
       -0.0036342224  -0.0303933230   0.0094922458   0.0000910194  -0.0002700056
        0.0004609190  -0.0000083441  -0.0000985323   0.0000493187   0.0000134623
        0.0000332342  -0.0000703014   0.0002280156   0.0003273741  -0.0002203376
       -0.0002276156  -0.0003331357  -0.0003890188   0.0000054399  -0.0000959493
        0.0001379312  -0.0000088913  -0.0000035605  -0.0000164401   0.0000206661
        0.0000373802  -0.0000149625   0.0000349763  -0.0000307578   0.0000102436
       -0.0066752349  -0.2565112802   0.0765612336   0.0002836853  -0.0029334048
        0.0033863044   0.0000769419   0.0008528928   0.0015477017  -0.0002103849
        0.0006924130  -0.0005299549   0.0007940412   0.0000924889  -0.0002325984
       -0.0002708589  -0.0003010039   0.0000890573  -0.0000169000   0.0000577628
        0.0000304581   0.0000323123   0.0000572773  -0.0000455023   0.0015051846
       -0.0226490496   0.0048257325   0.0082191303   0.2956944384  -0.0899402374
       -0.0034558584  -0.0159484385   0.0044757921  -0.0002306385   0.0004520233
       -0.0001608331  -0.0002226569   0.0002853019  -0.0000961671   0.0001899262
        0.0001222304  -0.0001525445   0.0000271777  -0.0002608611   0.0003439033
        0.0001908737   0.0002706168   0.0000263768  -0.0001730853   0.0000720245
       -0.0001111147   0.0000105346   0.0000148405  -0.0000041887  -0.0000272966
       -0.0000637978   0.0000022689  -0.0000468933   0.0000035253  -0.0000156877
        0.0031118351   0.0758938906  -0.0695706376  -0.0003776566   0.0286607460
       -0.0145709321  -0.0015700725   0.0002553430  -0.0062482345   0.0004139852
        0.0007133749   0.0006447089   0.0001233242  -0.0002492290   0.0000703157
       -0.0001885326   0.0001134203  -0.0001004317   0.0001233442   0.0000394540
        0.0000277778   0.0000677531  -0.0000576537   0.0000121342  -0.0000112796
       -0.0144095474   0.0052495337  -0.0020598690  -0.0899402374   0.0831941814
        0.0004693440  -0.0023649977   0.0018848127   0.0001939525   0.0005054881
        0.0004885116   0.0000270302  -0.0001796915  -0.0000840765  -0.0000829503
       -0.0002405607  -0.0000201164  -0.0000458808   0.0017275681  -0.0010225302
       -0.0005504418  -0.0003958630  -0.0001179853   0.0003329460  -0.0000674017
        0.0001629290   0.0000131053  -0.0000094914  -0.0000005456  -0.0000120947
        0.0000090351   0.0000111110   0.0000221581  -0.0000036467  -0.0000105258
       -0.2482817114  -0.0831106200  -0.0304206774  -0.0089264328  -0.0034921362
       -0.0041226914   0.0005208924  -0.0000336079   0.0007334221  -0.0000377242
       -0.0001418159  -0.0025402413  -0.0002014483  -0.0000033881  -0.0003210606
        0.0008752735   0.0000322523   0.0001867142  -0.0002967592  -0.0001429097
       -0.0001361315  -0.0001539028   0.0001167227   0.0000064915  -0.0259516218
       -0.0074556758  -0.0004990537  -0.0036342224  -0.0034558584   0.0004693440
        0.2858152160   0.0974922210   0.0365792796   0.0005093275  -0.0000524213
        0.0003538985  -0.0003456388   0.0000363575  -0.0000199132   0.0004142509
        0.0002810197  -0.0003017777   0.0000717646  -0.0000185681   0.0002396847
        0.0001204638   0.0002260145   0.0000165064  -0.0005802409  -0.0001934403
       -0.0001985265   0.0000291311  -0.0000086349   0.0000017163   0.0000501037
       -0.0000666613  -0.0000245977   0.0000032788  -0.0000088498  -0.0000023861
       -0.0830855395  -0.0776301119  -0.0126080195  -0.0012275094  -0.0004055997
       -0.0010116029   0.0007453247   0.0004700291   0.0006555779  -0.0001986560
        0.0004320324  -0.0006250509  -0.0001106886  -0.0001215595  -0.0000376095
        0.0003466107   0.0000783379   0.0001199928  -0.0000536423  -0.0000713865
       -0.0000859849  -0.0000198514   0.0000250588   0.0000148716   0.0168183352
        0.0063034211   0.0014230450  -0.0303933230  -0.0159484385  -0.0023649977
        0.0974922210   0.0870730752   0.0143760810  -0.0002595709  -0.0001749832
       -0.0001817000   0.0000788350  -0.0000740153  -0.0000509049  -0.0000557512
       -0.0000532189   0.0004645983  -0.0000407086  -0.0001374806  -0.0000247181
        0.0001165778   0.0001138013   0.0000548896  -0.0001412224   0.0001080409
       -0.0001309208   0.0000037660  -0.0000009172   0.0000093279  -0.0000212862
        0.0000036734   0.0000053701   0.0000060790   0.0000102412  -0.0000022451
       -0.0297441362  -0.0123359615  -0.0462695713  -0.0280861872  -0.0106640354
       -0.0077158933  -0.0003982259  -0.0007597527   0.0006982035  -0.0019795643
       -0.0000006840  -0.0062534698   0.0005858991  -0.0000650794   0.0001492504
       -0.0000597573  -0.0000762128  -0.0001281040  -0.0000018110   0.0000767854
        0.0000613430   0.0000007527  -0.0000007984   0.0000419853   0.0150922893
        0.0052088362   0.0021578272   0.0094922458   0.0044757921   0.0018848127
        0.0365792796   0.0143760810   0.0556800010  -0.0003805444  -0.0001742355
        0.0006863367   0.0000863083   0.0000461612  -0.0000757809   0.0001539621
        0.0005576112  -0.0004307216   0.0001002346  -0.0001417685   0.0001772491
        0.0001739902   0.0001484817  -0.0001476006  -0.0016126123  -0.0006791950
       -0.0005272440   0.0000065051  -0.0000065090   0.0000002531  -0.0000242588
        0.0000231620   0.0000162664   0.0000156302  -0.0000086786  -0.0000051427
        0.0036712146  -0.0021739356  -0.0020193040  -0.1392982843   0.0839760613
        0.0718662573   0.0004531687   0.0016976122   0.0001187957  -0.0225514558
        0.0142505669   0.0130292458  -0.0077771843  -0.0027021249  -0.0010133934
       -0.0002324463   0.0015677432   0.0014335523   0.0000518604  -0.0004012890
       -0.0003176721  -0.0006869081   0.0000032966  -0.0000474042   0.0006969756
       -0.0001557370  -0.0010247763   0.0000910194  -0.0002306385   0.0001939525
        0.0005093275  -0.0002595709  -0.0003805444   0.1636436136  -0.0962640019
       -0.0818853884   0.0008145925   0.0002299812  -0.0001960817   0.0004864552
       -0.0005089749  -0.0001349551  -0.0000738487   0.0001027741  -0.0001821040
        0.0001648347   0.0003175324   0.0004289913   0.0000577701   0.0005721322
        0.0001640725  -0.0000741897   0.0000565481   0.0000354423   0.0000499099
       -0.0000733724  -0.0000960214   0.0000035747  -0.0000046031   0.0000273356
        0.0011227559  -0.0000537052  -0.0019325611   0.0848490005  -0.1150357228
       -0.0636013248   0.0190417684  -0.0231079712  -0.0111974295  -0.0057831546
        0.0043945765   0.0034329246  -0.0019833768   0.0002158697   0.0000179761
       -0.0007463288   0.0001026882   0.0001252041   0.0000674004   0.0000564281
        0.0000849427  -0.0001378269   0.0000137298  -0.0000091892  -0.0001376007
        0.0006135132  -0.0005779318  -0.0002700056   0.0004520233   0.0005054881
       -0.0000524213  -0.0001749832  -0.0001742355  -0.0962640019   0.1376406409
        0.0714323030   0.0001023581  -0.0067446727   0.0022329283   0.0002411277
        0.0004487139  -0.0004810736   0.0002301688   0.0006386820  -0.0002888168
       -0.0003361234   0.0004020397   0.0001583369   0.0001474442   0.0001422411
        0.0002674916  -0.0000286153   0.0000347731   0.0000080742  -0.0000223873
       -0.0000300433   0.0000035239  -0.0000401812  -0.0000088212  -0.0000066313
        0.0181994487  -0.0170096756  -0.0217387577   0.0724948184  -0.0635017586
       -0.0941151226  -0.0055859952   0.0065308106   0.0045380187  -0.0010988091
        0.0008165501   0.0013156590  -0.0004223750   0.0000942671   0.0007473242
       -0.0004105820  -0.0001126958  -0.0000544040   0.0000350225   0.0001039597
        0.0000345619  -0.0000063183   0.0000033410   0.0000132301  -0.0012165692
       -0.0004644043  -0.0071896747   0.0004609190  -0.0001608331   0.0004885116
        0.0003538985  -0.0001817000   0.0006863367  -0.0818853884   0.0714323030
        0.1144875782  -0.0001027028   0.0020994174   0.0000368526  -0.0001996797
       -0.0003481701   0.0000898840  -0.0003896633   0.0003827816   0.0004536028
        0.0002397749   0.0001447275  -0.0000910447  -0.0003962707   0.0001552798
        0.0003056959  -0.0000129759   0.0000040496  -0.0000025450  -0.0000426022
        0.0000093872  -0.0000120128  -0.0000139502   0.0000023629   0.0000063058
        0.0002195172  -0.0002759414   0.0000065670   0.0003057426   0.0027714703
       -0.0006019594  -0.1527454304   0.0934824447   0.0760849777   0.0003411194
       -0.0003801896   0.0000432378   0.0002831042  -0.0005349445  -0.0000856945
       -0.0006498093  -0.0005640075  -0.0002039920   0.0001282157   0.0002848920
        0.0001275935  -0.0000323794  -0.0000236484  -0.0000070338   0.0003090956
        0.0001301197  -0.0003408252  -0.0000083441  -0.0002226569   0.0000270302
       -0.0003456388   0.0000788350   0.0000863083   0.0008145925   0.0001023581
       -0.0001027028   0.1742221986  -0.1090263160  -0.0889826442  -0.0261526273
        0.0167419360   0.0154408942   0.0036775294  -0.0027503364  -0.0016995623
       -0.0001562541   0.0000967612   0.0001112596  -0.0000645728   0.0000600122
       -0.0000031628   0.0000293810   0.0000314727   0.0000026161  -0.0000423444
       -0.0000222984   0.0001197021  -0.0001330958   0.0000200373  -0.0000226094
       -0.0002033076   0.0010442347  -0.0008756928   0.0201981800  -0.0236739808
       -0.0122438119   0.0928226060  -0.1219432170  -0.0659469534   0.0007980456
        0.0005593406  -0.0003883657  -0.0002011226   0.0005575559  -0.0000124325
       -0.0011696697  -0.0005653952  -0.0000409079   0.0004722102   0.0003959738
        0.0003281473   0.0002621223  -0.0000057642  -0.0000637457  -0.0001440353
        0.0000377697   0.0005986380  -0.0000985323   0.0002853019  -0.0001796915
        0.0000363575  -0.0000740153   0.0000461612   0.0002299812  -0.0067446727
        0.0020994174  -0.1090263160   0.1442395536   0.0757242924  -0.0062896777
        0.0063861493   0.0043593719   0.0020007173  -0.0008717851  -0.0032985666
        0.0002389729   0.0003984035  -0.0001350160   0.0000854488  -0.0001373829
       -0.0000127522   0.0000560501  -0.0000039816  -0.0000371499  -0.0000489626
        0.0000662388   0.0000958508  -0.0000190681   0.0000496731  -0.0000167928
       -0.0005710199   0.0008738961   0.0009508961  -0.0066956733   0.0048992890
        0.0048875081   0.0761886841  -0.0663526486  -0.0981988003   0.0001566755
       -0.0005997014   0.0003072059  -0.0001908020   0.0004998332  -0.0002676472
        0.0000000149  -0.0000908692   0.0003434105  -0.0000062648  -0.0000655539
       -0.0001228453   0.0000408689   0.0000748786   0.0000042723   0.0001201442
        0.0001885430  -0.0002285587   0.0000493187  -0.0000961671  -0.0000840765
       -0.0000199132  -0.0000509049  -0.0000757809  -0.0001960817   0.0022329283
        0.0000368526  -0.0889826442   0.0757242924   0.1109882983  -0.0022573827
        0.0020630042   0.0022506198   0.0222364439  -0.0192185266  -0.0203650111
        0.0000203261  -0.0000007588  -0.0001529178   0.0000808228  -0.0001073999
       -0.0002165728   0.0000050272  -0.0000106497  -0.0000481332   0.0000986044
        0.0000246678  -0.0000328160  -0.0000771490   0.0000118476   0.0000240960
        0.0005548012   0.0007655836  -0.0001867069  -0.0037386051  -0.0037074252
        0.0000807251  -0.2491075279  -0.0818501147  -0.0325275897   0.0005158293
       -0.0013843292   0.0003514508  -0.0002688687  -0.0003221866   0.0000828750
        0.0008864461   0.0002329899  -0.0000359951  -0.0002644924  -0.0001596458
       -0.0000903620  -0.0001483201   0.0000391167   0.0000689781  -0.0003291834
       -0.0000485085   0.0000760377   0.0000134623   0.0001899262  -0.0000829503
        0.0004142509  -0.0000557512   0.0001539621   0.0004864552   0.0002411277
       -0.0001996797  -0.0261526273  -0.0062896777  -0.0022573827   0.2865995660
        0.0957327739   0.0385020716  -0.0093587573  -0.0032807615  -0.0040984395
       -0.0003056994  -0.0001787451   0.0000372034   0.0001205934   0.0001302101
        0.0001618854   0.0000036946  -0.0000099444   0.0000103364   0.0000140875
       -0.0000141676  -0.0000491171   0.0000648951  -0.0000304708   0.0000026974
       -0.0002800379   0.0007019859  -0.0008188210  -0.0269387130  -0.0143690249
       -0.0024489330  -0.0812005514  -0.0743298952  -0.0136711197  -0.0007904758
       -0.0060504896   0.0025021424   0.0005037136   0.0001664119  -0.0002476257
        0.0001385891  -0.0001068584   0.0000030890  -0.0000347203  -0.0000030307
        0.0000190029  -0.0000285687   0.0000640538   0.0000011542   0.0000807905
       -0.0000682304   0.0000413788   0.0000332342   0.0001222304  -0.0002405607
        0.0002810197  -0.0000532189   0.0005576112  -0.0005089749   0.0004487139
       -0.0003481701   0.0167419360   0.0063861493   0.0020630042   0.0957327739
        0.0879927598   0.0141062866  -0.0024065646   0.0000783277  -0.0015873293
       -0.0015950418  -0.0009741151  -0.0001183691   0.0002619585  -0.0000087153
        0.0001903317   0.0000250946  -0.0000013466  -0.0000120446   0.0000003077
       -0.0000065371   0.0000238817  -0.0000157696   0.0000108296  -0.0000149094
        0.0007542633   0.0005693037   0.0004306405   0.0092988740   0.0044688828
        0.0010793894  -0.0327115388  -0.0138296416  -0.0486940347   0.0001912216
        0.0019310912  -0.0002887866  -0.0002753107  -0.0000596902  -0.0000964709
        0.0002057857   0.0001326544   0.0000602556  -0.0000156521  -0.0000939675
       -0.0000518863   0.0000071994   0.0000120091   0.0000055894   0.0000939188
       -0.0000378633  -0.0000928325  -0.0000703014  -0.0001525445  -0.0000201164
       -0.0003017777   0.0004645983  -0.0004307216  -0.0001349551  -0.0004810736
        0.0000898840   0.0154408942   0.0043593719   0.0022506198   0.0385020716
        0.0141062866   0.0539772154  -0.0315020209  -0.0117696253  -0.0084411104
        0.0005158893   0.0002674889   0.0002170259   0.0000178128   0.0000992922
       -0.0000159450  -0.0000075657   0.0000032182   0.0000071617  -0.0000019497
        0.0000043937   0.0000258477  -0.0000068587   0.0000058150  -0.0000117248
        0.0005007635   0.0000927163  -0.0000066283   0.0000313017   0.0002206731
        0.0002979522  -0.0540182265  -0.0004167289  -0.0466676050   0.0004889500
       -0.0003562320   0.0011019488   0.0002177775   0.0000958697  -0.0000980841
       -0.0004573706  -0.0001788693   0.0001147139   0.0000925100   0.0001195439
       -0.0000579815   0.0000267365  -0.0000023643  -0.0000213399  -0.0000492145
        0.0000321272  -0.0000415937   0.0002280156   0.0000271777  -0.0000458808
        0.0000717646  -0.0000407086   0.0001002346  -0.0000738487   0.0002301688
       -0.0003896633   0.0036775294   0.0020007173   0.0222364439  -0.0093587573
       -0.0024065646  -0.0315020209   0.0587745342   0.0009373689   0.0551689384
       -0.0000943644   0.0000556227  -0.0000834105  -0.0000710353  -0.0004127706
       -0.0000713641   0.0000168836  -0.0000049082  -0.0000283365   0.0000217651
       -0.0000016408  -0.0000314416  -0.0000257147   0.0000088018   0.0000251185
       -0.0003898018  -0.0050449278   0.0024925079   0.0050797322  -0.0028014357
        0.0287086393  -0.0003899284  -0.0423823270  -0.0041685125   0.0004027793
        0.0007244312   0.0007798161   0.0004138208  -0.0000081620  -0.0002517059
       -0.0003826732  -0.0000856120   0.0000270142   0.0001409720   0.0000628299
        0.0000499912   0.0000793171  -0.0000267894  -0.0000452109  -0.0000403727
       -0.0001325109  -0.0000361556   0.0003273741  -0.0002608611   0.0017275681
       -0.0000185681  -0.0001374806  -0.0001417685   0.0001027741   0.0006386820
        0.0003827816  -0.0027503364  -0.0008717851  -0.0192185266  -0.0032807615
        0.0000783277  -0.0117696253   0.0009373689   0.0504230300   0.0017711039
        0.0002214657   0.0001308853  -0.0001355250  -0.0004717135  -0.0002939809
       -0.0001570009   0.0000155809  -0.0000069672  -0.0000042818  -0.0000059336
       -0.0000107863   0.0000075856   0.0000089043   0.0000054399  -0.0000186948
       -0.0000108847   0.0037328396  -0.0006227284  -0.0025821744   0.0033478460
       -0.0148368049  -0.0468812667  -0.0035155994  -0.2737648690  -0.0002301888
       -0.0005328683   0.0004832881   0.0006385485  -0.0002017435   0.0001437842
       -0.0000703028   0.0001164047  -0.0003855808  -0.0000636403   0.0000197057
        0.0000730041  -0.0000019949  -0.0000306175   0.0000627817  -0.0001562632
        0.0000263995   0.0003750744  -0.0002203376   0.0003439033  -0.0010225302
        0.0002396847  -0.0000247181   0.0001772491  -0.0001821040  -0.0002888168
        0.0004536028  -0.0016995623  -0.0032985666  -0.0203650111  -0.0040984395
       -0.0015873293  -0.0084411104   0.0551689384   0.0017711039   0.3171620650
       -0.0002146497  -0.0001548718   0.0002089327   0.0004128778   0.0003048291
        0.0002975191  -0.0000323282   0.0000043863   0.0000193786  -0.0000455776
       -0.0000046749  -0.0000122302   0.0000296653  -0.0000276118  -0.0000058147
        0.0007379561  -0.0002475859   0.0008847524  -0.0041149551  -0.0248471025
        0.0084773194  -0.0048650970  -0.0025147364  -0.0011344112  -0.0402361163
       -0.0161507014   0.0048353144  -0.0082668470   0.0280118186  -0.0025918171
        0.0016765146   0.0037793305   0.0013074247   0.0008094528  -0.0014269645
       -0.0007744452  -0.0003701813  -0.0005889558   0.0007277791  -0.0000601889
        0.0001106604   0.0000378513  -0.0002276156   0.0001908737  -0.0005504418
        0.0001204638   0.0001165778   0.0001739902   0.0001648347  -0.0003361234
        0.0002397749  -0.0001562541   0.0002389729   0.0000203261  -0.0003056994
       -0.0015950418   0.0005158893  -0.0000943644   0.0002214657  -0.0002146497
        0.0530860778   0.0087853394  -0.0074383655   0.0020034145   0.0064841003
       -0.0044317196  -0.0001193123   0.0000128031   0.0000720845   0.0000362193
       -0.0000625554  -0.0001010152   0.0001816976  -0.0001821754  -0.0000556410
        0.0009128474   0.0006934715   0.0002941930  -0.0040920145  -0.0139624037
        0.0054384693  -0.0035280537  -0.0006043831  -0.0004282691  -0.0157234124
       -0.2288540125   0.0768481489   0.0162102738  -0.0289434774  -0.0031996716
       -0.0028232632  -0.0013401732  -0.0009484498   0.0001966712   0.0006386165
        0.0012765600   0.0003467965   0.0002434321  -0.0004714441   0.0000403237
       -0.0002355136   0.0000163877  -0.0003331357   0.0002706168  -0.0003958630
        0.0002260145   0.0001138013   0.0001484817   0.0003175324   0.0004020397
        0.0001447275   0.0000967612   0.0003984035  -0.0000007588  -0.0001787451
       -0.0009741151   0.0002674889   0.0000556227   0.0001308853  -0.0001548718
        0.0087853394   0.2756428678  -0.0839149545  -0.0002912241  -0.0038203155
        0.0050171331   0.0000342726   0.0000488132  -0.0000481579  -0.0000543794
        0.0000212356   0.0001032003  -0.0001982274   0.0001302108   0.0000076504
       -0.0004908940  -0.0009735218   0.0005815896  -0.0001016726  -0.0029466381
        0.0016146403  -0.0002905499  -0.0002250665   0.0005390237   0.0022787842
        0.0779090372  -0.0732123689   0.0040538570  -0.0192742435   0.0043711971
        0.0003729999   0.0004109579   0.0015430498   0.0004905235  -0.0006916797
       -0.0004898685   0.0002350341   0.0001916885  -0.0004563286   0.0000579705
       -0.0000827627  -0.0001329363  -0.0003890188   0.0000263768  -0.0001179853
        0.0000165064   0.0000548896  -0.0001476006   0.0004289913   0.0001583369
       -0.0000910447   0.0001112596  -0.0001350160  -0.0001529178   0.0000372034
       -0.0001183691   0.0002170259  -0.0000834105  -0.0001355250   0.0002089327
       -0.0074383655  -0.0839149545   0.0823809547   0.0007364222   0.0297337605
       -0.0166251681   0.0000338816  -0.0000223650  -0.0000220592   0.0000049307
       -0.0000273963   0.0000040082  -0.0000644528   0.0000624908  -0.0000121439
       -0.0050271448  -0.0025988372  -0.0010454589  -0.0088116573  -0.0012755249
       -0.0255550013   0.0007415508   0.0008260937  -0.0004065068  -0.0519754551
        0.0005089586  -0.0541150263  -0.0032939002   0.0047715120   0.0267168633
        0.0016007005   0.0018768001   0.0033950509   0.0003167583  -0.0007203889
       -0.0010874812  -0.0001960804   0.0005544884  -0.0006644330  -0.0001273327
        0.0001288670   0.0002922674   0.0000054399  -0.0001730853   0.0003329460
       -0.0005802409  -0.0001412224  -0.0016126123   0.0000577701   0.0001474442
       -0.0003962707  -0.0000645728   0.0000854488   0.0000808228   0.0001205934
        0.0002619585   0.0000178128  -0.0000710353  -0.0004717135   0.0004128778
        0.0020034145  -0.0002912241   0.0007364222   0.0653085897  -0.0033908738
        0.0531124297   0.0001025502  -0.0000855735  -0.0000884418   0.0000206900
       -0.0001147356  -0.0001984153  -0.0001306380   0.0001016078   0.0000721547
       -0.0021132414  -0.0002837965  -0.0003966501  -0.0038197763   0.0001700329
       -0.0108305582  -0.0002601560   0.0004296186  -0.0008688479  -0.0015733677
       -0.0425679218   0.0063600498   0.0044998319  -0.0052726406  -0.0258379597
       -0.0002724220   0.0018283744   0.0001415379   0.0000906294  -0.0008160532
       -0.0002100211   0.0001497629  -0.0004739794   0.0001331516   0.0001403800
       -0.0000929474   0.0000734847  -0.0000959493   0.0000720245  -0.0000674017
       -0.0001934403   0.0001080409  -0.0006791950   0.0005721322   0.0001422411
        0.0001552798   0.0000600122  -0.0001373829  -0.0001073999   0.0001302101
       -0.0000087153   0.0000992922  -0.0004127706  -0.0002939809   0.0003048291
        0.0064841003  -0.0038203155   0.0297337605  -0.0033908738   0.0509776904
        0.0019082294  -0.0000837534   0.0000413490   0.0000805982   0.0000166756
        0.0000185809   0.0000602637   0.0000720161  -0.0000202190  -0.0000524433
       -0.0021828839  -0.0006255002   0.0004755166  -0.0042905141  -0.0001931165
       -0.0074316895   0.0009799261   0.0003668602   0.0007898202  -0.0523290537
        0.0046056781  -0.2484171050   0.0116652814  -0.0110624699  -0.0256374582
       -0.0029137425  -0.0018699398  -0.0008315046   0.0000769327   0.0017675722
        0.0007386417   0.0001160490  -0.0003677005   0.0002586224   0.0001142482
        0.0001824679   0.0003249741   0.0001379312  -0.0001111147   0.0001629290
       -0.0001985265  -0.0001309208  -0.0005272440   0.0001640725   0.0002674916
        0.0003056959  -0.0000031628  -0.0000127522  -0.0002165728   0.0001618854
        0.0001903317  -0.0000159450  -0.0000713641  -0.0001570009   0.0002975191
       -0.0044317196   0.0050171331  -0.0166251681   0.0531124297   0.0019082294
        0.2961651126  -0.0001038528   0.0000908973   0.0000506338  -0.0000395772
        0.0001312962   0.0001247313   0.0000356411   0.0000025578   0.0000084905
       -0.0000070582   0.0000072677  -0.0000154164  -0.0001708585   0.0001499037
        0.0001108665   0.0000039452  -0.0000129529  -0.0000101723  -0.0010113283
        0.0001334763  -0.0005128805  -0.0034343681   0.0029758673   0.0027454647
       -0.0202729143  -0.0062698300   0.0092652176   0.0010702135  -0.0014770221
       -0.0026245917  -0.2073175316  -0.1060121788   0.0566777273   0.0000219098
       -0.0000257776   0.0000469417  -0.0000088913   0.0000105346   0.0000131053
        0.0000291311   0.0000037660   0.0000065051  -0.0000741897  -0.0000286153
       -0.0000129759   0.0000293810   0.0000560501   0.0000050272   0.0000036946
        0.0000250946  -0.0000075657   0.0000168836   0.0000155809  -0.0000323282
       -0.0001193123   0.0000342726   0.0000338816   0.0001025502  -0.0000837534
       -0.0001038528   0.2392684776   0.1185556925  -0.0668705990  -0.0139113294
       -0.0095785879   0.0024170757   0.0057815949   0.0015212118  -0.0011314303
        0.0000190201  -0.0000005079   0.0000090727   0.0001963476  -0.0001230265
       -0.0000777749   0.0000198680   0.0000015083  -0.0000100056   0.0013594205
       -0.0003768741   0.0001708438   0.0032420099  -0.0018299020  -0.0016811747
        0.0129110012   0.0087479414  -0.0058623598   0.0003148763   0.0007199417
        0.0018203430  -0.1060359668  -0.1040935781   0.0328760444   0.0000155190
       -0.0000174881   0.0000014023  -0.0000035605   0.0000148405  -0.0000094914
       -0.0000086349  -0.0000009172  -0.0000065090   0.0000565481   0.0000347731
        0.0000040496   0.0000314727  -0.0000039816  -0.0000106497  -0.0000099444
       -0.0000013466   0.0000032182  -0.0000049082  -0.0000069672   0.0000043863
        0.0000128031   0.0000488132  -0.0000223650  -0.0000855735   0.0000413490
        0.0000908973   0.1185556925   0.1179544953  -0.0395835054  -0.0108766548
       -0.0065602455   0.0023661118  -0.0197093359  -0.0145488278   0.0099174661
        0.0000031435   0.0000184926   0.0000079131   0.0000646358  -0.0000893010
       -0.0000527824   0.0000173198   0.0000308064   0.0000218392   0.0004017074
       -0.0000819150   0.0006578102   0.0033962788  -0.0017415079  -0.0008422258
        0.0118898661   0.0092701645  -0.0037178387  -0.0012338870  -0.0003315194
        0.0006405078   0.0565072502   0.0318355305  -0.0626515888   0.0000378490
       -0.0000305582  -0.0000254202  -0.0000164401  -0.0000041887  -0.0000005456
        0.0000017163   0.0000093279   0.0000002531   0.0000354423   0.0000080742
       -0.0000025450   0.0000026161  -0.0000371499  -0.0000481332   0.0000103364
       -0.0000120446   0.0000071617  -0.0000283365  -0.0000042818   0.0000193786
        0.0000720845  -0.0000481579  -0.0000220592  -0.0000884418   0.0000805982
        0.0000506338  -0.0668705990  -0.0395835054   0.0662569440  -0.0199080411
       -0.0123102749   0.0062215355   0.0157054994   0.0130214103  -0.0065208380
       -0.0000494339   0.0000716266   0.0000478370  -0.0000185227  -0.0000171754
        0.0000253163  -0.0000490640   0.0000015366   0.0000053482  -0.0000934019
        0.0002476934   0.0002918550   0.0001359466   0.0006739674  -0.0003673499
        0.0099181475   0.0028950741   0.0116525785  -0.0016569994   0.0055090712
        0.0034842046  -0.1017926828  -0.0478579507  -0.0953147494  -0.0001398957
       -0.0000014748  -0.0000577229   0.0000206661  -0.0000272966  -0.0000120947
        0.0000501037  -0.0000212862  -0.0000242588   0.0000499099  -0.0000223873
       -0.0000426022  -0.0000423444  -0.0000489626   0.0000986044   0.0000140875
        0.0000003077  -0.0000019497   0.0000217651  -0.0000059336  -0.0000455776
        0.0000362193  -0.0000543794   0.0000049307   0.0000206900   0.0000166756
       -0.0000395772  -0.0139113294  -0.0108766548  -0.0199080411   0.1116513331
        0.0520835376   0.1094163705  -0.0041651947  -0.0025659888  -0.0092131215
       -0.0000436772  -0.0000484805   0.0000052077  -0.0000209510   0.0000760214
        0.0000137206  -0.0000445407   0.0000014238   0.0000267709  -0.0001853214
        0.0000479613   0.0001300574  -0.0013732589  -0.0003846814   0.0008217410
       -0.0065906350  -0.0092901631  -0.0171017050   0.0031711140  -0.0044267667
       -0.0040845892  -0.0477019366  -0.0751337657  -0.0753871166   0.0001061021
        0.0001426262   0.0000286058   0.0000373802  -0.0000637978   0.0000090351
       -0.0000666613   0.0000036734   0.0000231620  -0.0000733724  -0.0000300433
        0.0000093872  -0.0000222984   0.0000662388   0.0000246678  -0.0000141676
       -0.0000065371   0.0000043937  -0.0000016408  -0.0000107863  -0.0000046749
       -0.0000625554   0.0000212356  -0.0000273963  -0.0001147356   0.0000185809
        0.0001312962  -0.0095785879  -0.0065602455  -0.0123102749   0.0520835376
        0.0874676377   0.0892990205   0.0104962064   0.0081098681   0.0183886909
       -0.0000203394   0.0000118696  -0.0000024137  -0.0000677234  -0.0000122277
        0.0000250892  -0.0000017969  -0.0000328031  -0.0000290724  -0.0003075444
        0.0001491668   0.0003949835   0.0006672762   0.0006598709   0.0006395613
       -0.0082415329  -0.0070764144  -0.0141698508   0.0024147887  -0.0048192848
       -0.0021740934  -0.0939486405  -0.0757063862  -0.1990997593   0.0000608236
       -0.0000024303   0.0001415451  -0.0000149625   0.0000022689   0.0000111110
       -0.0000245977   0.0000053701   0.0000162664  -0.0000960214   0.0000035239
       -0.0000120128   0.0001197021   0.0000958508  -0.0000328160  -0.0000491171
        0.0000238817   0.0000258477  -0.0000314416   0.0000075856  -0.0000122302
       -0.0001010152   0.0001032003   0.0000040082  -0.0001984153   0.0000602637
        0.0001247313   0.0024170757   0.0023661118   0.0062215355   0.1094163705
        0.0892990205   0.2267567123  -0.0119928883  -0.0051384381  -0.0188291428
       -0.0000157971  -0.0000232525  -0.0000040171  -0.0000832147   0.0000839412
        0.0000562260   0.0000037031   0.0000060008   0.0000556567  -0.0007245024
       -0.0004294164   0.0010157235  -0.0019648092   0.0000038839   0.0014643561
       -0.0060705612   0.0182273779  -0.0093315418  -0.0006492578  -0.0012017851
        0.0002161092  -0.0549520663   0.0505745006  -0.0443275077   0.0000129874
        0.0000526310  -0.0000208528   0.0000349763  -0.0000468933   0.0000221581
        0.0000032788   0.0000060790   0.0000156302   0.0000035747  -0.0000401812
       -0.0000139502  -0.0001330958  -0.0000190681  -0.0000771490   0.0000648951
       -0.0000157696  -0.0000068587  -0.0000257147   0.0000089043   0.0000296653
        0.0001816976  -0.0001982274  -0.0000644528  -0.0001306380   0.0000720161
        0.0000356411   0.0057815949  -0.0197093359   0.0157054994  -0.0041651947
        0.0104962064  -0.0119928883   0.0628281441  -0.0578476118   0.0472225525
       -0.0000168736   0.0000111049   0.0000016753   0.0000316959  -0.0000406818
       -0.0000564391  -0.0000272571  -0.0000054044   0.0000008747   0.0002589829
        0.0005589645  -0.0004175259   0.0005469419  -0.0005792727  -0.0007988575
        0.0091395544  -0.0192865412   0.0100120823   0.0003247507   0.0011151330
       -0.0024127657   0.0487390301  -0.1735806314   0.1151360648   0.0000219737
       -0.0000244240   0.0000062113  -0.0000307578   0.0000035253  -0.0000036467
       -0.0000088498   0.0000102412  -0.0000086786  -0.0000046031  -0.0000088212
        0.0000023629   0.0000200373   0.0000496731   0.0000118476  -0.0000304708
        0.0000108296   0.0000058150   0.0000088018   0.0000054399  -0.0000276118
       -0.0001821754   0.0001302108   0.0000624908   0.0001016078  -0.0000202190
        0.0000025578   0.0015212118  -0.0145488278   0.0130214103  -0.0025659888
        0.0081098681  -0.0051384381  -0.0578476118   0.1980898331  -0.1293994293
       -0.0000071112   0.0000107711   0.0000109995   0.0000708809   0.0000051580
       -0.0000387731   0.0000008791   0.0000287197   0.0000092247   0.0005055633
        0.0002207337  -0.0005987376   0.0006873059  -0.0001465575  -0.0002566010
        0.0023038878  -0.0087330214   0.0101677670   0.0002414688  -0.0003888515
       -0.0024196790  -0.0407604478   0.1102012902  -0.1309392793   0.0000226595
        0.0000147837  -0.0000412928   0.0000102436  -0.0000156877  -0.0000105258
       -0.0000023861  -0.0000022451  -0.0000051427   0.0000273356  -0.0000066313
        0.0000063058  -0.0000226094  -0.0000167928   0.0000240960   0.0000026974
       -0.0000149094  -0.0000117248   0.0000251185  -0.0000186948  -0.0000058147
       -0.0000556410   0.0000076504  -0.0000121439   0.0000721547  -0.0000524433
        0.0000084905  -0.0011314303   0.0099174661  -0.0065208380  -0.0092131215
        0.0183886909  -0.0188291428   0.0472225525  -0.1293994293   0.1494628122
