           1           2   1.01002577417232     
           2           3   1.00813573602360     
           2           4  0.994633900328792     
           4           5   1.00855690098446     
           5           6  0.983403056335909     
           6           7  0.999385302675380     
           6           8  0.999349421802219     
           6           9  0.996669884737507     
           1          10  0.983693414230179     
           1          11  0.986519386620012     
           1          12  0.986318397680630     
           2          13  0.969030614763080     
           3          14  0.986653477442330     
           3          15  0.987053482675326     
           3          16  0.986369196513240     
           4          17  0.974181536376634     
           4          18  0.973581693285305     
           5          19  0.972572014774922     
           5          20  0.975494027953802     
           7          21  0.983452216639232     
           7          22  0.985592176225361     
           7          23  0.986023832863582     
           8          24  0.985429926512100     
           8          25  0.983546015748468     
           8          26  0.986122948989661     
           9          27  0.985426877620228     
           9          28  0.986116504306779     
           9          29  0.986085899198028     
