           1           2   1.00159416857192     
           2           3  0.997298001126368     
           2           4  0.958184920448495     
           4           5  0.958177067914640     
           5           6   1.00159393021893     
           5           7  0.997301202624454     
           1           8  0.984775770583248     
           1           9  0.981389476619350     
           1          10  0.983739892431050     
           2          11  0.960971884193419     
           3          12  0.985293920461423     
           3          13  0.986026811294794     
           3          14  0.983062324416668     
           5          15  0.960972380852152     
           6          16  0.981391864767625     
           6          17  0.983740797371858     
           6          18  0.984775585404999     
           7          19  0.983059604406743     
           7          20  0.985292137490020     
           7          21  0.986026305607749     
