$hessian                                                                        
        0.5172504393  -0.0009747233   0.0314286169  -0.0713816770  -0.0098772669
        0.0351251791   0.0006429058  -0.0014035872   0.0033281095  -0.0072135228
       -0.0038205962   0.0230685147   0.0005666967  -0.0000132304  -0.0006192922
        0.0001965509  -0.0003632243  -0.0011478660   0.0002706668   0.0000121114
       -0.0003402961   0.0025125498   0.0048153676  -0.0284416446  -0.1295485597
       -0.0698990588  -0.0959423128  -0.0445973847   0.0161491406  -0.0023921993
       -0.2593227358   0.0642553603   0.0352030808  -0.0040115199   0.0022537592
        0.0031002024   0.0006232328  -0.0009582854  -0.0002292346   0.0000299498
       -0.0000410989   0.0000332695  -0.0001233667  -0.0000924911   0.0001195685
       -0.0004084834   0.0001333909   0.0003715305  -0.0021744487   0.0008497953
        0.0006603059  -0.0004366213  -0.0001400169   0.0002735834  -0.0000479532
        0.0000102278   0.0000754661  -0.0000252132  -0.0000036464   0.0000407839
       -0.0028015054  -0.0008919274  -0.0037153655
       -0.0009747233   0.5246878217   0.0197709966  -0.0081478749  -0.0797495083
        0.0351201673  -0.0077393422  -0.0116975874   0.0287276455   0.0023123275
        0.0028474079  -0.0094603425  -0.0000958957  -0.0001711739   0.0001775462
        0.0001524077  -0.0003686616   0.0002494871   0.0001898067  -0.0002811858
       -0.0002067774   0.0011101574   0.0059541917  -0.0084207497  -0.0697590818
       -0.0967475244  -0.0749225539   0.0172822116  -0.2824780763   0.0250516618
        0.0642696252  -0.0636608202  -0.0105135114   0.0019750074  -0.0003909704
       -0.0020698895   0.0005240913   0.0011134987  -0.0012398008   0.0000987652
        0.0001246924  -0.0000016702   0.0002046954   0.0001262570  -0.0001605475
        0.0001346436  -0.0000462832  -0.0001625304  -0.0000599196   0.0003072368
       -0.0002092313  -0.0003144864  -0.0001197208   0.0003116924   0.0000559338
        0.0001433351  -0.0001289883  -0.0000836996   0.0001187812   0.0000096478
       -0.0011346492   0.0002882894  -0.0019222517
        0.0314286169   0.0197709966   0.4707778545   0.0302457029   0.0335066707
       -0.1729939345   0.0025004900   0.0047789187  -0.0077988831   0.0070468662
        0.0010003350  -0.0131209601  -0.0001611128   0.0002717491   0.0001253518
        0.0007562627  -0.0003981794  -0.0005091364   0.0000158713   0.0000425828
       -0.0003242920  -0.0051953976   0.0029754564  -0.0348756248  -0.0971046000
       -0.0759212494  -0.1451518486  -0.0026105228   0.0250020129  -0.0459009256
        0.0359927036  -0.0106455857  -0.0475786255   0.0015719552  -0.0006763469
       -0.0005076974  -0.0008270600   0.0006721967   0.0008006579   0.0000974103
       -0.0000222399   0.0002047456  -0.0000100152  -0.0000479051   0.0000171785
        0.0000210251   0.0000069235   0.0000547792  -0.0008634468   0.0005213016
        0.0002356571  -0.0002183516  -0.0001581539   0.0003413467   0.0000596435
       -0.0000878223  -0.0000196455   0.0000003257   0.0000299063   0.0000511060
       -0.0027463666  -0.0006215677  -0.0038271038
       -0.0713816770  -0.0081478749   0.0302457029   0.4190745492   0.0075478787
       -0.0330018268  -0.0393151928  -0.0108370299   0.0046594555  -0.1220516351
        0.0451053149   0.0416178222  -0.0221628658   0.0050979812   0.0047398363
        0.0004306453   0.0003606280   0.0002502337   0.0006979145   0.0000785368
        0.0001746281  -0.1527409133  -0.0426868118  -0.0621757958   0.0030506594
        0.0030989749  -0.0170790183   0.0004485574  -0.0010502711  -0.0000472164
       -0.0112690458  -0.0068017296   0.0288779098  -0.0063710044   0.0034077460
        0.0052804464  -0.0000124258   0.0022143997  -0.0005294186  -0.0021405123
       -0.0004013890  -0.0016493899  -0.0001716244  -0.0000377124  -0.0001619146
        0.0004152999  -0.0000148842   0.0001028112   0.0002210486  -0.0000217983
       -0.0003218774  -0.0008428478  -0.0003517364  -0.0001812023  -0.0002341190
       -0.0001453252  -0.0001233585   0.0003200488   0.0005370784   0.0002609416
        0.0040351404   0.0030480241  -0.0009387690
       -0.0098772669  -0.0797495083   0.0335066707   0.0075478787   0.5043323157
       -0.0141373333  -0.0140726819  -0.2404592072   0.0160443027   0.0393321518
       -0.0950463949  -0.0208777736  -0.0028920577   0.0043391648   0.0042343174
       -0.0000889809  -0.0002568783   0.0001084895   0.0005892654  -0.0001803619
        0.0003112479  -0.0432024854  -0.0664560254  -0.0192774441   0.0026480865
        0.0024408963  -0.0128018929  -0.0076537632  -0.0127627552   0.0304504520
        0.0026741550   0.0028205569  -0.0077860182  -0.0033129985   0.0033300291
        0.0020672577   0.0253755543  -0.0218890431  -0.0123183910  -0.0026286435
        0.0002207397  -0.0003790033   0.0000804508  -0.0001659741  -0.0000752556
       -0.0003005882   0.0000881368  -0.0002133030   0.0001153585   0.0001145442
        0.0002004494  -0.0007764381   0.0001191298  -0.0008264091  -0.0006152088
       -0.0000887104   0.0003924740   0.0000363111  -0.0003174438  -0.0000101723
        0.0070219010  -0.0004332109   0.0013873354
        0.0351251791   0.0351201673  -0.1729939345  -0.0330018268  -0.0141373333
        0.4616163643   0.0045936351   0.0174476066  -0.0420054525   0.0315146486
       -0.0191504479  -0.0790444305  -0.0072233043   0.0058649134   0.0048304660
        0.0000421971  -0.0001460763  -0.0002119282   0.0001581814   0.0000704773
       -0.0000776383  -0.0368890428  -0.0109411793  -0.0968102235   0.0025864337
        0.0034500813  -0.0194861540   0.0019135597   0.0060357842  -0.0065271805
        0.0060963631   0.0013879637  -0.0100865468   0.0243496293  -0.0142502765
       -0.0181085078   0.0002151008  -0.0007248975   0.0010000283  -0.0020448563
       -0.0003386841   0.0004377415  -0.0001461857   0.0001050768   0.0000260628
        0.0000086798   0.0000607871  -0.0002571160  -0.0002750616  -0.0001226036
       -0.0003849529  -0.0004731778  -0.0002725106  -0.0000146237   0.0000494718
        0.0000108795   0.0000478624  -0.0001160434  -0.0000248893   0.0001204291
       -0.0264835807  -0.0094448388  -0.0220702650
        0.0006429058  -0.0077393422   0.0025004900  -0.0393151928  -0.0140726819
        0.0045936351   0.0609681570   0.0269530879   0.0017575025  -0.0006856618
        0.0247414222  -0.0000031997   0.0009697465   0.0002329487  -0.0000206548
       -0.0001142692  -0.0000772525  -0.0001169069  -0.0010900676  -0.0000499640
       -0.0002655283  -0.0171831558  -0.0320364792  -0.0104111227   0.0003206906
        0.0004129815  -0.0006076963   0.0001331264  -0.0003677692   0.0012989797
       -0.0001938578  -0.0002170942   0.0000552755   0.0005640096  -0.0000552941
       -0.0003426889  -0.0040152022   0.0035010042   0.0021470539   0.0001259018
       -0.0001380313  -0.0000101990   0.0000577585  -0.0001558084   0.0001091507
       -0.0000244980  -0.0000207232   0.0000328447   0.0000395968   0.0000166741
        0.0000118891  -0.0012669164  -0.0004213015  -0.0013318448  -0.0007578963
       -0.0003488082   0.0006746991   0.0000675188  -0.0000405120   0.0000274595
        0.0007573063  -0.0001170565  -0.0000991383
       -0.0014035872  -0.0116975874   0.0047789187  -0.0108370299  -0.2404592072
        0.0174476066   0.0269530879   0.2865449140  -0.0119934079   0.0038188801
       -0.0202607810   0.0004243483  -0.0004008900  -0.0002786328  -0.0000471359
        0.0001640237   0.0001249809  -0.0000457449  -0.0013058533   0.0002862815
       -0.0002663099  -0.0177713231  -0.0146293103  -0.0107916197   0.0003406884
        0.0005676102  -0.0004418377  -0.0010322093  -0.0003125235   0.0025627575
       -0.0001365604  -0.0000015076  -0.0002717145  -0.0005994598   0.0003660839
        0.0001148190   0.0030004445  -0.0021786746  -0.0020864433  -0.0001009765
       -0.0000761410   0.0000048359  -0.0001165783   0.0000668906  -0.0000165808
        0.0000287633   0.0000317236   0.0000175353  -0.0000477901  -0.0001168474
        0.0001099677  -0.0003785020   0.0003902481   0.0002271860  -0.0000407839
        0.0001865974  -0.0001108935  -0.0003125086   0.0000987287   0.0000070393
        0.0001781644   0.0013471537   0.0003766742
        0.0033281095   0.0287276455  -0.0077988831   0.0046594555   0.0160443027
       -0.0420054525   0.0017575025  -0.0119934079   0.0581032667   0.0018409006
       -0.0109474505   0.0011508113  -0.0000783713   0.0001413112   0.0002551377
       -0.0001907799   0.0000462858   0.0000855921  -0.0003219114  -0.0000212697
        0.0005342783  -0.0136621956  -0.0217330307  -0.0040826281   0.0000002652
        0.0007563165   0.0005428022   0.0021105592   0.0026882691  -0.0056779677
       -0.0001965576   0.0001615620   0.0003195248  -0.0000094910  -0.0004931809
       -0.0000222386   0.0017093960  -0.0014848601  -0.0003256235  -0.0000293175
       -0.0000726301  -0.0001105382   0.0000589868  -0.0000604050  -0.0000942791
       -0.0000124010   0.0000137936  -0.0000366224   0.0000893465   0.0001387044
       -0.0000574651  -0.0010077964  -0.0002443662  -0.0004717491   0.0002916382
        0.0001237034  -0.0000388826   0.0000973870  -0.0000199497  -0.0002386029
       -0.0004347252  -0.0017713433  -0.0000304801
       -0.0072135228   0.0023123275   0.0070468662  -0.1220516351   0.0393321518
        0.0315146486  -0.0006856618   0.0038188801   0.0018409006   0.4527287146
        0.0117068173  -0.0001624072  -0.1510733133  -0.0197836585  -0.0360862439
       -0.0070396308   0.0001220355  -0.0076618053  -0.0065187780  -0.0073994498
       -0.0031016475  -0.0470231644   0.0092283472  -0.0026531061   0.0001151401
        0.0001837554   0.0000962483   0.0003382992   0.0003132784  -0.0008419747
        0.0002085837   0.0000960263   0.0008983978  -0.0406202186  -0.0036592178
        0.0138998102  -0.0461003232  -0.0303997280   0.0035869316  -0.0291718805
       -0.0047718921  -0.0081412820   0.0004630950  -0.0004145859   0.0006359413
        0.0005589069   0.0003222019  -0.0013431436   0.0004009767  -0.0000625504
        0.0000406629   0.0004241201   0.0004108388   0.0002089549   0.0002891841
        0.0003927453   0.0000424153   0.0005880070  -0.0009689323  -0.0002775931
        0.0013831009  -0.0007793910   0.0004574257
       -0.0038205962   0.0028474079   0.0010003350   0.0451053149  -0.0950463949
       -0.0191504479   0.0247414222  -0.0202607810  -0.0109474505   0.0117068173
        0.5090222143  -0.0296441254  -0.0250534830  -0.0700295737  -0.0124088336
        0.0096189674   0.0011374086   0.0040838455  -0.0256796297  -0.0114535222
       -0.0101385528  -0.0080224545   0.0066768938   0.0006454257  -0.0000329309
        0.0000051256   0.0000894481  -0.0011358952   0.0011408772   0.0009894410
       -0.0012576482   0.0002013435   0.0017522783  -0.0033135541  -0.0580075828
        0.0517160842  -0.0311064797  -0.2648508951   0.0179875570   0.0078868512
        0.0028806074   0.0019995355   0.0012793177   0.0006300610   0.0008052071
        0.0010242659  -0.0009597958   0.0029884939  -0.0000168804   0.0003507637
       -0.0002020498  -0.0000601060   0.0007774118   0.0000266129  -0.0004589098
        0.0008727224  -0.0004045739  -0.0016574172  -0.0059891367  -0.0014221491
        0.0002530287   0.0000548453   0.0002339189
        0.0230685147  -0.0094603425  -0.0131209601   0.0416178222  -0.0208777736
       -0.0790444305  -0.0000031997   0.0004243483   0.0011508113  -0.0001624072
       -0.0296441254   0.4870983609  -0.0440541946  -0.0126086061  -0.0838468185
       -0.0234664008  -0.0024458099  -0.0133747352  -0.0048661280  -0.0030359993
       -0.0017438510  -0.0237436766   0.0040043352   0.0007937369   0.0002315855
       -0.0001217425   0.0000439182   0.0000752826  -0.0010273532   0.0012700311
        0.0019004262   0.0007203095  -0.0053551147   0.0149368511   0.0509403933
       -0.2518556070   0.0033491248   0.0185193494  -0.0455620100   0.0140547435
        0.0027100037   0.0041074330  -0.0001426021  -0.0009540375   0.0006448571
       -0.0018444009   0.0019994272  -0.0044073762  -0.0002205891  -0.0002763557
        0.0006374967  -0.0001440636   0.0002575305   0.0000698724   0.0005827670
        0.0006846923   0.0006049599   0.0000103298  -0.0003022665   0.0004521876
       -0.0011797844   0.0004940229   0.0014372381
        0.0005666967  -0.0000958957  -0.0001611128  -0.0221628658  -0.0028920577
       -0.0072233043   0.0009697465  -0.0004008900  -0.0000783713  -0.1510733133
       -0.0250534830  -0.0440541946   0.4791393615  -0.0128937434  -0.0205328401
       -0.0694822880   0.0109063955  -0.0145821188  -0.0666058201  -0.0108422426
        0.0000894279  -0.0047473790   0.0016234791   0.0008094410   0.0000580838
        0.0001510633   0.0004944092  -0.0001277258  -0.0001480585   0.0001083585
        0.0001882708  -0.0000059719  -0.0000786705  -0.0048948244  -0.0001460886
       -0.0034418965  -0.0067137647  -0.0047419326  -0.0036673681  -0.1460479468
        0.0456408511   0.0993611580   0.0004921994  -0.0015505595   0.0025378577
       -0.0085870077   0.0134528044  -0.0260931132   0.0031510427  -0.0084778021
        0.0169980756   0.0016665515   0.0192158247   0.0034994274   0.0006423691
        0.0052174145   0.0003505699  -0.0063353533  -0.0290070514  -0.0046269498
       -0.0000960334   0.0000479443   0.0002912149
       -0.0000132304  -0.0001711739   0.0002717491   0.0050979812   0.0043391648
        0.0058649134   0.0002329487  -0.0002786328   0.0001413112  -0.0197836585
       -0.0700295737  -0.0126086061  -0.0128937434   0.4792320638   0.0132682992
        0.0115106426  -0.0930182152   0.0525630928  -0.0131850021  -0.1909019362
       -0.0183031550   0.0048910287  -0.0005250892   0.0004113304   0.0000649592
        0.0002586409  -0.0001705338  -0.0002014307  -0.0001394507  -0.0000604162
        0.0000535205  -0.0000982002   0.0000250143   0.0049143364   0.0022847293
        0.0039045423  -0.0257386177  -0.0114874296  -0.0125465696   0.0463639619
       -0.0619917390  -0.0435334325   0.0046879053  -0.0191528691   0.0257790980
       -0.0002571375   0.0015313452  -0.0020419980  -0.0023416568   0.0042516532
       -0.0064451285   0.0018857575  -0.0150447813  -0.0053368253  -0.0013358381
       -0.0187672443   0.0012601539  -0.0039350343  -0.0102424065  -0.0024567828
       -0.0000176926  -0.0000488556   0.0000139430
       -0.0006192922   0.0001775462   0.0001253518   0.0047398363   0.0042343174
        0.0048304660  -0.0000206548  -0.0000471359   0.0002551377  -0.0360862439
       -0.0124088336  -0.0838468185  -0.0205328401   0.0132682992   0.4994133876
       -0.0172253228   0.0536443361  -0.1629749257   0.0001168499  -0.0176380550
       -0.0675307411   0.0042235837  -0.0006649014   0.0012665605   0.0001941461
       -0.0002942431  -0.0004183893   0.0001679601   0.0001873762  -0.0000297573
       -0.0001146205  -0.0000409147  -0.0000668028  -0.0262348869  -0.0069303425
       -0.0176075791  -0.0010969612  -0.0007383177   0.0004168417   0.0993488426
       -0.0432271242  -0.1342317613   0.0002007513   0.0011590052   0.0010727572
       -0.0049805849   0.0049325204  -0.0109386972  -0.0009637676   0.0096641842
       -0.0248570328  -0.0009250310  -0.0224886168  -0.0047178794   0.0023403064
        0.0261414962   0.0013037817  -0.0024978047  -0.0088872869  -0.0014500844
       -0.0000342661  -0.0000433094  -0.0000138153
        0.0001965509   0.0001524077   0.0007562627   0.0004306453  -0.0000889809
        0.0000421971  -0.0001142692   0.0001640237  -0.0001907799  -0.0070396308
        0.0096189674  -0.0234664008  -0.0694822880   0.0115106426  -0.0172253228
        0.5181222979   0.0082447396  -0.0186450255   0.0004443696  -0.0005708780
        0.0013504042  -0.0005007210   0.0001148906  -0.0003167115  -0.0015583654
        0.0001825520  -0.0004502875  -0.0000921593   0.0003316289  -0.0000761284
       -0.0002196417   0.0000046969  -0.0003014647  -0.0038237287  -0.0005237947
       -0.0035519227   0.0007349756   0.0013638706  -0.0001712627   0.0018544464
       -0.0082776648   0.0177938529  -0.0488015140  -0.0336101962  -0.0036830345
       -0.2596587312  -0.0357085508  -0.0589873166  -0.1318134690   0.0483211607
        0.1071694254   0.0002860741   0.0001552118  -0.0006493309   0.0005097652
       -0.0007556792  -0.0000757681   0.0005488637  -0.0005362280   0.0005446998
       -0.0000234705  -0.0000928198   0.0001339145
       -0.0003632243  -0.0003686616  -0.0003981794   0.0003606280  -0.0002568783
       -0.0001460763  -0.0000772525   0.0001249809   0.0000462858   0.0001220355
        0.0011374086  -0.0024458099   0.0109063955  -0.0930182152   0.0536443361
        0.0082447396   0.5085110692   0.0309659077   0.0036060661  -0.0223808198
        0.0249753208  -0.0001204099   0.0001170678   0.0000510889   0.0005356103
       -0.0002059081   0.0001065212   0.0000037730   0.0003199448   0.0000600763
        0.0000458899   0.0001577709   0.0000779549  -0.0014089090   0.0001522773
       -0.0011219655  -0.0008856208   0.0010742649  -0.0012150962  -0.0002182717
        0.0037081590  -0.0044961393  -0.0337679525  -0.2736133963  -0.0316829785
       -0.0357439472  -0.0497371638  -0.0109409735   0.0487336237  -0.0706639304
       -0.0598278269  -0.0001831569   0.0011966281   0.0011385161  -0.0005368796
       -0.0067257402   0.0005759404   0.0006908706   0.0005516119   0.0006261689
        0.0000559924  -0.0000804700   0.0000069283
       -0.0011478660   0.0002494871  -0.0005091364   0.0002502337   0.0001084895
       -0.0002119282  -0.0001169069  -0.0000457449   0.0000855921  -0.0076618053
        0.0040838455  -0.0133747352  -0.0145821188   0.0525630928  -0.1629749257
       -0.0186450255   0.0309659077   0.4789991624  -0.0001287443   0.0040051633
       -0.0007400166  -0.0002882973  -0.0000114474   0.0001823055   0.0006832374
       -0.0004636087   0.0001698014  -0.0000043855   0.0001221618   0.0001247018
       -0.0003125706  -0.0000164631  -0.0000436069  -0.0025921901  -0.0001242442
       -0.0006464264   0.0005603664   0.0007146715   0.0005081651  -0.0006901971
        0.0120225530  -0.0262470144  -0.0037067006  -0.0315295735  -0.0469250080
       -0.0594965995  -0.0108890231  -0.0590768977   0.1077163849  -0.0594306033
       -0.1717437772  -0.0001391408  -0.0010185466   0.0011462488   0.0000684208
       -0.0007923590   0.0009440763   0.0001649477  -0.0005520996   0.0003533889
        0.0000689573   0.0000383412  -0.0000199695
        0.0002706668   0.0001898067   0.0000158713   0.0006979145   0.0005892654
        0.0001581814  -0.0010900676  -0.0013058533  -0.0003219114  -0.0065187780
       -0.0256796297  -0.0048661280  -0.0666058201  -0.0131850021   0.0001168499
        0.0004443696   0.0036060661  -0.0001287443   0.5207376257  -0.0114334557
       -0.0011014129  -0.0003975986  -0.0005702496  -0.0003322766  -0.0002777937
       -0.0001830655   0.0000069984  -0.0001058978  -0.0001063869   0.0000864950
        0.0000208701  -0.0000809001   0.0000220218  -0.0000166649  -0.0003068162
        0.0002912611  -0.0043338254  -0.0027662455  -0.0026480721   0.0010530189
        0.0198839228   0.0041838853   0.0003336563   0.0005636250  -0.0009562308
        0.0005337515   0.0007610209  -0.0000655261   0.0002330716  -0.0006198486
       -0.0001375633  -0.1341453934   0.0493209104   0.1054091803  -0.0531758649
        0.0226838824  -0.0396887153  -0.2578369496  -0.0414575978  -0.0602368144
        0.0001797090   0.0000965513   0.0001926508
        0.0000121114  -0.0002811858   0.0000425828   0.0000785368  -0.0001803619
        0.0000704773  -0.0000499640   0.0002862815  -0.0000212697  -0.0073994498
       -0.0114535222  -0.0030359993  -0.0108422426  -0.1909019362  -0.0176380550
       -0.0005708780  -0.0223808198   0.0040051633  -0.0114334557   0.4552701508
       -0.0083212312   0.0003515368   0.0001365739   0.0000630563   0.0000849604
        0.0002064861  -0.0001187059  -0.0000307568   0.0000169517  -0.0000915183
       -0.0000685810  -0.0000422220  -0.0000171469   0.0003926061   0.0004772605
        0.0003044020  -0.0012783331   0.0001072954  -0.0008288629   0.0004081776
       -0.0171302142  -0.0045383009   0.0006229456  -0.0016717797   0.0028821167
       -0.0003124218   0.0003970254  -0.0006363405  -0.0001275132   0.0010410766
       -0.0011102308   0.0492587383  -0.0689077128  -0.0564636224   0.0226055826
       -0.0952731317   0.0968538847  -0.0416865100  -0.0496286045  -0.0113826735
       -0.0000150896  -0.0000876113  -0.0000177258
       -0.0003402961  -0.0002067774  -0.0003242920   0.0001746281   0.0003112479
       -0.0000776383  -0.0002655283  -0.0002663099   0.0005342783  -0.0031016475
       -0.0101385528  -0.0017438510   0.0000894279  -0.0183031550  -0.0675307411
        0.0013504042   0.0249753208  -0.0007400166  -0.0011014129  -0.0083212312
        0.5246816833  -0.0001721705  -0.0002315882   0.0001096615   0.0002453704
        0.0003465551  -0.0001168264   0.0000290239   0.0000103664   0.0000124469
        0.0000010573   0.0000106027   0.0000800329  -0.0002026484  -0.0005521887
        0.0003572959  -0.0019247548  -0.0005921601  -0.0006014721   0.0001976651
       -0.0217791480  -0.0035582645  -0.0008241580   0.0043146758  -0.0039830642
        0.0006082591   0.0005344780   0.0004704478  -0.0002371514   0.0010385343
        0.0012321684   0.1054488397  -0.0565835599  -0.1669429057  -0.0398264117
        0.0970100891  -0.2202830545  -0.0602994904  -0.0115883249  -0.0615407095
        0.0001509944   0.0000111260  -0.0000351791
        0.0025125498   0.0011101574  -0.0051953976  -0.1527409133  -0.0432024854
       -0.0368890428  -0.0171831558  -0.0177713231  -0.0136621956  -0.0470231644
       -0.0080224545  -0.0237436766  -0.0047473790   0.0048910287   0.0042235837
       -0.0005007210  -0.0001204099  -0.0002882973  -0.0003975986   0.0003515368
       -0.0001721705   0.2712668542   0.0975436421   0.0045656467   0.0006522276
        0.0003507014   0.0008972996  -0.0000470202   0.0001683052   0.0005485890
        0.0009969544   0.0000422098   0.0007293576   0.0017877270  -0.0013016189
       -0.0010120127   0.0022784665  -0.0006986832  -0.0004498159  -0.0030068268
       -0.0003686260  -0.0002800058   0.0000602616   0.0000482187   0.0001121383
       -0.0002285479   0.0000444198  -0.0003089277   0.0000588304  -0.0000657246
        0.0001549847   0.0002646514   0.0001145824   0.0003229716   0.0002330652
        0.0000716139  -0.0001121491  -0.0003114507   0.0000195913  -0.0000475965
       -0.0539248106  -0.0332046818   0.0706067168
        0.0048153676   0.0059541917   0.0029754564  -0.0426868118  -0.0664560254
       -0.0109411793  -0.0320364792  -0.0146293103  -0.0217330307   0.0092283472
        0.0066768938   0.0040043352   0.0016234791  -0.0005250892  -0.0006649014
        0.0001148906   0.0001170678  -0.0000114474  -0.0005702496   0.0001365739
       -0.0002315882   0.0975436421   0.0971608359  -0.0644641893   0.0001490229
        0.0004140208   0.0017405940  -0.0000891170   0.0008074966  -0.0007096913
        0.0000246149  -0.0002892617   0.0003386908  -0.0001291980  -0.0004236166
        0.0005650692  -0.0010065255   0.0018225275   0.0001607594   0.0003195575
        0.0000701133   0.0001684372  -0.0000873242   0.0001452649  -0.0000249191
        0.0000863315  -0.0000196314   0.0000832951  -0.0000153062  -0.0001069568
        0.0000605795   0.0001587187   0.0000732510   0.0005511837   0.0002901662
        0.0000542039  -0.0003032385  -0.0001711443   0.0002028838   0.0000846699
       -0.0375619826  -0.0311854335   0.0883511148
       -0.0284416446  -0.0084207497  -0.0348756248  -0.0621757958  -0.0192774441
       -0.0968102235  -0.0104111227  -0.0107916197  -0.0040826281  -0.0026531061
        0.0006454257   0.0007937369   0.0008094410   0.0004113304   0.0012665605
       -0.0003167115   0.0000510889   0.0001823055  -0.0003322766   0.0000630563
        0.0001096615   0.0045656467  -0.0644641893   0.5242197085   0.0007829800
        0.0019130368  -0.0084929913  -0.0002199947   0.0003202990   0.0009553355
       -0.0002922435  -0.0008601135   0.0020045033   0.0019514182  -0.0006536424
        0.0015529008   0.0001065043   0.0006353274  -0.0000842581  -0.0006229683
       -0.0000437140  -0.0000599375   0.0000617370   0.0001153926  -0.0000134998
        0.0000059961  -0.0000229838  -0.0000278283   0.0002921914  -0.0000598780
       -0.0000160860   0.0001886232   0.0000665266   0.0001066503   0.0001298092
       -0.0000098210  -0.0001371771  -0.0001027809   0.0000895586  -0.0000990108
        0.0966742976   0.1002931131  -0.3864920974
       -0.1295485597  -0.0697590818  -0.0971046000   0.0030506594   0.0026480865
        0.0025864337   0.0003206906   0.0003406884   0.0000002652   0.0001151401
       -0.0000329309   0.0002315855   0.0000580838   0.0000649592   0.0001941461
       -0.0015583654   0.0005356103   0.0006832374  -0.0002777937   0.0000849604
        0.0002453704   0.0006522276   0.0001490229   0.0007829800   0.1521211846
        0.0800927161   0.1126638596   0.0007254512  -0.0001603963   0.0006971415
       -0.0239453696  -0.0144652197  -0.0203507624  -0.0001072194  -0.0000158396
        0.0000341989  -0.0000751857   0.0000354443  -0.0000080438  -0.0000125988
       -0.0000026366  -0.0001004481   0.0001666579  -0.0000738924  -0.0001590044
       -0.0001243470  -0.0000373685  -0.0000680904  -0.0019257134   0.0011049733
       -0.0003861589   0.0000290042  -0.0004363810   0.0001757048   0.0000624630
       -0.0000001351  -0.0001457879  -0.0000390005  -0.0000391600  -0.0000432049
        0.0003125907  -0.0000334194   0.0000711778
       -0.0698990588  -0.0967475244  -0.0759212494   0.0030989749   0.0024408963
        0.0034500813   0.0004129815   0.0005676102   0.0007563165   0.0001837554
        0.0000051256  -0.0001217425   0.0001510633   0.0002586409  -0.0002942431
        0.0001825520  -0.0002059081  -0.0004636087  -0.0001830655   0.0002064861
        0.0003465551   0.0003507014   0.0004140208   0.0019130368   0.0800927161
        0.1084609630   0.0852337529  -0.0206679510  -0.0193811316  -0.0211565859
        0.0049774626   0.0041321213   0.0048350860  -0.0000018009  -0.0000450321
        0.0001012239  -0.0001627426  -0.0000961636  -0.0000304218  -0.0000034763
       -0.0001345585   0.0001231087  -0.0000556150  -0.0001867766  -0.0000007744
       -0.0002452327   0.0000681539   0.0002181481   0.0016169192   0.0002420172
        0.0004973421  -0.0002384920  -0.0000856977   0.0000968539   0.0000474968
       -0.0000962997  -0.0000071579   0.0000704005  -0.0000382140  -0.0000867525
        0.0002724110   0.0002212709   0.0005110310
       -0.0959423128  -0.0749225539  -0.1451518486  -0.0170790183  -0.0128018929
       -0.0194861540  -0.0006076963  -0.0004418377   0.0005428022   0.0000962483
        0.0000894481   0.0000439182   0.0004944092  -0.0001705338  -0.0004183893
       -0.0004502875   0.0001065212   0.0001698014   0.0000069984  -0.0001187059
       -0.0001168264   0.0008972996   0.0017405940  -0.0084929913   0.1126638596
        0.0852337529   0.1683020455   0.0005638673  -0.0006716245   0.0016079419
        0.0006790538   0.0014823496   0.0029915075  -0.0001996987   0.0000503676
        0.0000366608  -0.0001380922   0.0000936493  -0.0001102985  -0.0000980196
        0.0000605315   0.0000054733   0.0000144924  -0.0000086058  -0.0000265849
       -0.0001473660   0.0000051170   0.0000419089   0.0002938903  -0.0001382289
        0.0009543643   0.0003955249   0.0006736898   0.0001734613  -0.0000609994
        0.0000354425  -0.0000159478  -0.0001508667   0.0000452175   0.0000999693
       -0.0012312862  -0.0003426975  -0.0011508139
       -0.0445973847   0.0172822116  -0.0026105228   0.0004485574  -0.0076537632
        0.0019135597   0.0001331264  -0.0010322093   0.0021105592   0.0003382992
       -0.0011358952   0.0000752826  -0.0001277258  -0.0002014307   0.0001679601
       -0.0000921593   0.0000037730  -0.0000043855  -0.0001058978  -0.0000307568
        0.0000290239  -0.0000470202  -0.0000891170  -0.0002199947   0.0007254512
       -0.0206679510   0.0005638673   0.0488680639  -0.0194118914   0.0004484187
       -0.0051874005   0.0324999719  -0.0022877924  -0.0000040608   0.0001111198
       -0.0001276502   0.0000864957   0.0002184607   0.0003991271   0.0000238419
        0.0000227184  -0.0000698230  -0.0002932632   0.0003279023   0.0000966968
        0.0001653747   0.0000625964  -0.0000653599  -0.0004631962  -0.0005459639
       -0.0003396568   0.0001095348   0.0000486112  -0.0000473512   0.0000029141
        0.0000838908  -0.0000437135   0.0000121347   0.0000373807   0.0000096211
        0.0000043147   0.0000703416   0.0000021334
        0.0161491406  -0.2824780763   0.0250020129  -0.0010502711  -0.0127627552
        0.0060357842  -0.0003677692  -0.0003125235   0.0026882691   0.0003132784
        0.0011408772  -0.0010273532  -0.0001480585  -0.0001394507   0.0001873762
        0.0003316289   0.0003199448   0.0001221618  -0.0001063869   0.0000169517
        0.0000103664   0.0001683052   0.0008074966   0.0003202990  -0.0001603963
       -0.0193811316  -0.0006716245  -0.0194118914   0.3260397180  -0.0317711798
        0.0040888872  -0.0135333377   0.0004356971   0.0002557338   0.0000233504
       -0.0003194495  -0.0002574210   0.0004296164   0.0001742048   0.0000372107
        0.0000096368  -0.0000260072  -0.0000277430   0.0001842268   0.0000342572
        0.0002343762  -0.0000650056  -0.0001402541  -0.0004190481  -0.0003510241
       -0.0003013816   0.0001374215  -0.0000511814   0.0000276912   0.0000744737
        0.0000211654  -0.0000562654  -0.0000198833   0.0000223798  -0.0000115828
        0.0001784126   0.0000591221  -0.0007130219
       -0.0023921993   0.0250516618  -0.0459009256  -0.0000472164   0.0304504520
       -0.0065271805   0.0012989797   0.0025627575  -0.0056779677  -0.0008419747
        0.0009894410   0.0012700311   0.0001083585  -0.0000604162  -0.0000297573
       -0.0000761284   0.0000600763   0.0001247018   0.0000864950  -0.0000915183
        0.0000124469   0.0005485890  -0.0007096913   0.0009553355   0.0006971415
       -0.0211565859   0.0016079419   0.0004484187  -0.0317711798   0.0528131953
        0.0003411555  -0.0045165352   0.0013102505  -0.0002787847  -0.0000397047
        0.0002939102   0.0003663854  -0.0004678533  -0.0003674505  -0.0000370899
        0.0000469400  -0.0000721001   0.0000649926  -0.0000043622   0.0000995169
        0.0000092266  -0.0000340591  -0.0000849953  -0.0001782518  -0.0002514687
        0.0000485538   0.0000818621   0.0000657910  -0.0001488920  -0.0000950188
        0.0000213047   0.0000470227  -0.0000164981  -0.0000450118   0.0000276867
       -0.0000884426  -0.0001000378   0.0001986757
       -0.2593227358   0.0642696252   0.0359927036  -0.0112690458   0.0026741550
        0.0060963631  -0.0001938578  -0.0001365604  -0.0001965576   0.0002085837
       -0.0012576482   0.0019004262   0.0001882708   0.0000535205  -0.0001146205
       -0.0002196417   0.0000458899  -0.0003125706   0.0000208701  -0.0000685810
        0.0000010573   0.0009969544   0.0000246149  -0.0002922435  -0.0239453696
        0.0049774626   0.0006790538  -0.0051874005   0.0040888872   0.0003411555
        0.2993485014  -0.0749854737  -0.0439187715  -0.0004577384   0.0002483365
        0.0004468327   0.0001064552  -0.0002724931  -0.0001274236  -0.0000014612
       -0.0000284597  -0.0000227726   0.0000250973  -0.0001075193   0.0000466469
       -0.0000605469   0.0000176384   0.0001079795  -0.0002453896   0.0000851534
        0.0002955895  -0.0001198393   0.0001304744   0.0000124210   0.0000062564
        0.0000307190   0.0000421874   0.0000410588   0.0000188423  -0.0000154633
        0.0000809785   0.0001914163  -0.0009619936
        0.0642553603  -0.0636608202  -0.0106455857  -0.0068017296   0.0028205569
        0.0013879637  -0.0002170942  -0.0000015076   0.0001615620   0.0000960263
        0.0002013435   0.0007203095  -0.0000059719  -0.0000982002  -0.0000409147
        0.0000046969   0.0001577709  -0.0000164631  -0.0000809001  -0.0000422220
        0.0000106027   0.0000422098  -0.0002892617  -0.0008601135  -0.0144652197
        0.0041321213   0.0014823496   0.0324999719  -0.0135333377  -0.0045165352
       -0.0749854737   0.0699638192   0.0118644938  -0.0001352126   0.0002872801
        0.0001173326  -0.0000294483   0.0000758611   0.0001609805  -0.0000049489
       -0.0000300420  -0.0000147029  -0.0001397108   0.0000720107   0.0000771409
        0.0000200546   0.0000525164   0.0000119939   0.0001140574  -0.0001825289
       -0.0000784241   0.0000190944   0.0000548834  -0.0000152098  -0.0000067465
        0.0000288309  -0.0000045028   0.0000106085   0.0000089971   0.0000138634
       -0.0001896237  -0.0000180712   0.0001838591
        0.0352030808  -0.0105135114  -0.0475786255   0.0288779098  -0.0077860182
       -0.0100865468   0.0000552755  -0.0002717145   0.0003195248   0.0008983978
        0.0017522783  -0.0053551147  -0.0000786705   0.0000250143  -0.0000668028
       -0.0003014647   0.0000779549  -0.0000436069   0.0000220218  -0.0000171469
        0.0000800329   0.0007293576   0.0003386908   0.0020045033  -0.0203507624
        0.0048350860   0.0029915075  -0.0022877924   0.0004356971   0.0013102505
       -0.0439187715   0.0118644938   0.0566785324   0.0012905184  -0.0007072165
       -0.0010470808  -0.0002033948   0.0001887617   0.0000009113   0.0000150483
       -0.0000012580   0.0000506716  -0.0000263894  -0.0000227197  -0.0000042544
       -0.0000969993   0.0000491338   0.0000805218   0.0001212914  -0.0000189405
        0.0001347508   0.0000240585   0.0000869162  -0.0000486948  -0.0000494725
       -0.0000340728   0.0000125689  -0.0000116549  -0.0000073581   0.0000094713
        0.0000884125  -0.0002740702   0.0005574795
       -0.0040115199   0.0019750074   0.0015719552  -0.0063710044  -0.0033129985
        0.0243496293   0.0005640096  -0.0005994598  -0.0000094910  -0.0406202186
       -0.0033135541   0.0149368511  -0.0048948244   0.0049143364  -0.0262348869
       -0.0038237287  -0.0014089090  -0.0025921901  -0.0000166649   0.0003926061
       -0.0002026484   0.0017877270  -0.0001291980   0.0019514182  -0.0001072194
       -0.0000018009  -0.0001996987  -0.0000040608   0.0002557338  -0.0002787847
       -0.0004577384  -0.0001352126   0.0012905184   0.0592472472   0.0021201034
       -0.0156771687   0.0008487256  -0.0019215020   0.0045749417  -0.0002126172
        0.0004397044  -0.0019401188  -0.0000661614  -0.0001937722   0.0001888316
       -0.0005270939   0.0005435020  -0.0011209162  -0.0001190704   0.0000557068
       -0.0000011851  -0.0001002345   0.0000921345   0.0001790565   0.0001416827
       -0.0002141512   0.0001110718  -0.0000452294   0.0000792575   0.0000741454
       -0.0012120060   0.0003624661  -0.0009713306
        0.0022537592  -0.0003909704  -0.0006763469   0.0034077460   0.0033300291
       -0.0142502765  -0.0000552941   0.0003660839  -0.0004931809  -0.0036592178
       -0.0580075828   0.0509403933  -0.0001460886   0.0022847293  -0.0069303425
       -0.0005237947   0.0001522773  -0.0001242442  -0.0003068162   0.0004772605
       -0.0005521887  -0.0013016189  -0.0004236166  -0.0006536424  -0.0000158396
       -0.0000450321   0.0000503676   0.0001111198   0.0000233504  -0.0000397047
        0.0002483365   0.0002872801  -0.0007072165   0.0021201034   0.0633730179
       -0.0599267768  -0.0026602516  -0.0124042698   0.0329682637   0.0007964599
        0.0004428932   0.0002045459  -0.0001008971   0.0001071657   0.0000279953
        0.0000222078   0.0002751437  -0.0001701470   0.0000214230  -0.0000859535
       -0.0001200561   0.0000189130  -0.0001020503   0.0000427936  -0.0001367159
       -0.0003148531   0.0000111480   0.0000612304  -0.0000832357   0.0001065213
       -0.0001547644   0.0007383330   0.0002920945
        0.0031002024  -0.0020698895  -0.0005076974   0.0052804464   0.0020672577
       -0.0181085078  -0.0003426889   0.0001148190  -0.0000222386   0.0138998102
        0.0517160842  -0.2518556070  -0.0034418965   0.0039045423  -0.0176075791
       -0.0035519227  -0.0011219655  -0.0006464264   0.0002912611   0.0003044020
        0.0003572959  -0.0010120127   0.0005650692   0.0015529008   0.0000341989
        0.0001012239   0.0000366608  -0.0001276502  -0.0003194495   0.0002939102
        0.0004468327   0.0001173326  -0.0010470808  -0.0156771687  -0.0599267768
        0.2932972463   0.0008474167   0.0046539152  -0.0067247896   0.0003642987
        0.0001943855   0.0010375592   0.0000720453  -0.0002323795   0.0001171388
       -0.0004914608   0.0004272581  -0.0009809335   0.0000072707   0.0000287045
        0.0002728250  -0.0000310723   0.0000858972  -0.0000769449  -0.0001538563
       -0.0005039963   0.0001273123   0.0000685239  -0.0000045938   0.0000981285
        0.0004174224  -0.0001018407   0.0003868272
        0.0006232328   0.0005240913  -0.0008270600  -0.0000124258   0.0253755543
        0.0002151008  -0.0040152022   0.0030004445   0.0017093960  -0.0461003232
       -0.0311064797   0.0033491248  -0.0067137647  -0.0257386177  -0.0010969612
        0.0007349756  -0.0008856208   0.0005603664  -0.0043338254  -0.0012783331
       -0.0019247548   0.0022784665  -0.0010065255   0.0001065043  -0.0000751857
       -0.0001627426  -0.0001380922   0.0000864957  -0.0002574210   0.0003663854
        0.0001064552  -0.0000294483  -0.0002033948   0.0008487256  -0.0026602516
        0.0008474167   0.0576945334   0.0342815601  -0.0024412674  -0.0000504100
       -0.0001206991   0.0002187393  -0.0003163210   0.0005766916  -0.0006527164
        0.0001537852  -0.0000361868   0.0002657601  -0.0000058075   0.0001302085
        0.0000602192  -0.0001489820   0.0001486532   0.0000498110  -0.0000790721
        0.0003179513  -0.0000628139  -0.0003604775  -0.0014242336  -0.0003509637
       -0.0003148730   0.0003514048  -0.0000507993
       -0.0009582854   0.0011134987   0.0006721967   0.0022143997  -0.0218890431
       -0.0007248975   0.0035010042  -0.0021786746  -0.0014848601  -0.0303997280
       -0.2648508951   0.0185193494  -0.0047419326  -0.0114874296  -0.0007383177
        0.0013638706   0.0010742649   0.0007146715  -0.0027662455   0.0001072954
       -0.0005921601  -0.0006986832   0.0018225275   0.0006353274   0.0000354443
       -0.0000961636   0.0000936493   0.0002184607   0.0004296164  -0.0004678533
       -0.0002724931   0.0000758611   0.0001887617  -0.0019215020  -0.0124042698
        0.0046539152   0.0342815601   0.3089525274  -0.0213291130  -0.0001396818
       -0.0000705164   0.0002101499  -0.0000590670   0.0004762624  -0.0001341913
        0.0002710853   0.0000050900   0.0002025508  -0.0000657020  -0.0002027869
       -0.0001642760   0.0000505747   0.0001036793   0.0001481761   0.0001167178
        0.0001987874  -0.0000988581  -0.0001833287  -0.0007559975  -0.0002348565
        0.0001535321  -0.0004236338  -0.0000693644
       -0.0002292346  -0.0012398008   0.0008006579  -0.0005294186  -0.0123183910
        0.0010000283   0.0021470539  -0.0020864433  -0.0003256235   0.0035869316
        0.0179875570  -0.0455620100  -0.0036673681  -0.0125465696   0.0004168417
       -0.0001712627  -0.0012150962   0.0005081651  -0.0026480721  -0.0008288629
       -0.0006014721  -0.0004498159   0.0001607594  -0.0000842581  -0.0000080438
       -0.0000304218  -0.0001102985   0.0003991271   0.0001742048  -0.0003674505
       -0.0001274236   0.0001609805   0.0000009113   0.0045749417   0.0329682637
       -0.0067247896  -0.0024412674  -0.0213291130   0.0519135526   0.0002263078
        0.0001208976  -0.0000982803  -0.0006611755   0.0003315419  -0.0002864835
        0.0001439052   0.0000616516  -0.0000014017   0.0000324331  -0.0001223559
       -0.0001817160   0.0000999927   0.0000336830   0.0000287855  -0.0000317044
       -0.0000476263  -0.0000487747  -0.0001745069  -0.0008449007  -0.0000754159
       -0.0000713995   0.0006100419  -0.0002009681
        0.0000299498   0.0000987652   0.0000974103  -0.0021405123  -0.0026286435
       -0.0020448563   0.0001259018  -0.0001009765  -0.0000293175  -0.0291718805
        0.0078868512   0.0140547435  -0.1460479468   0.0463639619   0.0993488426
        0.0018544464  -0.0002182717  -0.0006901971   0.0010530189   0.0004081776
        0.0001976651  -0.0030068268   0.0003195575  -0.0006229683  -0.0000125988
       -0.0000034763  -0.0000980196   0.0000238419   0.0000372107  -0.0000370899
       -0.0000014612  -0.0000049489   0.0000150483  -0.0002126172   0.0007964599
        0.0003642987  -0.0000504100  -0.0001396818   0.0002263078   0.1741926230
       -0.0522329935  -0.1088143502  -0.0000878963  -0.0002733264   0.0000819249
        0.0007887932   0.0000035897  -0.0008563518   0.0010266824  -0.0000579536
       -0.0003930703   0.0009327732   0.0000811806  -0.0002633627  -0.0001546216
        0.0002072557  -0.0001632185   0.0007681831  -0.0005864795  -0.0004601026
        0.0000905575   0.0000437419   0.0000866634
       -0.0000410989   0.0001246924  -0.0000222399  -0.0004013890   0.0002207397
       -0.0003386841  -0.0001380313  -0.0000761410  -0.0000726301  -0.0047718921
        0.0028806074   0.0027100037   0.0456408511  -0.0619917390  -0.0432271242
       -0.0082776648   0.0037081590   0.0120225530   0.0198839228  -0.0171302142
       -0.0217791480  -0.0003686260   0.0000701133  -0.0000437140  -0.0000026366
       -0.0001345585   0.0000605315   0.0000227184   0.0000096368   0.0000469400
       -0.0000284597  -0.0000300420  -0.0000012580   0.0004397044   0.0004428932
        0.0001943855  -0.0001206991  -0.0000705164   0.0001208976  -0.0522329935
        0.0781661685   0.0495195690  -0.0003750038   0.0002732319   0.0002637923
       -0.0003009657   0.0003226583  -0.0004520249   0.0003165921  -0.0007689069
        0.0029989268  -0.0000774819  -0.0072750981  -0.0015816921   0.0003741916
        0.0004513013  -0.0001667823   0.0004395428   0.0008019197  -0.0002547617
        0.0000194191   0.0000050946   0.0000024600
        0.0000332695  -0.0000016702   0.0002047456  -0.0016493899  -0.0003790033
        0.0004377415  -0.0000101990   0.0000048359  -0.0001105382  -0.0081412820
        0.0019995355   0.0041074330   0.0993611580  -0.0435334325  -0.1342317613
        0.0177938529  -0.0044961393  -0.0262470144   0.0041838853  -0.0045383009
       -0.0035582645  -0.0002800058   0.0001684372  -0.0000599375  -0.0001004481
        0.0001231087   0.0000054733  -0.0000698230  -0.0000260072  -0.0000721001
       -0.0000227726  -0.0000147029   0.0000506716  -0.0019401188   0.0002045459
        0.0010375592   0.0002187393   0.0002101499  -0.0000982803  -0.1088143502
        0.0495195690   0.1635521645   0.0002488444  -0.0002138774   0.0004609690
        0.0002971295  -0.0005918801   0.0002261281  -0.0007504947   0.0032356332
       -0.0061583384  -0.0000905926  -0.0018608110   0.0002253879  -0.0001678487
        0.0003244191   0.0003597703  -0.0000587418  -0.0000861312  -0.0001877225
       -0.0000408116  -0.0000482784   0.0000559133
       -0.0001233667   0.0002046954  -0.0000100152  -0.0001716244   0.0000804508
       -0.0001461857   0.0000577585  -0.0001165783   0.0000589868   0.0004630950
        0.0012793177  -0.0001426021   0.0004921994   0.0046879053   0.0002007513
       -0.0488015140  -0.0337679525  -0.0037067006   0.0003336563   0.0006229456
       -0.0008241580   0.0000602616  -0.0000873242   0.0000617370   0.0001666579
       -0.0000556150   0.0000144924  -0.0002932632  -0.0000277430   0.0000649926
        0.0000250973  -0.0001397108  -0.0000263894  -0.0000661614  -0.0001008971
        0.0000720453  -0.0003163210  -0.0000590670  -0.0006611755  -0.0000878963
       -0.0003750038   0.0002488444   0.0538395014   0.0397271378   0.0061108629
       -0.0081539597  -0.0326766918  -0.0058746740   0.0023588622   0.0204327095
        0.0046646991  -0.0000375183  -0.0000688186  -0.0000006516   0.0002423164
        0.0002953036  -0.0000392307   0.0000326250   0.0001081889  -0.0000469179
       -0.0000204060   0.0000367476  -0.0000187111
       -0.0000924911   0.0001262570  -0.0000479051  -0.0000377124  -0.0001659741
        0.0001050768  -0.0001558084   0.0000668906  -0.0000604050  -0.0004145859
        0.0006300610  -0.0009540375  -0.0015505595  -0.0191528691   0.0011590052
       -0.0336101962  -0.2736133963  -0.0315295735   0.0005636250  -0.0016717797
        0.0043146758   0.0000482187   0.0001452649   0.0001153926  -0.0000738924
       -0.0001867766  -0.0000086058   0.0003279023   0.0001842268  -0.0000043622
       -0.0001075193   0.0000720107  -0.0000227197  -0.0001937722   0.0001071657
       -0.0002323795   0.0005766916   0.0004762624   0.0003315419  -0.0002733264
        0.0002732319  -0.0002138774   0.0397271378   0.3180191361   0.0344347686
       -0.0040646706  -0.0090333165  -0.0025081420  -0.0006347077  -0.0154247326
       -0.0051461218  -0.0001653673   0.0003585598   0.0001409093  -0.0000879060
       -0.0013929601   0.0002138796   0.0002010667   0.0002080262  -0.0000240712
        0.0000178734  -0.0000252882  -0.0000630490
        0.0001195685  -0.0001605475   0.0000171785  -0.0001619146  -0.0000752556
        0.0000260628   0.0001091507  -0.0000165808  -0.0000942791   0.0006359413
        0.0008052071   0.0006448571   0.0025378577   0.0257790980   0.0010727572
       -0.0036830345  -0.0316829785  -0.0469250080  -0.0009562308   0.0028821167
       -0.0039830642   0.0001121383  -0.0000249191  -0.0000134998  -0.0001590044
       -0.0000007744  -0.0000265849   0.0000966968   0.0000342572   0.0000995169
        0.0000466469   0.0000771409  -0.0000042544   0.0001888316   0.0000279953
        0.0001171388  -0.0006527164  -0.0001341913  -0.0002864835   0.0000819249
        0.0002637923   0.0004609690   0.0061108629   0.0344347686   0.0549007513
       -0.0021911397  -0.0089311893  -0.0008239503  -0.0022189316  -0.0248234595
       -0.0049278201  -0.0000852231  -0.0000228518  -0.0001284323   0.0000880631
        0.0016205434   0.0000118150   0.0000157689  -0.0000768956  -0.0001357047
       -0.0000352565   0.0000247239  -0.0000019652
       -0.0004084834   0.0001346436   0.0000210251   0.0004152999  -0.0003005882
        0.0000086798  -0.0000244980   0.0000287633  -0.0000124010   0.0005589069
        0.0010242659  -0.0018444009  -0.0085870077  -0.0002571375  -0.0049805849
       -0.2596587312  -0.0357439472  -0.0594965995   0.0005337515  -0.0003124218
        0.0006082591  -0.0002285479   0.0000863315   0.0000059961  -0.0001243470
       -0.0002452327  -0.0001473660   0.0001653747   0.0002343762   0.0000092266
       -0.0000605469   0.0000200546  -0.0000969993  -0.0005270939   0.0000222078
       -0.0004914608   0.0001537852   0.0002710853   0.0001439052   0.0007887932
       -0.0003009657   0.0002971295  -0.0081539597  -0.0040646706  -0.0021911397
        0.3002212156   0.0421449441   0.0706494562  -0.0252513960  -0.0029964180
       -0.0025499831  -0.0003409686   0.0000499377   0.0000097090   0.0000619856
       -0.0001020575   0.0001791813   0.0003780362   0.0003335752  -0.0001215133
        0.0000884314  -0.0000267460  -0.0000001195
        0.0001333909  -0.0000462832   0.0000069235  -0.0000148842   0.0000881368
        0.0000607871  -0.0000207232   0.0000317236   0.0000137936   0.0003222019
       -0.0009597958   0.0019994272   0.0134528044   0.0015313452   0.0049325204
       -0.0357085508  -0.0497371638  -0.0108890231   0.0007610209   0.0003970254
        0.0005344780   0.0000444198  -0.0000196314  -0.0000229838  -0.0000373685
        0.0000681539   0.0000051170   0.0000625964  -0.0000650056  -0.0000340591
        0.0000176384   0.0000525164   0.0000491338   0.0005435020   0.0002751437
        0.0004272581  -0.0000361868   0.0000050900   0.0000616516   0.0000035897
        0.0003226583  -0.0005918801  -0.0326766918  -0.0090333165  -0.0089311893
        0.0421449441   0.0554387892   0.0105176556   0.0112825507   0.0021939472
        0.0017306197   0.0000410933  -0.0000682826  -0.0000527367  -0.0001113199
        0.0000255268  -0.0001373834  -0.0002189117  -0.0005119935   0.0003277560
        0.0000148844   0.0000114157  -0.0000078662
        0.0003715305  -0.0001625304   0.0000547792   0.0001028112  -0.0002133030
       -0.0002571160   0.0000328447   0.0000175353  -0.0000366224  -0.0013431436
        0.0029884939  -0.0044073762  -0.0260931132  -0.0020419980  -0.0109386972
       -0.0589873166  -0.0109409735  -0.0590768977  -0.0000655261  -0.0006363405
        0.0004704478  -0.0003089277   0.0000832951  -0.0000278283  -0.0000680904
        0.0002181481   0.0000419089  -0.0000653599  -0.0001402541  -0.0000849953
        0.0001079795   0.0000119939   0.0000805218  -0.0011209162  -0.0001701470
       -0.0009809335   0.0002657601   0.0002025508  -0.0000014017  -0.0008563518
       -0.0004520249   0.0002261281  -0.0058746740  -0.0025081420  -0.0008239503
        0.0706494562   0.0105176556   0.0706096452   0.0228833037   0.0030182099
        0.0050558229   0.0001190344   0.0000196141  -0.0000939173   0.0000771450
       -0.0001924508   0.0000309124   0.0001423370   0.0004112542   0.0000716921
        0.0000312173  -0.0000305867   0.0000878775
       -0.0021744487  -0.0000599196  -0.0008634468   0.0002210486   0.0001153585
       -0.0002750616   0.0000395968  -0.0000477901   0.0000893465   0.0004009767
       -0.0000168804  -0.0002205891   0.0031510427  -0.0023416568  -0.0009637676
       -0.1318134690   0.0487336237   0.1077163849   0.0002330716  -0.0001275132
       -0.0002371514   0.0000588304  -0.0000153062   0.0002921914  -0.0019257134
        0.0016169192   0.0002938903  -0.0004631962  -0.0004190481  -0.0001782518
       -0.0002453896   0.0001140574   0.0001212914  -0.0001190704   0.0000214230
        0.0000072707  -0.0000058075  -0.0000657020   0.0000324331   0.0010266824
        0.0003165921  -0.0007504947   0.0023588622  -0.0006347077  -0.0022189316
       -0.0252513960   0.0112825507   0.0228833037   0.1545507884  -0.0583484633
       -0.1256815312   0.0003349043  -0.0002270258   0.0000059391  -0.0000462448
        0.0000374662  -0.0001806429  -0.0003366030   0.0000388665   0.0001186823
        0.0000055346   0.0000271559   0.0000091354
        0.0008497953   0.0003072368   0.0005213016  -0.0000217983   0.0001145442
       -0.0001226036   0.0000166741  -0.0001168474   0.0001387044  -0.0000625504
        0.0003507637  -0.0002763557  -0.0084778021   0.0042516532   0.0096641842
        0.0483211607  -0.0706639304  -0.0594306033  -0.0006198486   0.0010410766
        0.0010385343  -0.0000657246  -0.0001069568  -0.0000598780   0.0011049733
        0.0002420172  -0.0001382289  -0.0005459639  -0.0003510241  -0.0002514687
        0.0000851534  -0.0001825289  -0.0000189405   0.0000557068  -0.0000859535
        0.0000287045   0.0001302085  -0.0002027869  -0.0001223559  -0.0000579536
       -0.0007689069   0.0032356332   0.0204327095  -0.0154247326  -0.0248234595
       -0.0029964180   0.0021939472   0.0030182099  -0.0583484633   0.0797558192
        0.0676860393   0.0002096112  -0.0003094538   0.0000964401   0.0000352282
        0.0000006155  -0.0001499262  -0.0000441107  -0.0000633487  -0.0000359068
       -0.0000005875   0.0000187963   0.0000019756
        0.0006603059  -0.0002092313   0.0002356571  -0.0003218774   0.0002004494
       -0.0003849529   0.0000118891   0.0001099677  -0.0000574651   0.0000406629
       -0.0002020498   0.0006374967   0.0169980756  -0.0064451285  -0.0248570328
        0.1071694254  -0.0598278269  -0.1717437772  -0.0001375633  -0.0011102308
        0.0012321684   0.0001549847   0.0000605795  -0.0000160860  -0.0003861589
        0.0004973421   0.0009543643  -0.0003396568  -0.0003013816   0.0000485538
        0.0002955895  -0.0000784241   0.0001347508  -0.0000011851  -0.0001200561
        0.0002728250   0.0000602192  -0.0001642760  -0.0001817160  -0.0003930703
        0.0029989268  -0.0061583384   0.0046646991  -0.0051461218  -0.0049278201
       -0.0025499831   0.0017306197   0.0050558229  -0.1256815312   0.0676860393
        0.1992478524  -0.0002689495   0.0006326859   0.0002374361  -0.0000295064
       -0.0003052540   0.0002678775   0.0000626565   0.0000302965  -0.0000995032
       -0.0000090260  -0.0000369261   0.0001018866
       -0.0004366213  -0.0003144864  -0.0002183516  -0.0008428478  -0.0007764381
       -0.0004731778  -0.0012669164  -0.0003785020  -0.0010077964   0.0004241201
       -0.0000601060  -0.0001440636   0.0016665515   0.0018857575  -0.0009250310
        0.0002860741  -0.0001831569  -0.0001391408  -0.1341453934   0.0492587383
        0.1054488397   0.0002646514   0.0001587187   0.0001886232   0.0000290042
       -0.0002384920   0.0003955249   0.0001095348   0.0001374215   0.0000818621
       -0.0001198393   0.0000190944   0.0000240585  -0.0001002345   0.0000189130
       -0.0000310723  -0.0001489820   0.0000505747   0.0000999927   0.0009327732
       -0.0000774819  -0.0000905926  -0.0000375183  -0.0001653673  -0.0000852231
       -0.0003409686   0.0000410933   0.0001190344   0.0003349043   0.0002096112
       -0.0002689495   0.1558645586  -0.0574137283  -0.1232796134   0.0032790783
       -0.0017680501  -0.0030612144  -0.0257346311   0.0096196991   0.0234051795
       -0.0000172976  -0.0000238126  -0.0000388883
       -0.0001400169  -0.0001197208  -0.0001581539  -0.0003517364   0.0001191298
       -0.0002725106  -0.0004213015   0.0003902481  -0.0002443662   0.0004108388
        0.0007774118   0.0002575305   0.0192158247  -0.0150447813  -0.0224886168
        0.0001552118   0.0011966281  -0.0010185466   0.0493209104  -0.0689077128
       -0.0565835599   0.0001145824   0.0000732510   0.0000665266  -0.0004363810
       -0.0000856977   0.0006736898   0.0000486112  -0.0000511814   0.0000657910
        0.0001304744   0.0000548834   0.0000869162   0.0000921345  -0.0001020503
        0.0000858972   0.0001486532   0.0001036793   0.0000336830   0.0000811806
       -0.0072750981  -0.0018608110  -0.0000688186   0.0003585598  -0.0000228518
        0.0000499377  -0.0000682826   0.0000196141  -0.0002270258  -0.0003094538
        0.0006326859  -0.0574137283   0.0816418260   0.0669361961  -0.0085784179
        0.0049027175   0.0106835898  -0.0021266065   0.0023485763   0.0030425481
       -0.0000043268  -0.0000029324   0.0000647484
        0.0002735834   0.0003116924   0.0003413467  -0.0001812023  -0.0008264091
       -0.0000146237  -0.0013318448   0.0002271860  -0.0004717491   0.0002089549
        0.0000266129   0.0000698724   0.0034994274  -0.0053368253  -0.0047178794
       -0.0006493309   0.0011385161   0.0011462488   0.1054091803  -0.0564636224
       -0.1669429057   0.0003229716   0.0005511837   0.0001066503   0.0001757048
        0.0000968539   0.0001734613  -0.0000473512   0.0000276912  -0.0001488920
        0.0000124210  -0.0000152098  -0.0000486948   0.0001790565   0.0000427936
       -0.0000769449   0.0000498110   0.0001481761   0.0000287855  -0.0002633627
       -0.0015816921   0.0002253879  -0.0000006516   0.0001409093  -0.0001284323
        0.0000097090  -0.0000527367  -0.0000939173   0.0000059391   0.0000964401
        0.0002374361  -0.1232796134   0.0669361961   0.1915589854   0.0190265147
       -0.0075536562  -0.0262317383  -0.0033811214   0.0021845278   0.0050341759
       -0.0000387957  -0.0000986276  -0.0000465728
       -0.0000479532   0.0000559338   0.0000596435  -0.0002341190  -0.0006152088
        0.0000494718  -0.0007578963  -0.0000407839   0.0002916382   0.0002891841
       -0.0004589098   0.0005827670   0.0006423691  -0.0013358381   0.0023403064
        0.0005097652  -0.0005368796   0.0000684208  -0.0531758649   0.0226055826
       -0.0398264117   0.0002330652   0.0002901662   0.0001298092   0.0000624630
        0.0000474968  -0.0000609994   0.0000029141   0.0000744737  -0.0000950188
        0.0000062564  -0.0000067465  -0.0000494725   0.0001416827  -0.0001367159
       -0.0001538563  -0.0000790721   0.0001167178  -0.0000317044  -0.0001546216
        0.0003741916  -0.0001678487   0.0002423164  -0.0000879060   0.0000880631
        0.0000619856  -0.0001113199   0.0000771450  -0.0000462448   0.0000352282
       -0.0000295064   0.0032790783  -0.0085784179   0.0190265147   0.0590268852
       -0.0257724962   0.0472715403  -0.0099025824   0.0141998668  -0.0294771611
       -0.0000996111  -0.0001184348  -0.0000933409
        0.0000102278   0.0001433351  -0.0000878223  -0.0001453252  -0.0000887104
        0.0000108795  -0.0003488082   0.0001865974   0.0001237034   0.0003927453
        0.0008727224   0.0006846923   0.0052174145  -0.0187672443   0.0261414962
       -0.0007556792  -0.0067257402  -0.0007923590   0.0226838824  -0.0952731317
        0.0970100891   0.0000716139   0.0000542039  -0.0000098210  -0.0000001351
       -0.0000962997   0.0000354425   0.0000838908   0.0000211654   0.0000213047
        0.0000307190   0.0000288309  -0.0000340728  -0.0002141512  -0.0003148531
       -0.0005039963   0.0003179513   0.0001987874  -0.0000476263   0.0002072557
        0.0004513013   0.0003244191   0.0002953036  -0.0013929601   0.0016205434
       -0.0001020575   0.0000255268  -0.0001924508   0.0000374662   0.0000006155
       -0.0003052540  -0.0017680501   0.0049027175  -0.0075536562  -0.0257724962
        0.1129956277  -0.1134090711  -0.0001520506   0.0027693362  -0.0029744483
       -0.0000897172   0.0000081716  -0.0000619922
        0.0000754661  -0.0001289883  -0.0000196455  -0.0001233585   0.0003924740
        0.0000478624   0.0006746991  -0.0001108935  -0.0000388826   0.0000424153
       -0.0004045739   0.0006049599   0.0003505699   0.0012601539   0.0013037817
       -0.0000757681   0.0005759404   0.0009440763  -0.0396887153   0.0968538847
       -0.2202830545  -0.0001121491  -0.0003032385  -0.0001371771  -0.0001457879
       -0.0000071579  -0.0000159478  -0.0000437135  -0.0000562654   0.0000470227
        0.0000421874  -0.0000045028   0.0000125689   0.0001110718   0.0000111480
        0.0001273123  -0.0000628139  -0.0000988581  -0.0000487747  -0.0001632185
       -0.0001667823   0.0003597703  -0.0000392307   0.0002138796   0.0000118150
        0.0001791813  -0.0001373834   0.0000309124  -0.0001806429  -0.0001499262
        0.0002678775  -0.0030612144   0.0106835898  -0.0262317383   0.0472715403
       -0.1134090711   0.2538798849  -0.0050249749   0.0049645680  -0.0109708011
       -0.0000255434   0.0000220028   0.0001081772
       -0.0000252132  -0.0000836996   0.0000003257   0.0003200488   0.0000363111
       -0.0001160434   0.0000675188  -0.0003125086   0.0000973870   0.0005880070
       -0.0016574172   0.0000103298  -0.0063353533  -0.0039350343  -0.0024978047
        0.0005488637   0.0006908706   0.0001649477  -0.2578369496  -0.0416865100
       -0.0602994904  -0.0003114507  -0.0001711443  -0.0001027809  -0.0000390005
        0.0000704005  -0.0001508667   0.0000121347  -0.0000198833  -0.0000164981
        0.0000410588   0.0000106085  -0.0000116549  -0.0000452294   0.0000612304
        0.0000685239  -0.0003604775  -0.0001833287  -0.0001745069   0.0007681831
        0.0004395428  -0.0000587418   0.0000326250   0.0002010667   0.0000157689
        0.0003780362  -0.0002189117   0.0001423370  -0.0003366030  -0.0000441107
        0.0000626565  -0.0257346311  -0.0021266065  -0.0033811214  -0.0099025824
       -0.0001520506  -0.0050249749   0.2980523456   0.0490375788   0.0711946790
        0.0001186692   0.0000435963   0.0000775287
       -0.0000036464   0.0001187812   0.0000299063   0.0005370784  -0.0003174438
       -0.0000248893  -0.0000405120   0.0000987287  -0.0000199497  -0.0009689323
       -0.0059891367  -0.0003022665  -0.0290070514  -0.0102424065  -0.0088872869
       -0.0005362280   0.0005516119  -0.0005520996  -0.0414575978  -0.0496286045
       -0.0115883249   0.0000195913   0.0002028838   0.0000895586  -0.0000391600
       -0.0000382140   0.0000452175   0.0000373807   0.0000223798  -0.0000450118
        0.0000188423   0.0000089971  -0.0000073581   0.0000792575  -0.0000832357
       -0.0000045938  -0.0014242336  -0.0007559975  -0.0008449007  -0.0005864795
        0.0008019197  -0.0000861312   0.0001081889   0.0002080262  -0.0000768956
        0.0003335752  -0.0005119935   0.0004112542   0.0000388665  -0.0000633487
        0.0000302965   0.0096196991   0.0023485763   0.0021845278   0.0141998668
        0.0027693362   0.0049645680   0.0490375788   0.0605209210   0.0146794701
        0.0000339157  -0.0000217808   0.0000049090
        0.0000407839   0.0000096478   0.0000511060   0.0002609416  -0.0000101723
        0.0001204291   0.0000274595   0.0000070393  -0.0002386029  -0.0002775931
       -0.0014221491   0.0004521876  -0.0046269498  -0.0024567828  -0.0014500844
        0.0005446998   0.0006261689   0.0003533889  -0.0602368144  -0.0113826735
       -0.0615407095  -0.0000475965   0.0000846699  -0.0000990108  -0.0000432049
       -0.0000867525   0.0000999693   0.0000096211  -0.0000115828   0.0000276867
       -0.0000154633   0.0000138634   0.0000094713   0.0000741454   0.0001065213
        0.0000981285  -0.0003509637  -0.0002348565  -0.0000754159  -0.0004601026
       -0.0002547617  -0.0001877225  -0.0000469179  -0.0000240712  -0.0001357047
       -0.0001215133   0.0003277560   0.0000716921   0.0001186823  -0.0000359068
       -0.0000995032   0.0234051795   0.0030425481   0.0050341759  -0.0294771611
       -0.0029744483  -0.0109708011   0.0711946790   0.0146794701   0.0683942063
        0.0000280885  -0.0000035271   0.0000851133
       -0.0028015054  -0.0011346492  -0.0027463666   0.0040351404   0.0070219010
       -0.0264835807   0.0007573063   0.0001781644  -0.0004347252   0.0013831009
        0.0002530287  -0.0011797844  -0.0000960334  -0.0000176926  -0.0000342661
       -0.0000234705   0.0000559924   0.0000689573   0.0001797090  -0.0000150896
        0.0001509944  -0.0539248106  -0.0375619826   0.0966742976   0.0003125907
        0.0002724110  -0.0012312862   0.0000043147   0.0001784126  -0.0000884426
        0.0000809785  -0.0001896237   0.0000884125  -0.0012120060  -0.0001547644
        0.0004174224  -0.0003148730   0.0001535321  -0.0000713995   0.0000905575
        0.0000194191  -0.0000408116  -0.0000204060   0.0000178734  -0.0000352565
        0.0000884314   0.0000148844   0.0000312173   0.0000055346  -0.0000005875
       -0.0000090260  -0.0000172976  -0.0000043268  -0.0000387957  -0.0000996111
       -0.0000897172  -0.0000255434   0.0001186692   0.0000339157   0.0000280885
        0.0514536806   0.0309688989  -0.0650401056
       -0.0008919274   0.0002882894  -0.0006215677   0.0030480241  -0.0004332109
       -0.0094448388  -0.0001170565   0.0013471537  -0.0017713433  -0.0007793910
        0.0000548453   0.0004940229   0.0000479443  -0.0000488556  -0.0000433094
       -0.0000928198  -0.0000804700   0.0000383412   0.0000965513  -0.0000876113
        0.0000111260  -0.0332046818  -0.0311854335   0.1002931131  -0.0000334194
        0.0002212709  -0.0003426975   0.0000703416   0.0000591221  -0.0001000378
        0.0001914163  -0.0000180712  -0.0002740702   0.0003624661   0.0007383330
       -0.0001018407   0.0003514048  -0.0004236338   0.0006100419   0.0000437419
        0.0000050946  -0.0000482784   0.0000367476  -0.0000252882   0.0000247239
       -0.0000267460   0.0000114157  -0.0000305867   0.0000271559   0.0000187963
       -0.0000369261  -0.0000238126  -0.0000029324  -0.0000986276  -0.0001184348
        0.0000081716   0.0000220028   0.0000435963  -0.0000217808  -0.0000035271
        0.0309688989   0.0295747950  -0.0885757207
       -0.0037153655  -0.0019222517  -0.0038271038  -0.0009387690   0.0013873354
       -0.0220702650  -0.0000991383   0.0003766742  -0.0000304801   0.0004574257
        0.0002339189   0.0014372381   0.0002912149   0.0000139430  -0.0000138153
        0.0001339145   0.0000069283  -0.0000199695   0.0001926508  -0.0000177258
       -0.0000351791   0.0706067168   0.0883511148  -0.3864920974   0.0000711778
        0.0005110310  -0.0011508139   0.0000021334  -0.0007130219   0.0001986757
       -0.0009619936   0.0001838591   0.0005574795  -0.0009713306   0.0002920945
        0.0003868272  -0.0000507993  -0.0000693644  -0.0002009681   0.0000866634
        0.0000024600   0.0000559133  -0.0000187111  -0.0000630490  -0.0000019652
       -0.0000001195  -0.0000078662   0.0000878775   0.0000091354   0.0000019756
        0.0001018866  -0.0000388883   0.0000647484  -0.0000465728  -0.0000933409
       -0.0000619922   0.0001081772   0.0000775287   0.0000049090   0.0000851133
       -0.0650401056  -0.0885757207   0.4108700416
