$hessian                                                                        
        0.5224961073  -0.0029077816   0.0029002867  -0.0651940722  -0.0048066609
        0.0027658876   0.0000801871   0.0033984932  -0.0031884663  -0.0064301222
       -0.0118388671   0.0230227650   0.0003970232  -0.0000760700   0.0010570342
       -0.0003131647  -0.0005809401   0.0001553690   0.0004734024   0.0000784468
        0.0002110385  -0.0532432150   0.0454937861   0.0079676710  -0.2494833505
        0.0178586935   0.0821629327  -0.1454531334  -0.0563664261  -0.1025798171
        0.0001187584   0.0092655630  -0.0184958253   0.0004100761   0.0013338514
        0.0001347341   0.0005646503   0.0006142561  -0.0006979191   0.0002079010
       -0.0002840173   0.0005038911   0.0003408337  -0.0006806734  -0.0000171365
       -0.0045162499   0.0000171722   0.0036121618  -0.0003064771  -0.0002659358
        0.0002775089  -0.0000494634  -0.0001413835   0.0002058396  -0.0000996913
       -0.0001115067   0.0000020440
       -0.0029077816   0.5081857090   0.0319237136  -0.0038427321  -0.0987979062
        0.0564918801   0.0006176840  -0.0231636588   0.0242229161  -0.0019090368
        0.0002847109   0.0006970849  -0.0004939923  -0.0011640879   0.0000466172
        0.0001006184   0.0009512987   0.0002769163  -0.0002021712  -0.0004400949
        0.0000067881   0.0452726066  -0.2652870827  -0.0424167060   0.0177192865
       -0.0452052044  -0.0084205373  -0.0562206549  -0.0761259868  -0.0584367479
       -0.0000848965   0.0041955255  -0.0056319729   0.0009311483  -0.0065537052
        0.0002568029  -0.0007816225   0.0007202429   0.0008976516   0.0001851721
        0.0008371242   0.0009047601   0.0004396830   0.0006488891  -0.0006334125
        0.0005919553   0.0004499081  -0.0001940269   0.0005988912   0.0003268001
        0.0001241028  -0.0000503805   0.0000078690  -0.0000107786   0.0000362231
        0.0001296494  -0.0001050517
        0.0029002867   0.0319237136   0.4713781614   0.0015248082   0.0569194949
       -0.1619220927  -0.0002535050   0.0034095902   0.0005360568   0.0078047122
        0.0073253877  -0.0147374062  -0.0012222152   0.0001524167   0.0003687115
        0.0004128419   0.0000183737   0.0001134877   0.0003517157  -0.0001043962
       -0.0006730233   0.0080009661  -0.0422440351  -0.0501449951   0.0824547294
       -0.0084046053  -0.0760167851  -0.1026586962  -0.0583633997  -0.1474157636
       -0.0019360525   0.0116215895  -0.0231791564   0.0001748068  -0.0010442983
        0.0009697795  -0.0000670976  -0.0007182090   0.0004805201   0.0002249555
       -0.0007766131   0.0008544816  -0.0005112679   0.0003699969   0.0003490290
        0.0025833753  -0.0002384104  -0.0009484501   0.0000602687   0.0002132009
        0.0000182143   0.0000171368  -0.0000054559  -0.0000185220   0.0001382309
       -0.0000543412  -0.0000122474
       -0.0651940722  -0.0038427321   0.0015248082   0.4737930501   0.0173251045
        0.0359231190  -0.0690294965   0.0185533988   0.0005137627  -0.1407819957
        0.0134708460   0.0505221962  -0.0343337015  -0.0049215524  -0.0026017394
        0.0027093379   0.0049901402   0.0003337945  -0.0001043524  -0.0011395606
       -0.0017671501   0.0002392275   0.0033572684  -0.0043529648  -0.0043598967
       -0.0140019585   0.0246347177   0.0002368683   0.0098823274  -0.0188141098
       -0.1480182622  -0.0534471796  -0.0976961159  -0.0004030286   0.0017004199
        0.0001386380  -0.0074301706   0.0263233182   0.0065339274   0.0035700606
       -0.0215103663  -0.0045112753  -0.0059971401   0.0032702775   0.0038077700
       -0.0051916072  -0.0003977037   0.0061275134  -0.0002627384   0.0002641526
       -0.0001606848   0.0000289310   0.0004817018  -0.0004339317   0.0005289867
       -0.0003579021   0.0002777247
       -0.0048066609  -0.0987979062   0.0569194949   0.0173251045   0.4786762604
        0.0130313186   0.0200921820  -0.1891885783  -0.0233402086   0.0061395981
       -0.0623487981  -0.0083510851  -0.0017438109   0.0032598252   0.0072643091
        0.0007774841  -0.0028156767  -0.0025073442  -0.0000184218   0.0008633247
       -0.0005749447  -0.0007418570  -0.0198760684   0.0253032571  -0.0007170192
        0.0003019704   0.0001677187   0.0011860213   0.0051966987  -0.0070030935
       -0.0533636094  -0.0670597362  -0.0476911285   0.0030896311  -0.0197664421
        0.0000397214   0.0032985726  -0.0063450314  -0.0024600268  -0.0011488402
       -0.0168947380  -0.0061952563   0.0243695329  -0.0067187168  -0.0133532388
       -0.0135167213   0.0017181579   0.0086489214  -0.0001698759  -0.0001945791
       -0.0000598038  -0.0000335896   0.0000625403   0.0000169054  -0.0000177206
       -0.0000725063   0.0001444839
        0.0027658876   0.0564918801  -0.1619220927   0.0359231190   0.0130313186
        0.4911636144   0.0012640743  -0.0239866370  -0.0688504575   0.0311589572
       -0.0094634227  -0.0786006364  -0.0082533119   0.0057914669   0.0144491737
        0.0004840400  -0.0033016154  -0.0024320434  -0.0002853005   0.0008179277
       -0.0039264494  -0.0002097913   0.0001517179   0.0026143415   0.0040765920
        0.0070386646  -0.0131883070  -0.0019957881   0.0105463239  -0.0243129333
       -0.0986493748  -0.0478999718  -0.1294942782  -0.0043657087   0.0259064718
        0.0023350319   0.0040645500  -0.0133084529  -0.0034228907   0.0012995910
       -0.0192047832  -0.0048886238   0.0093851266  -0.0029757932  -0.0044045508
        0.0235946018  -0.0002553877  -0.0141945118  -0.0002548431   0.0005545184
       -0.0004420716  -0.0003241283   0.0004448242  -0.0005522019   0.0003217072
       -0.0003790502   0.0000698869
        0.0000801871   0.0006176840  -0.0002535050  -0.0690294965   0.0200921820
        0.0012640743   0.5237607984   0.0137171503   0.0004897903  -0.0089431041
        0.0247383645   0.0078123393   0.0002746557  -0.0012091203  -0.0005754037
       -0.0021996840   0.0021684442   0.0004764185  -0.0001984931   0.0001536286
        0.0001695886   0.0004930840   0.0000183409   0.0003147232   0.0004726522
       -0.0008049581   0.0000782933   0.0002801211   0.0006098849   0.0003485319
        0.0027867290  -0.0195084755  -0.0050475731  -0.0445702335   0.0021410861
       -0.0046786097  -0.2299087841   0.0207212066   0.0972413704  -0.1694513942
       -0.0663204557  -0.0992095428  -0.0044159601   0.0020432482   0.0024733023
        0.0007220375   0.0006322047  -0.0007800947  -0.0000159543   0.0000499105
        0.0000385541  -0.0000364076   0.0000258893  -0.0000211730  -0.0001007535
        0.0001137847  -0.0001410840
        0.0033984932  -0.0231636588   0.0034095902   0.0185533988  -0.1891885783
       -0.0239866370   0.0137171503   0.4609404124  -0.0124241586   0.0077134064
       -0.0081743427  -0.0041260086  -0.0005131455  -0.0009203018  -0.0003469217
        0.0001521096   0.0013165195  -0.0000650176  -0.0003322862  -0.0000534440
        0.0001875885  -0.0000611431  -0.0019152786   0.0030552234   0.0002951586
        0.0004376555  -0.0007587530  -0.0000726222   0.0009751065  -0.0009341958
        0.0006414266  -0.0177578640  -0.0052554107   0.0023200179  -0.1010505250
        0.1034481941   0.0211367796  -0.0442684609  -0.0107337290  -0.0668598330
       -0.0782950371  -0.0517368391   0.0008783271   0.0004017810  -0.0002179620
       -0.0009640326   0.0007434029   0.0004724396   0.0000281825  -0.0000344083
       -0.0000149778  -0.0000100726  -0.0000036130  -0.0000131917  -0.0000213156
        0.0000106347   0.0000407667
       -0.0031884663   0.0242229161   0.0005360568   0.0005137627  -0.0233402086
       -0.0688504575   0.0004897903  -0.0124241586   0.5217346562   0.0067407237
       -0.0116754726  -0.0043805791  -0.0013301585  -0.0004352740  -0.0008255292
        0.0006638541   0.0006014842   0.0004238343   0.0000183483  -0.0003427752
        0.0003881259   0.0000605865   0.0043781515  -0.0038539004  -0.0006663965
        0.0006029908   0.0005563798   0.0002680074   0.0008330200   0.0012174202
        0.0012552188  -0.0201880422  -0.0041283666  -0.0046413659   0.1026605061
       -0.2239605426   0.0972441850  -0.0106156558  -0.0946073417  -0.1004265068
       -0.0522196686  -0.1242171645   0.0027961376  -0.0008479184  -0.0007002142
        0.0000848203  -0.0011846037   0.0005463272   0.0001146091  -0.0000649836
        0.0000169250   0.0000469811  -0.0000291195   0.0000615087  -0.0000441310
        0.0000688124   0.0000428616
       -0.0064301222  -0.0019090368   0.0078047122  -0.1407819957   0.0061395981
        0.0311589572  -0.0089431041   0.0077134064   0.0067407237   0.3974617426
        0.0000831549   0.0195659499  -0.1203937933  -0.0027077668  -0.0397374069
       -0.0055560760  -0.0273133956  -0.0201818362  -0.0127745488   0.0043416977
       -0.0192551747   0.0002569582   0.0002558861  -0.0006235850   0.0007092374
       -0.0004095654   0.0014588171   0.0008865340   0.0003424133  -0.0004860098
       -0.0304474066   0.0021335901   0.0098140652   0.0003186304  -0.0006096081
       -0.0001951276  -0.0000928730   0.0020119071   0.0001822391  -0.0003837249
       -0.0003654372  -0.0002078111  -0.0397773083   0.0153541310   0.0035600018
       -0.0324845583  -0.0072260106   0.0044414019  -0.0009172438   0.0006474615
       -0.0012435368  -0.0012257487   0.0029243817  -0.0022989960   0.0005754011
       -0.0014068074  -0.0004973839
       -0.0118388671   0.0002847109   0.0073253877   0.0134708460  -0.0623487981
       -0.0094634227   0.0247383645  -0.0081743427  -0.0116754726   0.0000831549
        0.5592717083  -0.0054474556  -0.0150939287  -0.0701101693  -0.0130687523
       -0.0364390553  -0.0230885672  -0.0311105812   0.0157322975   0.0008202496
        0.0092542615  -0.0007911395   0.0006250775   0.0005705657  -0.0008175550
       -0.0012503091   0.0033473885   0.0000405908   0.0002475582  -0.0003059179
       -0.0086059103   0.0014776097   0.0028596774   0.0005875174   0.0005784067
       -0.0007974845   0.0022156715  -0.0055661278  -0.0017883580  -0.0000828190
        0.0010946750   0.0000717601   0.0173951952  -0.2585024623  -0.0647889303
       -0.0050214526  -0.1330935566   0.1127828763   0.0005866461   0.0007528039
        0.0002528112   0.0031788924  -0.0028508144   0.0013668099   0.0006615512
       -0.0001676524   0.0006148367
        0.0230227650   0.0006970849  -0.0147374062   0.0505221962  -0.0083510851
       -0.0786006364   0.0078123393  -0.0041260086  -0.0043805791   0.0195659499
       -0.0054474556   0.4620461590  -0.0555988120  -0.0099672565  -0.1113712338
       -0.0205304889  -0.0207819753  -0.0042314455  -0.0174639092   0.0005244549
        0.0001344725   0.0001364485  -0.0007796103   0.0006806172   0.0012318881
        0.0024482692  -0.0043363346   0.0003838330  -0.0005126299   0.0011092448
       -0.0126103921   0.0008053384   0.0055763159  -0.0006624574   0.0004938555
        0.0004693712   0.0005821857  -0.0012042650   0.0000273542   0.0003173720
        0.0006429655   0.0004877777   0.0043517925  -0.0663078724  -0.0652858156
        0.0024466153   0.1111371844  -0.1884243884   0.0005510846  -0.0017588320
        0.0007459285  -0.0024006063   0.0011511117   0.0009369642  -0.0016578040
        0.0013367263  -0.0008463656
        0.0003970232  -0.0004939923  -0.0012222152  -0.0343337015  -0.0017438109
       -0.0082533119   0.0002746557  -0.0005131455  -0.0013301585  -0.1203937933
       -0.0150939287  -0.0555988120   0.3816079766   0.0613254692   0.1370720631
       -0.0967410613  -0.1123114442  -0.0427154188  -0.1138227966   0.0471443996
       -0.0267514501   0.0002373776  -0.0001754616   0.0004878006   0.0002696245
        0.0001395293  -0.0006137826   0.0003045767  -0.0002949997   0.0009828220
       -0.0028063404   0.0005972463   0.0016005261  -0.0002607293   0.0002058187
        0.0001573727   0.0007751093  -0.0004045231  -0.0001125660   0.0001120123
        0.0010495505   0.0004366405   0.0012480879  -0.0012379473   0.0023297038
       -0.0031318929   0.0033726432  -0.0022233724   0.0101361604  -0.0126506757
        0.0075308752  -0.0164879851   0.0170632299  -0.0101407444  -0.0073843037
        0.0140220422  -0.0016359721
       -0.0000760700  -0.0011640879   0.0001524167  -0.0049215524   0.0032598252
        0.0057914669  -0.0012091203  -0.0009203018  -0.0004352740  -0.0027077668
       -0.0701101693  -0.0099672565   0.0613254692   0.8041532659   0.1257608529
       -0.1107827020  -0.5806584055  -0.1529191127   0.0516052152  -0.1189724493
        0.0356200931  -0.0006166933  -0.0009049749  -0.0001916254   0.0003364770
        0.0000756703  -0.0003061983  -0.0002409753   0.0012474543  -0.0000291301
        0.0023231154   0.0005952546  -0.0008823031   0.0005335496  -0.0000248498
        0.0003119428  -0.0000598798  -0.0004279010   0.0003816715   0.0030260587
       -0.0015142755  -0.0013964832  -0.0196284878  -0.0103763409  -0.0173080795
        0.0109168714   0.0048520643   0.0140735354   0.0059142163  -0.0224388524
        0.0047152629  -0.0024481743   0.0076577887  -0.0015567208   0.0067104491
       -0.0143287150  -0.0018150585
        0.0010570342   0.0000466172   0.0003687115  -0.0026017394   0.0072643091
        0.0144491737  -0.0005754037  -0.0003469217  -0.0008255292  -0.0397374069
       -0.0130687523  -0.1113712338   0.1370720631   0.1257608529   0.3241049413
       -0.0437054781  -0.1506442954  -0.1094615151  -0.0247289236   0.0286070764
       -0.0845488134  -0.0000682357   0.0001617336   0.0000533196   0.0002070794
        0.0001680876  -0.0009135313   0.0001964705  -0.0002183172  -0.0011063763
        0.0058087862  -0.0002265896  -0.0011273848  -0.0002085552   0.0001603367
       -0.0001458039   0.0007083427  -0.0003524490  -0.0000083644   0.0012851835
       -0.0008273414   0.0003441140  -0.0065572410  -0.0040939649  -0.0052738895
       -0.0213159789  -0.0015356863  -0.0186989824  -0.0067751298   0.0118684296
       -0.0033223746  -0.0147623904   0.0159536405  -0.0079883808   0.0147015229
       -0.0186767658   0.0054719197
       -0.0003131647   0.0001006184   0.0004128419   0.0027093379   0.0007774841
        0.0004840400  -0.0021996840   0.0001521096   0.0006638541  -0.0055560760
       -0.0364390553  -0.0205304889  -0.0967410613  -0.1107827020  -0.0437054781
        0.0941613789   0.1273716209   0.0682330749   0.0162604888   0.0197525757
       -0.0004966690  -0.0000264632  -0.0001356604  -0.0002381764  -0.0000257877
        0.0000195167   0.0001304987  -0.0003182518   0.0000108966   0.0000555979
        0.0001364460  -0.0000385023  -0.0001242064   0.0000437703  -0.0002189226
       -0.0002428722  -0.0004950133  -0.0001936900   0.0000657223  -0.0016907792
       -0.0001189385  -0.0002745567  -0.0053445712  -0.0028712680  -0.0061975261
        0.0001761652  -0.0010048249   0.0002330765  -0.0015698884   0.0044928291
       -0.0008962479   0.0012822473  -0.0013353419   0.0019645965  -0.0004890935
        0.0004612548   0.0004629187
       -0.0005809401   0.0009512987   0.0000183737   0.0049901402  -0.0028156767
       -0.0033016154   0.0021684442   0.0013165195   0.0006014842  -0.0273133956
       -0.0230885672  -0.0207819753  -0.1123114442  -0.5806584055  -0.1506442954
        0.1273716209   0.6849261864   0.1840937170   0.0049700526  -0.0707452271
       -0.0098361213   0.0002676462   0.0000737685  -0.0000570412  -0.0000351197
       -0.0000453110   0.0004673505  -0.0000598990  -0.0006293062   0.0005803627
       -0.0017251760  -0.0000731040   0.0006922615  -0.0003018855  -0.0001420184
       -0.0002644394  -0.0001100455   0.0000576659  -0.0003322451  -0.0005819701
        0.0004483899   0.0009435332  -0.0041986539  -0.0012125297  -0.0049415241
        0.0013785537  -0.0010338036  -0.0013029476   0.0046335249  -0.0049714346
        0.0024388442  -0.0018788342   0.0022366926  -0.0005673491   0.0033173813
       -0.0045951373   0.0021936269
        0.0001553690   0.0002769163   0.0001134877   0.0003337945  -0.0025073442
       -0.0024320434   0.0004764185  -0.0000650176   0.0004238343  -0.0201818362
       -0.0311105812  -0.0042314455  -0.0427154188  -0.1529191127  -0.1094615151
        0.0682330749   0.1840937170   0.0964141425  -0.0033149282   0.0016630038
        0.0188650486   0.0000508331   0.0001247933  -0.0000389460  -0.0000355151
       -0.0000271364   0.0001819202   0.0000443066  -0.0001284042   0.0003401274
       -0.0012984904   0.0003695994   0.0004854956   0.0002412362  -0.0001050889
        0.0001606179  -0.0001776710  -0.0000558802  -0.0000424830  -0.0003413204
        0.0007504658  -0.0000861268  -0.0051759621  -0.0026821431  -0.0030641135
        0.0018556625  -0.0002041513   0.0018928547   0.0013974355  -0.0005426025
        0.0003959997   0.0018628606  -0.0007132084   0.0002007563  -0.0014098492
        0.0037821751  -0.0001176117
        0.0004734024  -0.0002021712   0.0003517157  -0.0001043524  -0.0000184218
       -0.0002853005  -0.0001984931  -0.0003322862   0.0000183483  -0.0127745488
        0.0157322975  -0.0174639092  -0.1138227966   0.0516052152  -0.0247289236
        0.0162604888   0.0049700526  -0.0033149282   0.4927533817   0.0403747951
        0.0162570773  -0.0004059024   0.0002833288  -0.0000792725  -0.0001449000
        0.0000984914  -0.0000424808  -0.0006418699   0.0000796429  -0.0000448860
       -0.0004713463   0.0000310700   0.0000657627   0.0000431947   0.0000250318
       -0.0000013152  -0.0000822797   0.0001258036   0.0000896785   0.0001276485
       -0.0000260625  -0.0000815487  -0.0003720110   0.0014523886   0.0001998557
       -0.0037862817  -0.0003673534  -0.0030088449  -0.1262668981  -0.1065549732
        0.0578234741  -0.1611721698  -0.0531358199  -0.1100068944  -0.0894142663
        0.0458589707   0.0842523918
        0.0000784468  -0.0004400949  -0.0001043962  -0.0011395606   0.0008633247
        0.0008179277   0.0001536286  -0.0000534440  -0.0003427752   0.0043416977
        0.0008202496   0.0005244549   0.0471443996  -0.1189724493   0.0286070764
        0.0197525757  -0.0707452271   0.0016630038   0.0403747951   0.4833033216
        0.0233119870  -0.0001332761   0.0002849199   0.0000243919   0.0000272417
        0.0000174291  -0.0000170218   0.0002865548  -0.0000025340   0.0000340019
        0.0005536422   0.0000637499  -0.0000084400  -0.0000899930  -0.0000089531
       -0.0000113197   0.0002569146  -0.0000254190   0.0000165217  -0.0004381791
        0.0001524146   0.0003704456  -0.0006955570   0.0005994168  -0.0002103024
       -0.0004731386   0.0004991671  -0.0003686360  -0.1018593917  -0.1540925296
        0.0727085947  -0.0523862380  -0.0686217864  -0.0480208242   0.0442454373
       -0.0736415559  -0.0789946900
        0.0002110385   0.0000067881  -0.0006730233  -0.0017671501  -0.0005749447
       -0.0039264494   0.0001695886   0.0001875885   0.0003881259  -0.0192551747
        0.0092542615   0.0001344725  -0.0267514501   0.0356200931  -0.0845488134
       -0.0004966690  -0.0098361213   0.0188650486   0.0162570773   0.0233119870
        0.4971306827   0.0000867584  -0.0002036466  -0.0000710424   0.0001068073
        0.0000246962   0.0001306549   0.0003278688   0.0002166430   0.0003324359
       -0.0014955901  -0.0000737525   0.0006075359   0.0000184350  -0.0000716256
        0.0000387243  -0.0001870958   0.0001180880   0.0000350665  -0.0001690567
       -0.0000716407  -0.0001404308  -0.0000674719   0.0012950828   0.0004247208
       -0.0011585453   0.0004111801  -0.0007496652   0.0565591440   0.0743614434
       -0.0830028757  -0.1098604683  -0.0489748109  -0.1491951855   0.0874719541
       -0.0850013093  -0.1957799822
       -0.0532432150   0.0452726066   0.0080009661   0.0002392275  -0.0007418570
       -0.0002097913   0.0004930840  -0.0000611431   0.0000605865   0.0002569582
       -0.0007911395   0.0001364485   0.0002373776  -0.0006166933  -0.0000682357
       -0.0000264632   0.0002676462   0.0000508331  -0.0004059024  -0.0001332761
        0.0000867584   0.0593390622  -0.0536653446  -0.0101895935  -0.0096606940
        0.0309643908   0.0077997343   0.0033540750  -0.0212652031  -0.0055759687
       -0.0001319092   0.0003991050  -0.0001657230   0.0002323503  -0.0000077872
       -0.0000241155   0.0000465339  -0.0000983487  -0.0000090559  -0.0000178861
        0.0000730431  -0.0000410103   0.0000904752  -0.0000016008   0.0003652405
       -0.0000858464   0.0000820190  -0.0000176854  -0.0007912124   0.0001445468
       -0.0001540192   0.0000965858   0.0001089933  -0.0000620146  -0.0000226008
        0.0000700426   0.0000166458
        0.0454937861  -0.2652870827  -0.0422440351   0.0033572684  -0.0198760684
        0.0001517179   0.0000183409  -0.0019152786   0.0043781515   0.0002558861
        0.0006250775  -0.0007796103  -0.0001754616  -0.0009049749   0.0001617336
       -0.0001356604   0.0000737685   0.0001247933   0.0002833288   0.0002849199
       -0.0002036466  -0.0536653446   0.3083935530   0.0467608635   0.0035934816
       -0.0060283387  -0.0026299613   0.0012084687  -0.0157547046  -0.0057492155
        0.0001999059   0.0003416042  -0.0003128771   0.0002045483  -0.0014136256
        0.0001552336  -0.0002631519   0.0002222900   0.0000686982   0.0001879013
        0.0003226472   0.0000812594  -0.0003055977   0.0002723323   0.0004196119
        0.0001924981   0.0001577644  -0.0002138885  -0.0005705333   0.0004529850
       -0.0001428828   0.0000793661   0.0000219926  -0.0000049787   0.0000409692
        0.0000111388  -0.0000209670
        0.0079676710  -0.0424167060  -0.0501449951  -0.0043529648   0.0253032571
        0.0026143415   0.0003147232   0.0030552234  -0.0038539004  -0.0006235850
        0.0005705657   0.0006806172   0.0004878006  -0.0001916254   0.0000533196
       -0.0002381764  -0.0000570412  -0.0000389460  -0.0000792725   0.0000243919
       -0.0000710424  -0.0101895935   0.0467608635   0.0582893920   0.0039191711
       -0.0123803501  -0.0022703216   0.0030044810  -0.0223904291  -0.0053830377
       -0.0000199198   0.0002609155   0.0005423916  -0.0002267822   0.0015756732
        0.0000742110  -0.0000531003  -0.0000859373  -0.0001524619   0.0000467857
        0.0000553755  -0.0001127941   0.0002951465  -0.0000354469  -0.0004120537
       -0.0001377444  -0.0001226845   0.0000244902  -0.0001710879   0.0000301448
        0.0003079661  -0.0000279384  -0.0000099713  -0.0000660269   0.0000843860
        0.0000537812  -0.0000811494
       -0.2494833505   0.0177192865   0.0824547294  -0.0043598967  -0.0007170192
        0.0040765920   0.0004726522   0.0002951586  -0.0006663965   0.0007092374
       -0.0008175550   0.0012318881   0.0002696245   0.0003364770   0.0002070794
       -0.0000257877  -0.0000351197  -0.0000355151  -0.0001449000   0.0000272417
        0.0001068073  -0.0096606940   0.0035934816   0.0039191711   0.2880276222
       -0.0209899498  -0.0970095904  -0.0263414290   0.0009248584   0.0058945040
        0.0006277180   0.0002457171  -0.0002504109   0.0000377769   0.0001030450
       -0.0001623397   0.0004199039  -0.0002328602   0.0000023955  -0.0002858462
       -0.0000150813   0.0000347615   0.0000113117  -0.0001097209  -0.0001763629
       -0.0003752421   0.0000040746   0.0002387450   0.0000288038  -0.0002646487
        0.0000935195   0.0000402451  -0.0000222442   0.0000379938   0.0000322505
       -0.0000451415   0.0000024287
        0.0178586935  -0.0452052044  -0.0084046053  -0.0140019585   0.0003019704
        0.0070386646  -0.0008049581   0.0004376555   0.0006029908  -0.0004095654
       -0.0012503091   0.0024482692   0.0001395293   0.0000756703   0.0001680876
        0.0000195167  -0.0000453110  -0.0000271364   0.0000984914   0.0000174291
        0.0000246962   0.0309643908  -0.0060283387  -0.0123803501  -0.0209899498
        0.0506556759   0.0071879344  -0.0124305559   0.0012809961   0.0032303762
        0.0000004629   0.0003094043  -0.0005620985   0.0000768186   0.0000451592
       -0.0001545656   0.0003034306  -0.0006977814   0.0002948988  -0.0000217336
       -0.0000779902  -0.0000340625   0.0000259352  -0.0000210698   0.0001106819
       -0.0006892283   0.0001758246   0.0005307333  -0.0001992528  -0.0000330295
       -0.0000834762   0.0000656979   0.0000497776  -0.0000167682  -0.0000057646
        0.0000094713   0.0000257298
        0.0821629327  -0.0084205373  -0.0760167851   0.0246347177   0.0001677187
       -0.0131883070   0.0000782933  -0.0007587530   0.0005563798   0.0014588171
        0.0033473885  -0.0043363346  -0.0006137826  -0.0003061983  -0.0009135313
        0.0001304987   0.0004673505   0.0001819202  -0.0000424808  -0.0000170218
        0.0001306549   0.0077997343  -0.0026299613  -0.0022703216  -0.0970095904
        0.0071879344   0.0892162971  -0.0199536038   0.0010956747   0.0070944175
        0.0005791194  -0.0003930266   0.0002078400  -0.0000226035  -0.0002220087
        0.0000320035  -0.0001785909   0.0004266328   0.0001630258  -0.0001036263
        0.0000084589  -0.0000978982  -0.0001809653   0.0001191586   0.0000831868
        0.0013666583   0.0000121707  -0.0008686708  -0.0000375405  -0.0001183120
       -0.0000370090   0.0000167356   0.0000268640   0.0000216030  -0.0000847230
        0.0000064670   0.0000415293
       -0.1454531334  -0.0562206549  -0.1026586962   0.0002368683   0.0011860213
       -0.0019957881   0.0002801211  -0.0000726222   0.0002680074   0.0008865340
        0.0000405908   0.0003838330   0.0003045767  -0.0002409753   0.0001964705
       -0.0003182518  -0.0000598990   0.0000443066  -0.0006418699   0.0002865548
        0.0003278688   0.0033540750   0.0012084687   0.0030044810  -0.0263414290
       -0.0124305559  -0.0199536038   0.1676209073   0.0655249831   0.1204614157
        0.0010253100   0.0001401813  -0.0002997632  -0.0000434698  -0.0000399050
        0.0001977239  -0.0004222096  -0.0000090228  -0.0000911121   0.0003326853
        0.0003027237  -0.0000451973  -0.0001060475   0.0000502554  -0.0000117325
       -0.0001408646  -0.0000525268  -0.0000034792  -0.0002828477   0.0004377393
        0.0002425388  -0.0002120349  -0.0000476881  -0.0000621891  -0.0000789194
       -0.0000036686  -0.0000050842
       -0.0563664261  -0.0761259868  -0.0583633997   0.0098823274   0.0051966987
        0.0105463239   0.0006098849   0.0009751065   0.0008330200   0.0003424133
        0.0002475582  -0.0005126299  -0.0002949997   0.0012474543  -0.0002183172
        0.0000108966  -0.0006293062  -0.0001284042   0.0000796429  -0.0000025340
        0.0002166430  -0.0212652031  -0.0157547046  -0.0223904291   0.0009248584
        0.0012809961   0.0010956747   0.0655249831   0.0857670841   0.0657996162
        0.0004011388  -0.0009915925   0.0033627660  -0.0000652660   0.0000015994
       -0.0001371182   0.0000566172  -0.0000512799  -0.0000380696  -0.0001887428
       -0.0002563134   0.0001547869  -0.0001160703  -0.0001766597  -0.0000578178
        0.0000341292  -0.0000477983  -0.0000048790   0.0005068497  -0.0005350976
       -0.0003100603   0.0000012452  -0.0000346200   0.0000589644  -0.0000782788
       -0.0001106042   0.0000933300
       -0.1025798171  -0.0584367479  -0.1474157636  -0.0188141098  -0.0070030935
       -0.0243129333   0.0003485319  -0.0009341958   0.0012174202  -0.0004860098
       -0.0003059179   0.0011092448   0.0009828220  -0.0000291301  -0.0011063763
        0.0000555979   0.0005803627   0.0003401274  -0.0000448860   0.0000340019
        0.0003324359  -0.0055759687  -0.0057492155  -0.0053830377   0.0058945040
        0.0032303762   0.0070944175   0.1204614157   0.0657996162   0.1734493052
       -0.0003609142   0.0031945241  -0.0058914351   0.0000921356  -0.0002790695
        0.0002354304  -0.0000785402   0.0000499062  -0.0000689767   0.0001591568
        0.0005346700   0.0001165678  -0.0001617894  -0.0000161478  -0.0000951369
       -0.0001314404  -0.0000816941   0.0003018221   0.0003598562  -0.0005721236
        0.0000016028   0.0000069795  -0.0000253418   0.0000458743  -0.0001275240
        0.0000092201   0.0000294111
        0.0001187584  -0.0000848965  -0.0019360525  -0.1480182622  -0.0533636094
       -0.0986493748   0.0027867290   0.0006414266   0.0012552188  -0.0304474066
       -0.0086059103  -0.0126103921  -0.0028063404   0.0023231154   0.0058087862
        0.0001364460  -0.0017251760  -0.0012984904  -0.0004713463   0.0005536422
       -0.0014955901  -0.0001319092   0.0001999059  -0.0000199198   0.0006277180
        0.0000004629   0.0005791194   0.0010253100   0.0004011388  -0.0003609142
        0.1752649207   0.0593972722   0.1094539514   0.0000688188  -0.0001666948
        0.0002498539   0.0004026479   0.0002282444   0.0001606408   0.0007132060
        0.0003875918   0.0000962764   0.0002256768  -0.0000005083  -0.0006235456
        0.0005524360  -0.0002386467  -0.0002774519  -0.0001241651   0.0000194901
       -0.0001686762  -0.0000479364   0.0002294936  -0.0001916830   0.0001246985
       -0.0001963420   0.0000282436
        0.0092655630   0.0041955255   0.0116215895  -0.0534471796  -0.0670597362
       -0.0478999718  -0.0195084755  -0.0177578640  -0.0201880422   0.0021335901
        0.0014776097   0.0008053384   0.0005972463   0.0005952546  -0.0002265896
       -0.0000385023  -0.0000731040   0.0003695994   0.0000310700   0.0000637499
       -0.0000737525   0.0003991050   0.0003416042   0.0002609155   0.0002457171
        0.0003094043  -0.0003930266   0.0001401813  -0.0009915925   0.0031945241
        0.0593972722   0.0844622931   0.0545301511  -0.0005615715   0.0005029276
       -0.0002016191  -0.0002950654   0.0005671920  -0.0000364640   0.0010982044
       -0.0068509467  -0.0020534262   0.0009576778   0.0004064746   0.0002702042
       -0.0004017632  -0.0002102553  -0.0000175788  -0.0000134481   0.0000278301
        0.0000213343  -0.0000107243  -0.0000040189   0.0000041884   0.0000111027
       -0.0000023482   0.0000126259
       -0.0184958253  -0.0056319729  -0.0231791564  -0.0976961159  -0.0476911285
       -0.1294942782  -0.0050475731  -0.0052554107  -0.0041283666   0.0098140652
        0.0028596774   0.0055763159   0.0016005261  -0.0008823031  -0.0011273848
       -0.0001242064   0.0006922615   0.0004854956   0.0000657627  -0.0000084400
        0.0006075359  -0.0001657230  -0.0003128771   0.0005423916  -0.0002504109
       -0.0005620985   0.0002078400  -0.0002997632   0.0033627660  -0.0058914351
        0.1094539514   0.0545301511   0.1551121599   0.0002519154   0.0006061776
        0.0006001380   0.0000111172  -0.0000429322  -0.0002841239   0.0004780010
       -0.0018889035   0.0001637968   0.0001433651   0.0003077193   0.0004388587
        0.0001652561   0.0000023005   0.0003698278   0.0000589614  -0.0000763961
       -0.0000864242   0.0001020107  -0.0000600203   0.0000598967  -0.0000653145
        0.0000514294   0.0000269123
        0.0004100761   0.0009311483   0.0001748068  -0.0004030286   0.0030896311
       -0.0043657087  -0.0445702335   0.0023200179  -0.0046413659   0.0003186304
        0.0005875174  -0.0006624574  -0.0002607293   0.0005335496  -0.0002085552
        0.0000437703  -0.0003018855   0.0002412362   0.0000431947  -0.0000899930
        0.0000184350   0.0002323503   0.0002045483  -0.0002267822   0.0000377769
        0.0000768186  -0.0000226035  -0.0000434698  -0.0000652660   0.0000921356
        0.0000688188  -0.0005615715   0.0002519154   0.0477896675  -0.0036292737
        0.0047184402  -0.0017812100  -0.0138091037   0.0274047718  -0.0016262755
        0.0104860805  -0.0233925750  -0.0000436991  -0.0001492578   0.0000788536
       -0.0002913637   0.0004105974   0.0005108062   0.0000305323  -0.0000300477
        0.0000145664   0.0000359606  -0.0000136814   0.0000082721   0.0000092317
        0.0000101713   0.0000058085
        0.0013338514  -0.0065537052  -0.0010442983   0.0017004199  -0.0197664421
        0.0259064718   0.0021410861  -0.1010505250   0.1026605061  -0.0006096081
        0.0005784067   0.0004938555   0.0002058187  -0.0000248498   0.0001603367
       -0.0002189226  -0.0001420184  -0.0001050889   0.0000250318  -0.0000089531
       -0.0000716256  -0.0000077872  -0.0014136256   0.0015756732   0.0001030450
        0.0000451592  -0.0002220087  -0.0000399050   0.0000015994  -0.0002790695
       -0.0001666948   0.0005029276   0.0006061776  -0.0036292737   0.1203462955
       -0.1201169310  -0.0009248387   0.0014376628  -0.0002274096  -0.0002354135
        0.0058821802  -0.0088684525  -0.0002348197   0.0001930556   0.0000247528
        0.0006473637  -0.0000681709  -0.0004860510  -0.0000668055   0.0000150684
        0.0000103027  -0.0000309609   0.0000298938  -0.0000049850   0.0000084132
       -0.0000039590  -0.0000121563
        0.0001347341   0.0002568029   0.0009697795   0.0001386380   0.0000397214
        0.0023350319  -0.0046786097   0.1034481941  -0.2239605426  -0.0001951276
       -0.0007974845   0.0004693712   0.0001573727   0.0003119428  -0.0001458039
       -0.0002428722  -0.0002644394   0.0001606179  -0.0000013152  -0.0000113197
        0.0000387243  -0.0000241155   0.0001552336   0.0000742110  -0.0001623397
       -0.0001545656   0.0000320035   0.0001977239  -0.0001371182   0.0002354304
        0.0002498539  -0.0002016191   0.0006001380   0.0047184402  -0.1201169310
        0.2584719133   0.0025258179   0.0084144804  -0.0175469154  -0.0028754119
        0.0092812432  -0.0219304222   0.0000523650  -0.0001367559  -0.0000044423
       -0.0000351186  -0.0000390678   0.0002172014   0.0000308522  -0.0000363279
       -0.0000264227   0.0000137446  -0.0000049179  -0.0000217189  -0.0000046322
       -0.0000070713   0.0000318456
        0.0005646503  -0.0007816225  -0.0000670976  -0.0074301706   0.0032985726
        0.0040645500  -0.2299087841   0.0211367796   0.0972441850  -0.0000928730
        0.0022156715   0.0005821857   0.0007751093  -0.0000598798   0.0007083427
       -0.0004950133  -0.0001100455  -0.0001776710  -0.0000822797   0.0002569146
       -0.0001870958   0.0000465339  -0.0002631519  -0.0000531003   0.0004199039
        0.0003034306  -0.0001785909  -0.0004222096   0.0000566172  -0.0000785402
        0.0004026479  -0.0002950654   0.0000111172  -0.0017812100  -0.0009248387
        0.0025258179   0.2656671931  -0.0253908448  -0.1145263602  -0.0272419064
        0.0003034864   0.0102854657  -0.0005741400   0.0002185040   0.0002161436
        0.0001528621   0.0000428195  -0.0003335227  -0.0000189860   0.0000349272
       -0.0000029811  -0.0000100289  -0.0000035059  -0.0000160277   0.0000287013
       -0.0000387684  -0.0000168204
        0.0006142561   0.0007202429  -0.0007182090   0.0263233182  -0.0063450314
       -0.0133084529   0.0207212066  -0.0442684609  -0.0106156558   0.0020119071
       -0.0055661278  -0.0012042650  -0.0004045231  -0.0004279010  -0.0003524490
       -0.0001936900   0.0000576659  -0.0000558802   0.0001258036  -0.0000254190
        0.0001180880  -0.0000983487   0.0002222900  -0.0000859373  -0.0002328602
       -0.0006977814   0.0004266328  -0.0000090228  -0.0000512799   0.0000499062
        0.0002282444   0.0005671920  -0.0000429322  -0.0138091037   0.0014376628
        0.0084144804  -0.0253908448   0.0533455971   0.0130641377  -0.0110660193
        0.0015645973   0.0050239271   0.0014618595  -0.0004801056  -0.0008060011
       -0.0002658442  -0.0001138704   0.0000813797   0.0000069071   0.0000141007
       -0.0000409556   0.0000000811   0.0000161018   0.0000213808  -0.0000233267
        0.0000305268   0.0000308058
       -0.0006979191   0.0008976516   0.0004805201   0.0065339274  -0.0024600268
       -0.0034228907   0.0972413704  -0.0107337290  -0.0946073417   0.0001822391
       -0.0017883580   0.0000273542  -0.0001125660   0.0003816715  -0.0000083644
        0.0000657223  -0.0003322451  -0.0000424830   0.0000896785   0.0000165217
        0.0000350665  -0.0000090559   0.0000686982  -0.0001524619   0.0000023955
        0.0002948988   0.0001630258  -0.0000911121  -0.0000380696  -0.0000689767
        0.0001606408  -0.0000364640  -0.0002841239   0.0274047718  -0.0002274096
       -0.0175469154  -0.1145263602   0.0130641377   0.1072912511  -0.0165439089
        0.0011748702   0.0079838243   0.0004157081  -0.0002368981  -0.0000692502
       -0.0000947430  -0.0000697941   0.0001847057  -0.0000238447   0.0000040504
        0.0000047295   0.0000211901   0.0000083180   0.0000343556  -0.0000181341
        0.0000121763  -0.0000020250
        0.0002079010   0.0001851721   0.0002249555   0.0035700606  -0.0011488402
        0.0012995910  -0.1694513942  -0.0668598330  -0.1004265068  -0.0003837249
       -0.0000828190   0.0003173720   0.0001120123   0.0030260587   0.0012851835
       -0.0016907792  -0.0005819701  -0.0003413204   0.0001276485  -0.0004381791
       -0.0001690567  -0.0000178861   0.0001879013   0.0000467857  -0.0002858462
       -0.0000217336  -0.0001036263   0.0003326853  -0.0001887428   0.0001591568
        0.0007132060   0.0010982044   0.0004780010  -0.0016262755  -0.0002354135
       -0.0028754119  -0.0272419064  -0.0110660193  -0.0165439089   0.1956657808
        0.0762259469   0.1167430739  -0.0001485590   0.0000240428  -0.0000843455
        0.0000925057  -0.0000591253  -0.0000161161   0.0000202627  -0.0000375365
        0.0000164245  -0.0000426502   0.0000269386  -0.0000243412   0.0000469587
       -0.0000540524   0.0000140897
       -0.0002840173   0.0008371242  -0.0007766131  -0.0215103663  -0.0168947380
       -0.0192047832  -0.0663204557  -0.0782950371  -0.0522196686  -0.0003654372
        0.0010946750   0.0006429655   0.0010495505  -0.0015142755  -0.0008273414
       -0.0001189385   0.0004483899   0.0007504658  -0.0000260625   0.0001524146
       -0.0000716407   0.0000730431   0.0003226472   0.0000553755  -0.0000150813
       -0.0000779902   0.0000084589   0.0003027237  -0.0002563134   0.0005346700
        0.0003875918  -0.0068509467  -0.0018889035   0.0104860805   0.0058821802
        0.0092812432   0.0003034864   0.0015645973   0.0011748702   0.0762259469
        0.0933930478   0.0624116685  -0.0001956061   0.0002603561   0.0001797944
        0.0000589633  -0.0000363555  -0.0000254825  -0.0000327915  -0.0000780921
       -0.0000412342   0.0000321471   0.0000453491   0.0000114867  -0.0000507769
        0.0000029670   0.0000046686
        0.0005038911   0.0009047601   0.0008544816  -0.0045112753  -0.0061952563
       -0.0048886238  -0.0992095428  -0.0517368391  -0.1242171645  -0.0002078111
        0.0000717601   0.0004877777   0.0004366405  -0.0013964832   0.0003441140
       -0.0002745567   0.0009435332  -0.0000861268  -0.0000815487   0.0003704456
       -0.0001404308  -0.0000410103   0.0000812594  -0.0001127941   0.0000347615
       -0.0000340625  -0.0000978982  -0.0000451973   0.0001547869   0.0001165678
        0.0000962764  -0.0020534262   0.0001637968  -0.0233925750  -0.0088684525
       -0.0219304222   0.0102854657   0.0050239271   0.0079838243   0.1167430739
        0.0624116685   0.1420144282  -0.0000867755   0.0002583086  -0.0000138358
       -0.0001371282  -0.0000304803  -0.0004061894  -0.0000554783   0.0000525484
       -0.0000395803  -0.0000346064   0.0000614447  -0.0000000749  -0.0000226036
       -0.0000194425  -0.0000318496
        0.0003408337   0.0004396830  -0.0005112679  -0.0059971401   0.0243695329
        0.0093851266  -0.0044159601   0.0008783271   0.0027961376  -0.0397773083
        0.0173951952   0.0043517925   0.0012480879  -0.0196284878  -0.0065572410
       -0.0053445712  -0.0041986539  -0.0051759621  -0.0003720110  -0.0006955570
       -0.0000674719   0.0000904752  -0.0003055977   0.0002951465   0.0000113117
        0.0000259352  -0.0001809653  -0.0001060475  -0.0001160703  -0.0001617894
        0.0002256768   0.0009576778   0.0001433651  -0.0000436991  -0.0002348197
        0.0000523650  -0.0005741400   0.0014618595   0.0004157081  -0.0001485590
       -0.0001956061  -0.0000867755   0.0546039288  -0.0191061051  -0.0039161975
        0.0011301132  -0.0009493751  -0.0002317470   0.0002277130  -0.0000367046
       -0.0005158061   0.0000834891  -0.0000508740   0.0001436523  -0.0011821931
       -0.0000103594  -0.0001780701
       -0.0006806734   0.0006488891   0.0003699969   0.0032702775  -0.0067187168
       -0.0029757932   0.0020432482   0.0004017810  -0.0008479184   0.0153541310
       -0.2585024623  -0.0663078724  -0.0012379473  -0.0103763409  -0.0040939649
       -0.0028712680  -0.0012125297  -0.0026821431   0.0014523886   0.0005994168
        0.0012950828  -0.0000016008   0.0002723323  -0.0000354469  -0.0001097209
       -0.0000210698   0.0001191586   0.0000502554  -0.0001766597  -0.0000161478
       -0.0000005083   0.0004064746   0.0003077193  -0.0001492578   0.0001930556
       -0.0001367559   0.0002185040  -0.0004801056  -0.0002368981   0.0000240428
        0.0002603561   0.0002583086  -0.0191061051   0.2972707650   0.0777528987
        0.0014149039  -0.0232248959  -0.0033215500   0.0001210587   0.0003335182
        0.0000462404   0.0003618799  -0.0000664809   0.0003405370  -0.0001536086
        0.0003926729   0.0001645484
       -0.0000171365  -0.0006334125   0.0003490290   0.0038077700  -0.0133532388
       -0.0044045508   0.0024733023  -0.0002179620  -0.0007002142   0.0035600018
       -0.0647889303  -0.0652858156   0.0023297038  -0.0173080795  -0.0052738895
       -0.0061975261  -0.0049415241  -0.0030641135   0.0001998557  -0.0002103024
        0.0004247208   0.0003652405   0.0004196119  -0.0004120537  -0.0001763629
        0.0001106819   0.0000831868  -0.0000117325  -0.0000578178  -0.0000951369
       -0.0006235456   0.0002702042   0.0004388587   0.0000788536   0.0000247528
       -0.0000044423   0.0002161436  -0.0008060011  -0.0000692502  -0.0000843455
        0.0001797944  -0.0000138358  -0.0039161975   0.0777528987   0.0728889540
       -0.0015740209   0.0234473582   0.0057763262  -0.0001967626   0.0002150541
       -0.0009719222   0.0002622254  -0.0000100724   0.0001159464  -0.0004954668
       -0.0000930152   0.0002182029
       -0.0045162499   0.0005919553   0.0025833753  -0.0051916072  -0.0135167213
        0.0235946018   0.0007220375  -0.0009640326   0.0000848203  -0.0324845583
       -0.0050214526   0.0024466153  -0.0031318929   0.0109168714  -0.0213159789
        0.0001761652   0.0013785537   0.0018556625  -0.0037862817  -0.0004731386
       -0.0011585453  -0.0000858464   0.0001924981  -0.0001377444  -0.0003752421
       -0.0006892283   0.0013666583  -0.0001408646   0.0000341292  -0.0001314404
        0.0005524360  -0.0004017632   0.0001652561  -0.0002913637   0.0006473637
       -0.0000351186   0.0001528621  -0.0002658442  -0.0000947430   0.0000925057
        0.0000589633  -0.0001371282   0.0011301132   0.0014149039  -0.0015740209
        0.0481547153   0.0057771489  -0.0075121608   0.0001417302  -0.0004854295
        0.0002931128  -0.0008883837   0.0005677559  -0.0000891863  -0.0002302748
        0.0002374667  -0.0002040358
        0.0000171722   0.0004499081  -0.0002384104  -0.0003977037   0.0017181579
       -0.0002553877   0.0006322047   0.0007434029  -0.0011846037  -0.0072260106
       -0.1330935566   0.1111371844   0.0033726432   0.0048520643  -0.0015356863
       -0.0010048249  -0.0010338036  -0.0002041513  -0.0003673534   0.0004991671
        0.0004111801   0.0000820190   0.0001577644  -0.0001226845   0.0000040746
        0.0001758246   0.0000121707  -0.0000525268  -0.0000477983  -0.0000816941
       -0.0002386467  -0.0002102553   0.0000023005   0.0004105974  -0.0000681709
       -0.0000390678   0.0000428195  -0.0001138704  -0.0000697941  -0.0000591253
       -0.0000363555  -0.0000304803  -0.0009493751  -0.0232248959   0.0234473582
        0.0057771489   0.1490366719  -0.1309601228   0.0001050216   0.0001734195
       -0.0002170680   0.0000520787   0.0001217881  -0.0000521418  -0.0002002133
       -0.0000994621  -0.0000189011
        0.0036121618  -0.0001940269  -0.0009484501   0.0061275134   0.0086489214
       -0.0141945118  -0.0007800947   0.0004724396   0.0005463272   0.0044414019
        0.1127828763  -0.1884243884  -0.0022233724   0.0140735354  -0.0186989824
        0.0002330765  -0.0013029476   0.0018928547  -0.0030088449  -0.0003686360
       -0.0007496652  -0.0000176854  -0.0002138885   0.0000244902   0.0002387450
        0.0005307333  -0.0008686708  -0.0000034792  -0.0000048790   0.0003018221
       -0.0002774519  -0.0000175788   0.0003698278   0.0005108062  -0.0004860510
        0.0002172014  -0.0003335227   0.0000813797   0.0001847057  -0.0000161161
       -0.0000254825  -0.0004061894  -0.0002317470  -0.0033215500   0.0057763262
       -0.0075121608  -0.1309601228   0.2150359269   0.0002106479  -0.0004289739
        0.0001672871  -0.0006737596   0.0006103983  -0.0000233775  -0.0002961181
        0.0001238531  -0.0002025337
       -0.0003064771   0.0005988912   0.0000602687  -0.0002627384  -0.0001698759
       -0.0002548431  -0.0000159543   0.0000281825   0.0001146091  -0.0009172438
        0.0005866461   0.0005510846   0.0101361604   0.0059142163  -0.0067751298
       -0.0015698884   0.0046335249   0.0013974355  -0.1262668981  -0.1018593917
        0.0565591440  -0.0007912124  -0.0005705333  -0.0001710879   0.0000288038
       -0.0001992528  -0.0000375405  -0.0002828477   0.0005068497   0.0003598562
       -0.0001241651  -0.0000134481   0.0000589614   0.0000305323  -0.0000668055
        0.0000308522  -0.0000189860   0.0000069071  -0.0000238447   0.0000202627
       -0.0000327915  -0.0000554783   0.0002277130   0.0001210587  -0.0001967626
        0.0001417302   0.0001050216   0.0002106479   0.1451040631   0.1176536832
       -0.0693354583  -0.0151114707  -0.0164863193   0.0075526639  -0.0100213835
       -0.0107565631   0.0099546214
       -0.0002659358   0.0003268001   0.0002132009   0.0002641526  -0.0001945791
        0.0005545184   0.0000499105  -0.0000344083  -0.0000649836   0.0006474615
        0.0007528039  -0.0017588320  -0.0126506757  -0.0224388524   0.0118684296
        0.0044928291  -0.0049714346  -0.0005426025  -0.1065549732  -0.1540925296
        0.0743614434   0.0001445468   0.0004529850   0.0000301448  -0.0002646487
       -0.0000330295  -0.0001183120   0.0004377393  -0.0005350976  -0.0005721236
        0.0000194901   0.0000278301  -0.0000763961  -0.0000300477   0.0000150684
       -0.0000363279   0.0000349272   0.0000141007   0.0000040504  -0.0000375365
       -0.0000780921   0.0000525484  -0.0000367046   0.0003335182   0.0002150541
       -0.0004854295   0.0001734195  -0.0004289739   0.1176536832   0.1794501238
       -0.0824230009  -0.0086382302  -0.0077289455   0.0031543408   0.0052194415
        0.0085603190  -0.0044321782
        0.0002775089   0.0001241028   0.0000182143  -0.0001606848  -0.0000598038
       -0.0004420716   0.0000385541  -0.0000149778   0.0000169250  -0.0012435368
        0.0002528112   0.0007459285   0.0075308752   0.0047152629  -0.0033223746
       -0.0008962479   0.0024388442   0.0003959997   0.0578234741   0.0727085947
       -0.0830028757  -0.0001540192  -0.0001428828   0.0003079661   0.0000935195
       -0.0000834762  -0.0000370090   0.0002425388  -0.0003100603   0.0000016028
       -0.0001686762   0.0000213343  -0.0000864242   0.0000145664   0.0000103027
       -0.0000264227  -0.0000029811  -0.0000409556   0.0000047295   0.0000164245
       -0.0000412342  -0.0000395803  -0.0005158061   0.0000462404  -0.0009719222
        0.0002931128  -0.0002170680   0.0001672871  -0.0693354583  -0.0824230009
        0.0924008992  -0.0123364303  -0.0136652241   0.0077750602   0.0184832662
        0.0166811906  -0.0139059320
       -0.0000494634  -0.0000503805   0.0000171368   0.0000289310  -0.0000335896
       -0.0003241283  -0.0000364076  -0.0000100726   0.0000469811  -0.0012257487
        0.0031788924  -0.0024006063  -0.0164879851  -0.0024481743  -0.0147623904
        0.0012822473  -0.0018788342   0.0018628606  -0.1611721698  -0.0523862380
       -0.1098604683   0.0000965858   0.0000793661  -0.0000279384   0.0000402451
        0.0000656979   0.0000167356  -0.0002120349   0.0000012452   0.0000069795
       -0.0000479364  -0.0000107243   0.0001020107   0.0000359606  -0.0000309609
        0.0000137446  -0.0000100289   0.0000000811   0.0000211901  -0.0000426502
        0.0000321471  -0.0000346064   0.0000834891   0.0003618799   0.0002622254
       -0.0008883837   0.0000520787  -0.0006737596  -0.0151114707  -0.0086382302
       -0.0123364303   0.1849528050   0.0585013775   0.1305539843   0.0087640156
        0.0032144387   0.0075164794
       -0.0001413835   0.0000078690  -0.0000054559   0.0004817018   0.0000625403
        0.0004448242   0.0000258893  -0.0000036130  -0.0000291195   0.0029243817
       -0.0028508144   0.0011511117   0.0170632299   0.0076577887   0.0159536405
       -0.0013353419   0.0022366926  -0.0007132084  -0.0531358199  -0.0686217864
       -0.0489748109   0.0001089933   0.0000219926  -0.0000099713  -0.0000222442
        0.0000497776   0.0000268640  -0.0000476881  -0.0000346200  -0.0000253418
        0.0002294936  -0.0000040189  -0.0000600203  -0.0000136814   0.0000298938
       -0.0000049179  -0.0000035059   0.0000161018   0.0000083180   0.0000269386
        0.0000453491   0.0000614447  -0.0000508740  -0.0000664809  -0.0000100724
        0.0005677559   0.0001217881   0.0006103983  -0.0164863193  -0.0077289455
       -0.0136652241   0.0585013775   0.0730372089   0.0554892530  -0.0086929034
       -0.0039767237  -0.0102477120
        0.0002058396  -0.0000107786  -0.0000185220  -0.0004339317   0.0000169054
       -0.0005522019  -0.0000211730  -0.0000131917   0.0000615087  -0.0022989960
        0.0013668099   0.0009369642  -0.0101407444  -0.0015567208  -0.0079883808
        0.0019645965  -0.0005673491   0.0002007563  -0.1100068944  -0.0480208242
       -0.1491951855  -0.0000620146  -0.0000049787  -0.0000660269   0.0000379938
       -0.0000167682   0.0000216030  -0.0000621891   0.0000589644   0.0000458743
       -0.0001916830   0.0000041884   0.0000598967   0.0000082721  -0.0000049850
       -0.0000217189  -0.0000160277   0.0000213808   0.0000343556  -0.0000243412
        0.0000114867  -0.0000000749   0.0001436523   0.0003405370   0.0001159464
       -0.0000891863  -0.0000521418  -0.0000233775   0.0075526639   0.0031543408
        0.0077750602   0.1305539843   0.0554892530   0.1687263160  -0.0171198210
       -0.0102161281  -0.0201127929
       -0.0000996913   0.0000362231   0.0001382309   0.0005289867  -0.0000177206
        0.0003217072  -0.0001007535  -0.0000213156  -0.0000441310   0.0005754011
        0.0006615512  -0.0016578040  -0.0073843037   0.0067104491   0.0147015229
       -0.0004890935   0.0033173813  -0.0014098492  -0.0894142663   0.0442454373
        0.0874719541  -0.0000226008   0.0000409692   0.0000843860   0.0000322505
       -0.0000057646  -0.0000847230  -0.0000789194  -0.0000782788  -0.0001275240
        0.0001246985   0.0000111027  -0.0000653145   0.0000092317   0.0000084132
       -0.0000046322   0.0000287013  -0.0000233267  -0.0000181341   0.0000469587
       -0.0000507769  -0.0000226036  -0.0011821931  -0.0001536086  -0.0004954668
       -0.0002302748  -0.0002002133  -0.0002961181  -0.0100213835   0.0052194415
        0.0184832662   0.0087640156  -0.0086929034  -0.0171198210   0.0989132359
       -0.0510070600  -0.0998549457
       -0.0001115067   0.0001296494  -0.0000543412  -0.0003579021  -0.0000725063
       -0.0003790502   0.0001137847   0.0000106347   0.0000688124  -0.0014068074
       -0.0001676524   0.0013367263   0.0140220422  -0.0143287150  -0.0186767658
        0.0004612548  -0.0045951373   0.0037821751   0.0458589707  -0.0736415559
       -0.0850013093   0.0000700426   0.0000111388   0.0000537812  -0.0000451415
        0.0000094713   0.0000064670  -0.0000036686  -0.0001106042   0.0000092201
       -0.0001963420  -0.0000023482   0.0000514294   0.0000101713  -0.0000039590
       -0.0000070713  -0.0000387684   0.0000305268   0.0000121763  -0.0000540524
        0.0000029670  -0.0000194425  -0.0000103594   0.0003926729  -0.0000930152
        0.0002374667  -0.0000994621   0.0001238531  -0.0107565631   0.0085603190
        0.0166811906   0.0032144387  -0.0039767237  -0.0102161281  -0.0510070600
        0.0878512842   0.0923212920
        0.0000020440  -0.0001050517  -0.0000122474   0.0002777247   0.0001444839
        0.0000698869  -0.0001410840   0.0000407667   0.0000428616  -0.0004973839
        0.0006148367  -0.0008463656  -0.0016359721  -0.0018150585   0.0054719197
        0.0004629187   0.0021936269  -0.0001176117   0.0842523918  -0.0789946900
       -0.1957799822   0.0000166458  -0.0000209670  -0.0000811494   0.0000024287
        0.0000257298   0.0000415293  -0.0000050842   0.0000933300   0.0000294111
        0.0000282436   0.0000126259   0.0000269123   0.0000058085  -0.0000121563
        0.0000318456  -0.0000168204   0.0000308058  -0.0000020250   0.0000140897
        0.0000046686  -0.0000318496  -0.0001780701   0.0001645484   0.0002182029
       -0.0002040358  -0.0000189011  -0.0002025337   0.0099546214  -0.0044321782
       -0.0139059320   0.0075164794  -0.0102477120  -0.0201127929  -0.0998549457
        0.0923212920   0.2251599201
