           1           2   1.49405708011417     
           2           3   1.33302472177154     
           3           4   1.29062645435208     
           2           5  0.102330956957720     
           4           5   1.36475408211385     
           1           6   1.34029198779058     
           5           6   1.43023811458017     
           6           7   1.04590526626558     
           7           8   1.38340523918013     
           8           9   1.45151575528902     
           9          10   1.39432092981532     
           8          11  0.107024669529955     
          10          11   1.39738083167990     
           7          12   1.35268339909366     
          11          12   1.40900628247973     
          12          13  0.938831494596771     
          10          14  0.934815920055569     
           4          15   1.05931351598166     
          15          16   1.60681966411270     
          15          17   1.17968856576692     
          16          17  0.157875544014736     
           3          18   1.14759880817532     
           1          19  0.966478376542699     
           2          20  0.963972508523571     
           5          21  0.960301632984157     
           8          22  0.961662784131589     
           9          23  0.960779441240540     
          11          24  0.958940204836413     
          17          25  0.799337965616930     
          18          26  0.797057477680873     
