           1           2  0.981755115689221     
           2           3  0.986561424870343     
           3           4  0.989058983698847     
           4           5  0.998107829926932     
           1           6  0.978564420769276     
           1           7  0.978380005616991     
           1           8  0.977422933228807     
           3           9  0.967752621924197     
           3          10  0.967060413149547     
           4          11  0.971414766329818     
           4          12  0.970408663654704     
           5          13  0.847197981424780     
