           1           2   1.00993481263157     
           2           3   1.00807420494228     
           2           4  0.994805609552124     
           4           5   1.00845905054865     
           5           6  0.983397597298253     
           6           7  0.999359803644904     
           6           8  0.999390100656607     
           6           9  0.996659776555695     
           1          10  0.984040976015659     
           1          11  0.986563668224794     
           1          12  0.986272228183735     
           2          13  0.968992594546443     
           3          14  0.986661050550850     
           3          15  0.987029563136935     
           3          16  0.986384137443478     
           4          17  0.974667271070317     
           4          18  0.973044885335943     
           5          19  0.972995555592119     
           5          20  0.975323117668278     
           7          21  0.983837587610752     
           7          22  0.985594492309061     
           7          23  0.986056296946270     
           8          24  0.985417422453421     
           8          25  0.983106437144145     
           8          26  0.986100383171528     
           9          27  0.985423174073869     
           9          28  0.986065931825672     
           9          29  0.986128873630107     
