           1           2   1.01643091891445     
           2           3  0.922593274893185     
           3           4   1.14568836620435     
           3           5  0.161632680337170     
           4           5   1.64202995802135     
           4           6   1.03202979139027     
           6           7   1.36683453664773     
           7           8   1.48055886607440     
           8           9   1.34701902409004     
           9          10   1.33900347638167     
           6          11   1.35827128943102     
          10          11   1.49069837596355     
           9          12   1.11569218510651     
           1          13  0.985017966175599     
           1          14  0.980108459654051     
           1          15  0.983503912105043     
           2          16  0.968424452599441     
           2          17  0.966254805931207     
           7          18  0.964941953964530     
           8          19  0.962852599262601     
          10          20  0.965473627595054     
          11          21  0.966197238003991     
          12          22  0.828190930177758     
