           1           2  0.975467313975820     
           2           3  0.987090097720262     
           3           4  0.999349324750721     
           2           5  0.990408794187963     
           1           6   1.00473365190088     
           1           7  0.967240034469743     
           1           8  0.970388142686280     
           2           9  0.961869185928342     
           3          10  0.968744087729435     
           3          11  0.969488274079438     
           4          12  0.847348890220995     
           5          13  0.850606319720999     
           6          14  0.855908958196437     
