           1           2   1.01285074100177     
           2           3  0.996641778698462     
           3           4  0.965932871878127     
           3           5   1.00938548697349     
           3           6  0.986594582422088     
           6           7  0.992911643080960     
           1           8  0.990078697564338     
           1           9  0.985128592270269     
           1          10  0.990494414049903     
           2          11  0.980019831297135     
           2          12  0.978856298839092     
           5          13  0.986557131486247     
           5          14  0.984470136503263     
           5          15  0.986732140940143     
           6          16  0.968533607838411     
           6          17  0.972656559980443     
           7          18  0.863720579514337     
