           1           2  0.976173681954339     
           2           3  0.984423994258193     
           3           4  0.995861500023902     
           2           5  0.993865600449888     
           1           6   1.00487657420892     
           1           7  0.970070606784249     
           1           8  0.969440674955052     
           2           9  0.959252556611007     
           3          10  0.969616582557975     
           3          11  0.968794066330301     
           4          12  0.848014685702745     
           5          13  0.849027520235863     
           6          14  0.860222151823400     
