           1           2   1.01917189885681     
           2           3   1.00803343312131     
           3           4   1.00724461469775     
           4           5  0.984760947619791     
           5           6   1.87379404246431     
           5           7  0.984717961606681     
           7           8   1.00724591360821     
           8           9   1.00806201621502     
           9          10   1.01917030931246     
           1          11  0.987442354635213     
           1          12  0.987843154387314     
           1          13  0.987831116233181     
           2          14  0.978514168281266     
           2          15  0.978468074292404     
           3          16  0.976153877218903     
           3          17  0.976137673188700     
           4          18  0.952951694111702     
           4          19  0.954240321089904     
           7          20  0.953974688518465     
           7          21  0.953243956750913     
           8          22  0.976118958442723     
           8          23  0.976147975144688     
           9          24  0.978491215752392     
           9          25  0.978479860229257     
          10          26  0.987444076227450     
          10          27  0.987842192592527     
          10          28  0.987825998976646     
