$hessian                                                                        
        0.4050537906  -0.0293378912  -0.0082390495  -0.1744237825  -0.0518234074
       -0.0125059816  -0.0372684651   0.0056289564  -0.0024073422   0.0018145916
       -0.0008090839   0.0001723922  -0.0000463757   0.0003822801   0.0000364646
       -0.0012175253  -0.0000428759  -0.0001600204  -0.0030080428  -0.0011583063
       -0.0004737524  -0.0016634756  -0.0003221921  -0.0004085759   0.0009831103
        0.0034364496   0.0001950993   0.0009065538   0.0006197906   0.0001833133
       -0.0002861872   0.0001521678   0.0001173922   0.0007824715  -0.0004873896
        0.0001068327  -0.0001550714   0.0037497065   0.0001284168  -0.0995293320
        0.1106880759  -0.0018911883  -0.0512723339  -0.0293320241   0.0445798185
       -0.0406377553  -0.0108401621  -0.0193654500   0.0002538385  -0.0001757058
        0.0000262751  -0.0001894700  -0.0002603181  -0.0000324690  -0.0000392149
        0.0000070624  -0.0001124987  -0.0000415849  -0.0000970672   0.0000306494
       -0.0000157396   0.0000219342   0.0000196739
       -0.0293378912   0.5224298611  -0.0017416619  -0.0651834722  -0.0979179106
       -0.0068419783   0.0218335037   0.0117296666   0.0022690162  -0.0015189168
        0.0019055520  -0.0000678917   0.0000577426   0.0005370259   0.0000465511
       -0.0005071428   0.0005984443  -0.0000280756   0.0001517984  -0.0005302384
       -0.0000970366   0.0016548483  -0.0043036851   0.0000477460  -0.0000165588
        0.0015761684   0.0000682261   0.0009043400   0.0003285354   0.0000345776
       -0.0000615187   0.0000517014   0.0001302573   0.0003511710  -0.0001470711
        0.0000217851   0.0044873648  -0.0042715148   0.0002724343   0.1031979132
       -0.2211003661   0.0042551461  -0.0269199012  -0.1103235099   0.1002560605
       -0.0087510584  -0.1004963434  -0.0985218685  -0.0000459900   0.0000747612
       -0.0000062761  -0.0002687308  -0.0001259981  -0.0000447918  -0.0000293372
        0.0000117165  -0.0000519795  -0.0000141944  -0.0000449600   0.0000174047
        0.0000160304   0.0000181651  -0.0000176451
       -0.0082390495  -0.0017416619   0.4944650979  -0.0127150596  -0.0056570536
       -0.0419780175  -0.0021870340   0.0008235509  -0.0068449209   0.0001907895
       -0.0000174088  -0.0005918909   0.0000197403   0.0000676628  -0.0000703373
       -0.0001741028  -0.0000700933  -0.0000758491  -0.0002457092   0.0000149933
        0.0019483713  -0.0001232089   0.0000602950   0.0015928967   0.0001404611
        0.0001778455  -0.0004141413  -0.0002147053  -0.0000593890  -0.0005170073
        0.0000922444   0.0000150859   0.0000109460   0.0001171753  -0.0000473641
       -0.0000804453   0.0001326612   0.0002159845  -0.0007862678  -0.0020922382
        0.0049022674  -0.0441262161   0.0432900482   0.1017060621  -0.1911083460
       -0.0179893375  -0.1003914566  -0.2115469710   0.0000146521   0.0000138393
        0.0000461066  -0.0000477842  -0.0000104257   0.0000769424   0.0000143321
        0.0000091654   0.0000108445   0.0000022113  -0.0000099443   0.0000033701
        0.0000139137  -0.0000019547  -0.0000141649
       -0.1744237825  -0.0651834722  -0.0127150596   0.5006738490  -0.0352421920
        0.0374503203  -0.1747415143   0.0995588190  -0.0107495018  -0.0086709384
        0.0037278872  -0.0006563247  -0.0051518047  -0.0011875169  -0.0012947523
        0.0064282606   0.0043088508   0.0012230409   0.0089421988  -0.0063732136
        0.0005036792  -0.0705205888   0.0379739347  -0.0049284534   0.0030873981
       -0.0137922115  -0.0000244439  -0.0075515901  -0.0024301929  -0.0004283102
        0.0010271783  -0.0006100497  -0.0011540406  -0.0039688950   0.0024640615
       -0.0004835766   0.0045654184   0.0026779950   0.0005584113  -0.0313674847
       -0.0017505259  -0.0028117348  -0.0280482977  -0.0143068876   0.0071891044
       -0.0221279873  -0.0124950740  -0.0123873533  -0.0008420586   0.0001506135
       -0.0001283599   0.0026371587   0.0021698523   0.0004280475   0.0002182507
        0.0001083878   0.0002648399   0.0000470954   0.0002937128   0.0000189669
       -0.0002118663  -0.0000627782   0.0001255005
       -0.0518234074  -0.0979179106  -0.0056570536  -0.0352421920   0.3011516507
        0.0025051440   0.0755400407  -0.1669674058   0.0038127030   0.0412555616
       -0.0283732186   0.0025922929   0.0025588117  -0.0052223662   0.0001532688
       -0.0038983375  -0.0034976644  -0.0009100835  -0.0099814636   0.0014968935
       -0.0008432458   0.0079295961  -0.0068821222  -0.0004861519  -0.0027741264
        0.0158375804   0.0001711288   0.0025513580   0.0018191085   0.0002477051
       -0.0010614601   0.0003553640   0.0006598839   0.0029777595  -0.0017733163
        0.0004410645  -0.0043413717  -0.0012740960  -0.0003297342   0.0245111047
        0.0082006312   0.0022510288  -0.0250828617  -0.0077108696  -0.0002460473
       -0.0234668407  -0.0072331597  -0.0043136013   0.0020113966  -0.0010466353
        0.0002455256  -0.0016363185  -0.0007537342  -0.0001270119  -0.0000621630
       -0.0000821588  -0.0001846467  -0.0000753863  -0.0001807664   0.0000286236
        0.0001102999   0.0000541962  -0.0000107928
       -0.0125059816  -0.0068419783  -0.0419780175   0.0374503203   0.0025051440
        0.0543140568  -0.0107739127   0.0053432580  -0.0299047140   0.0000627345
       -0.0002945398   0.0017066513  -0.0009812382  -0.0004250016   0.0061871081
        0.0003499633   0.0002018805   0.0000700413   0.0003356915  -0.0004690751
        0.0036293775  -0.0061290255   0.0033292169   0.0039322290   0.0002764842
       -0.0009831450  -0.0015343194  -0.0007042351  -0.0002041109  -0.0001583520
        0.0000519913  -0.0000544906  -0.0000536807  -0.0001420348   0.0001690999
       -0.0008849728   0.0003426208   0.0002142285  -0.0004848229  -0.0021419090
        0.0000239569   0.0009960490   0.0223807631   0.0064547026   0.0052200238
       -0.0281241596  -0.0091279191  -0.0011489528   0.0000066203  -0.0000511184
        0.0002219943   0.0002415368   0.0002038075  -0.0001596969   0.0000028311
        0.0000035961   0.0000232930   0.0000125554   0.0000015686   0.0000037388
       -0.0000116161   0.0000009193   0.0000029661
       -0.0372684651   0.0218335037  -0.0021870340  -0.1747415143   0.0755400407
       -0.0107739127   0.5678785859  -0.0132766818   0.0389794502  -0.0742287610
        0.0522777526  -0.0021944799   0.0238388331   0.0232368156   0.0031421086
       -0.0164497457  -0.0278019426  -0.0021082217  -0.0610735403   0.0230899268
       -0.0046671894  -0.2063708461  -0.1305766114  -0.0185102041  -0.0056744831
        0.0012461587  -0.0003083269   0.0062644882   0.0050449812   0.0012108856
       -0.0030459602   0.0009002604   0.0009126619   0.0031694542  -0.0019932984
        0.0007201058  -0.0146013499  -0.0301124098  -0.0020930906  -0.0069093082
       -0.0016258968  -0.0006324018   0.0021458369   0.0006131269  -0.0020354003
        0.0020236860   0.0003849717   0.0022932148  -0.0029785202   0.0022205999
       -0.0006826676  -0.0020804145  -0.0006888871  -0.0004262821  -0.0000572147
       -0.0001129150  -0.0005609326  -0.0000389666  -0.0002452958  -0.0000273078
        0.0001982055   0.0000458003  -0.0000509754
        0.0056289564   0.0117296666   0.0008235509   0.0995588190  -0.1669674058
        0.0053432580  -0.0132766818   0.6570620561   0.0114853746  -0.0248940542
       -0.3002549669  -0.0086783333   0.0697274038  -0.0317775641   0.0056989877
       -0.0217830095  -0.0385820581  -0.0018256783  -0.0170048475   0.0428920573
       -0.0014932006  -0.0513525143  -0.0944736296  -0.0054330377  -0.0374007305
       -0.0623823038  -0.0043379131   0.0030367614  -0.0010447829   0.0015588590
        0.0009848298  -0.0001435788  -0.0011166364  -0.0040319487   0.0030214396
       -0.0003721675  -0.0090964365  -0.0176118555  -0.0013735745  -0.0007132797
        0.0000911123  -0.0000888804  -0.0016947720   0.0007372939   0.0012678277
       -0.0014049569   0.0007575776  -0.0014893293   0.0008658210  -0.0001255105
        0.0001609983   0.0027356449  -0.0032250666  -0.0000151614   0.0000175953
        0.0000756037   0.0000200663   0.0001228708   0.0003515508  -0.0000645708
       -0.0000254710  -0.0001296354  -0.0000704393
       -0.0024073422   0.0022690162  -0.0068449209  -0.0107495018   0.0038127030
       -0.0299047140   0.0389794502   0.0114853746   0.1166041199  -0.0029162816
       -0.0027338142  -0.0391304466   0.0029490706   0.0015463425  -0.0025227861
       -0.0014054379  -0.0023926642  -0.0008048701  -0.0061599534   0.0014427664
       -0.0072680678  -0.0154941160  -0.0119107917  -0.0496161172  -0.0018185023
       -0.0021062452   0.0027874385   0.0034664186   0.0027637462   0.0081641238
       -0.0016498553  -0.0007643518   0.0000305851   0.0001720809  -0.0001577300
        0.0005203485  -0.0014430941  -0.0029275858  -0.0005646970  -0.0006133930
       -0.0001556343   0.0004005622   0.0017364005  -0.0005294856   0.0004958011
       -0.0015607677   0.0006078353   0.0004935530  -0.0008680376   0.0002937626
        0.0054822846   0.0001466862  -0.0004139529   0.0017262882  -0.0001130707
       -0.0000874838  -0.0002535152   0.0000270630  -0.0000036286  -0.0000326365
       -0.0002778164  -0.0000381785   0.0002376664
        0.0018145916  -0.0015189168   0.0001907895  -0.0086709384   0.0412555616
        0.0000627345  -0.0742287610  -0.0248940542  -0.0029162816   0.4932278534
       -0.0713374958   0.0374007694  -0.2488504056   0.1379062896  -0.0185181653
       -0.0672332545  -0.0290105122  -0.0067461588  -0.0145735434   0.0240300817
       -0.0015412680   0.0228515606  -0.0203867895   0.0012086256  -0.0048446212
       -0.0026411332  -0.0006350311   0.0041518560   0.0021081076   0.0008637861
       -0.0005865303   0.0004468964   0.0002932797  -0.0016976069  -0.0012305454
       -0.0003884159  -0.0978102542  -0.0552672420  -0.0087775153  -0.0001164262
       -0.0007407403  -0.0000146347  -0.0003593003   0.0002126988   0.0006831175
       -0.0002939300   0.0002741752  -0.0006758724  -0.0024911612   0.0022591043
        0.0002881763  -0.0003769708  -0.0013099984  -0.0003332922  -0.0001040549
       -0.0000619873  -0.0002619653   0.0000343155  -0.0000773655  -0.0000946269
        0.0001575820  -0.0000161344  -0.0000880512
       -0.0008090839   0.0019055520  -0.0000174088   0.0037278872  -0.0283732186
       -0.0002945398   0.0522777526  -0.3002549669  -0.0027338142  -0.0713374958
        0.5758640239   0.0037189385   0.0716559532  -0.1429641658   0.0062259637
        0.0268317472   0.0514843501   0.0026046535   0.0227324921  -0.0391312421
        0.0021419878  -0.0721654836  -0.0437528682  -0.0059382178   0.0000682636
        0.0116965359  -0.0003023183  -0.0005898575  -0.0002650590  -0.0021640947
       -0.0000289529  -0.0001120018   0.0011617155  -0.0013369536  -0.0017244251
       -0.0003690054  -0.0534650803  -0.0662056788  -0.0060685594  -0.0008862878
       -0.0000384672  -0.0000803186  -0.0002816769   0.0006711743   0.0004413735
       -0.0002468809   0.0006971164  -0.0004346002   0.0252672314  -0.0171713232
        0.0019398597  -0.0012994499  -0.0021080139   0.0000935089  -0.0000992396
       -0.0000776939   0.0000718275  -0.0000994646  -0.0002185468   0.0000387211
        0.0000845800   0.0000789186  -0.0000356724
        0.0001723922  -0.0000678917  -0.0005918909  -0.0006563247   0.0025922929
        0.0017066513  -0.0021944799  -0.0086783333  -0.0391304466   0.0374007694
        0.0037189385   0.0904998006  -0.0183909849   0.0120081424  -0.0408605027
       -0.0063555375  -0.0024143923   0.0002017122  -0.0009366156   0.0018553913
       -0.0010012482   0.0011186258  -0.0024762408  -0.0028944403  -0.0006805763
       -0.0004206046   0.0043270998   0.0004611068   0.0001659314   0.0000143881
       -0.0001147834   0.0000558542  -0.0000011247  -0.0008147127  -0.0001177915
        0.0046227987  -0.0086554791  -0.0062324288  -0.0178822757  -0.0000369940
       -0.0000662480   0.0000391197  -0.0002125410   0.0002064329   0.0000033244
        0.0001455645  -0.0001120605  -0.0001186862  -0.0000666106   0.0001010703
       -0.0000243356  -0.0001585109  -0.0001046989   0.0010474536  -0.0000291221
       -0.0000400970   0.0000291520  -0.0000163560   0.0000336765  -0.0000002601
        0.0000211700  -0.0000069430   0.0000137107
       -0.0000463757   0.0000577426   0.0000197403  -0.0051518047   0.0025588117
       -0.0009812382   0.0238388331   0.0697274038   0.0029490706  -0.2488504056
        0.0716559532  -0.0183909849   0.6479478798   0.0143591949   0.0532083559
       -0.2608103967  -0.0844989211  -0.0221549612   0.0216912020  -0.0714125883
        0.0022394835  -0.0558771069  -0.0048013106  -0.0041301550   0.0007430579
        0.0050862224  -0.0002907519  -0.0021670757  -0.0006873479  -0.0029916839
       -0.0004309641  -0.0000706292   0.0011672832  -0.0387705818  -0.0002065258
       -0.0048343480  -0.0410995554  -0.0016149144  -0.0042087440   0.0001033844
       -0.0000008387   0.0000053771  -0.0002793756  -0.0004218941  -0.0000741002
       -0.0002936034  -0.0004370573   0.0000171786  -0.0404839520   0.0013066026
       -0.0019251416  -0.0000788165  -0.0006491355   0.0003183682   0.0001024504
       -0.0002359439   0.0002132872  -0.0001106699   0.0001903819  -0.0001896151
        0.0000238763   0.0000947937   0.0000335795
        0.0003822801   0.0005370259   0.0000676628  -0.0011875169  -0.0052223662
       -0.0004250016   0.0232368156  -0.0317775641   0.0015463425   0.1379062896
       -0.1429641658   0.0120081424   0.0143591949   0.6738364854   0.0051216774
       -0.1493056078  -0.1543891533  -0.0144109606  -0.0205951638  -0.0352617552
       -0.0021515731  -0.0024620230   0.0071145644  -0.0000375046   0.0000539166
       -0.0054633055   0.0000054183  -0.0005273599  -0.0065817824  -0.0008550246
       -0.0003065367   0.0001976003   0.0003217903   0.0137764847   0.0063293277
        0.0014512240  -0.0168458505   0.0046809109  -0.0015460547   0.0000664237
        0.0000417390   0.0000171119  -0.0000627652  -0.0001591521  -0.0000916028
       -0.0000806426  -0.0001485378   0.0000859104   0.0009922433  -0.3112569214
       -0.0012543034   0.0006018109   0.0005824550   0.0000443984  -0.0000193262
       -0.0000585927  -0.0000961898   0.0000549278  -0.0000606440   0.0000837384
       -0.0000375948   0.0000238320   0.0001147985
        0.0000364646   0.0000465511  -0.0000703373  -0.0012947523   0.0001532688
        0.0061871081   0.0031421086   0.0056989877  -0.0025227861  -0.0185181653
        0.0062259637  -0.0408605027   0.0532083559   0.0051216774   0.1037450487
       -0.0224941388  -0.0091088766  -0.0415477637   0.0026875549  -0.0066790222
       -0.0015399466  -0.0053956874  -0.0003377734  -0.0012751380   0.0000772757
        0.0003265531   0.0000681738  -0.0003898060   0.0009257746   0.0055897571
       -0.0006917317  -0.0009353246   0.0002273294  -0.0047301070   0.0002459685
        0.0006217916  -0.0043403358  -0.0001644654   0.0016054119  -0.0000014699
        0.0000046426  -0.0000326318  -0.0000984104  -0.0000361465  -0.0000563105
        0.0000436295  -0.0000604157  -0.0000667034  -0.0011242973  -0.0011981553
       -0.0301343011   0.0000208797  -0.0000579485  -0.0000606015  -0.0000415285
       -0.0001453430   0.0000542873   0.0001042790   0.0000216337  -0.0001019140
       -0.0002001176  -0.0000475497   0.0001700289
       -0.0012175253  -0.0005071428  -0.0001741028   0.0064282606  -0.0038983375
        0.0003499633  -0.0164497457  -0.0217830095  -0.0014054379  -0.0672332545
        0.0268317472  -0.0063555375  -0.2608103967  -0.1493056078  -0.0224941388
        0.5160763713   0.0763479847   0.0450844079  -0.0700195902   0.0320010183
       -0.0014287865   0.0219964052   0.0276069834   0.0027394767  -0.0048994354
       -0.0009803892  -0.0006709508  -0.0122339623  -0.0369354720  -0.0032864048
        0.0014463119  -0.0011357749  -0.0000791537  -0.1081054941   0.0517619845
       -0.0126184466  -0.0022727977   0.0007120267  -0.0006801507   0.0001226983
        0.0000617494  -0.0000316543   0.0001819964   0.0003089201  -0.0002498388
        0.0001295798   0.0002621588   0.0002483009  -0.0018038852  -0.0021749712
        0.0002903727  -0.0000035655   0.0004246121  -0.0001699776  -0.0001529379
        0.0000100505   0.0002838507  -0.0009057214   0.0000694001   0.0001851985
       -0.0002733116   0.0003220691   0.0004630099
       -0.0000428759   0.0005984443  -0.0000700933   0.0043088508  -0.0034976644
        0.0002018805  -0.0278019426  -0.0385820581  -0.0023926642  -0.0290105122
        0.0514843501  -0.0024143923  -0.0844989211  -0.1543891533  -0.0091088766
        0.0763479847   0.5810467043   0.0055747476  -0.0405001948  -0.2965999594
       -0.0029047652   0.0789746063  -0.0357141412   0.0064282298   0.0008706720
        0.0023207283   0.0004608156  -0.0081606525  -0.0287612464  -0.0005141301
        0.0015240431   0.0006742368  -0.0007289784   0.0529349870  -0.0592361784
        0.0086271494   0.0015690707  -0.0017515633   0.0000247580  -0.0001522862
        0.0000806269   0.0000075209   0.0003622752   0.0001053110  -0.0001829423
        0.0002801384   0.0001052515   0.0002582140  -0.0256247236  -0.0178551547
       -0.0021216471  -0.0021035349  -0.0006200729  -0.0005476748  -0.0002511769
       -0.0001679956   0.0000966139   0.0003597040   0.0006450432  -0.0004386945
        0.0006144883   0.0001144914  -0.0002550709
       -0.0001600204  -0.0000280756  -0.0000758491   0.0012230409  -0.0009100835
        0.0000700413  -0.0021082217  -0.0018256783  -0.0008048701  -0.0067461588
        0.0026046535   0.0002017122  -0.0221549612  -0.0144109606  -0.0415477637
        0.0450844079   0.0055747476   0.0924861261  -0.0027621992   0.0047038866
       -0.0398917643   0.0035244317   0.0013279843  -0.0024820929  -0.0009460880
        0.0007995061   0.0071942555  -0.0019258510  -0.0056085785  -0.0011603346
        0.0002195705   0.0006574479   0.0010141562  -0.0117882359   0.0074386575
       -0.0191094725  -0.0009221037  -0.0001941603   0.0042999581   0.0000069496
        0.0000242490   0.0000005769   0.0000015705  -0.0000095506  -0.0000270099
        0.0000466093   0.0000604820   0.0000537038  -0.0001856284  -0.0002248792
        0.0000759942  -0.0001093970   0.0000826819  -0.0006779976  -0.0002799228
       -0.0000510037   0.0001693724  -0.0001466055  -0.0000700575   0.0001692424
        0.0001288132   0.0000587314   0.0000420155
       -0.0030080428   0.0001517984  -0.0002457092   0.0089421988  -0.0099814636
        0.0003356915  -0.0610735403  -0.0170048475  -0.0061599534  -0.0145735434
        0.0227324921  -0.0009366156   0.0216912020  -0.0205951638   0.0026875549
       -0.0700195902  -0.0405001948  -0.0027621992   0.5767669644  -0.0064574456
        0.0181951796  -0.2345285937   0.1372575461  -0.0083592294  -0.0058395891
        0.0042179439  -0.0033940503  -0.1600253788  -0.0833334973  -0.0069229479
       -0.0392965602  -0.0137455113   0.0072747397  -0.0156112822   0.0295028218
       -0.0012944895   0.0009592501   0.0004615789   0.0001074043  -0.0000981677
        0.0000036105  -0.0000214138   0.0004340747   0.0004330542  -0.0004020535
        0.0003357565   0.0003912709   0.0004429828  -0.0028716364  -0.0021521531
       -0.0007018327  -0.0004852862  -0.0020446695   0.0006693920   0.0017489951
        0.0007811081  -0.0020175595   0.0007312629  -0.0003057109  -0.0005446451
       -0.0041784934   0.0001874325   0.0040497544
       -0.0011583063  -0.0005302384   0.0000149933  -0.0063732136   0.0014968935
       -0.0004690751   0.0230899268   0.0428920573   0.0014427664   0.0240300817
       -0.0391312421   0.0018553913  -0.0714125883  -0.0352617552  -0.0066790222
        0.0320010183  -0.2965999594   0.0047038866  -0.0064574456   0.6410510415
        0.0105059368   0.0504762379  -0.1119860250   0.0022081094   0.0367489166
       -0.0602739544   0.0006752172  -0.0888918902  -0.1256676416  -0.0290129151
       -0.0104078353   0.0006374102   0.0133110029   0.0126343364  -0.0193968359
        0.0012163764   0.0026339780   0.0027176921   0.0003719009  -0.0001188074
       -0.0001330661  -0.0000192096  -0.0003229447   0.0000054905   0.0002127891
       -0.0002522159   0.0000177838  -0.0002641169  -0.0009961038  -0.0000675548
       -0.0004223858   0.0039365942  -0.0011883899   0.0006102507  -0.0003352026
        0.0004069112  -0.0007884146   0.0017691581   0.0005374218  -0.0000027363
       -0.0005936944   0.0004739611   0.0005292547
       -0.0004737524  -0.0000970366   0.0019483713   0.0005036792  -0.0008432458
        0.0036293775  -0.0046671894  -0.0014932006  -0.0072680678  -0.0015412680
        0.0021419878  -0.0010012482   0.0022394835  -0.0021515731  -0.0015399466
       -0.0014287865  -0.0029047652  -0.0398917643   0.0181951796   0.0105059368
        0.1284291266  -0.0098664729   0.0080279858  -0.0425595549   0.0003059249
       -0.0017571335   0.0045960136  -0.0192226332  -0.0343945067  -0.0577365621
        0.0145531327   0.0177177174   0.0044762350  -0.0025560816   0.0037570387
        0.0010251396   0.0002754304   0.0002096220   0.0004180682  -0.0000129167
        0.0000035502   0.0000198469  -0.0003408895   0.0000109928  -0.0000535051
        0.0004023765   0.0000607141   0.0000759205  -0.0009042607  -0.0003000677
        0.0060166195  -0.0004279241  -0.0000595123   0.0005175636   0.0017760881
        0.0011692768   0.0006555751  -0.0006642591   0.0001109081   0.0008722478
        0.0038551390   0.0002853110  -0.0026294563
       -0.0016634756   0.0016548483  -0.0001232089  -0.0705205888   0.0079295961
       -0.0061290255  -0.2063708461  -0.0513525143  -0.0154941160   0.0228515606
       -0.0721654836   0.0011186258  -0.0558771069  -0.0024620230  -0.0053956874
        0.0219964052   0.0789746063   0.0035244317  -0.2345285937   0.0504762379
       -0.0098664729   0.6595420761  -0.0084125516   0.0442985905  -0.0806576553
        0.0314551422  -0.0029659992  -0.0608342494  -0.0032252254  -0.0068060926
       -0.0004189347   0.0000897327  -0.0024113181   0.0015202878  -0.0027550094
       -0.0005369861   0.0035874789   0.0049633411   0.0002901898  -0.0007820294
       -0.0006488653  -0.0000887441  -0.0008725422  -0.0001159668   0.0004659965
       -0.0007927769  -0.0000759285  -0.0005933420  -0.0004258085  -0.0000219021
       -0.0003640559   0.0043721535  -0.0340803633  -0.0005910269   0.0003969087
       -0.0002143416   0.0007473455  -0.0003735084  -0.0001444086   0.0003037973
       -0.0001487549   0.0001310790   0.0006170985
       -0.0003221921  -0.0043036851   0.0000602950   0.0379739347  -0.0068821222
        0.0033292169  -0.1305766114  -0.0944736296  -0.0119107917  -0.0203867895
       -0.0437528682  -0.0024762408  -0.0048013106   0.0071145644  -0.0003377734
        0.0276069834  -0.0357141412   0.0013279843   0.1372575461  -0.1119860250
        0.0080279858  -0.0084125516   0.6178236284   0.0150223605   0.0059322361
       -0.2914945713  -0.0101471359  -0.0291755261  -0.0061574933  -0.0012752991
       -0.0008302350  -0.0031432012  -0.0021261695  -0.0015007081  -0.0017091875
       -0.0002218719   0.0018662726  -0.0014417630   0.0000243771   0.0012703507
        0.0001933446   0.0001209881  -0.0000908616   0.0003949304   0.0000418751
       -0.0000158952   0.0004025942  -0.0000437330   0.0000701148  -0.0000121879
        0.0000033142  -0.0150179680  -0.0254402733  -0.0011353304   0.0003215008
        0.0009187758   0.0006746265   0.0001413079  -0.0004935274   0.0003386199
       -0.0013095978   0.0001568386   0.0007027022
       -0.0004085759   0.0000477460   0.0015928967  -0.0049284534  -0.0004861519
        0.0039322290  -0.0185102041  -0.0054330377  -0.0496161172   0.0012086256
       -0.0059382178  -0.0028944403  -0.0041301550  -0.0000375046  -0.0012751380
        0.0027394767   0.0064282298  -0.0024820929  -0.0083592294   0.0022081094
       -0.0425595549   0.0442985905   0.0150223605   0.1176772895  -0.0052155852
       -0.0052313213  -0.0360446131  -0.0069556698  -0.0024780875   0.0033655631
        0.0012209857   0.0003570047  -0.0006664304  -0.0009952385   0.0001524442
        0.0042000078   0.0000111579   0.0002699463   0.0049116186  -0.0000717228
       -0.0000580930   0.0001082162  -0.0003844019   0.0000287176  -0.0000273802
        0.0002783969   0.0000326594  -0.0000572464  -0.0000536066  -0.0000344885
        0.0002451402   0.0003103896  -0.0050521295  -0.0003009450  -0.0001002622
        0.0000459263  -0.0000375098  -0.0000840520   0.0001085914  -0.0000521704
        0.0001295338   0.0000472963  -0.0000193225
        0.0009831103  -0.0000165588   0.0001404611   0.0030873981  -0.0027741264
        0.0002764842  -0.0056744831  -0.0374007305  -0.0018185023  -0.0048446212
        0.0000682636  -0.0006805763   0.0007430579   0.0000539166   0.0000772757
       -0.0048994354   0.0008706720  -0.0009460880  -0.0058395891   0.0367489166
        0.0003059249  -0.0806576553   0.0059322361  -0.0052155852   0.4486819571
        0.0748829673   0.0576037025  -0.0028513814   0.0072860970   0.0015240073
        0.0004537744   0.0009923979  -0.0012080671  -0.0005020720   0.0015129120
       -0.0000474440  -0.0006858144  -0.0017219502  -0.0001170894   0.0000944797
        0.0001001489   0.0000271831   0.0001662708  -0.0000020153   0.0000182443
        0.0001849607  -0.0000230774   0.0000036168  -0.0001723255   0.0000361035
        0.0000478332  -0.3484314474  -0.0864765744  -0.0500990180   0.0002337813
       -0.0002076138  -0.0000088065  -0.0002140496   0.0001782218   0.0002111939
        0.0001440842  -0.0000402065  -0.0000947501
        0.0034364496   0.0015761684   0.0001778455  -0.0137922115   0.0158375804
       -0.0009831450   0.0012461587  -0.0623823038  -0.0021062452  -0.0026411332
        0.0116965359  -0.0004206046   0.0050862224  -0.0054633055   0.0003265531
       -0.0009803892   0.0023207283   0.0007995061   0.0042179439  -0.0602739544
       -0.0017571335   0.0314551422  -0.2914945713  -0.0052313213   0.0748829673
        0.4455859380   0.0258421179   0.0055675371   0.0109411777   0.0013863220
       -0.0024647765   0.0021353763   0.0006542748   0.0017876419  -0.0030151333
        0.0000405891  -0.0014810009  -0.0023766785   0.0000330616   0.0000030514
        0.0000785414  -0.0000047438   0.0000506758  -0.0004602442  -0.0001008639
       -0.0000027064  -0.0004752350   0.0000795311  -0.0000934270   0.0005887634
        0.0000065877  -0.1066499305  -0.0641660539  -0.0179374135   0.0002084159
       -0.0007183486  -0.0007546018  -0.0003148869   0.0002332624  -0.0000430320
        0.0004782558  -0.0001682435  -0.0000072843
        0.0001950993   0.0000682261  -0.0004141413  -0.0000244439   0.0001711288
       -0.0015343194  -0.0003083269  -0.0043379131   0.0027874385  -0.0006350311
       -0.0003023183   0.0043270998  -0.0002907519   0.0000054183   0.0000681738
       -0.0006709508   0.0004608156   0.0071942555  -0.0033940503   0.0006752172
        0.0045960136  -0.0029659992  -0.0101471359  -0.0360446131   0.0576037025
        0.0258421179   0.0365886666   0.0010546896   0.0006559921  -0.0010680003
       -0.0002666443   0.0009417983  -0.0000233243   0.0001851528  -0.0002722778
       -0.0000386709  -0.0000689003  -0.0002023613  -0.0002214256   0.0000128693
        0.0000124987  -0.0001002981   0.0001227237  -0.0001090767   0.0000712601
       -0.0000794885   0.0000917445   0.0000689192   0.0000686626   0.0000142848
       -0.0009437067  -0.0502258417  -0.0138007216  -0.0155579510  -0.0002279179
        0.0002381263   0.0001672004  -0.0000857122  -0.0000396731   0.0001546015
        0.0000011592   0.0000341092  -0.0000771783
        0.0009065538   0.0009043400  -0.0002147053  -0.0075515901   0.0025513580
       -0.0007042351   0.0062644882   0.0030367614   0.0034664186   0.0041518560
       -0.0005898575   0.0004611068  -0.0021670757  -0.0005273599  -0.0003898060
       -0.0122339623  -0.0081606525  -0.0019258510  -0.1600253788  -0.0888918902
       -0.0192226332  -0.0608342494  -0.0291755261  -0.0069556698  -0.0028513814
        0.0055675371   0.0010546896   0.3660554857   0.1092361962  -0.0935573870
       -0.0970871097   0.0097823763   0.0713555174   0.0050555168  -0.0021973710
       -0.0002833428  -0.0024579670  -0.0017542003  -0.0003885663  -0.0002253018
        0.0000020379  -0.0000124454  -0.0001063589  -0.0003413945   0.0001126654
       -0.0001293673  -0.0003293927  -0.0001249165  -0.0009089583  -0.0003743914
       -0.0001108767   0.0034536581  -0.0006943383  -0.0009911206   0.0040467420
       -0.0024258475   0.0083326145  -0.0198083899   0.0074046955   0.0203694743
       -0.0235472103  -0.0030230807   0.0197290691
        0.0006197906   0.0003285354  -0.0000593890  -0.0024301929   0.0018191085
       -0.0002041109   0.0050449812  -0.0010447829   0.0027637462   0.0021081076
       -0.0002650590   0.0001659314  -0.0006873479  -0.0065817824   0.0009257746
       -0.0369354720  -0.0287612464  -0.0056085785  -0.0833334973  -0.1256676416
       -0.0343945067  -0.0032252254  -0.0061574933  -0.0024780875   0.0072860970
        0.0109411777   0.0006559921   0.1092361962   0.2104190864   0.0719627490
        0.0066098638  -0.0594466571  -0.0278584289   0.0002159581   0.0023773220
       -0.0004714597  -0.0010902493  -0.0005860282  -0.0003130443  -0.0000223875
        0.0000609410  -0.0000142585   0.0000101562  -0.0001477336  -0.0000450398
       -0.0000259547  -0.0001654992   0.0000239645  -0.0019586045  -0.0011551208
        0.0000125096  -0.0029213823   0.0009858493   0.0005000461  -0.0031879586
        0.0028823775   0.0023898332   0.0215314898  -0.0003691882  -0.0236321581
       -0.0168443683   0.0005338349   0.0156785152
        0.0001833133   0.0000345776  -0.0005170073  -0.0004283102   0.0002477051
       -0.0001583520   0.0012108856   0.0015588590   0.0081641238   0.0008637861
       -0.0021640947   0.0000143881  -0.0029916839  -0.0008550246   0.0055897571
       -0.0032864048  -0.0005141301  -0.0011603346  -0.0069229479  -0.0290129151
       -0.0577365621  -0.0068060926  -0.0012752991   0.0033655631   0.0015240073
        0.0013863220  -0.0010680003  -0.0935573870   0.0719627490   0.2325231642
        0.0651862593  -0.0336665277  -0.1384147261   0.0022959638  -0.0009394422
       -0.0014793605  -0.0001982697  -0.0001993444  -0.0010241882  -0.0000104905
        0.0000068666  -0.0000490247   0.0000867943  -0.0000312079  -0.0000268611
       -0.0001732872  -0.0000818311  -0.0000364540  -0.0001849896  -0.0000695447
        0.0003408792  -0.0011727110  -0.0000387473  -0.0019578597   0.0274625040
       -0.0009915344  -0.0380720663   0.0149414813  -0.0075152759  -0.0098107262
        0.0019775795   0.0021578398   0.0015136476
       -0.0002861872  -0.0000615187   0.0000922444   0.0010271783  -0.0010614601
        0.0000519913  -0.0030459602   0.0009848298  -0.0016498553  -0.0005865303
       -0.0000289529  -0.0001147834  -0.0004309641  -0.0003065367  -0.0006917317
        0.0014463119   0.0015240431   0.0002195705  -0.0392965602  -0.0104078353
        0.0145531327  -0.0004189347  -0.0008302350   0.0012209857   0.0004537744
       -0.0024647765  -0.0002666443  -0.0970871097   0.0066098638   0.0651862593
        0.4553333068   0.0127648156   0.0611863740  -0.0003910763  -0.0007616504
        0.0012023449   0.0004726083   0.0003696970   0.0001769508  -0.0000359928
       -0.0000136770  -0.0000082463   0.0000131580   0.0000621304  -0.0000427252
        0.0000156478   0.0000595885   0.0000417865   0.0001228220   0.0001220168
       -0.0000008270  -0.0003749530   0.0008453062   0.0006099430  -0.0887598327
        0.0197385895  -0.0917457310  -0.0812856515   0.0897063448  -0.0053360271
       -0.1468850552  -0.1168505829  -0.0446850120
        0.0001521678   0.0000517014   0.0000150859  -0.0006100497   0.0003553640
       -0.0000544906   0.0009002604  -0.0001435788  -0.0007643518   0.0004468964
       -0.0001120018   0.0000558542  -0.0000706292   0.0001976003  -0.0009353246
       -0.0011357749   0.0006742368   0.0006574479  -0.0137455113   0.0006374102
        0.0177177174   0.0000897327  -0.0031432012   0.0003570047   0.0009923979
        0.0021353763   0.0009417983   0.0097823763  -0.0594466571  -0.0336665277
        0.0127648156   0.5156834382   0.0163917022  -0.0009445621  -0.0023463822
        0.0012358906  -0.0003872561  -0.0002478628   0.0001065690  -0.0000111186
       -0.0000061753  -0.0000033235  -0.0000146188  -0.0000297594   0.0000057932
       -0.0000006207  -0.0000202991  -0.0000029665  -0.0000709158   0.0000124940
       -0.0000749453  -0.0009641586   0.0000067578  -0.0005278189   0.0190808556
       -0.0530001410   0.0383310828   0.0862680591  -0.2349661730   0.0040711080
       -0.1125223461  -0.1662921473  -0.0438573053
        0.0001173922   0.0001302573   0.0000109460  -0.0011540406   0.0006598839
       -0.0000536807   0.0009126619  -0.0011166364   0.0000305851   0.0002932797
        0.0011617155  -0.0000011247   0.0011672832   0.0003217903   0.0002273294
       -0.0000791537  -0.0007289784   0.0010141562   0.0072747397   0.0133110029
        0.0044762350  -0.0024113181  -0.0021261695  -0.0006664304  -0.0012080671
        0.0006542748  -0.0000233243   0.0713555174  -0.0278584289  -0.1384147261
        0.0611863740   0.0163917022   0.4388829935  -0.0001153214   0.0016572140
       -0.0006042517  -0.0002961810  -0.0002031363   0.0000098584  -0.0000093965
        0.0000087651   0.0000233542  -0.0000232232  -0.0000253066   0.0000426509
        0.0000383941  -0.0000265802  -0.0000215143  -0.0000499521  -0.0000670328
       -0.0000084340   0.0017235603  -0.0004805776  -0.0002156060  -0.0938527915
        0.0372392852  -0.2100357426  -0.0054733708   0.0015971009  -0.0398060247
       -0.0393963865  -0.0405001455  -0.0548672491
        0.0007824715   0.0003511710   0.0001171753  -0.0039688950   0.0029777595
       -0.0001420348   0.0031694542  -0.0040319487   0.0001720809  -0.0016976069
       -0.0013369536  -0.0008147127  -0.0387705818   0.0137764847  -0.0047301070
       -0.1081054941   0.0529349870  -0.0117882359  -0.0156112822   0.0126343364
       -0.0025560816   0.0015202878  -0.0015007081  -0.0009952385  -0.0005020720
        0.0017876419   0.0001851528   0.0050555168   0.0002159581   0.0022959638
       -0.0003910763  -0.0009445621  -0.0001153214   0.1593198539  -0.0734394549
        0.0177637486  -0.0017739446  -0.0001484889  -0.0001571397   0.0000008438
       -0.0000356603   0.0000426924  -0.0000421870  -0.0002064620   0.0001486723
       -0.0000149150  -0.0001639000  -0.0001180689   0.0003047851  -0.0002097264
        0.0002272232  -0.0000208432  -0.0002100446   0.0000007350  -0.0000386144
        0.0001245770  -0.0002871650   0.0007902839  -0.0021413358   0.0008373756
       -0.0000059847  -0.0004336700  -0.0000867144
       -0.0004873896  -0.0001470711  -0.0000473641   0.0024640615  -0.0017733163
        0.0001690999  -0.0019932984   0.0030214396  -0.0001577300  -0.0012305454
       -0.0017244251  -0.0001177915  -0.0002065258   0.0063293277   0.0002459685
        0.0517619845  -0.0592361784   0.0074386575   0.0295028218  -0.0193968359
        0.0037570387  -0.0027550094  -0.0017091875   0.0001524442   0.0015129120
       -0.0030151333  -0.0002722778  -0.0021973710   0.0023773220  -0.0009394422
       -0.0007616504  -0.0023463822   0.0016572140  -0.0734394549   0.0792624495
       -0.0138921237   0.0000240040   0.0002368446   0.0000024804   0.0000125173
        0.0000382901  -0.0000194871   0.0000319339   0.0000929162  -0.0001475840
        0.0000177626   0.0000638640   0.0001316276  -0.0007573983   0.0012113640
       -0.0000828744   0.0000673843   0.0003815166   0.0000885649   0.0001735395
       -0.0004191499   0.0001776745  -0.0019749555  -0.0029930669   0.0017957781
        0.0002346774  -0.0002545877   0.0000601264
        0.0001068327   0.0000217851  -0.0000804453  -0.0004835766   0.0004410645
       -0.0008849728   0.0007201058  -0.0003721675   0.0005203485  -0.0003884159
       -0.0003690054   0.0046227987  -0.0048343480   0.0014512240   0.0006217916
       -0.0126184466   0.0086271494  -0.0191094725  -0.0012944895   0.0012163764
        0.0010251396  -0.0005369861  -0.0002218719   0.0042000078  -0.0000474440
        0.0000405891  -0.0000386709  -0.0002833428  -0.0004714597  -0.0014793605
        0.0012023449   0.0012358906  -0.0006042517   0.0177637486  -0.0138921237
        0.0137681183  -0.0001573707   0.0000026259   0.0001093110   0.0000137913
       -0.0000233471  -0.0000026812   0.0000455533  -0.0000066418   0.0000021641
       -0.0000491380  -0.0000080771   0.0000016588   0.0001937339  -0.0000033015
       -0.0019716616  -0.0000201862  -0.0000484094   0.0000485633   0.0000225773
        0.0001421959  -0.0000079809   0.0007184996   0.0019987310  -0.0006588762
       -0.0000734429   0.0002387731  -0.0000815280
       -0.0001550714   0.0044873648   0.0001326612   0.0045654184  -0.0043413717
        0.0003426208  -0.0146013499  -0.0090964365  -0.0014430941  -0.0978102542
       -0.0534650803  -0.0086554791  -0.0410995554  -0.0168458505  -0.0043403358
       -0.0022727977   0.0015690707  -0.0009221037   0.0009592501   0.0026339780
        0.0002754304   0.0035874789   0.0018662726   0.0000111579  -0.0006858144
       -0.0014810009  -0.0000689003  -0.0024579670  -0.0010902493  -0.0001982697
        0.0004726083  -0.0003872561  -0.0002961810  -0.0017739446   0.0000240040
       -0.0001573707   0.1509268374   0.0710495038   0.0148388844   0.0000118428
        0.0009605618  -0.0000064820   0.0001130282   0.0018512949  -0.0001386836
        0.0002096498   0.0016905658   0.0001821710  -0.0004055145   0.0000982368
        0.0001155568   0.0003540442   0.0002681133   0.0001039937   0.0000855745
        0.0000399976   0.0001860955   0.0000073927   0.0001265726  -0.0000101141
       -0.0000308561   0.0000417085   0.0000484424
        0.0037497065  -0.0042715148   0.0002159845   0.0026779950  -0.0012740960
        0.0002142285  -0.0301124098  -0.0176118555  -0.0029275858  -0.0552672420
       -0.0662056788  -0.0062324288  -0.0016149144   0.0046809109  -0.0001644654
        0.0007120267  -0.0017515633  -0.0001941603   0.0004615789   0.0027176921
        0.0002096220   0.0049633411  -0.0014417630   0.0002699463  -0.0017219502
       -0.0023766785  -0.0002023613  -0.0017542003  -0.0005860282  -0.0001993444
        0.0003696970  -0.0002478628  -0.0002031363  -0.0001484889   0.0002368446
        0.0000026259   0.0710495038   0.0947265832   0.0086291140  -0.0001494231
       -0.0010697164  -0.0000646489   0.0025968043  -0.0034182984  -0.0004863671
        0.0025382747  -0.0035137945   0.0007062862   0.0013780078   0.0013228326
        0.0001720325   0.0002336006  -0.0000382314   0.0000741820   0.0000529577
        0.0000175111   0.0001266878  -0.0000019808   0.0000765736   0.0000042195
       -0.0000128843   0.0000281334   0.0000495692
        0.0001284168   0.0002724343  -0.0007862678   0.0005584113  -0.0003297342
       -0.0004848229  -0.0020930906  -0.0013735745  -0.0005646970  -0.0087775153
       -0.0060685594  -0.0178822757  -0.0042087440  -0.0015460547   0.0016054119
       -0.0006801507   0.0000247580   0.0042999581   0.0001074043   0.0003719009
        0.0004180682   0.0002901898   0.0000243771   0.0049116186  -0.0001170894
        0.0000330616  -0.0002214256  -0.0003885663  -0.0003130443  -0.0010241882
        0.0001769508   0.0001065690   0.0000098584  -0.0001571397   0.0000024804
        0.0001093110   0.0148388844   0.0086291140   0.0107051462  -0.0000246929
        0.0000526472   0.0003321901   0.0007831420  -0.0010755089   0.0002778267
       -0.0006559537   0.0011764076   0.0002671785   0.0001594399  -0.0000474436
       -0.0017574460   0.0000060310   0.0000141922  -0.0001806981   0.0000131761
        0.0000285293  -0.0000106539   0.0000005949  -0.0000021524   0.0000036702
        0.0000403015   0.0000196004  -0.0000277627
       -0.0995293320   0.1031979132  -0.0020922382  -0.0313674847   0.0245111047
       -0.0021419090  -0.0069093082  -0.0007132797  -0.0006133930  -0.0001164262
       -0.0008862878  -0.0000369940   0.0001033844   0.0000664237  -0.0000014699
        0.0001226983  -0.0001522862   0.0000069496  -0.0000981677  -0.0001188074
       -0.0000129167  -0.0007820294   0.0012703507  -0.0000717228   0.0000944797
        0.0000030514   0.0000128693  -0.0002253018  -0.0000223875  -0.0000104905
       -0.0000359928  -0.0000111186  -0.0000093965   0.0000008438   0.0000125173
        0.0000137913   0.0000118428  -0.0001494231  -0.0000246929   0.1321796396
       -0.1241998854   0.0042244893   0.0043721341  -0.0034247427  -0.0001775983
        0.0021676657   0.0005401511   0.0009229202  -0.0000363700   0.0000378460
       -0.0000046629   0.0000489260   0.0000247371   0.0000049246   0.0000079923
        0.0000055495   0.0000078178  -0.0000050406   0.0000093832   0.0000053861
       -0.0000041532  -0.0000008094  -0.0000016635
        0.1106880759  -0.2211003661   0.0049022674  -0.0017505259   0.0082006312
        0.0000239569  -0.0016258968   0.0000911123  -0.0001556343  -0.0007407403
       -0.0000384672  -0.0000662480  -0.0000008387   0.0000417390   0.0000046426
        0.0000617494   0.0000806269   0.0000242490   0.0000036105  -0.0001330661
        0.0000035502  -0.0006488653   0.0001933446  -0.0000580930   0.0001001489
        0.0000785414   0.0000124987   0.0000020379   0.0000609410   0.0000068666
       -0.0000136770  -0.0000061753   0.0000087651  -0.0000356603   0.0000382901
       -0.0000233471   0.0009605618  -0.0010697164   0.0000526472  -0.1241998854
        0.2482650575  -0.0053914596   0.0087791592  -0.0180214673   0.0026611392
        0.0085580593  -0.0167323431  -0.0019863187  -0.0001090027   0.0000406137
       -0.0000102705  -0.0000258289   0.0000068859  -0.0000006497  -0.0000033307
        0.0000037322  -0.0000150558  -0.0000040579  -0.0000138368   0.0000053168
        0.0000049072   0.0000139226   0.0000011769
       -0.0018911883   0.0042551461  -0.0441262161  -0.0028117348   0.0022510288
        0.0009960490  -0.0006324018  -0.0000888804   0.0004005622  -0.0000146347
       -0.0000803186   0.0000391197   0.0000053771   0.0000171119  -0.0000326318
       -0.0000316543   0.0000075209   0.0000005769  -0.0000214138  -0.0000192096
        0.0000198469  -0.0000887441   0.0001209881   0.0001082162   0.0000271831
       -0.0000047438  -0.0001002981  -0.0000124454  -0.0000142585  -0.0000490247
       -0.0000082463  -0.0000033235   0.0000233542   0.0000426924  -0.0000194871
       -0.0000026812  -0.0000064820  -0.0000646489   0.0003321901   0.0042244893
       -0.0053914596   0.0454409229  -0.0118976688   0.0232623271  -0.0020075104
        0.0131353851  -0.0242584549  -0.0010896766  -0.0000067278   0.0000168354
        0.0000084561  -0.0000185260   0.0000173151   0.0000422522   0.0000046569
       -0.0000043240  -0.0000002842   0.0000007211   0.0000044233  -0.0000016366
        0.0000013630  -0.0000035878  -0.0000015867
       -0.0512723339  -0.0269199012   0.0432900482  -0.0280482977  -0.0250828617
        0.0223807631   0.0021458369  -0.0016947720   0.0017364005  -0.0003593003
       -0.0002816769  -0.0002125410  -0.0002793756  -0.0000627652  -0.0000984104
        0.0001819964   0.0003622752   0.0000015705   0.0004340747  -0.0003229447
       -0.0003408895  -0.0008725422  -0.0000908616  -0.0003844019   0.0001662708
        0.0000506758   0.0001227237  -0.0001063589   0.0000101562   0.0000867943
        0.0000131580  -0.0000146188  -0.0000232232  -0.0000421870   0.0000319339
        0.0000455533   0.0001130282   0.0025968043   0.0007831420   0.0043721341
        0.0087791592  -0.0118976688   0.0714641760   0.0410941918  -0.0553882233
        0.0022216955   0.0014813512  -0.0000808981  -0.0000096550  -0.0000139544
       -0.0000070107  -0.0001061891   0.0000657904  -0.0000267965   0.0000005513
       -0.0000031172   0.0000077021  -0.0000084827   0.0000119986   0.0000017332
       -0.0000081995   0.0000031371   0.0000036324
       -0.0293320241  -0.1103235099   0.1017060621  -0.0143068876  -0.0077108696
        0.0064547026   0.0006131269   0.0007372939  -0.0005294856   0.0002126988
        0.0006711743   0.0002064329  -0.0004218941  -0.0001591521  -0.0000361465
        0.0003089201   0.0001053110  -0.0000095506   0.0004330542   0.0000054905
        0.0000109928  -0.0001159668   0.0003949304   0.0000287176  -0.0000020153
       -0.0004602442  -0.0001090767  -0.0003413945  -0.0001477336  -0.0000312079
        0.0000621304  -0.0000297594  -0.0000253066  -0.0002064620   0.0000929162
       -0.0000066418   0.0018512949  -0.0034182984  -0.0010755089  -0.0034247427
       -0.0180214673   0.0232623271   0.0410941918   0.1306534162  -0.1178091650
        0.0035528186   0.0075828682  -0.0121074747   0.0000082402  -0.0000533763
        0.0000204022   0.0000181736   0.0000667127   0.0000406557   0.0000028902
        0.0000020317   0.0000104634   0.0000063515   0.0000148584  -0.0000049673
       -0.0000125041  -0.0000025927   0.0000037752
        0.0445798185   0.1002560605  -0.1911083460   0.0071891044  -0.0002460473
        0.0052200238  -0.0020354003   0.0012678277   0.0004958011   0.0006831175
        0.0004413735   0.0000033244  -0.0000741002  -0.0000916028  -0.0000563105
       -0.0002498388  -0.0001829423  -0.0000270099  -0.0004020535   0.0002127891
       -0.0000535051   0.0004659965   0.0000418751  -0.0000273802   0.0000182443
       -0.0001008639   0.0000712601   0.0001126654  -0.0000450398  -0.0000268611
       -0.0000427252   0.0000057932   0.0000426509   0.0001486723  -0.0001475840
        0.0000021641  -0.0001386836  -0.0004863671   0.0002778267  -0.0001775983
        0.0026611392  -0.0020075104  -0.0553882233  -0.1178091650   0.2148234499
        0.0052564153   0.0142681963  -0.0275952247   0.0001045400  -0.0000318006
       -0.0000002292  -0.0000730221  -0.0000026826  -0.0000235157   0.0000042229
        0.0000009158  -0.0000049794   0.0000114415  -0.0000043500  -0.0000006359
        0.0000074066  -0.0000075252  -0.0000049928
       -0.0406377553  -0.0087510584  -0.0179893375  -0.0221279873  -0.0234668407
       -0.0281241596   0.0020236860  -0.0014049569  -0.0015607677  -0.0002939300
       -0.0002468809   0.0001455645  -0.0002936034  -0.0000806426   0.0000436295
        0.0001295798   0.0002801384   0.0000466093   0.0003357565  -0.0002522159
        0.0004023765  -0.0007927769  -0.0000158952   0.0002783969   0.0001849607
       -0.0000027064  -0.0000794885  -0.0001293673  -0.0000259547  -0.0001732872
        0.0000156478  -0.0000006207   0.0000383941  -0.0000149150   0.0000177626
       -0.0000491380   0.0002096498   0.0025382747  -0.0006559537   0.0021676657
        0.0085580593   0.0131353851   0.0022216955   0.0035528186   0.0052564153
        0.0571192895   0.0192463895   0.0292773336   0.0000066459  -0.0000148426
        0.0000082001  -0.0001188105   0.0000622797   0.0000009580   0.0000009197
       -0.0000054821   0.0000026421  -0.0000066369   0.0000101919  -0.0000020639
        0.0000002857   0.0000021823  -0.0000017088
       -0.0108401621  -0.1004963434  -0.1003914566  -0.0124950740  -0.0072331597
       -0.0091279191   0.0003849717   0.0007575776   0.0006078353   0.0002741752
        0.0006971164  -0.0001120605  -0.0004370573  -0.0001485378  -0.0000604157
        0.0002621588   0.0001052515   0.0000604820   0.0003912709   0.0000177838
        0.0000607141  -0.0000759285   0.0004025942   0.0000326594  -0.0000230774
       -0.0004752350   0.0000917445  -0.0003293927  -0.0001654992  -0.0000818311
        0.0000595885  -0.0000202991  -0.0000265802  -0.0001639000   0.0000638640
       -0.0000080771   0.0016905658  -0.0035137945   0.0011764076   0.0005401511
       -0.0167323431  -0.0242584549   0.0014813512   0.0075828682   0.0142681963
        0.0192463895   0.1191149168   0.1177923191   0.0000151937  -0.0000511483
       -0.0000172633   0.0000208053   0.0000797989  -0.0000281818   0.0000018859
        0.0000013082   0.0000176072   0.0000066259   0.0000148122  -0.0000012365
       -0.0000105414  -0.0000015315   0.0000055113
       -0.0193654500  -0.0985218685  -0.2115469710  -0.0123873533  -0.0043136013
       -0.0011489528   0.0022932148  -0.0014893293   0.0004935530  -0.0006758724
       -0.0004346002  -0.0001186862   0.0000171786   0.0000859104  -0.0000667034
        0.0002483009   0.0002582140   0.0000537038   0.0004429828  -0.0002641169
        0.0000759205  -0.0005933420  -0.0000437330  -0.0000572464   0.0000036168
        0.0000795311   0.0000689192  -0.0001249165   0.0000239645  -0.0000364540
        0.0000417865  -0.0000029665  -0.0000215143  -0.0001180689   0.0001316276
        0.0000016588   0.0001821710   0.0007062862   0.0002671785   0.0009229202
       -0.0019863187  -0.0010896766  -0.0000808981  -0.0121074747  -0.0275952247
        0.0292773336   0.1177923191   0.2407254212  -0.0001066225   0.0000408464
       -0.0000177287   0.0000484582   0.0000331361  -0.0000077172  -0.0000030078
       -0.0000061396   0.0000142946  -0.0000146987   0.0000140777   0.0000034130
       -0.0000077332   0.0000042356   0.0000028128
        0.0002538385  -0.0000459900   0.0000146521  -0.0008420586   0.0020113966
        0.0000066203  -0.0029785202   0.0008658210  -0.0008680376  -0.0024911612
        0.0252672314  -0.0000666106  -0.0404839520   0.0009922433  -0.0011242973
       -0.0018038852  -0.0256247236  -0.0001856284  -0.0028716364  -0.0009961038
       -0.0009042607  -0.0004258085   0.0000701148  -0.0000536066  -0.0001723255
       -0.0000934270   0.0000686626  -0.0009089583  -0.0019586045  -0.0001849896
        0.0001228220  -0.0000709158  -0.0000499521   0.0003047851  -0.0007573983
        0.0001937339  -0.0004055145   0.0013780078   0.0001594399  -0.0000363700
       -0.0001090027  -0.0000067278  -0.0000096550   0.0000082402   0.0001045400
        0.0000066459   0.0000151937  -0.0001066225   0.0526882647  -0.0010451303
        0.0029099717   0.0001285403   0.0000142265   0.0000200825  -0.0000142624
        0.0000603565  -0.0000308099  -0.0000251373  -0.0000295501   0.0000773801
       -0.0000356514   0.0000480143   0.0000264600
       -0.0001757058   0.0000747612   0.0000138393   0.0001506135  -0.0010466353
       -0.0000511184   0.0022205999  -0.0001255105   0.0002937626   0.0022591043
       -0.0171713232   0.0001010703   0.0013066026  -0.3112569214  -0.0011981553
       -0.0021749712  -0.0178551547  -0.0002248792  -0.0021521531  -0.0000675548
       -0.0003000677  -0.0000219021  -0.0000121879  -0.0000344885   0.0000361035
        0.0005887634   0.0000142848  -0.0003743914  -0.0011551208  -0.0000695447
        0.0001220168   0.0000124940  -0.0000670328  -0.0002097264   0.0012113640
       -0.0000033015   0.0000982368   0.0013228326  -0.0000474436   0.0000378460
        0.0000406137   0.0000168354  -0.0000139544  -0.0000533763  -0.0000318006
       -0.0000148426  -0.0000511483   0.0000408464  -0.0010451303   0.3455278949
        0.0014830003  -0.0000321477   0.0000647352   0.0000145807   0.0000027339
        0.0000198058  -0.0000228459  -0.0000008395  -0.0000766392   0.0000490906
       -0.0000180929   0.0000083077   0.0000233679
        0.0000262751  -0.0000062761   0.0000461066  -0.0001283599   0.0002455256
        0.0002219943  -0.0006826676   0.0001609983   0.0054822846   0.0002881763
        0.0019398597  -0.0000243356  -0.0019251416  -0.0012543034  -0.0301343011
        0.0002903727  -0.0021216471   0.0000759942  -0.0007018327  -0.0004223858
        0.0060166195  -0.0003640559   0.0000033142   0.0002451402   0.0000478332
        0.0000065877  -0.0009437067  -0.0001108767   0.0000125096   0.0003408792
       -0.0000008270  -0.0000749453  -0.0000084340   0.0002272232  -0.0000828744
       -0.0019716616   0.0001155568   0.0001720325  -0.0017574460  -0.0000046629
       -0.0000102705   0.0000084561  -0.0000070107   0.0000204022  -0.0000002292
        0.0000082001  -0.0000172633  -0.0000177287   0.0029099717   0.0014830003
        0.0223936430   0.0000369097  -0.0000323626   0.0000289974  -0.0000174508
        0.0000180627  -0.0000153482   0.0000147990  -0.0000569607   0.0000035054
       -0.0000224321   0.0000169961   0.0000095706
       -0.0001894700  -0.0002687308  -0.0000477842   0.0026371587  -0.0016363185
        0.0002415368  -0.0020804145   0.0027356449   0.0001466862  -0.0003769708
       -0.0012994499  -0.0001585109  -0.0000788165   0.0006018109   0.0000208797
       -0.0000035655  -0.0021035349  -0.0001093970  -0.0004852862   0.0039365942
       -0.0004279241   0.0043721535  -0.0150179680   0.0003103896  -0.3484314474
       -0.1066499305  -0.0502258417   0.0034536581  -0.0029213823  -0.0011727110
       -0.0003749530  -0.0009641586   0.0017235603  -0.0000208432   0.0000673843
       -0.0000201862   0.0003540442   0.0002336006   0.0000060310   0.0000489260
       -0.0000258289  -0.0000185260  -0.0001061891   0.0000181736  -0.0000730221
       -0.0001188105   0.0000208053   0.0000484582   0.0001285403  -0.0000321477
        0.0000369097   0.3416661988   0.1229731044   0.0498767074  -0.0002592739
        0.0003394869  -0.0000172843   0.0003117096  -0.0003000016  -0.0002479341
       -0.0004463486   0.0002928464   0.0001079627
       -0.0002603181  -0.0001259981  -0.0000104257   0.0021698523  -0.0007537342
        0.0002038075  -0.0006888871  -0.0032250666  -0.0004139529  -0.0013099984
       -0.0021080139  -0.0001046989  -0.0006491355   0.0005824550  -0.0000579485
        0.0004246121  -0.0006200729   0.0000826819  -0.0020446695  -0.0011883899
       -0.0000595123  -0.0340803633  -0.0254402733  -0.0050521295  -0.0864765744
       -0.0641660539  -0.0138007216  -0.0006943383   0.0009858493  -0.0000387473
        0.0008453062   0.0000067578  -0.0004805776  -0.0002100446   0.0003815166
       -0.0000484094   0.0002681133  -0.0000382314   0.0000141922   0.0000247371
        0.0000068859   0.0000173151   0.0000657904   0.0000667127  -0.0000026826
        0.0000622797   0.0000797989   0.0000331361   0.0000142265   0.0000647352
       -0.0000323626   0.1229731044   0.0951020595   0.0193295776   0.0000154462
        0.0000905961   0.0001751272  -0.0002871881   0.0001723240   0.0002481004
       -0.0001619509   0.0001261433  -0.0000017691
       -0.0000324690  -0.0000447918   0.0000769424   0.0004280475  -0.0001270119
       -0.0001596969  -0.0004262821  -0.0000151614   0.0017262882  -0.0003332922
        0.0000935089   0.0010474536   0.0003183682   0.0000443984  -0.0000606015
       -0.0001699776  -0.0005476748  -0.0006779976   0.0006693920   0.0006102507
        0.0005175636  -0.0005910269  -0.0011353304  -0.0003009450  -0.0500990180
       -0.0179374135  -0.0155579510  -0.0009911206   0.0005000461  -0.0019578597
        0.0006099430  -0.0005278189  -0.0002156060   0.0000007350   0.0000885649
        0.0000485633   0.0001039937   0.0000741820  -0.0001806981   0.0000049246
       -0.0000006497   0.0000422522  -0.0000267965   0.0000406557  -0.0000235157
        0.0000009580  -0.0000281818  -0.0000077172   0.0000200825   0.0000145807
        0.0000289974   0.0498767074   0.0193295776   0.0160545856   0.0003881880
       -0.0004497511  -0.0002909748   0.0000860688   0.0000912586  -0.0001520762
        0.0001625743  -0.0000732383   0.0000429935
       -0.0000392149  -0.0000293372   0.0000143321   0.0002182507  -0.0000621630
        0.0000028311  -0.0000572147   0.0000175953  -0.0001130707  -0.0001040549
       -0.0000992396  -0.0000291221   0.0001024504  -0.0000193262  -0.0000415285
       -0.0001529379  -0.0002511769  -0.0002799228   0.0017489951  -0.0003352026
        0.0017760881   0.0003969087   0.0003215008  -0.0001002622   0.0002337813
        0.0002084159  -0.0002279179   0.0040467420  -0.0031879586   0.0274625040
       -0.0887598327   0.0190808556  -0.0938527915  -0.0000386144   0.0001735395
        0.0000225773   0.0000855745   0.0000529577   0.0000131761   0.0000079923
       -0.0000033307   0.0000046569   0.0000005513   0.0000028902   0.0000042229
        0.0000009197   0.0000018859  -0.0000030078  -0.0000142624   0.0000027339
       -0.0000174508  -0.0002592739   0.0000154462   0.0003881880   0.1000349473
       -0.0230579431   0.0968823560  -0.0066889738   0.0040390619  -0.0127096903
       -0.0107627339   0.0031287949  -0.0191961678
        0.0000070624   0.0000117165   0.0000091654   0.0001083878  -0.0000821588
        0.0000035961  -0.0001129150   0.0000756037  -0.0000874838  -0.0000619873
       -0.0000776939  -0.0000400970  -0.0002359439  -0.0000585927  -0.0001453430
        0.0000100505  -0.0001679956  -0.0000510037   0.0007811081   0.0004069112
        0.0011692768  -0.0002143416   0.0009187758   0.0000459263  -0.0002076138
       -0.0007183486   0.0002381263  -0.0024258475   0.0028823775  -0.0009915344
        0.0197385895  -0.0530001410   0.0372392852   0.0001245770  -0.0004191499
        0.0001421959   0.0000399976   0.0000175111   0.0000285293   0.0000055495
        0.0000037322  -0.0000043240  -0.0000031172   0.0000020317   0.0000009158
       -0.0000054821   0.0000013082  -0.0000061396   0.0000603565   0.0000198058
        0.0000180627   0.0003394869   0.0000905961  -0.0004497511  -0.0230579431
        0.0551067992  -0.0434656374   0.0166958633  -0.0084891501   0.0254820005
       -0.0115858376   0.0034760617  -0.0191357661
       -0.0001124987  -0.0000519795   0.0000108445   0.0002648399  -0.0001846467
        0.0000232930  -0.0005609326   0.0000200663  -0.0002535152  -0.0002619653
        0.0000718275   0.0000291520   0.0002132872  -0.0000961898   0.0000542873
        0.0002838507   0.0000966139   0.0001693724  -0.0020175595  -0.0007884146
        0.0006555751   0.0007473455   0.0006746265  -0.0000375098  -0.0000088065
       -0.0007546018   0.0001672004   0.0083326145   0.0023898332  -0.0380720663
       -0.0917457310   0.0383310828  -0.2100357426  -0.0002871650   0.0001776745
       -0.0000079809   0.0001860955   0.0001266878  -0.0000106539   0.0000078178
       -0.0000150558  -0.0000002842   0.0000077021   0.0000104634  -0.0000049794
        0.0000026421   0.0000176072   0.0000142946  -0.0000308099  -0.0000228459
       -0.0000153482  -0.0000172843   0.0001751272  -0.0002909748   0.0968823560
       -0.0434656374   0.2582909243  -0.0046162227   0.0027610648  -0.0026228996
       -0.0072695758   0.0005266965  -0.0080629887
       -0.0000415849  -0.0000141944   0.0000022113   0.0000470954  -0.0000753863
        0.0000125554  -0.0000389666   0.0001228708   0.0000270630   0.0000343155
       -0.0000994646  -0.0000163560  -0.0001106699   0.0000549278   0.0001042790
       -0.0009057214   0.0003597040  -0.0001466055   0.0007312629   0.0017691581
       -0.0006642591  -0.0003735084   0.0001413079  -0.0000840520  -0.0002140496
       -0.0003148869  -0.0000857122  -0.0198083899   0.0215314898   0.0149414813
       -0.0812856515   0.0862680591  -0.0054733708   0.0007902839  -0.0019749555
        0.0007184996   0.0000073927  -0.0000019808   0.0000005949  -0.0000050406
       -0.0000040579   0.0000007211  -0.0000084827   0.0000063515   0.0000114415
       -0.0000066369   0.0000066259  -0.0000146987  -0.0000251373  -0.0000008395
        0.0000147990   0.0003117096  -0.0002871881   0.0000860688  -0.0066889738
        0.0166958633  -0.0046162227   0.0994844324  -0.1058309641  -0.0046956344
        0.0081063209  -0.0183524403  -0.0001228035
       -0.0000970672  -0.0000449600  -0.0000099443   0.0002937128  -0.0001807664
        0.0000015686  -0.0002452958   0.0003515508  -0.0000036286  -0.0000773655
       -0.0002185468   0.0000336765   0.0001903819  -0.0000606440   0.0000216337
        0.0000694001   0.0006450432  -0.0000700575  -0.0003057109   0.0005374218
        0.0001109081  -0.0001444086  -0.0004935274   0.0001085914   0.0001782218
        0.0002332624  -0.0000396731   0.0074046955  -0.0003691882  -0.0075152759
        0.0897063448  -0.2349661730   0.0015971009  -0.0021413358  -0.0029930669
        0.0019987310   0.0001265726   0.0000765736  -0.0000021524   0.0000093832
       -0.0000138368   0.0000044233   0.0000119986   0.0000148584  -0.0000043500
        0.0000101919   0.0000148122   0.0000140777  -0.0000295501  -0.0000766392
       -0.0000569607  -0.0003000016   0.0001723240   0.0000912586   0.0040390619
       -0.0084891501   0.0027610648  -0.1058309641   0.2707061838   0.0003819605
        0.0071317343  -0.0248455313   0.0005770473
        0.0000306494   0.0000174047   0.0000033701   0.0000189669   0.0000286236
        0.0000037388  -0.0000273078  -0.0000645708  -0.0000326365  -0.0000946269
        0.0000387211  -0.0000002601  -0.0001896151   0.0000837384  -0.0001019140
        0.0001851985  -0.0004386945   0.0001692424  -0.0005446451  -0.0000027363
        0.0008722478   0.0003037973   0.0003386199  -0.0000521704   0.0002111939
       -0.0000430320   0.0001546015   0.0203694743  -0.0236321581  -0.0098107262
       -0.0053360271   0.0040711080  -0.0398060247   0.0008373756   0.0017957781
       -0.0006588762  -0.0000101141   0.0000042195   0.0000036702   0.0000053861
        0.0000053168  -0.0000016366   0.0000017332  -0.0000049673  -0.0000006359
       -0.0000020639  -0.0000012365   0.0000034130   0.0000773801   0.0000490906
        0.0000035054  -0.0002479341   0.0002481004  -0.0001520762  -0.0127096903
        0.0254820005  -0.0026228996  -0.0046956344   0.0003819605   0.0509013151
        0.0018165035  -0.0083572867   0.0011247525
       -0.0000157396   0.0000160304   0.0000139137  -0.0002118663   0.0001102999
       -0.0000116161   0.0001982055  -0.0000254710  -0.0002778164   0.0001575820
        0.0000845800   0.0000211700   0.0000238763  -0.0000375948  -0.0002001176
       -0.0002733116   0.0006144883   0.0001288132  -0.0041784934  -0.0005936944
        0.0038551390  -0.0001487549  -0.0013095978   0.0001295338   0.0001440842
        0.0004782558   0.0000011592  -0.0235472103  -0.0168443683   0.0019775795
       -0.1468850552  -0.1125223461  -0.0393963865  -0.0000059847   0.0002346774
       -0.0000734429  -0.0000308561  -0.0000128843   0.0000403015  -0.0000041532
        0.0000049072   0.0000013630  -0.0000081995  -0.0000125041   0.0000074066
        0.0000002857  -0.0000105414  -0.0000077332  -0.0000356514  -0.0000180929
       -0.0000224321  -0.0004463486  -0.0001619509   0.0001625743  -0.0107627339
       -0.0115858376  -0.0072695758   0.0081063209   0.0071317343   0.0018165035
        0.1779240040   0.1344599102   0.0391036635
        0.0000219342   0.0000181651  -0.0000019547  -0.0000627782   0.0000541962
        0.0000009193   0.0000458003  -0.0001296354  -0.0000381785  -0.0000161344
        0.0000789186  -0.0000069430   0.0000947937   0.0000238320  -0.0000475497
        0.0003220691   0.0001144914   0.0000587314   0.0001874325   0.0004739611
        0.0002853110   0.0001310790   0.0001568386   0.0000472963  -0.0000402065
       -0.0001682435   0.0000341092  -0.0030230807   0.0005338349   0.0021578398
       -0.1168505829  -0.1662921473  -0.0405001455  -0.0004336700  -0.0002545877
        0.0002387731   0.0000417085   0.0000281334   0.0000196004  -0.0000008094
        0.0000139226  -0.0000035878   0.0000031371  -0.0000025927  -0.0000075252
        0.0000021823  -0.0000015315   0.0000042356   0.0000480143   0.0000083077
        0.0000169961   0.0002928464   0.0001261433  -0.0000732383   0.0031287949
        0.0034760617   0.0005266965  -0.0183524403  -0.0248455313  -0.0083572867
        0.1344599102   0.1865874630   0.0456459006
        0.0000196739  -0.0000176451  -0.0000141649   0.0001255005  -0.0000107928
        0.0000029661  -0.0000509754  -0.0000704393   0.0002376664  -0.0000880512
       -0.0000356724   0.0000137107   0.0000335795   0.0001147985   0.0001700289
        0.0004630099  -0.0002550709   0.0000420155   0.0040497544   0.0005292547
       -0.0026294563   0.0006170985   0.0007027022  -0.0000193225  -0.0000947501
       -0.0000072843  -0.0000771783   0.0197290691   0.0156785152   0.0015136476
       -0.0446850120  -0.0438573053  -0.0548672491  -0.0000867144   0.0000601264
       -0.0000815280   0.0000484424   0.0000495692  -0.0000277627  -0.0000016635
        0.0000011769  -0.0000015867   0.0000036324   0.0000037752  -0.0000049928
       -0.0000017088   0.0000055113   0.0000028128   0.0000264600   0.0000233679
        0.0000095706   0.0001079627  -0.0000017691   0.0000429935  -0.0191961678
       -0.0191357661  -0.0080629887  -0.0001228035   0.0005770473   0.0011247525
        0.0391036635   0.0456459006   0.0626260655
