$hessian                                                                        
        0.5082051712  -0.0190268843   0.0174839442  -0.0847921271  -0.0336450066
        0.0331558933  -0.0114102964  -0.0177958613   0.0114857755   0.0007304436
        0.0004993112   0.0009398031  -0.0029951513  -0.0020969390  -0.0012414076
        0.0001941733   0.0006676088  -0.0001597684   0.0001439206  -0.0000442354
        0.0001165562  -0.0000430531  -0.0000103731  -0.0000611186  -0.1516610880
        0.1156569293  -0.0319799146  -0.1946547042  -0.0781894581  -0.0840859792
       -0.0637206412   0.0305106335   0.0571413711  -0.0040552547  -0.0072139737
        0.0088405066   0.0064585189   0.0137616278  -0.0124256195  -0.0000028378
       -0.0001273508  -0.0000494625  -0.0000906043   0.0000186959  -0.0001024657
       -0.0001607826  -0.0012041294   0.0004955650  -0.0019123693  -0.0014466432
        0.0002889105  -0.0000194186  -0.0000345622   0.0000056252  -0.0001124323
       -0.0001130838  -0.0000984497   0.0000186884  -0.0000377455   0.0000448560
       -0.0000645874  -0.0000498960  -0.0000025706  -0.0000013104  -0.0001086708
        0.0000531994  -0.0000542575   0.0000300066   0.0001547503
       -0.0190268843   0.4936163497   0.0255028343  -0.0318577789  -0.1296294807
        0.0584929060  -0.0103446570  -0.0133320081   0.0062463030  -0.0000706881
        0.0003824798   0.0011924692  -0.0028228103  -0.0014468566  -0.0009849217
       -0.0001408964  -0.0005729611   0.0003871383   0.0001030657  -0.0000707926
       -0.0000882205   0.0000333432  -0.0002169861   0.0001440441   0.1152242477
       -0.1640526941   0.0318571593  -0.0783793579  -0.0842048586  -0.0455040537
        0.0305120939  -0.0882527417  -0.0885568434   0.0029574913   0.0072813673
       -0.0058139012  -0.0065103375  -0.0196049157   0.0168488838  -0.0001675212
        0.0003311778  -0.0000000979   0.0000220500  -0.0000883161  -0.0002416714
       -0.0003402092  -0.0008288687   0.0004533086   0.0009532459   0.0005094001
       -0.0000535166  -0.0000009086   0.0000171719  -0.0000239427   0.0000273732
        0.0000219186   0.0000417582  -0.0000531045   0.0000346996   0.0000211670
       -0.0000012240   0.0000481412   0.0000488891  -0.0001257152   0.0000619621
        0.0000344123   0.0000091822  -0.0000031879  -0.0000041043
        0.0174839442   0.0255028343   0.4975139631   0.0314209759   0.0577167581
       -0.1197191798  -0.0012710362  -0.0050910894   0.0056837454  -0.0012403250
       -0.0009525875   0.0014828590  -0.0017179638  -0.0013669951  -0.0005312328
        0.0001274707   0.0000680994  -0.0001326448   0.0000968430   0.0000463520
       -0.0000700817  -0.0000543624   0.0000075156  -0.0003510266  -0.0317402178
        0.0320213416  -0.0530816785  -0.0840192781  -0.0453492862  -0.0893759543
        0.0572613875  -0.0885081889  -0.2162724671   0.0119608588   0.0182516331
       -0.0207788720   0.0024918715   0.0088908427  -0.0058891625   0.0000810850
       -0.0000816330  -0.0000037114  -0.0000826071  -0.0001174860   0.0003476144
       -0.0002848989  -0.0006532690   0.0003474576  -0.0003891769  -0.0004266070
        0.0002078157  -0.0000274780  -0.0000065146   0.0000207175  -0.0000514201
       -0.0000792599   0.0000105560  -0.0000194210   0.0000320264   0.0001757261
        0.0000251849   0.0000450800   0.0001398805  -0.0000145334   0.0001094892
        0.0001490537  -0.0000369028  -0.0000590560   0.0001266224
       -0.0847921271  -0.0318577789   0.0314209759   0.4802086406  -0.0388006460
       -0.0142492878  -0.1300327561  -0.0436482488  -0.0374042115   0.0027733832
        0.0003653574   0.0005018792  -0.0088144109  -0.0096145702  -0.0012342468
       -0.0242910151  -0.0069635048  -0.0112393953  -0.0034933380   0.0022608439
       -0.0000051074   0.0002755038  -0.0001028131   0.0001538087   0.0079587339
        0.0135214437  -0.0120729513  -0.0119409085  -0.0190635907   0.0145147353
       -0.0045573025  -0.0065268783   0.0087053375  -0.0628884624   0.0318412653
        0.0565046510  -0.1596675987   0.1097853956  -0.0339758141   0.0006526000
        0.0011694075  -0.0000977414   0.0003061708   0.0003439777  -0.0007517326
       -0.0001069286  -0.0012299759   0.0004264846   0.0003925360  -0.0012169423
        0.0000688727  -0.0009359820  -0.0003937523  -0.0008691074   0.0000133190
        0.0001308046  -0.0000274877   0.0000143648   0.0000876483   0.0001085541
       -0.0000423955  -0.0000735325  -0.0001489270  -0.0007830038  -0.0000269926
       -0.0001542282  -0.0002490228   0.0000130825  -0.0001750604
       -0.0336450066  -0.1296294807   0.0577167581  -0.0388006460   0.4960212590
        0.0121411985  -0.0400096298  -0.0913037736  -0.0270927423  -0.0088929505
       -0.0061212399  -0.0077371447  -0.0201052570  -0.0194665842  -0.0062427036
        0.0085510156   0.0072926000   0.0051996109   0.0028066362  -0.0014881941
        0.0004903525  -0.0000956042  -0.0002179895  -0.0000957040  -0.0060290322
       -0.0191027527   0.0156794411  -0.0081502082  -0.0119068351   0.0087958036
        0.0032916577   0.0079648600  -0.0051945882   0.0315453114  -0.0881671246
       -0.0856564580   0.1097849951  -0.1410302115   0.0297099694  -0.0011049538
        0.0000763405  -0.0004835046   0.0000304417   0.0011242107  -0.0008631625
       -0.0015723182  -0.0045904642   0.0024151934   0.0006166974   0.0003856271
        0.0006911310   0.0007656186   0.0001413744   0.0005818561   0.0000441952
        0.0000449103  -0.0000085564  -0.0000074039  -0.0000515042   0.0000168139
        0.0002301553   0.0000423480   0.0000326803   0.0006886992   0.0000238620
       -0.0000460203   0.0000575871  -0.0000412378  -0.0000502242
        0.0331558933   0.0584929060  -0.1197191798  -0.0142492878   0.0121411985
        0.5011518629  -0.0361685209  -0.0281989979  -0.0877296251  -0.0208604630
       -0.0167257101  -0.0169191134   0.0089872486   0.0076281579   0.0046956382
       -0.0050709677   0.0009017685  -0.0011910170  -0.0008979709   0.0002566143
        0.0001195998  -0.0006515107  -0.0003685983  -0.0005836390   0.0011236848
        0.0075935660  -0.0052471547  -0.0042709534  -0.0070658131   0.0066865746
        0.0123179375   0.0175863497  -0.0215608270   0.0561295588  -0.0866498692
       -0.2059008317  -0.0337289459   0.0293601424  -0.0546344777   0.0005161681
        0.0002881849   0.0001551019   0.0007177381   0.0008122923   0.0010133505
        0.0013677734   0.0036301498  -0.0006706611  -0.0002204170   0.0000797368
        0.0002791637  -0.0001540834  -0.0000283712   0.0000438057   0.0000701262
        0.0002326064  -0.0001073073  -0.0000212364  -0.0000136979   0.0002760655
        0.0002954470   0.0000659937  -0.0000122376   0.0015909315  -0.0000259519
       -0.0000635692   0.0000218498   0.0000073424  -0.0000815222
       -0.0114102964  -0.0103446570  -0.0012710362  -0.1300327561  -0.0400096298
       -0.0361685209   0.4562190732  -0.0028662553  -0.0114454844  -0.0565347876
        0.0148650770   0.0527123316  -0.0665744094  -0.0177796906   0.0121182642
       -0.1320578768   0.0500391005  -0.0043738910  -0.0226845094   0.0098475235
       -0.0071189033  -0.0142241209   0.0096805415   0.0047604181   0.0001478755
        0.0006563053  -0.0002556658  -0.0004849121  -0.0016159899   0.0012505895
        0.0004038536   0.0001211813  -0.0007431053   0.0049839476   0.0017670580
        0.0005973102  -0.0234685845  -0.0090321195  -0.0127685149   0.0013641738
        0.0208467344  -0.0119896408  -0.0007666510  -0.0042501976   0.0037469588
       -0.0052754373  -0.0212727946   0.0115509620   0.0026085757  -0.0002409450
       -0.0006052657  -0.0029467824  -0.0011009919  -0.0023714284   0.0006113340
        0.0005581545   0.0005031451   0.0006766809   0.0002976933   0.0011077444
       -0.0011411110   0.0002243549   0.0020020456   0.0002830195  -0.0003646402
       -0.0008052909   0.0003037010  -0.0000258127  -0.0004330219
       -0.0177958613  -0.0133320081  -0.0050910894  -0.0436482488  -0.0913037736
       -0.0281989979  -0.0028662553   0.4650485589   0.0073396305   0.0143777448
       -0.0553811490  -0.0514616685  -0.0143371132  -0.1524926359   0.0547179942
        0.0488699836  -0.0994604333   0.0059171500  -0.0046986941   0.0057101100
       -0.0003523526   0.0063816387  -0.0037413216  -0.0039166389   0.0001607572
        0.0004053675  -0.0004892029  -0.0019359230  -0.0028092260   0.0021806632
        0.0007204172   0.0008215068  -0.0006957857  -0.0108190096  -0.0079946059
       -0.0090289556   0.0129241803   0.0067506595   0.0075890355   0.0000061469
       -0.0202351668   0.0114285771  -0.0004181997   0.0039656427   0.0010318928
       -0.0054801743  -0.0157716215   0.0071450360   0.0221134089  -0.0213123419
        0.0043162639  -0.0022669383  -0.0000011015  -0.0017138828  -0.0004104988
        0.0001600786   0.0001423892  -0.0005653355   0.0003382030  -0.0002737454
        0.0003087373   0.0004229696  -0.0008844823   0.0000308910   0.0001407151
        0.0000288635  -0.0006516539   0.0000715735   0.0002693060
        0.0114857755   0.0062463030   0.0056837454  -0.0374042115  -0.0270927423
       -0.0877296251  -0.0114454844   0.0073396305   0.5248811277   0.0522980902
       -0.0519647267  -0.2304053018   0.0109871914   0.0565333353  -0.1032773855
       -0.0008885435   0.0030395990  -0.0648909891  -0.0154335197   0.0083753228
       -0.0043685736   0.0198262785  -0.0140724933  -0.0002839783  -0.0001172849
       -0.0000445451   0.0004908451   0.0023325463   0.0033235445  -0.0016083284
        0.0012292207   0.0010491930   0.0007997446  -0.0194678253  -0.0149727864
       -0.0153495686  -0.0066663157  -0.0022271773  -0.0027254630  -0.0011465415
        0.0001670152   0.0002358419   0.0053289983   0.0252800050  -0.0208832959
       -0.0011485304  -0.0075560760   0.0052607797  -0.0084543182   0.0084226819
       -0.0004023374  -0.0033772366  -0.0012901791  -0.0024114977   0.0002827204
        0.0003500214   0.0005406598  -0.0014348939   0.0007066594   0.0000904104
        0.0034188059  -0.0012104568  -0.0046157352  -0.0002943218  -0.0005327033
        0.0005195655   0.0000894001   0.0001305753   0.0004493596
        0.0007304436  -0.0000706881  -0.0012403250   0.0027733832  -0.0088929505
       -0.0208604630  -0.0565347876   0.0143777448   0.0522980902   0.0730226703
       -0.0160873746  -0.0581408573  -0.0004380376   0.0005185369   0.0063749887
       -0.0120569945   0.0092019052   0.0223609010   0.0000824907   0.0004241694
        0.0015455563  -0.0038531025   0.0035151862  -0.0004290134  -0.0000477377
        0.0001893032   0.0001201962   0.0000651064   0.0002125237  -0.0000222515
       -0.0003507264  -0.0001997053   0.0004247684  -0.0030006542  -0.0025272817
       -0.0024615286   0.0002979930   0.0000534625  -0.0001439789   0.0004017478
        0.0003357165  -0.0008168243   0.0003888226  -0.0011916492   0.0007184847
       -0.0002141561   0.0000154493   0.0002909692   0.0002314362  -0.0001194660
        0.0000696783   0.0002328728  -0.0001563990  -0.0000139316  -0.0002347496
       -0.0001954761   0.0001156741  -0.0007406695   0.0003574892  -0.0011028831
       -0.0008850732   0.0003324590   0.0013077685   0.0000153407  -0.0000984696
       -0.0002631607   0.0001143819   0.0000055142  -0.0001318582
        0.0004993112   0.0003824798  -0.0009525875   0.0003653574  -0.0061212399
       -0.0167257101   0.0148650770  -0.0553811490  -0.0519647267  -0.0160873746
        0.0707315030   0.0575872119  -0.0064032359   0.0015453908   0.0258257693
        0.0089472751  -0.0051511486  -0.0164097983  -0.0007993307   0.0006411958
       -0.0004096605   0.0027398986  -0.0016181567   0.0004631548   0.0001227762
       -0.0003080503  -0.0000736014   0.0001910177   0.0000973828   0.0001806481
       -0.0007305351  -0.0000989523   0.0003774297  -0.0029353747  -0.0015725365
       -0.0023268439   0.0002671450   0.0000772596   0.0002213292  -0.0001992185
        0.0008254145   0.0005247324  -0.0011833443  -0.0040111893   0.0038585640
        0.0000746379   0.0005209324   0.0000514455  -0.0000583214  -0.0002539158
       -0.0001840864  -0.0002325353  -0.0000912394  -0.0000909919  -0.0001221106
       -0.0000989449   0.0001688642   0.0002553540   0.0002910714   0.0004270755
        0.0005905889  -0.0002241038  -0.0008565861  -0.0001777879  -0.0000453334
        0.0001808099   0.0000107302  -0.0001366701   0.0001275580
        0.0009398031   0.0011924692   0.0014828590   0.0005018792  -0.0077371447
       -0.0169191134   0.0527123316  -0.0514616685  -0.2304053018  -0.0581408573
        0.0575872119   0.2711354057   0.0053835868   0.0003264194  -0.0202511406
        0.0025521326  -0.0021860827  -0.0029327406  -0.0018472755   0.0010155702
        0.0011896836   0.0004143725  -0.0009864620   0.0008060907  -0.0000166244
       -0.0001433302  -0.0001149860   0.0002494692   0.0002441499   0.0000663011
       -0.0003017292  -0.0001964241   0.0004739991  -0.0030227584  -0.0014778970
       -0.0020247200   0.0000161866   0.0002000313  -0.0002181200  -0.0003240784
       -0.0003376970   0.0002657360   0.0009735726   0.0040530942  -0.0024349324
        0.0000935575  -0.0002457931   0.0002423717   0.0000086939  -0.0001992693
       -0.0000625646  -0.0002350725   0.0001319609  -0.0000449135   0.0002781782
        0.0000422027  -0.0001666752  -0.0002434669   0.0001081624   0.0001813481
        0.0002080197  -0.0000773717  -0.0002986500  -0.0000424630   0.0001278262
        0.0000221028  -0.0001574580   0.0000200421   0.0000079601
       -0.0029951513  -0.0028228103  -0.0017179638  -0.0088144109  -0.0201052570
        0.0089872486  -0.0665744094  -0.0143371132   0.0109871914  -0.0004380376
       -0.0064032359   0.0053835868   0.5234029318  -0.0033217731   0.0058704552
        0.0022164840   0.0190841838  -0.0108480842  -0.0001132979  -0.0007758539
        0.0004929116  -0.0001571373  -0.0006159908  -0.0000649138  -0.0001763586
       -0.0001497190   0.0001414238  -0.0006521621  -0.0010505277   0.0006116068
        0.0000673687   0.0000225946  -0.0002167667   0.0001404642  -0.0000238341
        0.0001787959   0.0005096698  -0.0021469543   0.0008883393  -0.1961635416
        0.1122703028   0.0200030105  -0.0479301237   0.0062906238   0.0292804656
       -0.1982691273  -0.0928562544  -0.0675789508  -0.0033788060   0.0038602450
       -0.0009804616  -0.0000010500   0.0001661186  -0.0002224018  -0.0005278575
        0.0010236205  -0.0005628824  -0.0000414771   0.0001554129  -0.0002131543
        0.0001790479   0.0004462386  -0.0003126539  -0.0000991381   0.0000918982
        0.0000261327  -0.0001838800   0.0011980851  -0.0001329351
       -0.0020969390  -0.0014468566  -0.0013669951  -0.0096145702  -0.0194665842
        0.0076281579  -0.0177796906  -0.1524926359   0.0565333353   0.0005185369
        0.0015453908   0.0003264194  -0.0033217731   0.4697133578   0.0325711739
        0.0033568799  -0.0202093652   0.0090773673  -0.0002704246  -0.0002000223
        0.0001079761  -0.0004091360   0.0002770764   0.0000702555  -0.0000252314
        0.0000453995   0.0000094142  -0.0003662308  -0.0006558108   0.0005583756
       -0.0000245292  -0.0000596965  -0.0001678218   0.0002993356   0.0002308595
        0.0004745176   0.0010757314   0.0006688373   0.0007030748   0.1123255002
       -0.1242338106  -0.0164585185   0.0063868248  -0.0532226826  -0.0495874282
       -0.0928284331  -0.0978231391  -0.0418020439   0.0028392440  -0.0021071992
        0.0008866342  -0.0001215036   0.0001045008  -0.0000319909  -0.0003297469
        0.0001536489  -0.0002119203   0.0000412407  -0.0001482565   0.0001084266
       -0.0002023188  -0.0000288682   0.0003502398   0.0001425451  -0.0001021288
        0.0000735501   0.0004046888  -0.0005420146   0.0001478004
       -0.0012414076  -0.0009849217  -0.0005312328  -0.0012342468  -0.0062427036
        0.0046956382   0.0121182642   0.0547179942  -0.1032773855   0.0063749887
        0.0258257693  -0.0202511406   0.0058704552   0.0325711739   0.5057734162
       -0.0021326609   0.0040142399  -0.0006906483  -0.0001987837  -0.0003816051
        0.0000175388  -0.0002688841   0.0001941007  -0.0004284947   0.0001025323
       -0.0001809721   0.0000677319  -0.0003076144  -0.0003218530   0.0003849307
       -0.0001539202   0.0000512447   0.0002706232  -0.0004156130  -0.0007187277
        0.0006348685  -0.0000966920  -0.0006066512   0.0006136150   0.0199272446
       -0.0160342368  -0.0462104350   0.0294526336  -0.0494954877  -0.2691228032
       -0.0677175840  -0.0420000708  -0.0733403760  -0.0002158817  -0.0004398332
        0.0007347163   0.0000900874   0.0001076744   0.0000705334  -0.0003436572
        0.0004848083  -0.0003618567   0.0000842678   0.0001140243   0.0002078725
        0.0000507581  -0.0001273196  -0.0000583160  -0.0000026046  -0.0003767072
        0.0002203568   0.0002583184  -0.0001699400   0.0005808473
        0.0001941733  -0.0001408964   0.0001274707  -0.0242910151   0.0085510156
       -0.0050709677  -0.1320578768   0.0488699836  -0.0008885435  -0.0120569945
        0.0089472751   0.0025521326   0.0022164840   0.0033568799  -0.0021326609
        0.4689780499   0.0249494426  -0.0136597205  -0.1159368784  -0.0328429841
       -0.0543833810  -0.0919810915   0.0057327565   0.0516307159  -0.0008652723
       -0.0000743209  -0.0000566265   0.0000941060   0.0001591679   0.0000384826
       -0.0002117392   0.0000611475  -0.0000913829   0.0008025963   0.0008210412
        0.0009583828  -0.0033691680  -0.0017229756  -0.0015331948   0.0004411134
       -0.0015066705   0.0006105313   0.0002589457  -0.0002605880   0.0003366360
        0.0001384428  -0.0006909712  -0.0002036408  -0.0577447932  -0.0548430611
        0.0208439062  -0.0200423603  -0.0073754781  -0.0173708155  -0.0085101703
       -0.0080317552  -0.0061857107   0.0069386030   0.0042880221   0.0071658625
       -0.0142438555   0.0053601437   0.0209150040   0.0084231208  -0.0022259555
       -0.0159584963  -0.0071744203  -0.0013812191   0.0123560167
        0.0006676088  -0.0005729611   0.0000680994  -0.0069635048   0.0072926000
        0.0009017685   0.0500391005  -0.0994604333   0.0030395990   0.0092019052
       -0.0051511486  -0.0021860827   0.0190841838  -0.0202093652   0.0040142399
        0.0249494426   0.5140436472  -0.0159403420  -0.0345244139  -0.0869276875
       -0.0326222336   0.0053005979  -0.0685919048  -0.0096724917  -0.0016071070
       -0.0004686620   0.0000063821  -0.0003528258  -0.0001263195   0.0002044302
       -0.0000658300  -0.0000743501   0.0000647909  -0.0001242693   0.0005783075
       -0.0002721033  -0.0030803921  -0.0007463586  -0.0017022757  -0.0001758504
       -0.0045687144   0.0030373551   0.0000097219   0.0006679326  -0.0003610099
        0.0002370387   0.0002970524  -0.0004794869  -0.0544622197  -0.2218455499
        0.0666871672   0.0116042030   0.0059952960   0.0111743067  -0.0201466673
       -0.0147407466  -0.0176128412  -0.0014900535  -0.0015330216  -0.0034682232
        0.0115000468  -0.0038722100  -0.0179705102   0.0038611412  -0.0016909106
       -0.0103237150  -0.0134618563   0.0017055081   0.0234131763
       -0.0001597684   0.0003871383  -0.0001326448  -0.0112393953   0.0051996109
       -0.0011910170  -0.0043738910   0.0059171500  -0.0648909891   0.0223609010
       -0.0164097983  -0.0029327406  -0.0108480842   0.0090773673  -0.0006906483
       -0.0136597205  -0.0159403420   0.4765307773  -0.0541757348  -0.0313590038
       -0.1192524073   0.0547105880  -0.0118137930  -0.1639321928   0.0006557535
        0.0003145872   0.0000546374   0.0000009868  -0.0000135350   0.0000066537
       -0.0000655361  -0.0000270864   0.0000158171  -0.0001932353   0.0004364182
        0.0002516999  -0.0027667878  -0.0006554669  -0.0007926728  -0.0001831443
        0.0026894118  -0.0012616015  -0.0003846601  -0.0000654632  -0.0001392670
       -0.0001715515  -0.0004790530   0.0005449106   0.0205786079   0.0671967285
       -0.0658234060  -0.0049717587  -0.0012527288  -0.0036631386   0.0040698324
        0.0009546476   0.0053115657  -0.0160878620  -0.0116078829  -0.0227087586
        0.0017439873  -0.0008814632  -0.0004083771   0.0076425289  -0.0043384092
       -0.0223621321   0.0075179442   0.0026709659  -0.0125340680
        0.0001439206   0.0001030657   0.0000968430  -0.0034933380   0.0028066362
       -0.0008979709  -0.0226845094  -0.0046986941  -0.0154335197   0.0000824907
       -0.0007993307  -0.0018472755  -0.0001132979  -0.0002704246  -0.0001987837
       -0.1159368784  -0.0345244139  -0.0541757348   0.4929731849  -0.0159259272
       -0.0326186483   0.0055263129   0.0034995296   0.0054915900   0.0001191955
        0.0000333715  -0.0001019602   0.0000245476   0.0000059568   0.0000455099
       -0.0000720405   0.0000310764  -0.0000922977  -0.0000619245   0.0000778640
        0.0001000526  -0.0012571662  -0.0004801684  -0.0005900172  -0.0000638423
       -0.0000699352  -0.0000204750  -0.0002345644   0.0000775017  -0.0001797782
       -0.0000509500  -0.0002187112   0.0000344649  -0.0084630464  -0.0078067771
       -0.0084434906  -0.1890191311   0.1149956086  -0.0154346593  -0.0676389264
       -0.0677797557   0.0238923409  -0.0909566823   0.0096316056   0.0957876112
        0.0007944595   0.0000483910   0.0009493913  -0.0002578692   0.0007099205
        0.0030696218   0.0006400551   0.0005536106   0.0005671855
       -0.0000442354  -0.0000707926   0.0000463520   0.0022608439  -0.0014881941
        0.0002566143   0.0098475235   0.0057101100   0.0083753228   0.0004241694
        0.0006411958   0.0010155702  -0.0007758539  -0.0002000223  -0.0003816051
       -0.0328429841  -0.0869276875  -0.0313590038  -0.0159259272   0.5125028762
       -0.0158116051  -0.0020708308  -0.0020813294  -0.0058183789   0.0001656892
        0.0002055854  -0.0000932664   0.0000418286   0.0001771478  -0.0000581530
       -0.0000756529   0.0000343340  -0.0000049101  -0.0000229290   0.0000429570
        0.0002505844   0.0008036526   0.0002702510   0.0004134585   0.0002558564
        0.0001024138   0.0001709685   0.0001800521  -0.0000189581   0.0001610124
        0.0013689938  -0.0003094720   0.0007610791  -0.0205410654  -0.0152417622
       -0.0184429777   0.1151254347  -0.1336422679   0.0136619171  -0.0681592087
       -0.2353620561   0.0645650065   0.0094947176  -0.0460170932  -0.0177737260
       -0.0004958356   0.0001661352  -0.0002457107   0.0005785560   0.0005064933
       -0.0006557770   0.0004072052   0.0010001359   0.0009672279
        0.0001165562  -0.0000882205  -0.0000700817  -0.0000051074   0.0004903525
        0.0001195998  -0.0071189033  -0.0003523526  -0.0043685736   0.0015455563
       -0.0004096605   0.0011896836   0.0004929116   0.0001079761   0.0000175388
       -0.0543833810  -0.0326222336  -0.1192524073  -0.0326186483  -0.0158116051
        0.4907395181  -0.0141850775  -0.0123120786  -0.0271922511  -0.0001143700
       -0.0000366283   0.0000179637   0.0000310273   0.0000117340   0.0000371802
        0.0000079662  -0.0000134228   0.0000691878   0.0001016701   0.0000629789
        0.0000680707  -0.0000985008  -0.0001456685  -0.0000500780  -0.0000713522
       -0.0000994916   0.0000119739  -0.0001641784  -0.0000975717   0.0000319579
       -0.0005491762   0.0001635910  -0.0003190420   0.0026023816   0.0019233686
        0.0039037184  -0.0154026739   0.0137774074  -0.0449969134   0.0242114939
        0.0650345060  -0.0652002893   0.0957944850  -0.0177430275  -0.2305425948
       -0.0008391395   0.0002852335   0.0005067352   0.0018493466  -0.0014360870
       -0.0057375954  -0.0012028864  -0.0006890996   0.0010166983
       -0.0000430531   0.0000333432  -0.0000543624   0.0002755038  -0.0000956042
       -0.0006515107  -0.0142241209   0.0063816387   0.0198262785  -0.0038531025
        0.0027398986   0.0004143725  -0.0001571373  -0.0004091360  -0.0002688841
       -0.0919810915   0.0053005979   0.0547105880   0.0055263129  -0.0020708308
       -0.0141850775   0.5050288498   0.0087879159   0.0313460307   0.0000218694
        0.0000361127   0.0000937962  -0.0000642362   0.0000214191   0.0000164189
       -0.0000105776  -0.0001150936   0.0000462926  -0.0012994897   0.0003552239
        0.0008065227  -0.0000550320   0.0000298023   0.0002080195  -0.0001337590
       -0.0001680084   0.0004617105  -0.0002220356   0.0007576434   0.0005512866
       -0.0000161938   0.0000566195  -0.0002410331  -0.0053948568  -0.0004071741
        0.0120400447   0.0008648413  -0.0005910570  -0.0008327258   0.0006182892
        0.0002528715  -0.0007362009  -0.0014642371  -0.0017505000  -0.0038480734
       -0.1697076678   0.1164752413  -0.0213001744  -0.1418967106  -0.0522489212
       -0.1069087403  -0.0818123650  -0.0833720028   0.0285054213
       -0.0000103731  -0.0002169861   0.0000075156  -0.0001028131  -0.0002179895
       -0.0003685983   0.0096805415  -0.0037413216  -0.0140724933   0.0035151862
       -0.0016181567  -0.0009864620  -0.0006159908   0.0002770764   0.0001941007
        0.0057327565  -0.0685919048  -0.0118137930   0.0034995296  -0.0020813294
       -0.0123120786   0.0087879159   0.5214384740  -0.0087125234   0.0000360523
        0.0002411657  -0.0000007100  -0.0000492221   0.0001428466  -0.0000571473
        0.0000158041  -0.0000143349  -0.0000697165  -0.0005385016   0.0000312610
        0.0000994252  -0.0000388261   0.0001198438   0.0000394922   0.0001459900
        0.0000953682  -0.0003393096   0.0009076229  -0.0002501317  -0.0004895310
        0.0003538240  -0.0001520313  -0.0002612157  -0.0121876872   0.0007215765
        0.0240416827   0.0002275398   0.0003963483   0.0004449125   0.0008236710
        0.0006790044  -0.0008808567  -0.0010386879  -0.0004844975  -0.0024288792
        0.1162754661  -0.1523037194   0.0192000770  -0.0522311712  -0.0711288284
       -0.0547747799  -0.0831886269  -0.2233417334   0.0635408886
       -0.0000611186   0.0001440441  -0.0003510266   0.0001538087  -0.0000957040
       -0.0005836390   0.0047604181  -0.0039166389  -0.0002839783  -0.0004290134
        0.0004631548   0.0008060907  -0.0000649138   0.0000702555  -0.0004284947
        0.0516307159  -0.0096724917  -0.1639321928   0.0054915900  -0.0058183789
       -0.0271922511   0.0313460307  -0.0087125234   0.4729515762   0.0000788688
       -0.0000738271   0.0000317886   0.0000012058  -0.0000774814   0.0000351141
       -0.0000245485  -0.0000034360   0.0000978336  -0.0009662576   0.0001340059
        0.0004792472  -0.0001843059   0.0000363182   0.0000928903  -0.0000699671
        0.0002602543   0.0001247531  -0.0001733112   0.0000815332   0.0004088772
       -0.0000247621   0.0000574291   0.0001245621   0.0087681877   0.0007519918
       -0.0146709207   0.0009772028  -0.0000496112   0.0003596922   0.0007496447
        0.0006746146   0.0010759406  -0.0024833223  -0.0020291472  -0.0035144933
       -0.0213520120   0.0189032758  -0.0449570601  -0.1064963828  -0.0545893341
       -0.1553054060   0.0283722423   0.0634616965  -0.0653689032
       -0.1516610880   0.1152242477  -0.0317402178   0.0079587339  -0.0060290322
        0.0011236848   0.0001478755   0.0001607572  -0.0001172849  -0.0000477377
        0.0001227762  -0.0000166244  -0.0001763586  -0.0000252314   0.0001025323
       -0.0008652723  -0.0016071070   0.0006557535   0.0001191955   0.0001656892
       -0.0001143700   0.0000218694   0.0000360523   0.0000788688   0.1775198581
       -0.1335788994   0.0367344030  -0.0236064678   0.0189044102  -0.0072431788
       -0.0084735001   0.0090733922  -0.0002727362   0.0004563469  -0.0001268873
       -0.0003088911   0.0003301442  -0.0020301253   0.0012457375  -0.0000171188
        0.0000637468  -0.0000126692   0.0000084774  -0.0000020840  -0.0000424041
        0.0000087097   0.0000078082   0.0000058487  -0.0017270689  -0.0005241572
       -0.0000598861  -0.0000402055   0.0000197898   0.0000001217   0.0000491356
        0.0000702587   0.0000433796   0.0000223245   0.0000092119  -0.0000118465
       -0.0000555424   0.0000292325   0.0000102485   0.0000288316   0.0000122897
       -0.0000007235  -0.0000011421   0.0000238613  -0.0000597459
        0.1156569293  -0.1640526941   0.0320213416   0.0135214437  -0.0191027527
        0.0075935660   0.0006563053   0.0004053675  -0.0000445451   0.0001893032
       -0.0003080503  -0.0001433302  -0.0001497190   0.0000453995  -0.0001809721
       -0.0000743209  -0.0004686620   0.0003145872   0.0000333715   0.0002055854
       -0.0000366283   0.0000361127   0.0002411657  -0.0000738271  -0.1335788994
        0.1899856012  -0.0404236479  -0.0072903172   0.0083125772  -0.0022441531
        0.0138307209  -0.0133160361   0.0001522887   0.0001914626   0.0008558783
       -0.0005986531  -0.0016636986  -0.0036453709   0.0039724912   0.0000045790
        0.0001282217   0.0000059012   0.0001058831   0.0000455942  -0.0000433018
       -0.0000753321   0.0000037812  -0.0000534694  -0.0016265048   0.0006232510
       -0.0001282232   0.0000107412   0.0000355508   0.0000171793   0.0001029067
        0.0000723382   0.0000012122  -0.0000023614  -0.0000863844  -0.0001017109
        0.0000106162   0.0000236819  -0.0000363932   0.0000048886  -0.0000514395
        0.0000966704   0.0001058895   0.0000473960  -0.0000663822
       -0.0319799146   0.0318571593  -0.0530816785  -0.0120729513   0.0156794411
       -0.0052471547  -0.0002556658  -0.0004892029   0.0004908451   0.0001201962
       -0.0000736014  -0.0001149860   0.0001414238   0.0000094142   0.0000677319
       -0.0000566265   0.0000063821   0.0000546374  -0.0001019602  -0.0000932664
        0.0000179637   0.0000937962  -0.0000007100   0.0000317886   0.0367344030
       -0.0404236479   0.0597514494  -0.0134217482   0.0102071681  -0.0033448965
        0.0200939396  -0.0207890166   0.0033122542  -0.0007022149   0.0002156216
        0.0002555836   0.0012729401   0.0039978599  -0.0024889833  -0.0000105915
       -0.0000576012  -0.0000535805  -0.0000684106   0.0000215075  -0.0000205770
        0.0000323016  -0.0000307884   0.0000250399   0.0002459422   0.0000489211
        0.0007388843  -0.0000129243  -0.0000099490  -0.0000062106  -0.0000109898
       -0.0000007948  -0.0000408537  -0.0000180340  -0.0000649801  -0.0000819640
        0.0000456846  -0.0000215081  -0.0000031858  -0.0000137070   0.0000692154
       -0.0002049235  -0.0000548885  -0.0000576238  -0.0000571839
       -0.1946547042  -0.0783793579  -0.0840192781  -0.0119409085  -0.0081502082
       -0.0042709534  -0.0004849121  -0.0019359230   0.0023325463   0.0000651064
        0.0001910177   0.0002494692  -0.0006521621  -0.0003662308  -0.0003076144
        0.0000941060  -0.0003528258   0.0000009868   0.0000245476   0.0000418286
        0.0000310273  -0.0000642362  -0.0000492221   0.0000012058  -0.0236064678
       -0.0072903172  -0.0134217482   0.2245732778   0.0933854670   0.0972070856
        0.0058603773   0.0026778834   0.0022865526  -0.0002053584   0.0002276975
       -0.0000288892   0.0007509604   0.0003255558  -0.0002517558   0.0000283073
       -0.0000072245  -0.0000251288  -0.0000241834   0.0000128759   0.0000388641
       -0.0000706878  -0.0002452437   0.0001116968   0.0002767709  -0.0000646594
       -0.0000474803  -0.0000046547   0.0000202552  -0.0000042074   0.0000152971
       -0.0000382334   0.0000272294   0.0000280286   0.0000329862   0.0000697354
        0.0000074691   0.0000127025  -0.0000091906  -0.0000386650  -0.0000367807
       -0.0000012948   0.0000226918  -0.0000120431   0.0000311419
       -0.0781894581  -0.0842048586  -0.0453492862  -0.0190635907  -0.0119068351
       -0.0070658131  -0.0016159899  -0.0028092260   0.0033235445   0.0002125237
        0.0000973828   0.0002441499  -0.0010505277  -0.0006558108  -0.0003218530
        0.0001591679  -0.0001263195  -0.0000135350   0.0000059568   0.0001771478
        0.0000117340   0.0000214191   0.0001428466  -0.0000774814   0.0189044102
        0.0083125772   0.0102071681   0.0933854670   0.0982845195   0.0500583313
       -0.0124297420  -0.0073046232  -0.0103105082   0.0002038868   0.0004984363
       -0.0002715698  -0.0002810028  -0.0000549962  -0.0005540759   0.0000096674
        0.0000327349  -0.0000463679  -0.0000053246   0.0000235567  -0.0000046597
       -0.0000859430  -0.0003572988   0.0001549923  -0.0002299780  -0.0001152372
        0.0000016723  -0.0000372949   0.0000191701  -0.0000011422   0.0000436484
       -0.0000020628   0.0000178652   0.0000360776  -0.0000248727   0.0000061562
       -0.0000182321   0.0000115950  -0.0000041129  -0.0000111789  -0.0000297575
        0.0000173501   0.0000360378  -0.0000080685  -0.0000225588
       -0.0840859792  -0.0455040537  -0.0893759543   0.0145147353   0.0087958036
        0.0066865746   0.0012505895   0.0021806632  -0.0016083284  -0.0000222515
        0.0001806481   0.0000663011   0.0006116068   0.0005583756   0.0003849307
        0.0000384826   0.0002044302   0.0000066537   0.0000455099  -0.0000581530
        0.0000371802   0.0000164189  -0.0000571473   0.0000351141  -0.0072431788
       -0.0022441531  -0.0033448965   0.0972070856   0.0500583313   0.1028761934
       -0.0229004820  -0.0139822340  -0.0167414196   0.0002599840   0.0001537306
        0.0004673504   0.0002733982  -0.0002974863   0.0004822211   0.0000092649
       -0.0000483369  -0.0000009928  -0.0000244641  -0.0000502839   0.0000818129
        0.0000862707   0.0002449601  -0.0001016652   0.0000069454  -0.0001741024
       -0.0000388677   0.0000020579   0.0000084547   0.0000091983  -0.0000248689
       -0.0000151699   0.0000010165   0.0000370646   0.0000293069   0.0000211461
       -0.0000117240   0.0000102954   0.0000077557  -0.0000152017   0.0000264645
        0.0000225617  -0.0000312642  -0.0000203438   0.0000261141
       -0.0637206412   0.0305120939   0.0572613875  -0.0045573025   0.0032916577
        0.0123179375   0.0004038536   0.0007204172   0.0012292207  -0.0003507264
       -0.0007305351  -0.0003017292   0.0000673687  -0.0000245292  -0.0001539202
       -0.0002117392  -0.0000658300  -0.0000655361  -0.0000720405  -0.0000756529
        0.0000079662  -0.0000105776   0.0000158041  -0.0000245485  -0.0084735001
        0.0138307209   0.0200939396   0.0058603773  -0.0124297420  -0.0229004820
        0.0710335298  -0.0334845859  -0.0687827917  -0.0004215171  -0.0020426514
        0.0022740943   0.0003328915   0.0002054612  -0.0007044222   0.0000198669
        0.0000339233  -0.0000064469   0.0000241097   0.0000577335  -0.0001091012
       -0.0000154554   0.0000195989  -0.0000329495  -0.0000150303   0.0002172132
        0.0001932316   0.0000574232  -0.0000025122  -0.0000018411   0.0000245048
        0.0000141382  -0.0000130634  -0.0000701530  -0.0000469130  -0.0001009862
        0.0000466804  -0.0000047444  -0.0000402934   0.0000202909  -0.0000101776
       -0.0000914549   0.0000277865  -0.0000008882  -0.0000482110
        0.0305106335  -0.0882527417  -0.0885081889  -0.0065268783   0.0079648600
        0.0175863497   0.0001211813   0.0008215068   0.0010491930  -0.0001997053
       -0.0000989523  -0.0001964241   0.0000225946  -0.0000596965   0.0000512447
        0.0000611475  -0.0000743501  -0.0000270864   0.0000310764   0.0000343340
       -0.0000134228  -0.0001150936  -0.0000143349  -0.0000034360   0.0090733922
       -0.0133160361  -0.0207890166   0.0026778834  -0.0073046232  -0.0139822340
       -0.0334845859   0.1017312603   0.1012949894  -0.0021804720  -0.0020820620
        0.0034734925  -0.0002031522   0.0007313063   0.0002345117  -0.0000058490
       -0.0000069616   0.0000453707   0.0000238222  -0.0000180829  -0.0000723726
        0.0000348073   0.0000552992  -0.0000405665   0.0000761730  -0.0000836907
       -0.0001754149   0.0000313147  -0.0000169504   0.0000012072  -0.0000004211
        0.0000024514   0.0000190404   0.0000103859   0.0000432550   0.0000244486
       -0.0000165512  -0.0000285496  -0.0000318755   0.0000368182  -0.0000624307
        0.0000359772   0.0000214786   0.0000351898   0.0000242133
        0.0571413711  -0.0885568434  -0.2162724671   0.0087053375  -0.0051945882
       -0.0215608270  -0.0007431053  -0.0006957857   0.0007997446   0.0004247684
        0.0003774297   0.0004739991  -0.0002167667  -0.0001678218   0.0002706232
       -0.0000913829   0.0000647909   0.0000158171  -0.0000922977  -0.0000049101
        0.0000691878   0.0000462926  -0.0000697165   0.0000978336  -0.0002727362
        0.0001522887   0.0033122542   0.0022865526  -0.0103105082  -0.0167414196
       -0.0687827917   0.1012949894   0.2529043060   0.0018957742   0.0036787719
       -0.0034544407  -0.0002776872  -0.0004411994   0.0001511791  -0.0000496055
        0.0000646524  -0.0000516814  -0.0000865887  -0.0000967095   0.0000016160
       -0.0000089732  -0.0000437544   0.0000587832   0.0002166411  -0.0000781047
       -0.0001294746  -0.0000182027  -0.0000106210  -0.0000288600   0.0000036853
        0.0000000732  -0.0000339658   0.0000231826   0.0000078680   0.0000476858
        0.0000063634  -0.0000182500   0.0000296371  -0.0000882951   0.0000315375
        0.0000342875  -0.0000215358   0.0000164114   0.0000061818
       -0.0040552547   0.0029574913   0.0119608588  -0.0628884624   0.0315453114
        0.0561295588   0.0049839476  -0.0108190096  -0.0194678253  -0.0030006542
       -0.0029353747  -0.0030227584   0.0001404642   0.0002993356  -0.0004156130
        0.0008025963  -0.0001242693  -0.0001932353  -0.0000619245  -0.0000229290
        0.0001016701  -0.0012994897  -0.0005385016  -0.0009662576   0.0004563469
        0.0001914626  -0.0007022149  -0.0002053584   0.0002038868   0.0002599840
       -0.0004215171  -0.0021804720   0.0018957742   0.0761528930  -0.0335193845
       -0.0675610696  -0.0096004188   0.0143103057   0.0203325597  -0.0001741786
       -0.0000135044   0.0000822376   0.0001768671  -0.0000235582   0.0001378166
       -0.0000146470  -0.0000223461   0.0000784327   0.0000584835   0.0001068197
       -0.0000812500   0.0000244846   0.0000280861   0.0000410548   0.0000663611
        0.0000381343  -0.0000142243   0.0000486368  -0.0000000587   0.0001375143
        0.0002810953   0.0001346647   0.0001661124  -0.0015383096   0.0004501818
        0.0009973355   0.0000680389  -0.0000662718   0.0001035387
       -0.0072139737   0.0072813673   0.0182516331   0.0318412653  -0.0881671246
       -0.0866498692   0.0017670580  -0.0079946059  -0.0149727864  -0.0025272817
       -0.0015725365  -0.0014778970  -0.0000238341   0.0002308595  -0.0007187277
        0.0008210412   0.0005783075   0.0004364182   0.0000778640   0.0000429570
        0.0000629789   0.0003552239   0.0000312610   0.0001340059  -0.0001268873
        0.0008558783   0.0002156216   0.0002276975   0.0004984363   0.0001537306
       -0.0020426514  -0.0020820620   0.0036787719  -0.0335193845   0.1028548947
        0.0991564405   0.0107126284  -0.0126821906  -0.0194731680   0.0000650627
        0.0000352168  -0.0000439676  -0.0003431520  -0.0003797826   0.0005055687
        0.0000380748   0.0001066937   0.0003029433  -0.0000403612  -0.0000382850
        0.0001261727   0.0000004962   0.0000390452   0.0000527337   0.0000109401
       -0.0000551817  -0.0000344472   0.0000189200  -0.0000417584   0.0000682492
        0.0001116293  -0.0000795662   0.0001114499  -0.0000291256   0.0006779424
        0.0001205347  -0.0001812498  -0.0001397661  -0.0000063898
        0.0088405066  -0.0058139012  -0.0207788720   0.0565046510  -0.0856564580
       -0.2059008317   0.0005973102  -0.0090289556  -0.0153495686  -0.0024615286
       -0.0023268439  -0.0020247200   0.0001787959   0.0004745176   0.0006348685
        0.0009583828  -0.0002721033   0.0002516999   0.0001000526   0.0002505844
        0.0000680707   0.0008065227   0.0000994252   0.0004792472  -0.0003088911
       -0.0005986531   0.0002555836  -0.0000288892  -0.0002715698   0.0004673504
        0.0022740943   0.0034734925  -0.0034544407  -0.0675610696   0.0991564405
        0.2417159102   0.0001687108   0.0002396045   0.0032225137  -0.0000058385
       -0.0000185736  -0.0001308558  -0.0000558432  -0.0000597708   0.0002756749
        0.0000755591  -0.0000144502   0.0000599399  -0.0001355949   0.0002359538
       -0.0005233039  -0.0000445019   0.0000653389   0.0000205743   0.0000922994
        0.0000072796   0.0000160353   0.0000383842  -0.0000220902   0.0000172499
       -0.0000846889  -0.0000836795  -0.0000323820   0.0000161242   0.0000767135
        0.0007143245   0.0000354521   0.0000876985  -0.0000040684
        0.0064585189  -0.0065103375   0.0024918715  -0.1596675987   0.1097849951
       -0.0337289459  -0.0234685845   0.0129241803  -0.0066663157   0.0002979930
        0.0002671450   0.0000161866   0.0005096698   0.0010757314  -0.0000966920
       -0.0033691680  -0.0030803921  -0.0027667878  -0.0012571662   0.0008036526
       -0.0000985008  -0.0000550320  -0.0000388261  -0.0001843059   0.0003301442
       -0.0016636986   0.0012729401   0.0007509604  -0.0002810028   0.0002733982
        0.0003328915  -0.0002031522  -0.0002776872  -0.0096004188   0.0107126284
        0.0001687108   0.1888029352  -0.1224641589   0.0395120560   0.0000241327
       -0.0011409723  -0.0002345427  -0.0004612373  -0.0000082214   0.0004292767
        0.0003402914   0.0002025320   0.0001321235   0.0002359432  -0.0003019269
        0.0001134614  -0.0003608144  -0.0001143962  -0.0002890704  -0.0000233052
       -0.0000146249   0.0000207990   0.0000462215   0.0000405883   0.0000433352
        0.0000731396  -0.0000265397   0.0000444455   0.0001279729   0.0000743064
       -0.0001245891  -0.0000674890  -0.0000375099  -0.0000511672
        0.0137616278  -0.0196049157   0.0088908427   0.1097853956  -0.1410302115
        0.0293601424  -0.0090321195   0.0067506595  -0.0022271773   0.0000534625
        0.0000772596   0.0002000313  -0.0021469543   0.0006688373  -0.0006066512
       -0.0017229756  -0.0007463586  -0.0006554669  -0.0004801684   0.0002702510
       -0.0001456685   0.0000298023   0.0001198438   0.0000363182  -0.0020301253
       -0.0036453709   0.0039978599   0.0003255558  -0.0000549962  -0.0002974863
        0.0002054612   0.0007313063  -0.0004411994   0.0143103057  -0.0126821906
        0.0002396045  -0.1224641589   0.1698249268  -0.0380318491  -0.0003999099
       -0.0006131964  -0.0002329983   0.0001308027   0.0000150894  -0.0000229363
       -0.0000868700  -0.0000738062  -0.0000505092  -0.0000380740  -0.0000337935
       -0.0001121230  -0.0001242550  -0.0000137975  -0.0000897604   0.0000287770
        0.0000600877  -0.0000187198  -0.0000016388  -0.0000165600   0.0000552042
       -0.0000627294   0.0000132232   0.0000102251  -0.0000776605  -0.0000723353
        0.0001085091   0.0000364490   0.0000560478   0.0000338083
       -0.0124256195   0.0168488838  -0.0058891625  -0.0339758141   0.0297099694
       -0.0546344777  -0.0127685149   0.0075890355  -0.0027254630  -0.0001439789
        0.0002213292  -0.0002181200   0.0008883393   0.0007030748   0.0006136150
       -0.0015331948  -0.0017022757  -0.0007926728  -0.0005900172   0.0004134585
       -0.0000500780   0.0002080195   0.0000394922   0.0000928903   0.0012457375
        0.0039724912  -0.0024889833  -0.0002517558  -0.0005540759   0.0004822211
       -0.0007044222   0.0002345117   0.0001511791   0.0203325597  -0.0194731680
        0.0032225137   0.0395120560  -0.0380318491   0.0623432807  -0.0000261317
       -0.0002235521   0.0002958333   0.0002945302  -0.0001140914  -0.0001392379
        0.0001245199   0.0001698562  -0.0001531455   0.0001788463   0.0000877620
       -0.0001890587  -0.0001737796  -0.0000300201  -0.0001363375   0.0000352107
        0.0000198332   0.0000346978   0.0000250878   0.0000376580   0.0000023543
       -0.0000518436   0.0000586242   0.0000378109  -0.0002637212   0.0000006631
        0.0001037274   0.0000638866   0.0000223893   0.0000366133
       -0.0000028378  -0.0001675212   0.0000810850   0.0006526000  -0.0011049538
        0.0005161681   0.0013641738   0.0000061469  -0.0011465415   0.0004017478
       -0.0001992185  -0.0003240784  -0.1961635416   0.1123255002   0.0199272446
        0.0004411134  -0.0001758504  -0.0001831443  -0.0000638423   0.0002558564
       -0.0000713522  -0.0001337590   0.0001459900  -0.0000699671  -0.0000171188
        0.0000045790  -0.0000105915   0.0000283073   0.0000096674   0.0000092649
        0.0000198669  -0.0000058490  -0.0000496055  -0.0001741786   0.0000650627
       -0.0000058385   0.0000241327  -0.0003999099  -0.0000261317   0.2274756783
       -0.1304303606  -0.0236292669  -0.0059266530   0.0045576276   0.0030269580
       -0.0283435579   0.0150353312   0.0020409263  -0.0000317425  -0.0000408276
        0.0000125837   0.0000460942  -0.0000383341   0.0000227779   0.0001639344
       -0.0000181114   0.0002347313   0.0000291660   0.0000812660  -0.0000661901
        0.0000453584   0.0000234276  -0.0000537518   0.0000017763  -0.0000295800
       -0.0000619051   0.0001632821   0.0001000614  -0.0001733751
       -0.0001273508   0.0003311778  -0.0000816330   0.0011694075   0.0000763405
        0.0002881849   0.0208467344  -0.0202351668   0.0001670152   0.0003357165
        0.0008254145  -0.0003376970   0.1122703028  -0.1242338106  -0.0160342368
       -0.0015066705  -0.0045687144   0.0026894118  -0.0000699352   0.0001024138
       -0.0000994916  -0.0001680084   0.0000953682   0.0002602543   0.0000637468
        0.0001282217  -0.0000576012  -0.0000072245   0.0000327349  -0.0000483369
        0.0000339233  -0.0000069616   0.0000646524  -0.0000135044   0.0000352168
       -0.0000185736  -0.0011409723  -0.0006131964  -0.0002235521  -0.1304303606
        0.1462327731   0.0157001821   0.0087216419  -0.0053749242  -0.0037946917
       -0.0111048950   0.0083169248   0.0011461857   0.0011856225  -0.0012386910
        0.0003311542   0.0000337143   0.0000933201   0.0000122837   0.0000669688
       -0.0000640631  -0.0000026057  -0.0000268740  -0.0000133117   0.0000158869
       -0.0000491544   0.0000612148   0.0000279603   0.0000124884   0.0000581497
        0.0000064135  -0.0000953170  -0.0000404309  -0.0000111658
       -0.0000494625  -0.0000000979  -0.0000037114  -0.0000977414  -0.0004835046
        0.0001551019  -0.0119896408   0.0114285771   0.0002358419  -0.0008168243
        0.0005247324   0.0002657360   0.0200030105  -0.0164585185  -0.0462104350
        0.0006105313   0.0030373551  -0.0012616015  -0.0000204750   0.0001709685
        0.0000119739   0.0004617105  -0.0003393096   0.0001247531  -0.0000126692
        0.0000059012  -0.0000535805  -0.0000251288  -0.0000463679  -0.0000009928
       -0.0000064469   0.0000453707  -0.0000516814   0.0000822376  -0.0000439676
       -0.0001308558  -0.0002345427  -0.0002329983   0.0002958333  -0.0236292669
        0.0157001821   0.0523167906   0.0273100168  -0.0197644899  -0.0071347598
       -0.0108815325   0.0059895492   0.0015349109  -0.0006625113   0.0007025574
       -0.0001909322   0.0000217356  -0.0000243920  -0.0000059820   0.0000887227
       -0.0001090814   0.0000828474   0.0000108051   0.0000421020   0.0000137931
       -0.0000444924  -0.0001236586   0.0001036180   0.0000787516   0.0002220969
        0.0000057356  -0.0001967874  -0.0002430064  -0.0001024033
       -0.0000906043   0.0000220500  -0.0000826071   0.0003061708   0.0000304417
        0.0007177381  -0.0007666510  -0.0004181997   0.0053289983   0.0003888226
       -0.0011833443   0.0009735726  -0.0479301237   0.0063868248   0.0294526336
        0.0002589457   0.0000097219  -0.0003846601  -0.0002345644   0.0001800521
       -0.0001641784  -0.0002220356   0.0009076229  -0.0001733112   0.0000084774
        0.0001058831  -0.0000684106  -0.0000241834  -0.0000053246  -0.0000244641
        0.0000241097   0.0000238222  -0.0000865887   0.0001768671  -0.0003431520
       -0.0000558432  -0.0004612373   0.0001308027   0.0002945302  -0.0059266530
        0.0087216419   0.0273100168   0.0541676399  -0.0079181514  -0.0361888313
        0.0018317432  -0.0074729414  -0.0268038328  -0.0000990674  -0.0000019694
        0.0001368158   0.0000003250   0.0000612988  -0.0000403004   0.0001237400
       -0.0000937348  -0.0000663613  -0.0000653831  -0.0000290696   0.0001178085
       -0.0000693955  -0.0001481984   0.0000076597   0.0001564606   0.0002225632
        0.0000515119  -0.0015534034   0.0008113604  -0.0002518963
        0.0000186959  -0.0000883161  -0.0001174860   0.0003439777   0.0011242107
        0.0008122923  -0.0042501976   0.0039656427   0.0252800050  -0.0011916492
       -0.0040111893   0.0040530942   0.0062906238  -0.0532226826  -0.0494954877
       -0.0002605880   0.0006679326  -0.0000654632   0.0000775017  -0.0000189581
       -0.0000975717   0.0007576434  -0.0002501317   0.0000815332  -0.0000020840
        0.0000455942   0.0000215075   0.0000128759   0.0000235567  -0.0000502839
        0.0000577335  -0.0000180829  -0.0000967095  -0.0000235582  -0.0003797826
       -0.0000597708  -0.0000082214   0.0000150894  -0.0001140914   0.0045576276
       -0.0053749242  -0.0197644899  -0.0079181514   0.0625784436   0.0561759116
        0.0008319399  -0.0040259809  -0.0163269812  -0.0000420281   0.0000760226
       -0.0000922643  -0.0000209867   0.0000399868  -0.0000220322   0.0000462007
       -0.0000026504  -0.0000593751  -0.0000708360  -0.0000516909  -0.0000277545
       -0.0001693078  -0.0000856085  -0.0000036916   0.0000604272  -0.0008462288
       -0.0001811293   0.0009023610  -0.0001602524   0.0001502386
       -0.0001024657  -0.0002416714   0.0003476144  -0.0007517326  -0.0008631625
        0.0010133505   0.0037469588   0.0010318928  -0.0208832959   0.0007184847
        0.0038585640  -0.0024349324   0.0292804656  -0.0495874282  -0.2691228032
        0.0003366360  -0.0003610099  -0.0001392670  -0.0001797782   0.0001610124
        0.0000319579   0.0005512866  -0.0004895310   0.0004088772  -0.0000424041
       -0.0000433018  -0.0000205770   0.0000388641  -0.0000046597   0.0000818129
       -0.0001091012  -0.0000723726   0.0000016160   0.0001378166   0.0005055687
        0.0002756749   0.0004292767  -0.0000229363  -0.0001392379   0.0030269580
       -0.0037946917  -0.0071347598  -0.0361888313   0.0561759116   0.3127340929
       -0.0005080311  -0.0057494144  -0.0157647304   0.0000713903  -0.0001699012
       -0.0000029360  -0.0000170159   0.0000424750   0.0000187137   0.0000420061
       -0.0000641836  -0.0001816629   0.0000280418  -0.0000898501   0.0001682098
        0.0000548653  -0.0002977713   0.0001662777   0.0000756606   0.0001592041
        0.0002506272  -0.0006393509  -0.0000827429   0.0003253775
       -0.0001607826  -0.0003402092  -0.0002848989  -0.0001069286  -0.0015723182
        0.0013677734  -0.0052754373  -0.0054801743  -0.0011485304  -0.0002141561
        0.0000746379   0.0000935575  -0.1982691273  -0.0928284331  -0.0677175840
        0.0001384428   0.0002370387  -0.0001715515  -0.0000509500   0.0013689938
       -0.0005491762  -0.0000161938   0.0003538240  -0.0000247621   0.0000087097
       -0.0000753321   0.0000323016  -0.0000706878  -0.0000859430   0.0000862707
       -0.0000154554   0.0000348073  -0.0000089732  -0.0000146470   0.0000380748
        0.0000755591   0.0003402914  -0.0000868700   0.0001245199  -0.0283435579
       -0.0111048950  -0.0108815325   0.0018317432   0.0008319399  -0.0005080311
        0.2308771548   0.1081435833   0.0799356167  -0.0001220878  -0.0000122602
       -0.0000592453  -0.0001193428  -0.0000777872   0.0001216177  -0.0003977662
        0.0005391910  -0.0007464798  -0.0000198424  -0.0001665926   0.0001451079
       -0.0000217989   0.0000134726  -0.0000126385  -0.0000882355  -0.0000585798
       -0.0000099749   0.0001106556   0.0002538314   0.0001410539
       -0.0012041294  -0.0008288687  -0.0006532690  -0.0012299759  -0.0045904642
        0.0036301498  -0.0212727946  -0.0157716215  -0.0075560760   0.0000154493
        0.0005209324  -0.0002457931  -0.0928562544  -0.0978231391  -0.0420000708
       -0.0006909712   0.0002970524  -0.0004790530  -0.0002187112  -0.0003094720
        0.0001635910   0.0000566195  -0.0001520313   0.0000574291   0.0000078082
        0.0000037812  -0.0000307884  -0.0002452437  -0.0003572988   0.0002449601
        0.0000195989   0.0000552992  -0.0000437544  -0.0000223461   0.0001066937
       -0.0000144502   0.0002025320  -0.0000738062   0.0001698562   0.0150353312
        0.0083169248   0.0059895492  -0.0074729414  -0.0040259809  -0.0057494144
        0.1081435833   0.1140240945   0.0464306147  -0.0001289560   0.0002876834
       -0.0000850709  -0.0000076639   0.0002034732  -0.0000524479   0.0013622135
        0.0001904864   0.0007355421   0.0000007240   0.0000418310   0.0000553020
        0.0000199379   0.0001261042  -0.0000595958  -0.0000180181   0.0000965722
        0.0000558463   0.0005042082  -0.0003382458  -0.0005630568
        0.0004955650   0.0004533086   0.0003474576   0.0004264846   0.0024151934
       -0.0006706611   0.0115509620   0.0071450360   0.0052607797   0.0002909692
        0.0000514455   0.0002423717  -0.0675789508  -0.0418020439  -0.0733403760
       -0.0002036408  -0.0004794869   0.0005449106   0.0000344649   0.0007610791
       -0.0003190420  -0.0002410331  -0.0002612157   0.0001245621   0.0000058487
       -0.0000534694   0.0000250399   0.0001116968   0.0001549923  -0.0001016652
       -0.0000329495  -0.0000405665   0.0000587832   0.0000784327   0.0003029433
        0.0000599399   0.0001321235  -0.0000505092  -0.0001531455   0.0020409263
        0.0011461857   0.0015349109  -0.0268038328  -0.0163269812  -0.0157647304
        0.0799356167   0.0464306147   0.0828959236   0.0000887971  -0.0001212493
       -0.0001465465   0.0000293787  -0.0002087099   0.0000590442  -0.0009635795
        0.0004612356  -0.0000269469   0.0001090895   0.0000965863  -0.0002461629
        0.0001021469   0.0001829167  -0.0000416745  -0.0000054466   0.0001248433
       -0.0000857720   0.0003969304  -0.0003821487  -0.0002570006
       -0.0019123693   0.0009532459  -0.0003891769   0.0003925360   0.0006166974
       -0.0002204170   0.0026085757   0.0221134089  -0.0084543182   0.0002314362
       -0.0000583214   0.0000086939  -0.0033788060   0.0028392440  -0.0002158817
       -0.0577447932  -0.0544622197   0.0205786079  -0.0084630464  -0.0205410654
        0.0026023816  -0.0053948568  -0.0121876872   0.0087681877  -0.0017270689
       -0.0016265048   0.0002459422   0.0002767709  -0.0002299780   0.0000069454
       -0.0000150303   0.0000761730   0.0002166411   0.0000584835  -0.0000403612
       -0.0001355949   0.0002359432  -0.0000380740   0.0001788463  -0.0000317425
        0.0011856225  -0.0006625113  -0.0000990674  -0.0000420281   0.0000713903
       -0.0001220878  -0.0001289560   0.0000887971   0.0784675450   0.0648227728
       -0.0236638740  -0.0000014708  -0.0004213905   0.0004888854  -0.0027537334
       -0.0025080597  -0.0029771941   0.0004962840   0.0003298928   0.0004171453
       -0.0001558635  -0.0006251013   0.0001520719   0.0002172344   0.0000929892
       -0.0004375420  -0.0011848727  -0.0001202991   0.0033319740
       -0.0014466432   0.0005094001  -0.0004266070  -0.0012169423   0.0003856271
        0.0000797368  -0.0002409450  -0.0213123419   0.0084226819  -0.0001194660
       -0.0002539158  -0.0001992693   0.0038602450  -0.0021071992  -0.0004398332
       -0.0548430611  -0.2218455499   0.0671967285  -0.0078067771  -0.0152417622
        0.0019233686  -0.0004071741   0.0007215765   0.0007519918  -0.0005241572
        0.0006232510   0.0000489211  -0.0000646594  -0.0001152372  -0.0001741024
        0.0002172132  -0.0000836907  -0.0000781047   0.0001068197  -0.0000382850
        0.0002359538  -0.0003019269  -0.0000337935   0.0000877620  -0.0000408276
       -0.0012386910   0.0007025574  -0.0000019694   0.0000760226  -0.0001699012
       -0.0000122602   0.0002876834  -0.0001212493   0.0648227728   0.2585102374
       -0.0754396904   0.0002671794   0.0006754677   0.0003257241  -0.0027481385
       -0.0012187513  -0.0025558134   0.0003189317  -0.0000567561   0.0000385804
        0.0000495577   0.0007628641  -0.0004607940   0.0001728825   0.0001351430
        0.0001142503  -0.0000406540   0.0008587010   0.0001371084
        0.0002889105  -0.0000535166   0.0002078157   0.0000688727   0.0006911310
        0.0002791637  -0.0006052657   0.0043162639  -0.0004023374   0.0000696783
       -0.0001840864  -0.0000625646  -0.0009804616   0.0008866342   0.0007347163
        0.0208439062   0.0666871672  -0.0658234060  -0.0084434906  -0.0184429777
        0.0039037184   0.0120400447   0.0240416827  -0.0146709207  -0.0000598861
       -0.0001282232   0.0007388843  -0.0000474803   0.0000016723  -0.0000388677
        0.0001932316  -0.0001754149  -0.0001294746  -0.0000812500   0.0001261727
       -0.0005233039   0.0001134614  -0.0001121230  -0.0001890587   0.0000125837
        0.0003311542  -0.0001909322   0.0001368158  -0.0000922643  -0.0000029360
       -0.0000592453  -0.0000850709  -0.0001465465  -0.0236638740  -0.0754396904
        0.0821334857   0.0004321147  -0.0001192426   0.0004724803  -0.0031012965
       -0.0024426236  -0.0020856509  -0.0000531210  -0.0004727977   0.0004982177
       -0.0002757577   0.0003299376   0.0008358923  -0.0001680883   0.0004145745
        0.0002041316   0.0033395976  -0.0000783592  -0.0057425067
       -0.0000194186  -0.0000009086  -0.0000274780  -0.0009359820   0.0007656186
       -0.0001540834  -0.0029467824  -0.0022669383  -0.0033772366   0.0002328728
       -0.0002325353  -0.0002350725  -0.0000010500  -0.0001215036   0.0000900874
       -0.0200423603   0.0116042030  -0.0049717587  -0.1890191311   0.1151254347
       -0.0154026739   0.0008648413   0.0002275398   0.0009772028  -0.0000402055
        0.0000107412  -0.0000129243  -0.0000046547  -0.0000372949   0.0000020579
        0.0000574232   0.0000313147  -0.0000182027   0.0000244846   0.0000004962
       -0.0000445019  -0.0003608144  -0.0001242550  -0.0001737796   0.0000460942
        0.0000337143   0.0000217356   0.0000003250  -0.0000209867  -0.0000170159
       -0.0001193428  -0.0000076639   0.0000293787  -0.0000014708   0.0002671794
        0.0004321147   0.2207566109  -0.1334314608   0.0202642021   0.0065579629
       -0.0039221831   0.0007408229  -0.0153754486   0.0122871472   0.0020335601
        0.0003196015  -0.0002520936  -0.0003163593   0.0000657642   0.0000282098
        0.0002619319  -0.0000593193   0.0000362248  -0.0001020072
       -0.0000345622   0.0000171719  -0.0000065146  -0.0003937523   0.0001413744
       -0.0000283712  -0.0011009919  -0.0000011015  -0.0012901791  -0.0001563990
       -0.0000912394   0.0001319609   0.0001661186   0.0001045008   0.0001076744
       -0.0073754781   0.0059952960  -0.0012527288   0.1149956086  -0.1336422679
        0.0137774074  -0.0005910570   0.0003963483  -0.0000496112   0.0000197898
        0.0000355508  -0.0000099490   0.0000202552   0.0000191701   0.0000084547
       -0.0000025122  -0.0000169504  -0.0000106210   0.0000280861   0.0000390452
        0.0000653389  -0.0001143962  -0.0000137975  -0.0000300201  -0.0000383341
        0.0000933201  -0.0000243920   0.0000612988   0.0000399868   0.0000424750
       -0.0000777872   0.0002034732  -0.0002087099  -0.0004213905   0.0006754677
       -0.0001192426  -0.1334314608   0.1536730852  -0.0140735738   0.0238825171
       -0.0245650630   0.0038122716   0.0045651659  -0.0028774786  -0.0008871883
       -0.0000209580   0.0001956341  -0.0001146740  -0.0001184597  -0.0000799924
        0.0000166418   0.0001386990  -0.0003415337   0.0001435506
        0.0000056252  -0.0000239427   0.0000207175  -0.0008691074   0.0005818561
        0.0000438057  -0.0023714284  -0.0017138828  -0.0024114977  -0.0000139316
       -0.0000909919  -0.0000449135  -0.0002224018  -0.0000319909   0.0000705334
       -0.0173708155   0.0111743067  -0.0036631386  -0.0154346593   0.0136619171
       -0.0449969134  -0.0008327258   0.0004449125   0.0003596922   0.0000001217
        0.0000171793  -0.0000062106  -0.0000042074  -0.0000011422   0.0000091983
       -0.0000018411   0.0000012072  -0.0000288600   0.0000410548   0.0000527337
        0.0000205743  -0.0002890704  -0.0000897604  -0.0001363375   0.0000227779
        0.0000122837  -0.0000059820  -0.0000403004  -0.0000220322   0.0000187137
        0.0001216177  -0.0000524479   0.0000590442   0.0004888854   0.0003257241
        0.0004724803   0.0202642021  -0.0140735738   0.0513461418  -0.0080412142
        0.0088308520  -0.0006359475   0.0243193389  -0.0185859509   0.0001019223
        0.0000360385  -0.0005914485  -0.0006144483   0.0001863608   0.0000259005
        0.0001514831   0.0000056802   0.0001482915  -0.0001300577
       -0.0001124323   0.0000273732  -0.0000514201   0.0000133190   0.0000441952
        0.0000701262   0.0006113340  -0.0004104988   0.0002827204  -0.0002347496
       -0.0001221106   0.0002781782  -0.0005278575  -0.0003297469  -0.0003436572
       -0.0085101703  -0.0201466673   0.0040698324  -0.0676389264  -0.0681592087
        0.0242114939   0.0006182892   0.0008236710   0.0007496447   0.0000491356
        0.0001029067  -0.0000109898   0.0000152971   0.0000436484  -0.0000248689
        0.0000245048  -0.0000004211   0.0000036853   0.0000663611   0.0000109401
        0.0000922994  -0.0000233052   0.0000287770   0.0000352107   0.0001639344
        0.0000669688   0.0000887227   0.0001237400   0.0000462007   0.0000420061
       -0.0003977662   0.0013622135  -0.0009635795  -0.0027537334  -0.0027481385
       -0.0031012965   0.0065579629   0.0238825171  -0.0080412142   0.0775048233
        0.0803323426  -0.0254278541  -0.0057342172  -0.0150581560   0.0080901459
       -0.0001006272   0.0000845415  -0.0000858827  -0.0000209912   0.0000623898
        0.0001796341   0.0003060750   0.0000562623  -0.0001429370
       -0.0001130838   0.0000219186  -0.0000792599   0.0001308046   0.0000449103
        0.0002326064   0.0005581545   0.0001600786   0.0003500214  -0.0001954761
       -0.0000989449   0.0000422027   0.0010236205   0.0001536489   0.0004848083
       -0.0080317552  -0.0147407466   0.0009546476  -0.0677797557  -0.2353620561
        0.0650345060   0.0002528715   0.0006790044   0.0006746146   0.0000702587
        0.0000723382  -0.0000007948  -0.0000382334  -0.0000020628  -0.0000151699
        0.0000141382   0.0000024514   0.0000000732   0.0000381343  -0.0000551817
        0.0000072796  -0.0000146249   0.0000600877   0.0000198332  -0.0000181114
       -0.0000640631  -0.0001090814  -0.0000937348  -0.0000026504  -0.0000641836
        0.0005391910   0.0001904864   0.0004612356  -0.0025080597  -0.0012187513
       -0.0024426236  -0.0039221831  -0.0245650630   0.0088308520   0.0803323426
        0.2743994452  -0.0757547535  -0.0005640606   0.0001344270   0.0017833063
        0.0000237076  -0.0002860645   0.0000867516   0.0001928299   0.0001627910
        0.0001970826   0.0001030254   0.0003139965  -0.0006939543
       -0.0000984497   0.0000417582   0.0000105560  -0.0000274877  -0.0000085564
       -0.0001073073   0.0005031451   0.0001423892   0.0005406598   0.0001156741
        0.0001688642  -0.0001666752  -0.0005628824  -0.0002119203  -0.0003618567
       -0.0061857107  -0.0176128412   0.0053115657   0.0238923409   0.0645650065
       -0.0652002893  -0.0007362009  -0.0008808567   0.0010759406   0.0000433796
        0.0000012122  -0.0000408537   0.0000272294   0.0000178652   0.0000010165
       -0.0000130634   0.0000190404  -0.0000339658  -0.0000142243  -0.0000344472
        0.0000160353   0.0000207990  -0.0000187198   0.0000346978   0.0002347313
       -0.0000026057   0.0000828474  -0.0000663613  -0.0000593751  -0.0001816629
       -0.0007464798   0.0007355421  -0.0000269469  -0.0029771941  -0.0025558134
       -0.0020856509   0.0007408229   0.0038122716  -0.0006359475  -0.0254278541
       -0.0757547535   0.0748712165   0.0110827842   0.0273706107  -0.0126436794
        0.0000489504   0.0000635022  -0.0000914431   0.0000825865   0.0001417894
        0.0000537461   0.0000634651   0.0000600374  -0.0004220031
        0.0000186884  -0.0000531045  -0.0000194210   0.0000143648  -0.0000074039
       -0.0000212364   0.0006766809  -0.0005653355  -0.0014348939  -0.0007406695
        0.0002553540  -0.0002434669  -0.0000414771   0.0000412407   0.0000842678
        0.0069386030  -0.0014900535  -0.0160878620  -0.0909566823   0.0094947176
        0.0957944850  -0.0014642371  -0.0010386879  -0.0024833223   0.0000223245
       -0.0000023614  -0.0000180340   0.0000280286   0.0000360776   0.0000370646
       -0.0000701530   0.0000103859   0.0000231826   0.0000486368   0.0000189200
        0.0000383842   0.0000462215  -0.0000016388   0.0000250878   0.0000291660
       -0.0000268740   0.0000108051  -0.0000653831  -0.0000708360   0.0000280418
       -0.0000198424   0.0000007240   0.0001090895   0.0004962840   0.0003189317
       -0.0000531210  -0.0153754486   0.0045651659   0.0243193389  -0.0057342172
       -0.0005640606   0.0110827842   0.1058980071  -0.0106123529  -0.1100903591
       -0.0000595445  -0.0001662620  -0.0000455475   0.0004013113  -0.0002403801
       -0.0009375589  -0.0000906619   0.0000978335  -0.0001177086
       -0.0000377455   0.0000346996   0.0000320264   0.0000876483  -0.0000515042
       -0.0000136979   0.0002976933   0.0003382030   0.0007066594   0.0003574892
        0.0002910714   0.0001081624   0.0001554129  -0.0001482565   0.0001140243
        0.0042880221  -0.0015330216  -0.0116078829   0.0096316056  -0.0460170932
       -0.0177430275  -0.0017505000  -0.0004844975  -0.0020291472   0.0000092119
       -0.0000863844  -0.0000649801   0.0000329862  -0.0000248727   0.0000293069
       -0.0000469130   0.0000432550   0.0000078680  -0.0000000587  -0.0000417584
       -0.0000220902   0.0000405883  -0.0000165600   0.0000376580   0.0000812660
       -0.0000133117   0.0000421020  -0.0000290696  -0.0000516909  -0.0000898501
       -0.0001665926   0.0000418310   0.0000965863   0.0003298928  -0.0000567561
       -0.0004727977   0.0122871472  -0.0028774786  -0.0185859509  -0.0150581560
        0.0001344270   0.0273706107  -0.0106123529   0.0505099304   0.0228430431
       -0.0000895587   0.0000395538   0.0001144949   0.0002319582   0.0000304105
       -0.0008475870  -0.0000399751  -0.0000601958  -0.0000255309
        0.0000448560   0.0000211670   0.0001757261   0.0001085541   0.0000168139
        0.0002760655   0.0011077444  -0.0002737454   0.0000904104  -0.0011028831
        0.0004270755   0.0001813481  -0.0002131543   0.0001084266   0.0002078725
        0.0071658625  -0.0034682232  -0.0227087586   0.0957876112  -0.0177737260
       -0.2305425948  -0.0038480734  -0.0024288792  -0.0035144933  -0.0000118465
       -0.0001017109  -0.0000819640   0.0000697354   0.0000061562   0.0000211461
       -0.0001009862   0.0000244486   0.0000476858   0.0001375143   0.0000682492
        0.0000172499   0.0000433352   0.0000552042   0.0000023543  -0.0000661901
        0.0000158869   0.0000137931   0.0001178085  -0.0000277545   0.0001682098
        0.0001451079   0.0000553020  -0.0002461629   0.0004171453   0.0000385804
        0.0004982177   0.0020335601  -0.0008871883   0.0001019223   0.0080901459
        0.0017833063  -0.0126436794  -0.1100903591   0.0228430431   0.2691221371
       -0.0001434084   0.0001343471   0.0001261179   0.0004953802  -0.0004616130
       -0.0016605137  -0.0001874599  -0.0001751664   0.0003479103
       -0.0000645874  -0.0000012240   0.0000251849  -0.0000423955   0.0002301553
        0.0002954470  -0.0011411110   0.0003087373   0.0034188059  -0.0008850732
        0.0005905889   0.0002080197   0.0001790479  -0.0002023188   0.0000507581
       -0.0142438555   0.0115000468   0.0017439873   0.0007944595  -0.0004958356
       -0.0008391395  -0.1697076678   0.1162754661  -0.0213520120  -0.0000555424
        0.0000106162   0.0000456846   0.0000074691  -0.0000182321  -0.0000117240
        0.0000466804  -0.0000165512   0.0000063634   0.0002810953   0.0001116293
       -0.0000846889   0.0000731396  -0.0000627294  -0.0000518436   0.0000453584
       -0.0000491544  -0.0000444924  -0.0000693955  -0.0001693078   0.0000548653
       -0.0000217989   0.0000199379   0.0001021469  -0.0001558635   0.0000495577
       -0.0002757577   0.0003196015  -0.0000209580   0.0000360385  -0.0001006272
        0.0000237076   0.0000489504  -0.0000595445  -0.0000895587  -0.0001434084
        0.1972162736  -0.1367761087   0.0225653512  -0.0205098072   0.0156757723
       -0.0068481743   0.0080941441  -0.0068942365   0.0010496375
       -0.0000498960   0.0000481412   0.0000450800  -0.0000735325   0.0000423480
        0.0000659937   0.0002243549   0.0004229696  -0.0012104568   0.0003324590
       -0.0002241038  -0.0000773717   0.0004462386  -0.0000288682  -0.0001273196
        0.0053601437  -0.0038722100  -0.0008814632   0.0000483910   0.0001661352
        0.0002852335   0.1164752413  -0.1523037194   0.0189032758   0.0000292325
        0.0000236819  -0.0000215081   0.0000127025   0.0000115950   0.0000102954
       -0.0000047444  -0.0000285496  -0.0000182500   0.0001346647  -0.0000795662
       -0.0000836795  -0.0000265397   0.0000132232   0.0000586242   0.0000234276
        0.0000612148  -0.0001236586  -0.0001481984  -0.0000856085  -0.0002977713
        0.0000134726   0.0001261042   0.0001829167  -0.0006251013   0.0007628641
        0.0003299376  -0.0002520936   0.0001956341  -0.0005914485   0.0000845415
       -0.0002860645   0.0000635022  -0.0001662620   0.0000395538   0.0001343471
       -0.1367761087   0.1742072022  -0.0220133776  -0.0063338973   0.0063312659
       -0.0009639778   0.0212715040  -0.0255432429   0.0063310765
       -0.0000025706   0.0000488891   0.0001398805  -0.0001489270   0.0000326803
       -0.0000122376   0.0020020456  -0.0008844823  -0.0046157352   0.0013077685
       -0.0008565861  -0.0002986500  -0.0003126539   0.0003502398  -0.0000583160
        0.0209150040  -0.0179705102  -0.0004083771   0.0009493913  -0.0002457107
        0.0005067352  -0.0213001744   0.0192000770  -0.0449570601   0.0000102485
       -0.0000363932  -0.0000031858  -0.0000091906  -0.0000041129   0.0000077557
       -0.0000402934  -0.0000318755   0.0000296371   0.0001661124   0.0001114499
       -0.0000323820   0.0000444455   0.0000102251   0.0000378109  -0.0000537518
        0.0000279603   0.0001036180   0.0000076597  -0.0000036916   0.0001662777
       -0.0000126385  -0.0000595958  -0.0000416745   0.0001520719  -0.0004607940
        0.0008358923  -0.0003163593  -0.0001146740  -0.0006144483  -0.0000858827
        0.0000867516  -0.0000914431  -0.0000455475   0.0001144949   0.0001261179
        0.0225653512  -0.0220133776   0.0545030349  -0.0188062818   0.0148500468
       -0.0043533771  -0.0069858270   0.0078489890  -0.0009698733
       -0.0000013104  -0.0001257152  -0.0000145334  -0.0007830038   0.0006886992
        0.0015909315   0.0002830195   0.0000308910  -0.0002943218   0.0000153407
       -0.0001777879  -0.0000424630  -0.0000991381   0.0001425451  -0.0000026046
        0.0084231208   0.0038611412   0.0076425289  -0.0002578692   0.0005785560
        0.0018493466  -0.1418967106  -0.0522311712  -0.1064963828   0.0000288316
        0.0000048886  -0.0000137070  -0.0000386650  -0.0000111789  -0.0000152017
        0.0000202909   0.0000368182  -0.0000882951  -0.0015383096  -0.0000291256
        0.0000161242   0.0001279729  -0.0000776605  -0.0002637212   0.0000017763
        0.0000124884   0.0000787516   0.0001564606   0.0000604272   0.0000756606
       -0.0000882355  -0.0000180181  -0.0000054466   0.0002172344   0.0001728825
       -0.0001680883   0.0000657642  -0.0001184597   0.0001863608  -0.0000209912
        0.0001928299   0.0000825865   0.0004013113   0.0002319582   0.0004953802
       -0.0205098072  -0.0063338973  -0.0188062818   0.1662537442   0.0601436925
        0.1236344251  -0.0107608269  -0.0070348034  -0.0094410489
       -0.0001086708   0.0000619621   0.0001094892  -0.0000269926   0.0000238620
       -0.0000259519  -0.0003646402   0.0001407151  -0.0005327033  -0.0000984696
       -0.0000453334   0.0001278262   0.0000918982  -0.0001021288  -0.0003767072
       -0.0022259555  -0.0016909106  -0.0043384092   0.0007099205   0.0005064933
       -0.0014360870  -0.0522489212  -0.0711288284  -0.0545893341   0.0000122897
       -0.0000514395   0.0000692154  -0.0000367807  -0.0000297575   0.0000264645
       -0.0000101776  -0.0000624307   0.0000315375   0.0004501818   0.0006779424
        0.0000767135   0.0000743064  -0.0000723353   0.0000006631  -0.0000295800
        0.0000581497   0.0002220969   0.0002225632  -0.0008462288   0.0001592041
       -0.0000585798   0.0000965722   0.0001248433   0.0000929892   0.0001351430
        0.0004145745   0.0000282098  -0.0000799924   0.0000259005   0.0000623898
        0.0001627910   0.0001417894  -0.0002403801   0.0000304105  -0.0004616130
        0.0156757723   0.0063312659   0.0148500468   0.0601436925   0.0789467138
        0.0646509464  -0.0221150652  -0.0130626357  -0.0192705053
        0.0000531994   0.0000344123   0.0001490537  -0.0001542282  -0.0000460203
       -0.0000635692  -0.0008052909   0.0000288635   0.0005195655  -0.0002631607
        0.0001808099   0.0000221028   0.0000261327   0.0000735501   0.0002203568
       -0.0159584963  -0.0103237150  -0.0223621321   0.0030696218  -0.0006557770
       -0.0057375954  -0.1069087403  -0.0547747799  -0.1553054060  -0.0000007235
        0.0000966704  -0.0002049235  -0.0000012948   0.0000173501   0.0000225617
       -0.0000914549   0.0000359772   0.0000342875   0.0009973355   0.0001205347
        0.0007143245  -0.0001245891   0.0001085091   0.0001037274  -0.0000619051
        0.0000064135   0.0000057356   0.0000515119  -0.0001811293   0.0002506272
       -0.0000099749   0.0000558463  -0.0000857720  -0.0004375420   0.0001142503
        0.0002041316   0.0002619319   0.0000166418   0.0001514831   0.0001796341
        0.0001970826   0.0000537461  -0.0009375589  -0.0008475870  -0.0016605137
       -0.0068481743  -0.0009639778  -0.0043533771   0.1236344251   0.0646509464
        0.1814668091   0.0043293415   0.0020551281   0.0058547762
       -0.0000542575   0.0000091822  -0.0000369028  -0.0002490228   0.0000575871
        0.0000218498   0.0003037010  -0.0006516539   0.0000894001   0.0001143819
        0.0000107302  -0.0001574580  -0.0001838800   0.0004046888   0.0002583184
       -0.0071744203  -0.0134618563   0.0075179442   0.0006400551   0.0004072052
       -0.0012028864  -0.0818123650  -0.0831886269   0.0283722423  -0.0000011421
        0.0001058895  -0.0000548885   0.0000226918   0.0000360378  -0.0000312642
        0.0000277865   0.0000214786  -0.0000215358   0.0000680389  -0.0001812498
        0.0000354521  -0.0000674890   0.0000364490   0.0000638866   0.0001632821
       -0.0000953170  -0.0001967874  -0.0015534034   0.0009023610  -0.0006393509
        0.0001106556   0.0005042082   0.0003969304  -0.0011848727  -0.0000406540
        0.0033395976  -0.0000593193   0.0001386990   0.0000056802   0.0003060750
        0.0001030254   0.0000634651  -0.0000906619  -0.0000399751  -0.0001874599
        0.0080941441   0.0212715040  -0.0069858270  -0.0107608269  -0.0221150652
        0.0043293415   0.0933408489   0.0957653523  -0.0349797471
        0.0000300066  -0.0000031879  -0.0000590560   0.0000130825  -0.0000412378
        0.0000073424  -0.0000258127   0.0000715735   0.0001305753   0.0000055142
       -0.0001366701   0.0000200421   0.0011980851  -0.0005420146  -0.0001699400
       -0.0013812191   0.0017055081   0.0026709659   0.0005536106   0.0010001359
       -0.0006890996  -0.0833720028  -0.2233417334   0.0634616965   0.0000238613
        0.0000473960  -0.0000576238  -0.0000120431  -0.0000080685  -0.0000203438
       -0.0000008882   0.0000351898   0.0000164114  -0.0000662718  -0.0001397661
        0.0000876985  -0.0000375099   0.0000560478   0.0000223893   0.0001000614
       -0.0000404309  -0.0002430064   0.0008113604  -0.0001602524  -0.0000827429
        0.0002538314  -0.0003382458  -0.0003821487  -0.0001202991   0.0008587010
       -0.0000783592   0.0000362248  -0.0003415337   0.0001482915   0.0000562623
        0.0003139965   0.0000600374   0.0000978335  -0.0000601958  -0.0001751664
       -0.0068942365  -0.0255432429   0.0078489890  -0.0070348034  -0.0130626357
        0.0020551281   0.0957653523   0.2596706670  -0.0745720806
        0.0001547503  -0.0000041043   0.0001266224  -0.0001750604  -0.0000502242
       -0.0000815222  -0.0004330219   0.0002693060   0.0004493596  -0.0001318582
        0.0001275580   0.0000079601  -0.0001329351   0.0001478004   0.0005808473
        0.0123560167   0.0234131763  -0.0125340680   0.0005671855   0.0009672279
        0.0010166983   0.0285054213   0.0635408886  -0.0653689032  -0.0000597459
       -0.0000663822  -0.0000571839   0.0000311419  -0.0000225588   0.0000261141
       -0.0000482110   0.0000242133   0.0000061818   0.0001035387  -0.0000063898
       -0.0000040684  -0.0000511672   0.0000338083   0.0000366133  -0.0001733751
       -0.0000111658  -0.0001024033  -0.0002518963   0.0001502386   0.0003253775
        0.0001410539  -0.0005630568  -0.0002570006   0.0033319740   0.0001371084
       -0.0057425067  -0.0001020072   0.0001435506  -0.0001300577  -0.0001429370
       -0.0006939543  -0.0004220031  -0.0001177086  -0.0000255309   0.0003479103
        0.0010496375   0.0063310765  -0.0009698733  -0.0094410489  -0.0192705053
        0.0058547762  -0.0349797471  -0.0745720806   0.0768911296
