           1           2   1.01975463869428     
           2           3  0.995719257194460     
           3           4  0.967722505589842     
           3           5   1.00975330156314     
           3           6  0.982988737703985     
           6           7   1.00939673981263     
           6           8   1.00850212036083     
           1           9  0.987032874569788     
           1          10  0.984482879858661     
           1          11  0.987590919917292     
           2          12  0.971847023621640     
           2          13  0.977750150612945     
           5          14  0.986666965525007     
           5          15  0.985291411735990     
           5          16  0.981876900407762     
           6          17  0.969605425201614     
           7          18  0.980886963514613     
           7          19  0.986029793934388     
           7          20  0.986471801304236     
           8          21  0.985312390412346     
           8          22  0.985311058953764     
           8          23  0.986809854769650     
