           1           2   1.00628495677117     
           2           3  0.962807784197215     
           2           4  0.985114648754201     
           4           5  0.994250007692439     
           5           6   1.01001343450667     
           5           7   1.00916860797231     
           2           8  0.979874697068126     
           1           9  0.980097128060434     
           1          10  0.985807720638802     
           1          11  0.984688017964587     
           4          12  0.974400149981630     
           4          13  0.974969722530598     
           5          14  0.968805591334218     
           6          15  0.986423165506317     
           6          16  0.983765220231172     
           6          17  0.986910629226416     
           7          18  0.986045209862916     
           7          19  0.986830461250820     
           7          20  0.981868493142723     
           8          21  0.869337220529586     
