           1           2   1.00194902009774     
           2           3  0.977904221272935     
           3           4   1.69215761843519     
           3           5   1.17103862171748     
           4           5  0.170102549498718     
           5           6  0.920793720146987     
           6           7   1.01344834523249     
           1           8  0.983568871473247     
           1           9  0.988065122713887     
           1          10  0.985361543820531     
           2          11  0.947745315308541     
           2          12  0.973665381493174     
           6          13  0.970265290899545     
           6          14  0.969026253943427     
           7          15  0.980303512487124     
           7          16  0.984507833072599     
           7          17  0.985746925248735     
