$coord
         -2.002321324616         -4.112422926488         -0.000090768451     c 
         -0.368415620127         -1.807526299977          0.000068294318     c 
          2.241396178475         -1.995030075933          0.000318333029     c 
          3.766620345704          0.146903798360          0.000197229375     c 
          2.661709445716          2.527914993362          0.000079637209     c 
          0.057609387637          2.751127172396          0.000020226871     c 
         -1.430799069295          0.603823964204          0.000000202957     c 
         -4.688758984655          0.939013088733         -0.000052187995     cl
          6.313334019115         -0.183798108596         -0.000354647326     o 
         -3.219649507237         -4.120577182020          1.659704706510     h 
         -3.219335740353         -4.120589946741         -1.660119676911     h 
         -0.859084381668         -5.816911798893          0.000001503844     h 
          3.143110055787         -3.822881621368          0.000214087242     h 
          3.829455428414          4.204737709629         -0.000080121924     h 
         -0.814626638718          4.593459181334          0.000105360159     h 
          7.149893724080          1.436249340911          0.000570980885     h 
$end
