$hessian                                                                        
        0.5222514126   0.0114039706   0.0029657789  -0.0692577313   0.0224950987
        0.0050610566  -0.0097417091   0.0263551401   0.0016551721   0.0000525193
        0.0011331913  -0.0001442471   0.0000767765   0.0003079906  -0.0001599412
       -0.0449322333  -0.0018675468  -0.0053032878  -0.1579298304  -0.0907983274
        0.0770176179  -0.2400868103   0.0468781354  -0.0787335522   0.0007119804
        0.0005021718   0.0005034406   0.0030992075  -0.0198459315  -0.0021400265
        0.0007796778   0.0002574013   0.0009545691  -0.0049443504   0.0029348519
       -0.0017619946  -0.0000572562   0.0000951215  -0.0000008212  -0.0000147173
        0.0001044912   0.0000085979  -0.0000069360   0.0000442413   0.0000776376
        0.0114039706   0.4617167364  -0.0087975372   0.0211492095  -0.1964474049
       -0.0204823572   0.0091263127  -0.0121927264   0.0007047987  -0.0008452979
        0.0000385210   0.0000097362  -0.0001020772  -0.0000240320  -0.0001152685
       -0.0016817857  -0.0523252073  -0.0470175472  -0.0912782359  -0.1139513336
        0.0616352772   0.0472213385  -0.0529591320   0.0196452138   0.0024751928
       -0.0113511255  -0.0046601382   0.0013405281  -0.0235083004  -0.0012699923
       -0.0008177157   0.0007273333  -0.0003541764   0.0017306804   0.0002321023
        0.0004984320   0.0000983731   0.0000695036   0.0000909980   0.0001293702
       -0.0000793244   0.0000681328   0.0000501364   0.0000543898   0.0000444283
        0.0029657789  -0.0087975372   0.5198628645   0.0050412305  -0.0203134330
       -0.0712415677  -0.0028607048   0.0085419474   0.0010834114   0.0005873130
        0.0000278350  -0.0001376040  -0.0000522937  -0.0000532751  -0.0001631254
       -0.0053205953  -0.0466691006  -0.2721911144   0.0772522970   0.0613943680
       -0.0978852824  -0.0786350542   0.0194263732  -0.0761159532   0.0052492843
       -0.0302654001  -0.0070850592  -0.0014653481   0.0141970362   0.0024154339
       -0.0003229262   0.0011490721   0.0010094179  -0.0022803365   0.0012647444
        0.0000166934  -0.0001395187   0.0000122578   0.0002107023  -0.0000371208
        0.0000385910   0.0000236763   0.0000179947   0.0000465207   0.0001975063
       -0.0692577313   0.0211492095   0.0050412305   0.4730958030   0.0268138161
       -0.0227755592  -0.1599784764   0.0312851306  -0.0431342077  -0.0329219872
       -0.0025344336  -0.0020142084  -0.0010123196   0.0010833320   0.0020842239
        0.0002503410   0.0005962384   0.0005300812   0.0034949447  -0.0204301263
       -0.0025254635  -0.0075967634   0.0279518551   0.0030202038  -0.0438450321
       -0.0037855083  -0.0075243748  -0.1499021329  -0.0862518724   0.0765063365
       -0.0054291332   0.0008657388  -0.0050687034  -0.0081426754   0.0049179066
       -0.0035611582   0.0010814531  -0.0001678050  -0.0007691263   0.0006305412
       -0.0019319381   0.0000623426  -0.0004668317   0.0004384567   0.0001283830
        0.0224950987  -0.1964474049  -0.0203134330   0.0268138161   0.4758222049
       -0.0024608854   0.0246685984  -0.0671152077   0.0097593743  -0.0126041676
        0.0035214345  -0.0040108991  -0.0011405345  -0.0011287942   0.0010393308
        0.0018691555  -0.0107754846  -0.0055613566   0.0004502971  -0.0233091270
       -0.0007421490   0.0040659312  -0.0104817953  -0.0007380191  -0.0036331859
       -0.0514468795  -0.0438865386  -0.0864802632  -0.1083148465   0.0589144128
       -0.0049503075   0.0019560515  -0.0023095839   0.0282746436  -0.0115635034
        0.0103597139   0.0000431958   0.0002805649  -0.0002008082   0.0003848787
       -0.0013906725   0.0001782396  -0.0002571564   0.0003934598  -0.0000273985
        0.0050610566  -0.0204823572  -0.0712415677  -0.0227755592  -0.0024608854
        0.5266097672  -0.0369627781   0.0101227285  -0.0839569275   0.0092670874
       -0.0051626293   0.0059403589   0.0016335061   0.0010512962  -0.0007051452
        0.0053807309  -0.0307611965  -0.0075381240  -0.0020669655   0.0143210860
        0.0022714795  -0.0026778264   0.0102265775   0.0015769057  -0.0076543108
       -0.0432897118  -0.2618845209   0.0762794949   0.0588265398  -0.0988215671
       -0.0274709978   0.0062789184  -0.0143916971   0.0007632010  -0.0002057733
        0.0013129766   0.0011531598   0.0003251437   0.0006499369  -0.0001825872
        0.0013080184   0.0000634750   0.0002527883  -0.0000977551   0.0001146497
       -0.0097417091   0.0091263127  -0.0028607048  -0.1599784764   0.0246685984
       -0.0369627781   0.4400833529   0.0120525748  -0.0070137090  -0.1358426820
       -0.0491405886   0.0585564820  -0.0236385309  -0.0185709989   0.0079046436
        0.0005118191  -0.0007324753  -0.0001284104   0.0005068521  -0.0006364964
        0.0001141304   0.0003552399   0.0015748088   0.0002467779  -0.0054091510
        0.0011679214  -0.0051283259  -0.0263178948   0.0041421845  -0.0077301702
       -0.0433532302  -0.0035151211  -0.0136975371  -0.0375520381   0.0254993123
        0.0034244058  -0.0014210013  -0.0014339229   0.0027268208   0.0027883318
       -0.0075183889  -0.0002133549  -0.0009908820   0.0033162792   0.0007617298
        0.0263551401  -0.0121927264   0.0085419474   0.0312851306  -0.0671152077
        0.0101227285   0.0120525748   0.4983257105   0.0244091856  -0.0511969394
       -0.0931488646   0.0356250890  -0.0201653915  -0.0127116357   0.0068636416
        0.0003347114   0.0007389190   0.0008498483   0.0004802213   0.0011131884
        0.0002030584   0.0023720641  -0.0058767639  -0.0003920177  -0.0042337377
        0.0016967684  -0.0016084010  -0.0124797034   0.0030386938  -0.0041989392
       -0.0036890846  -0.0595979341  -0.0550332318   0.0221354345  -0.2612702798
       -0.0229060785   0.0020042076   0.0026240902  -0.0017775893  -0.0080180854
        0.0072139717  -0.0025091560   0.0027634575  -0.0028379299   0.0018099145
        0.0016551721   0.0007047987   0.0010834114  -0.0431342077   0.0097593743
       -0.0839569275  -0.0070137090   0.0244091856   0.5217052854   0.0622988798
        0.0370637204  -0.1147325455  -0.0042186659  -0.0022331366   0.0059949989
        0.0011237138  -0.0005880252   0.0008387262  -0.0000830673   0.0000292914
        0.0001499509   0.0005777015  -0.0011443138   0.0005635033  -0.0282135019
        0.0067650173  -0.0149189460   0.0122690599  -0.0022139160   0.0046321480
       -0.0140577802  -0.0553290855  -0.2570797538   0.0027785669  -0.0252186459
       -0.0473366514   0.0197781056   0.0121708733  -0.0191408007  -0.0015399321
       -0.0035854645   0.0006170235  -0.0022203356  -0.0005896734   0.0015805774
        0.0000525193  -0.0008452979   0.0005873130  -0.0329219872  -0.0126041676
        0.0092670874  -0.1358426820  -0.0511969394   0.0622988798   0.5368580566
        0.3133600523   0.0707620886  -0.2994598070  -0.2245506717  -0.1355824154
       -0.0000960013   0.0002178810   0.0001917639   0.0002846493   0.0003923254
       -0.0001684710   0.0001419513  -0.0003604342   0.0000370972   0.0009826977
       -0.0000819071   0.0009283891  -0.0056477275   0.0010627033  -0.0011728114
       -0.0004937220  -0.0003061310   0.0034104794  -0.0022307324  -0.0054851720
       -0.0001616380  -0.0406438532  -0.0027824331   0.0009407402  -0.0201350274
       -0.0153027698  -0.0078390674  -0.0008483343  -0.0015170384  -0.0034994355
        0.0011331913   0.0000385210   0.0000278350  -0.0025344336   0.0035214345
       -0.0051626293  -0.0491405886  -0.0931488646   0.0370637204   0.3133600523
        0.3873014957   0.1323346902  -0.2253489888  -0.2198386899  -0.1251724024
        0.0000027184   0.0000344959  -0.0001727932   0.0006550409  -0.0000623747
        0.0003005179   0.0001541653  -0.0002413915  -0.0000288573  -0.0002949436
        0.0001351568  -0.0003077189   0.0018250081   0.0004581433   0.0004503096
        0.0038606751   0.0033680942  -0.0024121687  -0.0248861167  -0.0200999414
        0.0160275940  -0.0028477417  -0.0458187584  -0.0424847592  -0.0113137766
       -0.0112408602  -0.0045427858  -0.0046242619  -0.0044064606  -0.0059205523
       -0.0001442471   0.0000097362  -0.0001376040  -0.0020142084  -0.0040108991
        0.0059403589   0.0585564820   0.0356250890  -0.1147325455   0.0707620886
        0.1323346902   0.5892201897  -0.1382039304  -0.1273242958  -0.1640480326
        0.0001449496  -0.0000242706  -0.0003017816   0.0000539740  -0.0001598135
        0.0004927297  -0.0003190022   0.0001568231  -0.0000164606  -0.0016733086
       -0.0004492452   0.0008418994  -0.0032285268   0.0002169625  -0.0000786703
        0.0222004463   0.0127774092  -0.0226538184   0.0001264311   0.0005186499
        0.0020934652   0.0029606779  -0.0408189037  -0.2832775714   0.0124381772
        0.0104151341   0.0055838235  -0.0216600032  -0.0192670663  -0.0189259820
        0.0000767765  -0.0001020772  -0.0000522937  -0.0010123196  -0.0011405345
        0.0016335061  -0.0236385309  -0.0201653915  -0.0042186659  -0.2994598070
       -0.2253489888  -0.1382039304   0.5386906796   0.3382889178   0.0383776495
       -0.0000383872  -0.0000676881  -0.0000417466  -0.0005553751   0.0002735687
       -0.0000029316   0.0001281041   0.0000371752  -0.0000232983  -0.0000699716
       -0.0000728948   0.0001734441  -0.0007769075   0.0003088998  -0.0002109461
        0.0006060817   0.0005874216  -0.0015375473  -0.0011802794  -0.0003959760
        0.0009323361  -0.0016714635  -0.0022088535  -0.0025308168  -0.1705127678
       -0.0841314581   0.1068110971  -0.0405858323  -0.0058621205  -0.0011058563
        0.0003079906  -0.0000240320  -0.0000532751   0.0010833320  -0.0011287942
        0.0010512962  -0.0185709989  -0.0127116357  -0.0022331366  -0.2245506717
       -0.2198386899  -0.1273242958   0.3382889178   0.3662318098   0.1184801292
       -0.0000697038   0.0000518406   0.0000815854  -0.0001318828   0.0003222160
       -0.0001974974   0.0001448375   0.0001424371   0.0000360148   0.0000321489
       -0.0000165083   0.0002444487  -0.0004363698   0.0002890162  -0.0002178786
        0.0009846486   0.0003242740  -0.0007972931  -0.0012374373  -0.0006911174
        0.0011416305  -0.0053994556  -0.0047863246  -0.0051192363  -0.0847484505
       -0.0828404462   0.0621893421  -0.0056969050  -0.0453240455  -0.0472818339
       -0.0001599412  -0.0001152685  -0.0001631254   0.0020842239   0.0010393308
       -0.0007051452   0.0079046436   0.0068636416   0.0059949989  -0.1355824154
       -0.1251724024  -0.1640480326   0.0383776495   0.1184801292   0.5970169431
        0.0000877757   0.0001216138   0.0000906525  -0.0002079705   0.0000937487
        0.0000859172   0.0000467538   0.0000365189  -0.0000158271   0.0002123370
        0.0000475430   0.0001544861   0.0008074491  -0.0000286212   0.0002928453
        0.0013940256   0.0015584583   0.0015837348   0.0021359096   0.0024517369
       -0.0007538913  -0.0220407274  -0.0198527934  -0.0178194664   0.1047817447
        0.0607627390  -0.1273885796   0.0001585420  -0.0462863746  -0.2943255103
       -0.0449322333  -0.0016817857  -0.0053205953   0.0002503410   0.0018691555
        0.0053807309   0.0005118191   0.0003347114   0.0011237138  -0.0000960013
        0.0000027184   0.0001449496  -0.0000383872  -0.0000697038   0.0000877757
        0.0480367431   0.0008309682   0.0064280250  -0.0006308526   0.0026693725
        0.0245121188  -0.0034278671  -0.0049347861  -0.0314177117   0.0004778535
        0.0012838213   0.0002981118   0.0000499309  -0.0004650940  -0.0004667772
       -0.0001175048   0.0003170134  -0.0003042468  -0.0000456633  -0.0001188276
       -0.0001180469   0.0000218365  -0.0000348424  -0.0001555145   0.0000622936
        0.0000162471  -0.0000845218  -0.0001223083  -0.0000189682  -0.0001080114
       -0.0018675468  -0.0523252073  -0.0466691006   0.0005962384  -0.0107754846
       -0.0307611965  -0.0007324753   0.0007389190  -0.0005880252   0.0002178810
        0.0000344959  -0.0000242706  -0.0000676881   0.0000518406   0.0001216138
        0.0008309682   0.0631883958   0.0567137140  -0.0004352549   0.0032264548
        0.0175125768   0.0001175763   0.0019118633   0.0059292786   0.0013804042
       -0.0068830328  -0.0021963028  -0.0000878958   0.0008077321  -0.0005740786
        0.0004153194  -0.0000727939   0.0003881258  -0.0002217451   0.0002035679
        0.0000861540  -0.0001280450  -0.0001050420   0.0000585972  -0.0000453544
       -0.0000395355   0.0000056070   0.0000276179   0.0000378268  -0.0000026931
       -0.0053032878  -0.0470175472  -0.2721911144   0.0005300812  -0.0055613566
       -0.0075381240  -0.0001284104   0.0008498483   0.0008387262   0.0001917639
       -0.0001727932  -0.0003017816  -0.0000417466   0.0000815854   0.0000906525
        0.0064280250   0.0567137140   0.3151803514   0.0018154535  -0.0011690998
       -0.0209279396  -0.0034062366  -0.0019179268  -0.0166523044   0.0000547959
       -0.0022279369   0.0004259992  -0.0002405317   0.0003217061   0.0005836375
        0.0003306005  -0.0001204019   0.0003125535  -0.0001366210   0.0001896491
        0.0000370178  -0.0001168253  -0.0000024794   0.0000236666  -0.0000293998
       -0.0000165077  -0.0000062252   0.0000523390   0.0000495466   0.0001248845
       -0.1579298304  -0.0912782359   0.0772522970   0.0034949447   0.0004502971
       -0.0020669655   0.0005068521   0.0004802213  -0.0000830673   0.0002846493
        0.0006550409   0.0000539740  -0.0005553751  -0.0001318828  -0.0002079705
       -0.0006308526  -0.0004352549   0.0018154535   0.1811321138   0.1060548438
       -0.0906064521  -0.0268277809  -0.0164256165   0.0141536303   0.0000342343
       -0.0001034683  -0.0002549844   0.0007237782   0.0008708440  -0.0002572623
       -0.0000298816  -0.0000723023   0.0000172657  -0.0001316020  -0.0000622452
        0.0000728510   0.0000128298   0.0000653735   0.0001053396  -0.0001195017
       -0.0000213600   0.0000440229   0.0000354221  -0.0000462548  -0.0000381319
       -0.0907983274  -0.1139513336   0.0613943680  -0.0204301263  -0.0233091270
        0.0143210860  -0.0006364964   0.0011131884   0.0000292914   0.0003923254
       -0.0000623747  -0.0001598135   0.0002735687   0.0003222160   0.0000937487
        0.0026693725   0.0032264548  -0.0011690998   0.1060548438   0.1360514012
       -0.0714922408   0.0025977035   0.0035362731  -0.0023307497  -0.0004085902
        0.0007875379   0.0003600566   0.0005948684  -0.0077007978  -0.0007860765
       -0.0000812674  -0.0001125417   0.0000866239  -0.0002136914   0.0003113583
       -0.0000619751   0.0000379587  -0.0001240840  -0.0002965837  -0.0000431967
       -0.0000390218  -0.0000106990  -0.0000089452  -0.0000491493   0.0000220636
        0.0770176179   0.0616352772  -0.0978852824  -0.0025254635  -0.0007421490
        0.0022714795   0.0001141304   0.0002030584   0.0001499509  -0.0001684710
        0.0003005179   0.0004927297  -0.0000029316  -0.0001974974   0.0000859172
        0.0245121188   0.0175125768  -0.0209279396  -0.0906064521  -0.0714922408
        0.1099003824  -0.0080341992  -0.0056771571   0.0053507445  -0.0004531216
       -0.0005177781   0.0004770255  -0.0000135331  -0.0007957841   0.0009780508
        0.0001289733   0.0000909839  -0.0003291910  -0.0000044443  -0.0001176340
       -0.0000957237   0.0000738394  -0.0001675113  -0.0001717736   0.0000482365
       -0.0000059089  -0.0000291102  -0.0000862998  -0.0000287536  -0.0002672599
       -0.2400868103   0.0472213385  -0.0786350542  -0.0075967634   0.0040659312
       -0.0026778264   0.0003552399   0.0023720641   0.0005777015   0.0001419513
        0.0001541653  -0.0003190022   0.0001281041   0.0001448375   0.0000467538
       -0.0034278671   0.0001175763  -0.0034062366  -0.0268277809   0.0025977035
       -0.0080341992   0.2772420160  -0.0565805240   0.0920799539  -0.0000000211
       -0.0001709285   0.0002890560   0.0005286403  -0.0002612171  -0.0001587999
        0.0001656995  -0.0000835285   0.0002975371  -0.0006279874   0.0003937594
       -0.0001633885  -0.0000395854  -0.0000031345  -0.0000090500  -0.0000189700
        0.0000055049   0.0000235650   0.0000641345   0.0000264520   0.0000889900
        0.0468781354  -0.0529591320   0.0194263732   0.0279518551  -0.0104817953
        0.0102265775   0.0015748088  -0.0058767639  -0.0011443138  -0.0003604342
       -0.0002413915   0.0001568231   0.0000371752   0.0001424371   0.0000365189
       -0.0049347861   0.0019118633  -0.0019179268  -0.0164256165   0.0035362731
       -0.0056771571  -0.0565805240   0.0638211331  -0.0220116910   0.0002129413
        0.0006385541   0.0001955741   0.0002962982   0.0004878455   0.0003123938
       -0.0002289271  -0.0000831503  -0.0001214896   0.0016321748  -0.0008711230
        0.0005200321  -0.0000350209  -0.0000332029  -0.0000104606  -0.0000100470
        0.0000264050  -0.0000231072  -0.0000080329  -0.0000179524   0.0000318535
       -0.0787335522   0.0196452138  -0.0761159532   0.0030202038  -0.0007380191
        0.0015769057   0.0002467779  -0.0003920177   0.0005635033   0.0000370972
       -0.0000288573  -0.0000164606  -0.0000232983   0.0000360148  -0.0000158271
       -0.0314177117   0.0059292786  -0.0166523044   0.0141536303  -0.0023307497
        0.0053507445   0.0920799539  -0.0220116910   0.0847506926   0.0004783648
       -0.0002565012   0.0003140010  -0.0001244638   0.0003014604  -0.0001385740
        0.0001409793  -0.0000890366   0.0001163492   0.0000817648  -0.0000053593
        0.0002082427   0.0000170477  -0.0000262939   0.0000406458  -0.0000105050
       -0.0000315384   0.0000390797   0.0000537112  -0.0000019035  -0.0000210450
        0.0007119804   0.0024751928   0.0052492843  -0.0438450321  -0.0036331859
       -0.0076543108  -0.0054091510  -0.0042337377  -0.0282135019   0.0009826977
       -0.0002949436  -0.0016733086  -0.0000699716   0.0000321489   0.0002123370
        0.0004778535   0.0013804042   0.0000547959   0.0000342343  -0.0004085902
       -0.0004531216  -0.0000000211   0.0002129413   0.0004783648   0.0525519281
        0.0008020041   0.0111704043  -0.0002724213   0.0024103617   0.0233515188
       -0.0052658378   0.0013428072  -0.0031535479   0.0005478927  -0.0002624271
       -0.0000445450  -0.0005385436   0.0000034853   0.0004111111   0.0000192748
        0.0000666391   0.0000689227   0.0000751170   0.0001069000   0.0001955968
        0.0005021718  -0.0113511255  -0.0302654001  -0.0037855083  -0.0514468795
       -0.0432897118   0.0011679214   0.0016967684   0.0067650173  -0.0000819071
        0.0001351568  -0.0004492452  -0.0000728948  -0.0000165083   0.0000475430
        0.0012838213  -0.0068830328  -0.0022279369  -0.0001034683   0.0007875379
       -0.0005177781  -0.0001709285   0.0006385541  -0.0002565012   0.0008020041
        0.0630178464   0.0520549456  -0.0009330705   0.0030997417   0.0171425220
        0.0014899142   0.0002746582   0.0004705540   0.0000721504   0.0000660639
        0.0005456181  -0.0001271647   0.0000647035  -0.0000031627  -0.0000225394
       -0.0000678107  -0.0000149877  -0.0000205017  -0.0000156742  -0.0000014763
        0.0005034406  -0.0046601382  -0.0070850592  -0.0075243748  -0.0438865386
       -0.2618845209  -0.0051283259  -0.0016084010  -0.0149189460   0.0009283891
       -0.0003077189   0.0008418994   0.0001734441   0.0002444487   0.0001544861
        0.0002981118  -0.0021963028   0.0004259992  -0.0002549844   0.0003600566
        0.0004770255   0.0002890560   0.0001955741   0.0003140010   0.0111704043
        0.0520549456   0.3038998960   0.0026107569  -0.0013803022  -0.0216028965
       -0.0030990875   0.0010525865  -0.0010680128   0.0002412635   0.0001820441
        0.0000678516  -0.0003022334  -0.0001557351   0.0003427059  -0.0000294909
        0.0000059936   0.0000760028   0.0001236308   0.0000994876  -0.0000404321
        0.0030992075   0.0013405281  -0.0014653481  -0.1499021329  -0.0864802632
        0.0762794949  -0.0263178948  -0.0124797034   0.0122690599  -0.0056477275
        0.0018250081  -0.0032285268  -0.0007769075  -0.0004363698   0.0008074491
        0.0000499309  -0.0000878958  -0.0002405317   0.0007237782   0.0005948684
       -0.0000135331   0.0005286403   0.0002962982  -0.0001244638  -0.0002724213
       -0.0009330705   0.0026107569   0.1775287169   0.0975684601  -0.0874585863
        0.0004211648  -0.0003580362   0.0002202209   0.0004397535  -0.0001755729
        0.0004897663   0.0001197951   0.0000028649  -0.0001737504   0.0001036505
       -0.0008389820   0.0000103006  -0.0000975536   0.0001618660   0.0000176914
       -0.0198459315  -0.0235083004   0.0141970362  -0.0862518724  -0.1083148465
        0.0588265398   0.0041421845   0.0030386938  -0.0022139160   0.0010627033
        0.0004581433   0.0002169625   0.0003088998   0.0002890162  -0.0000286212
       -0.0004650940   0.0008077321   0.0003217061   0.0008708440  -0.0077007978
       -0.0007957841  -0.0002612171   0.0004878455   0.0003014604   0.0024103617
        0.0030997417  -0.0013803022   0.0975684601   0.1309757483  -0.0690858629
       -0.0002282684  -0.0001051016  -0.0001709477   0.0006512786   0.0005195509
       -0.0001814139   0.0000058015  -0.0000678406   0.0000211578   0.0000233015
        0.0000756806   0.0000003972   0.0000085486  -0.0000552656  -0.0000284120
       -0.0021400265  -0.0012699923   0.0024154339   0.0765063365   0.0589144128
       -0.0988215671  -0.0077301702  -0.0041989392   0.0046321480  -0.0011728114
        0.0004503096  -0.0000786703  -0.0002109461  -0.0002178786   0.0002928453
       -0.0004667772  -0.0005740786   0.0005836375  -0.0002572623  -0.0007860765
        0.0009780508  -0.0001587999   0.0003123938  -0.0001385740   0.0233515188
        0.0171425220  -0.0216028965  -0.0874585863  -0.0690858629   0.1110513891
       -0.0003549615  -0.0002010491   0.0003465687   0.0003342413  -0.0003307161
        0.0001592647  -0.0002284830  -0.0000742702   0.0001355699   0.0000170499
       -0.0002028735   0.0000052768  -0.0000303223   0.0001220988   0.0000415232
        0.0007796778  -0.0008177157  -0.0003229262  -0.0054291332  -0.0049503075
       -0.0274709978  -0.0433532302  -0.0036890846  -0.0140577802  -0.0004937220
        0.0038606751   0.0222004463   0.0006060817   0.0009846486   0.0013940256
       -0.0001175048   0.0004153194   0.0003306005  -0.0000298816  -0.0000812674
        0.0001289733   0.0001656995  -0.0002289271   0.0001409793  -0.0052658378
        0.0014899142  -0.0030990875   0.0004211648  -0.0002282684  -0.0003549615
        0.0541400891   0.0050649252   0.0162207921   0.0013313943   0.0010783141
        0.0030119450  -0.0026203386  -0.0026117721   0.0027001411   0.0002904805
        0.0001033283  -0.0002827538  -0.0004249394  -0.0003897822  -0.0005393963
        0.0002574013   0.0007273333   0.0011490721   0.0008657388   0.0019560515
        0.0062789184  -0.0035151211  -0.0595979341  -0.0553290855  -0.0003061310
        0.0033680942   0.0127774092   0.0005874216   0.0003242740   0.0015584583
        0.0003170134  -0.0000727939  -0.0001204019  -0.0000723023  -0.0001125417
        0.0000909839  -0.0000835285  -0.0000831503  -0.0000890366   0.0013428072
        0.0002746582   0.0010525865  -0.0003580362  -0.0001051016  -0.0002010491
        0.0050649252   0.0656697113   0.0630724407  -0.0014950120  -0.0121296069
       -0.0318156913  -0.0025585934  -0.0000619010   0.0018792273   0.0000886316
        0.0000633269  -0.0001346335  -0.0001352146  -0.0002204199  -0.0001691983
        0.0009545691  -0.0003541764   0.0010094179  -0.0050687034  -0.0023095839
       -0.0143916971  -0.0136975371  -0.0550332318  -0.2570797538   0.0034104794
       -0.0024121687  -0.0226538184  -0.0015375473  -0.0007972931   0.0015837348
       -0.0003042468   0.0003881258   0.0003125535   0.0000172657   0.0000866239
       -0.0003291910   0.0002975371  -0.0001214896   0.0001163492  -0.0031535479
        0.0004705540  -0.0010680128   0.0002202209  -0.0001709477   0.0003465687
        0.0162207921   0.0630724407   0.3007437293  -0.0002491549  -0.0047062345
       -0.0070449783   0.0029088809   0.0016572460  -0.0023502715  -0.0004621415
       -0.0001383205   0.0002362265   0.0004431338   0.0003684559   0.0005691430
       -0.0049443504   0.0017306804  -0.0022803365  -0.0081426754   0.0282746436
        0.0007632010  -0.0375520381   0.0221354345   0.0027785669  -0.0022307324
       -0.0248861167   0.0001264311  -0.0011802794  -0.0012374373   0.0021359096
       -0.0000456633  -0.0002217451  -0.0001366210  -0.0001316020  -0.0002136914
       -0.0000044443  -0.0006279874   0.0016321748   0.0000817648   0.0005478927
        0.0000721504   0.0002412635   0.0004397535   0.0006512786   0.0003342413
        0.0013313943  -0.0014950120  -0.0002491549   0.0537277204  -0.0273080623
       -0.0033049702   0.0002694240   0.0001276315  -0.0003415781  -0.0018191417
        0.0011861278  -0.0004203395   0.0003582851  -0.0004480569   0.0002760663
        0.0029348519   0.0002321023   0.0012647444   0.0049179066  -0.0115635034
       -0.0002057733   0.0254993123  -0.2612702798  -0.0252186459  -0.0054851720
       -0.0200999414   0.0005186499  -0.0003959760  -0.0006911174   0.0024517369
       -0.0001188276   0.0002035679   0.0001896491  -0.0000622452   0.0003113583
       -0.0001176340   0.0003937594  -0.0008711230  -0.0000053593  -0.0002624271
        0.0000660639   0.0001820441  -0.0001755729   0.0005195509  -0.0003307161
        0.0010783141  -0.0121296069  -0.0047062345  -0.0273080623   0.3044665438
        0.0261258483   0.0000681153   0.0003630381  -0.0001071372  -0.0015619765
        0.0009187820  -0.0003670216   0.0004779999  -0.0004554354   0.0003258492
       -0.0017619946   0.0004984320   0.0000166934  -0.0035611582   0.0103597139
        0.0013129766   0.0034244058  -0.0229060785  -0.0473366514  -0.0001616380
        0.0160275940   0.0020934652   0.0009323361   0.0011416305  -0.0007538913
       -0.0001180469   0.0000861540   0.0000370178   0.0000728510  -0.0000619751
       -0.0000957237  -0.0001633885   0.0005200321   0.0002082427  -0.0000445450
        0.0005456181   0.0000678516   0.0004897663  -0.0001814139   0.0001592647
        0.0030119450  -0.0318156913  -0.0070449783  -0.0033049702   0.0261258483
        0.0508840699   0.0002044376   0.0001085279   0.0001988428   0.0009903124
       -0.0005947218   0.0003975801  -0.0000103128   0.0001463298  -0.0001447602
       -0.0000572562   0.0000983731  -0.0001395187   0.0010814531   0.0000431958
        0.0011531598  -0.0014210013   0.0020042076   0.0197781056  -0.0406438532
       -0.0028477417   0.0029606779  -0.0016714635  -0.0053994556  -0.0220407274
        0.0000218365  -0.0001280450  -0.0001168253   0.0000128298   0.0000379587
        0.0000738394  -0.0000395854  -0.0000350209   0.0000170477  -0.0005385436
       -0.0001271647  -0.0003022334   0.0001197951   0.0000058015  -0.0002284830
       -0.0026203386  -0.0025585934   0.0029088809   0.0002694240   0.0000681153
        0.0002044376   0.0444602549   0.0144726952  -0.0016358150  -0.0013030926
        0.0028026062  -0.0014281962   0.0023295410  -0.0084369321  -0.0012043497
        0.0000951215   0.0000695036   0.0000122578  -0.0001678050   0.0002805649
        0.0003251437  -0.0014339229   0.0026240902   0.0121708733  -0.0027824331
       -0.0458187584  -0.0408189037  -0.0022088535  -0.0047863246  -0.0198527934
       -0.0000348424  -0.0001050420  -0.0000024794   0.0000653735  -0.0001240840
       -0.0001675113  -0.0000031345  -0.0000332029  -0.0000262939   0.0000034853
        0.0000647035  -0.0001557351   0.0000028649  -0.0000678406  -0.0000742702
       -0.0026117721  -0.0000619010   0.0016572460   0.0001276315   0.0003630381
        0.0001085279   0.0144726952   0.0442938685   0.0501384902   0.0030181775
       -0.0030975274   0.0000652574  -0.0085425859   0.0063989121  -0.0033798093
       -0.0000008212   0.0000909980   0.0002107023  -0.0007691263  -0.0002008082
        0.0006499369   0.0027268208  -0.0017775893  -0.0191408007   0.0009407402
       -0.0424847592  -0.2832775714  -0.0025308168  -0.0051192363  -0.0178194664
       -0.0001555145   0.0000585972   0.0000236666   0.0001053396  -0.0002965837
       -0.0001717736  -0.0000090500  -0.0000104606   0.0000406458   0.0004111111
       -0.0000031627   0.0003427059  -0.0001737504   0.0000211578   0.0001355699
        0.0027001411   0.0018792273  -0.0023502715  -0.0003415781  -0.0001071372
        0.0001988428  -0.0016358150   0.0501384902   0.3206278180  -0.0000233186
        0.0010954254   0.0010387901  -0.0012443619  -0.0032841587  -0.0005087947
       -0.0000147173   0.0001293702  -0.0000371208   0.0006305412   0.0003848787
       -0.0001825872   0.0027883318  -0.0080180854  -0.0015399321  -0.0201350274
       -0.0113137766   0.0124381772  -0.1705127678  -0.0847484505   0.1047817447
        0.0000622936  -0.0000453544  -0.0000293998  -0.0001195017  -0.0000431967
        0.0000482365  -0.0000189700  -0.0000100470  -0.0000105050   0.0000192748
       -0.0000225394  -0.0000294909   0.0001036505   0.0000233015   0.0000170499
        0.0002904805   0.0000886316  -0.0004621415  -0.0018191417  -0.0015619765
        0.0009903124  -0.0013030926   0.0030181775  -0.0000233186   0.1902042835
        0.1036969529  -0.1173340906  -0.0001756374  -0.0015778859   0.0013730658
        0.0001044912  -0.0000793244   0.0000385910  -0.0019319381  -0.0013906725
        0.0013080184  -0.0075183889   0.0072139717  -0.0035854645  -0.0153027698
       -0.0112408602   0.0104151341  -0.0841314581  -0.0828404462   0.0607627390
        0.0000162471  -0.0000395355  -0.0000165077  -0.0000213600  -0.0000390218
       -0.0000059089   0.0000055049   0.0000264050  -0.0000315384   0.0000666391
       -0.0000678107   0.0000059936  -0.0008389820   0.0000756806  -0.0002028735
        0.0001033283   0.0000633269  -0.0001383205   0.0011861278   0.0009187820
       -0.0005947218   0.0028026062  -0.0030975274   0.0010954254   0.1036969529
        0.0873464721  -0.0663917000   0.0017629995   0.0031505605  -0.0026588663
        0.0000085979   0.0000681328   0.0000236763   0.0000623426   0.0001782396
        0.0000634750  -0.0002133549  -0.0025091560   0.0006170235  -0.0078390674
       -0.0045427858   0.0055838235   0.1068110971   0.0621893421  -0.1273885796
       -0.0000845218   0.0000056070  -0.0000062252   0.0000440229  -0.0000106990
       -0.0000291102   0.0000235650  -0.0000231072   0.0000390797   0.0000689227
       -0.0000149877   0.0000760028   0.0000103006   0.0000003972   0.0000052768
       -0.0002827538  -0.0001346335   0.0002362265  -0.0004203395  -0.0003670216
        0.0003975801  -0.0014281962   0.0000652574   0.0010387901  -0.1173340906
       -0.0663917000   0.1381189226   0.0205734754   0.0114871149  -0.0187759621
       -0.0000069360   0.0000501364   0.0000179947  -0.0004668317  -0.0002571564
        0.0002527883  -0.0009908820   0.0027634575  -0.0022203356  -0.0008483343
       -0.0046242619  -0.0216600032  -0.0405858323  -0.0056969050   0.0001585420
       -0.0001223083   0.0000276179   0.0000523390   0.0000354221  -0.0000089452
       -0.0000862998   0.0000641345  -0.0000080329   0.0000537112   0.0000751170
       -0.0000205017   0.0001236308  -0.0000975536   0.0000085486  -0.0000303223
       -0.0004249394  -0.0001352146   0.0004431338   0.0003582851   0.0004779999
       -0.0000103128   0.0023295410  -0.0085425859  -0.0012443619  -0.0001756374
        0.0017629995   0.0205734754   0.0408567552   0.0142028437   0.0035760205
        0.0000442413   0.0000543898   0.0000465207   0.0004384567   0.0003934598
       -0.0000977551   0.0033162792  -0.0028379299  -0.0005896734  -0.0015170384
       -0.0044064606  -0.0192670663  -0.0058621205  -0.0453240455  -0.0462863746
       -0.0000189682   0.0000378268   0.0000495466  -0.0000462548  -0.0000491493
       -0.0000287536   0.0000264520  -0.0000179524  -0.0000019035   0.0001069000
       -0.0000156742   0.0000994876   0.0001618660  -0.0000552656   0.0001220988
       -0.0003897822  -0.0002204199   0.0003684559  -0.0004480569  -0.0004554354
        0.0001463298  -0.0084369321   0.0063989121  -0.0032841587  -0.0015778859
        0.0031505605   0.0114871149   0.0142028437   0.0433471836   0.0572361310
        0.0000776376   0.0000444283   0.0001975063   0.0001283830  -0.0000273985
        0.0001146497   0.0007617298   0.0018099145   0.0015805774  -0.0034994355
       -0.0059205523  -0.0189259820  -0.0011058563  -0.0472818339  -0.2943255103
       -0.0001080114  -0.0000026931   0.0001248845  -0.0000381319   0.0000220636
       -0.0002672599   0.0000889900   0.0000318535  -0.0000210450   0.0001955968
       -0.0000014763  -0.0000404321   0.0000176914  -0.0000284120   0.0000415232
       -0.0005393963  -0.0001691983   0.0005691430   0.0002760663   0.0003258492
       -0.0001447602  -0.0012043497  -0.0033798093  -0.0005087947   0.0013730658
       -0.0026588663  -0.0187759621   0.0035760205   0.0572361310   0.3303814624
