           1           2  0.975496937520349     
           2           3   1.00053396767113     
           2           4  0.981673977761221     
           4           5   1.80983586529285     
           4           6  0.981665943377738     
           6           7  0.975516362744126     
           6           8   1.00051279681974     
           1           9  0.987040088667467     
           1          10  0.981868927736147     
           1          11  0.981064856601304     
           2          12  0.962642576650073     
           3          13  0.982453062408963     
           3          14  0.985221908284628     
           3          15  0.978005878034210     
           6          16  0.962655145564656     
           7          17  0.987038588311915     
           7          18  0.981068535651426     
           7          19  0.981864173433843     
           8          20  0.978006247665384     
           8          21  0.982451093307640     
           8          22  0.985226025645030     
