           1           2   1.00991744864279     
           2           3   1.01027137848838     
           2           4  0.989419607748938     
           4           5  0.989216308161399     
           5           6   1.70473877577545     
           5           7   1.16844638601786     
           6           7  0.169623917235698     
           1           8  0.985932929464104     
           1           9  0.986448118641682     
           1          10  0.986175376535180     
           2          11  0.967789949074628     
           3          12  0.985765067357702     
           3          13  0.986371149324770     
           3          14  0.983950915353754     
           4          15  0.961383569988524     
           4          16  0.934701169169662     
           7          17  0.804418496457044     
