           1           2   1.01880286523414     
           2           3  0.988948584976505     
           3           4   1.01247682005535     
           4           5   1.40144796931871     
           5           6   1.46075072848546     
           6           7   1.36417083094459     
           5           8  0.105317238913250     
           7           8   1.37555469894707     
           4           9   1.41177347112446     
           6           9  0.107765776622226     
           8           9   1.44735323906654     
           7          10   1.06643776314555     
           1          11  0.987491819351748     
           1          12  0.986393948800240     
           1          13  0.987522495846876     
           2          14  0.978982144327011     
           2          15  0.978990375816720     
           3          16  0.972969209349796     
           3          17  0.973081080490986     
           5          18  0.968765592593155     
           6          19  0.968861153470763     
           8          20  0.966125089908603     
           9          21  0.968913844569348     
          10          22  0.843708695364239     
