$coord
         -3.983346624154          0.005259423657         -0.631169782504     c 
         -1.517767274051          0.129666529888          0.852943118909     c 
          0.098806317188         -2.282349576019          0.543568504059     c 
          2.545778928218         -1.441667113965         -0.750042117645     c 
          2.868129761094          1.284623405208          0.125820398065     c 
          0.180981959429          2.316665767913         -0.037634680107     c 
         -5.021403290837          1.771288166842         -0.448452910089     h 
         -3.606234029595         -0.324217972065         -2.625706639397     h 
         -5.173592602978         -1.519001934059          0.067592375379     h 
         -1.979476247335          0.392308377537          2.850802770512     h 
          0.525787644579         -3.091860979816          2.390103784316     h 
         -0.888462447536         -3.715639264620         -0.556035292219     h 
          4.146480828560         -2.636437202347         -0.252569503081     h 
          2.318884644627         -1.484950113692         -2.799380056127     h 
          3.527345810362          1.322391230681          2.079736186888     h 
          4.197676101010          2.346154571721         -1.033296195872     h 
         -0.084330490694          4.015842787727          1.093528094915     h 
         -0.257660767207          2.778755307626         -1.999543798991     h 
$end
