           1           2   1.02012490214731     
           2           3   1.00689925455518     
           3           4  0.988883784900422     
           4           5  0.962075620086473     
           4           6   1.00761848831208     
           4           7  0.974362479209685     
           1           8  0.987311135996526     
           1           9  0.986305173619892     
           1          10  0.986813395670520     
           2          11  0.976077115994123     
           2          12  0.977493815128354     
           3          13  0.975881927872623     
           3          14  0.974759710350528     
           6          15  0.984588831623536     
           6          16  0.983170804069496     
           6          17  0.985655841959723     
           7          18  0.864846533023110     
