$hessian                                                                        
        0.5303053653   0.0052141317  -0.0026732591  -0.0635798069   0.0034594754
       -0.0002586058  -0.0042839276  -0.0252399762   0.0067184452  -0.0025688818
        0.0214445219  -0.0070123634  -0.0000034685  -0.0013471042   0.0003587400
       -0.0020108132   0.0011840031  -0.0007803922  -0.1754902832   0.0329626539
       -0.1131371165  -0.0502415208   0.0186868719   0.0300730092  -0.2280096880
       -0.0584058549   0.0863478480   0.0009397627   0.0040820109  -0.0003649130
        0.0006496849  -0.0005868976  -0.0005285418   0.0008936276  -0.0010447818
        0.0006228041  -0.0044782935  -0.0032389967   0.0028098857   0.0005655455
        0.0001994475   0.0007740697  -0.0030322776   0.0021615764  -0.0031897278
       -0.0000816908   0.0002062890  -0.0000850990   0.0001508820   0.0001214951
        0.0000303879   0.0002757839   0.0001411347   0.0002948288
        0.0052141317   0.4564600317   0.0119001463   0.0018662493  -0.1921067361
        0.0226332463  -0.0055425533  -0.0159286579   0.0056832391   0.0046845625
       -0.0118940810   0.0065124347  -0.0007197060  -0.0001456528  -0.0004064690
        0.0009452021   0.0007637164   0.0001895570   0.0330427367  -0.0501776070
        0.0278088480   0.0188996136  -0.1058355232  -0.1030064087  -0.0594247473
       -0.0609049779   0.0267291238   0.0008899322  -0.0224804331   0.0011448957
        0.0008219454   0.0009684212  -0.0004311652   0.0007588668   0.0004220743
       -0.0002622899  -0.0019674072  -0.0003250416   0.0011123209  -0.0008091743
        0.0010039808  -0.0007689619   0.0011779393   0.0001408333   0.0009464797
        0.0000701454   0.0001664989   0.0000748401  -0.0000651842   0.0001247212
        0.0000035879   0.0001574472  -0.0002515672   0.0001365752
       -0.0026732591   0.0119001463   0.5195724752   0.0002718370   0.0229827495
       -0.0720203104   0.0027479502   0.0138563762  -0.0037406936  -0.0031510891
        0.0184577611  -0.0065848081   0.0006073878  -0.0006843986   0.0000368404
       -0.0016037606   0.0006618063   0.0002063283  -0.1137628181   0.0273503778
       -0.1422529194   0.0306047193  -0.1030045130  -0.2120763107   0.0876456892
        0.0267537421  -0.0854911546   0.0006095434  -0.0245622037   0.0030730728
       -0.0002940600   0.0011225552   0.0006407711  -0.0004804145  -0.0003606722
        0.0004294682   0.0022478455   0.0017640409  -0.0007757445   0.0001522815
        0.0012818873   0.0010182823  -0.0029852583   0.0022843444  -0.0021420934
       -0.0001599255   0.0000715466   0.0001305067  -0.0000559453   0.0000377661
        0.0000847827   0.0002792766   0.0000866878  -0.0001084930
       -0.0635798069   0.0018662493   0.0002718370   0.4641781902  -0.0068775367
       -0.0114511433  -0.1599185499  -0.0303781932   0.0474021636  -0.1252092636
        0.0213573839  -0.0574217720  -0.0269778497   0.0056917558  -0.0121694394
        0.0012833992   0.0001943842  -0.0002682983  -0.0025555473   0.0223326869
       -0.0060756805  -0.0002333781   0.0048833081  -0.0003695667  -0.0010631787
       -0.0258060248   0.0061122231  -0.0452093350   0.0139403134   0.0226588369
       -0.0067268451   0.0001490645   0.0065535897  -0.0254229193  -0.0057649473
        0.0078104023  -0.0023605430  -0.0026549273   0.0015768656  -0.0009674715
       -0.0008519966  -0.0028421920  -0.0011030826   0.0021997433  -0.0017643789
        0.0009902928  -0.0001200498  -0.0014265485  -0.0047426052  -0.0001641472
        0.0012041379  -0.0003815061   0.0000029332   0.0001989635
        0.0034594754  -0.1921067361   0.0229827495  -0.0068775367   0.4913808387
        0.0266801468  -0.0301597051  -0.0733631012   0.0123326387   0.0186124055
       -0.0714859968   0.0141979891  -0.0009031909   0.0009240877  -0.0026190120
        0.0005623598  -0.0000424008   0.0000772310   0.0025654746  -0.0095509338
        0.0035664253   0.0013162123  -0.0223258533  -0.0010279560  -0.0025984868
       -0.0121263786   0.0037646624   0.0138922945  -0.0975646431  -0.0945308083
        0.0120939774   0.0035755653  -0.0063173204   0.0045289114   0.0013641776
       -0.0019473343  -0.0257729748  -0.0119752039   0.0135449963  -0.0113392914
        0.0032660614  -0.0113712395   0.0205688306  -0.0110423798   0.0206202397
        0.0006354746   0.0002061686   0.0001879247  -0.0003284337   0.0010523274
        0.0000591510  -0.0002557968  -0.0001855994  -0.0002004841
       -0.0002586058   0.0226332463  -0.0720203104  -0.0114511433   0.0266801468
        0.5181965368   0.0484157679   0.0127405516  -0.0897371313  -0.0556367361
        0.0155709478  -0.1160364078   0.0035687817  -0.0038103612   0.0069800601
        0.0005832146   0.0007560350   0.0002948507  -0.0024886657   0.0205026446
       -0.0055145312   0.0009818451  -0.0259993729   0.0031338104   0.0010901118
        0.0134821777  -0.0032219429   0.0225346019  -0.0944524618  -0.2022853700
        0.0249153282   0.0052563180  -0.0156244754  -0.0155908642  -0.0043459821
        0.0066906104   0.0049457942   0.0033410271  -0.0028877622  -0.0197234340
        0.0032477329  -0.0217259085  -0.0070864592   0.0050043904  -0.0066478267
        0.0018283307  -0.0000078153   0.0011182429   0.0037401931  -0.0005906965
       -0.0002405090  -0.0003680609  -0.0000085287  -0.0004719357
       -0.0042839276  -0.0055425533   0.0027479502  -0.1599185499  -0.0301597051
        0.0484157679   0.4702033292  -0.0173574214   0.0271195660  -0.0297926890
       -0.0046518696   0.0053465185  -0.0029646345   0.0014255859  -0.0029739179
       -0.0002008131  -0.0005483435   0.0001118796   0.0009039298   0.0009060795
       -0.0003002587   0.0004114874   0.0006787624  -0.0002413375   0.0006729922
       -0.0001719181  -0.0000414347  -0.0078753092  -0.0018459754   0.0059234356
       -0.0470919316   0.0153151344   0.0260201201  -0.1772730100   0.0403804952
       -0.1127358951  -0.0423464391   0.0024716774  -0.0011480029   0.0006071576
       -0.0000714380   0.0006851598   0.0003996811  -0.0008735170   0.0010056807
        0.0000108372  -0.0001122435  -0.0003166392  -0.0014867641   0.0001065627
        0.0002926140   0.0000246538   0.0000506873   0.0000887936
       -0.0252399762  -0.0159286579   0.0138563762  -0.0303781932  -0.0733631012
        0.0127405516  -0.0173574214   0.5194355105   0.0062548104   0.0033990125
        0.0007447557  -0.0014498883   0.0010425200  -0.0002460786   0.0007255643
        0.0000891794   0.0004569462  -0.0001577670  -0.0010232065   0.0007115155
       -0.0003149506  -0.0008586273   0.0010518204   0.0009143508  -0.0009012443
       -0.0063083526   0.0020810076   0.0110894441   0.0037374820  -0.0065442976
        0.0156066470  -0.1003435411  -0.0996592455   0.0403486112  -0.0557690336
        0.0324010981   0.0025088183  -0.2752302284   0.0389953769  -0.0001552779
        0.0001183878   0.0001760533   0.0015297610   0.0009261663  -0.0001532230
       -0.0000845868   0.0000282364   0.0001004799   0.0003801904   0.0000521027
        0.0000323766   0.0000043499  -0.0000739300   0.0000013263
        0.0067184452   0.0056832391  -0.0037406936   0.0474021636   0.0123326387
       -0.0897371313   0.0271195660   0.0062548104   0.5094275347  -0.0140786051
       -0.0032447201   0.0051822725  -0.0019462972   0.0010419888  -0.0018959714
       -0.0001795157  -0.0006127384   0.0003028691   0.0007227423  -0.0000821204
        0.0002041301  -0.0006568038  -0.0006690034   0.0009048353  -0.0000313250
        0.0015517765   0.0003100315   0.0249530019   0.0057104949  -0.0142927881
        0.0264399369  -0.0994375681  -0.2210498269  -0.1127237000   0.0325870159
       -0.1366682151  -0.0009210117   0.0389986562  -0.0508149198  -0.0009687329
        0.0001397979   0.0008420819  -0.0007584300  -0.0006015556   0.0005789213
       -0.0001255863   0.0000962755   0.0001209951  -0.0010016733   0.0001639968
        0.0003842169   0.0000358253   0.0000870152  -0.0000583418
       -0.0025688818   0.0046845625  -0.0031510891  -0.1252092636   0.0186124055
       -0.0556367361  -0.0297926890   0.0033990125  -0.0140786051   0.4454365477
        0.0030601111  -0.0049786303  -0.1567586931  -0.0033790822   0.0422176844
       -0.0120010963  -0.0143706519   0.0072647660   0.0006092459   0.0000685434
        0.0000652888   0.0001971824  -0.0004797634   0.0000992636   0.0002746461
       -0.0003483725   0.0002127278  -0.0012022015  -0.0002604357  -0.0024824870
        0.0009131019   0.0001295715  -0.0009875565  -0.0057348281  -0.0010897111
        0.0014883449   0.0004725372   0.0008313571  -0.0006497134  -0.0432653677
        0.0081055088   0.0116840311  -0.0417582998  -0.0214894410   0.0060360988
       -0.0042536351   0.0003213305   0.0049508352  -0.0267731370   0.0017922822
        0.0082781124   0.0014148318   0.0004127727  -0.0003323354
        0.0214445219  -0.0118940810   0.0184577611   0.0213573839  -0.0714859968
        0.0155709478  -0.0046518696   0.0007447557  -0.0032447201   0.0030601111
        0.5331727948   0.0193262189  -0.0035062305  -0.0610580643   0.0000909908
       -0.0349808674  -0.0185298303   0.0153303435   0.0011686650  -0.0061379161
        0.0022871229   0.0004811978   0.0008346792   0.0009599568   0.0002622130
        0.0008652995  -0.0000614283  -0.0098659407   0.0030007855  -0.0102740957
        0.0003430444   0.0002772954   0.0002042831  -0.0017630991  -0.0000203066
        0.0006433323  -0.0012068821   0.0005393191  -0.0004761272   0.0079370433
       -0.1177029459  -0.1062178170  -0.0204090026  -0.2556302880   0.0560483955
        0.0090624844   0.0017807897  -0.0049772378   0.0114722786   0.0005328425
       -0.0043492206  -0.0002050515   0.0007108677   0.0006812938
       -0.0070123634   0.0065124347  -0.0065848081  -0.0574217720   0.0141979891
       -0.1160364078   0.0053465185  -0.0014498883   0.0051822725  -0.0049786303
        0.0193262189   0.4872809572   0.0458816665   0.0015203542  -0.0885091863
        0.0057578464   0.0040116381   0.0009011249   0.0000578794   0.0015566238
        0.0002769636   0.0008019388  -0.0008772254   0.0009551792  -0.0000650158
       -0.0001334482   0.0001542609  -0.0210517788   0.0036251725  -0.0221646862
        0.0010639607   0.0001927377   0.0009468889   0.0030659027   0.0005794590
        0.0001839453   0.0006896141  -0.0002902311   0.0003233923   0.0121690295
       -0.1058218780  -0.1949185408   0.0057649266   0.0553607073  -0.0588545592
        0.0258314080  -0.0002129217  -0.0155713436  -0.0141285062   0.0014557421
        0.0054250860  -0.0017726247   0.0004465153   0.0010094612
       -0.0000034685  -0.0007197060   0.0006073878  -0.0269778497  -0.0009031909
        0.0035687817  -0.0029646345   0.0010425200  -0.0019462972  -0.1567586931
       -0.0035062305   0.0458816665   0.4407727481  -0.0159542061   0.0208900875
       -0.0602106781  -0.0514342491   0.0031539637   0.0003711989  -0.0000400250
        0.0000793462  -0.0002158814   0.0002538009   0.0000471040   0.0002836708
        0.0004413309  -0.0003961206   0.0008444635   0.0002698497   0.0011321833
       -0.0001178948  -0.0001067343  -0.0003541685  -0.0008667527  -0.0003457913
        0.0005158921   0.0000794004   0.0003818358  -0.0001829547  -0.0051919748
        0.0000453740   0.0052090521  -0.0059535851  -0.0016542393   0.0029204082
       -0.0425266629   0.0033296003  -0.0011895892  -0.1364424132   0.0707064521
       -0.0785059266  -0.0041209927  -0.0018063910  -0.0014308163
       -0.0013471042  -0.0001456528  -0.0006843986   0.0056917558   0.0009240877
       -0.0038103612   0.0014255859  -0.0002460786   0.0010419888  -0.0033790822
       -0.0610580643   0.0015203542  -0.0159542061   0.4312608604   0.0147124062
       -0.0423032430  -0.1974667890   0.0066456677  -0.0001841497   0.0001218032
       -0.0001211578   0.0004500689   0.0000803488  -0.0001615903   0.0011201593
       -0.0006744416   0.0013558078  -0.0007936034   0.0005736052   0.0000487568
       -0.0001918202   0.0000195776  -0.0000229696   0.0005466494   0.0003349030
        0.0000440470  -0.0000474241   0.0001176071  -0.0000292173   0.0140272818
        0.0011999964  -0.0084672894  -0.0241308323  -0.0069909598   0.0129487425
        0.0024538051  -0.0641270426  -0.0719069240   0.0679220537  -0.0827473477
        0.0515003515  -0.0053058945  -0.0211764130  -0.0046142142
        0.0003587400  -0.0004064690   0.0000368404  -0.0121694394  -0.0026190120
        0.0069800601  -0.0029739179   0.0007255643  -0.0018959714   0.0422176844
        0.0000909908  -0.0885091863   0.0208900875   0.0147124062   0.5284418365
        0.0113860458   0.0320421757  -0.0787851705  -0.0001428198   0.0000001023
       -0.0000170445   0.0000772371   0.0000799435  -0.0000946878  -0.0003225993
        0.0005631139   0.0001123204  -0.0018587264   0.0000159128   0.0008276779
       -0.0000527867   0.0000512959   0.0001700945  -0.0012216060  -0.0001658481
        0.0002981641   0.0000456881  -0.0001075081   0.0000124056   0.0246807215
        0.0007636724  -0.0144618238   0.0069260882   0.0018976327  -0.0029704665
        0.0001759822  -0.0665195253  -0.2454745350  -0.0774945405   0.0499598677
       -0.1085990980  -0.0105218386  -0.0310843157   0.0039285843
       -0.0020108132   0.0009452021  -0.0016037606   0.0012833992   0.0005623598
        0.0005832146  -0.0002008131   0.0000891794  -0.0001795157  -0.0120010963
       -0.0349808674   0.0057578464  -0.0602106781  -0.0423032430   0.0113860458
        0.0796421354   0.0886235929  -0.0036439101  -0.0010854098  -0.0003325930
       -0.0000212071   0.0001199539  -0.0002784422  -0.0000638984  -0.0021762171
        0.0000376088   0.0004931152   0.0000501147  -0.0001738924  -0.0001019524
        0.0000871520  -0.0000130580   0.0000241234  -0.0001373831   0.0001347151
       -0.0001424080   0.0000462067  -0.0001506782   0.0000936122   0.0020581104
        0.0002539292  -0.0017278386  -0.0065180795  -0.0030378506   0.0032967538
       -0.0005470534  -0.0053587327  -0.0020645944   0.0088949769   0.0113398763
        0.0007522752  -0.0072945056  -0.0153571060  -0.0128379014
        0.0011840031   0.0007637164   0.0006618063   0.0001943842  -0.0000424008
        0.0007560350  -0.0005483435   0.0004569462  -0.0006127384  -0.0143706519
       -0.0185298303   0.0040116381  -0.0514342491  -0.1974667890   0.0320421757
        0.0886235929   0.3703597644   0.1019182876   0.0000530090  -0.0000744588
        0.0000628022  -0.0001687409  -0.0000645430   0.0001015286   0.0003961410
        0.0001406574  -0.0008285879   0.0001512996  -0.0004909699  -0.0000816163
        0.0001336417  -0.0000636239   0.0001139667  -0.0003262870   0.0000451508
       -0.0001635741   0.0001901261   0.0000394753   0.0000289480   0.0023057083
        0.0014849617  -0.0000465851  -0.0039367442  -0.0006101625   0.0018336349
       -0.0070708777  -0.0246927544  -0.0067930641  -0.0020093031  -0.0461268106
        0.0112255781  -0.0133667085  -0.0851283289  -0.1442302353
       -0.0007803922   0.0001895570   0.0002063283  -0.0002682983   0.0000772310
        0.0002948507   0.0001118796  -0.0001577670   0.0003028691   0.0072647660
        0.0153303435   0.0009011249   0.0031539637   0.0066456677  -0.0787851705
       -0.0036439101   0.1019182876   0.4581024963   0.0000128516  -0.0000141869
       -0.0000784440  -0.0000356562  -0.0000146497  -0.0000607826  -0.0008141746
        0.0002004334  -0.0000998539   0.0001514046  -0.0000374066  -0.0001115946
       -0.0000032895   0.0000547585  -0.0000646252   0.0001042661  -0.0000455462
        0.0000311133  -0.0000682904  -0.0000452880  -0.0000573948  -0.0007023540
        0.0010203037   0.0007454934   0.0035800242   0.0012817766  -0.0012506371
       -0.0085412093  -0.0325659805  -0.0000572182   0.0044257477   0.0224261001
        0.0002107312  -0.0039473290  -0.1162636341  -0.3802292861
       -0.1754902832   0.0330427367  -0.1137628181  -0.0025555473   0.0025654746
       -0.0024886657   0.0009039298  -0.0010232065   0.0007227423   0.0006092459
        0.0011686650   0.0000578794   0.0003711989  -0.0001841497  -0.0001428198
       -0.0010854098   0.0000530090   0.0000128516   0.2025698139  -0.0388721054
        0.1332706538   0.0022901948  -0.0010623591   0.0009235566  -0.0272835188
        0.0040898307  -0.0188938340  -0.0001113286   0.0001341900   0.0001790089
       -0.0001203074   0.0000536439  -0.0000548218   0.0000697630  -0.0002636155
        0.0000928256  -0.0001126359  -0.0000676345   0.0000485229   0.0000278355
        0.0000093098   0.0002732533  -0.0002326078   0.0002134729  -0.0002363884
       -0.0000334889  -0.0000409957  -0.0000200533  -0.0000150917   0.0000703246
        0.0000004078   0.0001982375   0.0001134091   0.0000176989
        0.0329626539  -0.0501776070   0.0273503778   0.0223326869  -0.0095509338
        0.0205026446   0.0009060795   0.0007115155  -0.0000821204   0.0000685434
       -0.0061379161   0.0015566238  -0.0000400250   0.0001218032   0.0000001023
       -0.0003325930  -0.0000744588  -0.0000141869  -0.0388721054   0.0607442625
       -0.0339010010  -0.0119078950   0.0028284435  -0.0115621218  -0.0061587912
        0.0021910740  -0.0051275759   0.0004496726   0.0005558548   0.0002287984
       -0.0000781148  -0.0000918059  -0.0000566384  -0.0006248524  -0.0003389983
        0.0001163484   0.0001292611   0.0001423849  -0.0001449420  -0.0001470266
       -0.0000910323  -0.0001101626   0.0013097558  -0.0008278610   0.0012565121
       -0.0000277630  -0.0000516444   0.0000292734  -0.0000023231   0.0000345040
       -0.0000461270   0.0000328362   0.0000124153   0.0000041953
       -0.1131371165   0.0278088480  -0.1422529194  -0.0060756805   0.0035664253
       -0.0055145312  -0.0003002587  -0.0003149506   0.0002041301   0.0000652888
        0.0022871229   0.0002769636   0.0000793462  -0.0001211578  -0.0000170445
       -0.0000212071   0.0000628022  -0.0000784440   0.1332706538  -0.0339010010
        0.1628156218  -0.0227960867   0.0024889600  -0.0235541542   0.0084131368
       -0.0021231944   0.0075953346   0.0002772831  -0.0004232892   0.0005147868
       -0.0001193031  -0.0000148123  -0.0003388499   0.0005277296   0.0004513053
        0.0001387435   0.0000541701  -0.0002138376   0.0000445641   0.0001568936
       -0.0000201438   0.0002531473  -0.0004839815   0.0004032284  -0.0002564840
        0.0000032274   0.0000208607   0.0000245307  -0.0000333571   0.0000219906
        0.0000205593   0.0001192619   0.0000208431   0.0001240452
       -0.0502415208   0.0188996136   0.0306047193  -0.0002333781   0.0013162123
        0.0009818451   0.0004114874  -0.0008586273  -0.0006568038   0.0001971824
        0.0004811978   0.0008019388  -0.0002158814   0.0004500689   0.0000772371
        0.0001199539  -0.0001687409  -0.0000356562   0.0022901948  -0.0119078950
       -0.0227960867   0.0543341434  -0.0221010134  -0.0352266498  -0.0065532613
        0.0137992706   0.0270042387   0.0005787337   0.0003296548  -0.0000516177
        0.0000619471  -0.0002211001   0.0002634783  -0.0001309363  -0.0000230778
       -0.0001803265  -0.0001087665   0.0000708227   0.0000478984  -0.0000405299
        0.0001642424  -0.0004365881  -0.0000484272  -0.0001482107  -0.0000751744
        0.0000349521  -0.0001637176  -0.0000928781  -0.0000192581  -0.0000770942
       -0.0000129406  -0.0004366352   0.0001583939  -0.0002166338
        0.0186868719  -0.1058355232  -0.1030045130   0.0048833081  -0.0223258533
       -0.0259993729   0.0006787624   0.0010518204  -0.0006690034  -0.0004797634
        0.0008346792  -0.0008772254   0.0002538009   0.0000803488   0.0000799435
       -0.0002784422  -0.0000645430  -0.0000146497  -0.0010623591   0.0028284435
        0.0024889600  -0.0221010134   0.1262809415   0.1207538349  -0.0006400144
        0.0043413706   0.0053141882   0.0002797066  -0.0075668842   0.0005569742
       -0.0003621226  -0.0001773184   0.0006600081  -0.0000934937  -0.0001065927
       -0.0000603455   0.0001157291   0.0003568697  -0.0000108448   0.0003915698
       -0.0000291649   0.0006379281  -0.0001546950   0.0002994758  -0.0000412992
       -0.0001726266  -0.0001003162   0.0000808339  -0.0000665224  -0.0000474387
       -0.0000286462   0.0001213040   0.0001796850   0.0001332293
        0.0300730092  -0.1030064087  -0.2120763107  -0.0003695667  -0.0010279560
        0.0031338104  -0.0002413375   0.0009143508   0.0009048353   0.0000992636
        0.0009599568   0.0009551792   0.0000471040  -0.0001615903  -0.0000946878
       -0.0000638984   0.0001015286  -0.0000607826   0.0009235566  -0.0115621218
       -0.0235541542  -0.0352266498   0.1207538349   0.2451955823   0.0048310595
       -0.0075127546  -0.0153377037   0.0000511263   0.0004509930   0.0007058279
       -0.0000832975  -0.0000203972   0.0002457266  -0.0000685511  -0.0001230348
       -0.0003220821  -0.0000228987   0.0001393395  -0.0000587497   0.0000902858
       -0.0000342095   0.0001728611  -0.0000273361   0.0000928548  -0.0000492504
       -0.0000798839   0.0000170373  -0.0000449498   0.0000174994   0.0000137529
        0.0000349258   0.0000505154   0.0000048243   0.0002499223
       -0.2280096880  -0.0594247473   0.0876456892  -0.0010631787  -0.0025984868
        0.0010901118   0.0006729922  -0.0009012443  -0.0000313250   0.0002746461
        0.0002622130  -0.0000650158   0.0002836708   0.0011201593  -0.0003225993
       -0.0021762171   0.0003961410  -0.0008141746  -0.0272835188  -0.0061587912
        0.0084131368  -0.0065532613  -0.0006400144   0.0048310595   0.2638357736
        0.0681242285  -0.1004311467   0.0000879002   0.0000555015  -0.0002227874
        0.0000856293  -0.0000058786  -0.0002644012   0.0002741085   0.0000943233
        0.0001181331  -0.0000064583  -0.0001271214   0.0001490118  -0.0000497655
       -0.0000570185   0.0001017783  -0.0001945162   0.0000938569  -0.0000195237
        0.0000770023   0.0001164886  -0.0000127207  -0.0000517552  -0.0002682610
        0.0000472622  -0.0002033640  -0.0000813486  -0.0002124882
       -0.0584058549  -0.0609049779   0.0267537421  -0.0258060248  -0.0121263786
        0.0134821777  -0.0001719181  -0.0063083526   0.0015517765  -0.0003483725
        0.0008652995  -0.0001334482   0.0004413309  -0.0006744416   0.0005631139
        0.0000376088   0.0001406574   0.0002004334   0.0040898307   0.0021910740
       -0.0021231944   0.0137992706   0.0043413706  -0.0075127546   0.0681242285
        0.0732886373  -0.0326163469  -0.0004285650   0.0004294540   0.0000228439
        0.0001376031  -0.0000879063  -0.0000788179   0.0002295931  -0.0000672987
       -0.0000554682  -0.0015945846  -0.0009271562   0.0009422960   0.0000059031
       -0.0000680503   0.0000083791  -0.0001806281   0.0001734578  -0.0001726138
        0.0001812368  -0.0005117808  -0.0002042706  -0.0002064393  -0.0000888916
       -0.0002246395   0.0000957818   0.0003352840  -0.0004032085
        0.0863478480   0.0267291238  -0.0854911546   0.0061122231   0.0037646624
       -0.0032219429  -0.0000414347   0.0020810076   0.0003100315   0.0002127278
       -0.0000614283   0.0001542609  -0.0003961206   0.0013558078   0.0001123204
        0.0004931152  -0.0008285879  -0.0000998539  -0.0188938340  -0.0051275759
        0.0075953346   0.0270042387   0.0053141882  -0.0153377037  -0.1004311467
       -0.0326163469   0.0965107096  -0.0002984004  -0.0004514603   0.0002932595
       -0.0001504120  -0.0000620618   0.0001693688  -0.0000589624  -0.0000171615
       -0.0000734402   0.0005260219   0.0003780082  -0.0000610073   0.0001892815
        0.0000148012  -0.0003341014   0.0000182219  -0.0002218777  -0.0000005054
       -0.0000120334  -0.0001824186   0.0000172987   0.0000724584  -0.0001606465
        0.0000864159  -0.0006937922   0.0000919663  -0.0006292902
        0.0009397627   0.0008899322   0.0006095434  -0.0452093350   0.0138922945
        0.0225346019  -0.0078753092   0.0110894441   0.0249530019  -0.0012022015
       -0.0098659407  -0.0210517788   0.0008444635  -0.0007936034  -0.0018587264
        0.0000501147   0.0001512996   0.0001514046  -0.0001113286   0.0004496726
        0.0002772831   0.0005787337   0.0002797066   0.0000511263   0.0000879002
       -0.0004285650  -0.0002984004   0.0594609730  -0.0160422543  -0.0263230512
       -0.0050032529  -0.0011865038   0.0035436473   0.0003879983   0.0004652473
        0.0003016414   0.0006384947   0.0003461127  -0.0001107125  -0.0032998317
        0.0007492208  -0.0036873714   0.0003891793  -0.0002449161   0.0002597710
       -0.0008086922   0.0001462558   0.0003821071   0.0001843268  -0.0000038497
        0.0001581110  -0.0000519958   0.0001064467   0.0001078018
        0.0040820109  -0.0224804331  -0.0245622037   0.0139403134  -0.0975646431
       -0.0944524618  -0.0018459754   0.0037374820   0.0057104949  -0.0002604357
        0.0030007855   0.0036251725   0.0002698497   0.0005736052   0.0000159128
       -0.0001738924  -0.0004909699  -0.0000374066   0.0001341900   0.0005558548
       -0.0004232892   0.0003296548  -0.0075668842   0.0004509930   0.0000555015
        0.0004294540  -0.0004514603  -0.0160422543   0.1182313001   0.1075088617
       -0.0012516555   0.0003407962   0.0008926353   0.0003977674  -0.0000495257
       -0.0000307923  -0.0001385176   0.0004406856   0.0005259511   0.0007859433
        0.0004440237   0.0005411045   0.0000130320   0.0002526127   0.0003844713
       -0.0003182715   0.0001389849   0.0000097436  -0.0000122758  -0.0000064721
        0.0001726756   0.0000350152   0.0000133435   0.0001195977
       -0.0003649130   0.0011448957   0.0030730728   0.0226588369  -0.0945308083
       -0.2022853700   0.0059234356  -0.0065442976  -0.0142927881  -0.0024824870
       -0.0102740957  -0.0221646862   0.0011321833   0.0000487568   0.0008276779
       -0.0001019524  -0.0000816163  -0.0001115946   0.0001790089   0.0002287984
        0.0005147868  -0.0000516177   0.0005569742   0.0007058279  -0.0002227874
        0.0000228439   0.0002932595  -0.0263230512   0.1075088617   0.2375746823
        0.0034838709   0.0008443932  -0.0014957974  -0.0003384922  -0.0001172662
        0.0005443372  -0.0003077942   0.0000682378  -0.0001255718  -0.0034641347
        0.0010032973  -0.0037918230   0.0003418202  -0.0000186664  -0.0000838048
       -0.0005239758  -0.0000756261   0.0005337672   0.0003186338   0.0001041740
        0.0000776756   0.0001434159   0.0001111435   0.0002063486
        0.0006496849   0.0008219454  -0.0002940600  -0.0067268451   0.0120939774
        0.0249153282  -0.0470919316   0.0156066470   0.0264399369   0.0009131019
        0.0003430444   0.0010639607  -0.0001178948  -0.0001918202  -0.0000527867
        0.0000871520   0.0001336417  -0.0000032895  -0.0001203074  -0.0000781148
       -0.0001193031   0.0000619471  -0.0003621226  -0.0000832975   0.0000856293
        0.0001376031  -0.0001504120  -0.0050032529  -0.0012516555   0.0034838709
        0.0555031851  -0.0170482810  -0.0331827433   0.0018163049  -0.0114765405
       -0.0225525725   0.0005661632   0.0014876679   0.0010311727  -0.0005680712
       -0.0003466595  -0.0002868078  -0.0000981485   0.0001594143  -0.0000074920
        0.0000977179   0.0000148888  -0.0001346318   0.0000303122  -0.0000022276
       -0.0000375345  -0.0000847471  -0.0000414082  -0.0000293385
       -0.0005868976   0.0009684212   0.0011225552   0.0001490645   0.0035755653
        0.0052563180   0.0153151344  -0.1003435411  -0.0994375681   0.0001295715
        0.0002772954   0.0001927377  -0.0001067343   0.0000195776   0.0000512959
       -0.0000130580  -0.0000636239   0.0000547585   0.0000536439  -0.0000918059
       -0.0000148123  -0.0002211001  -0.0001773184  -0.0000203972  -0.0000058786
       -0.0000879063  -0.0000620618  -0.0011865038   0.0003407962   0.0008443932
       -0.0170482810   0.1139242761   0.1165064487  -0.0006398134   0.0033135892
        0.0050667512   0.0039403260  -0.0214725810  -0.0294855211   0.0001719421
        0.0002487371   0.0000918642   0.0000812443  -0.0004035801  -0.0002022984
       -0.0000533020  -0.0000282022   0.0000154633   0.0000428766  -0.0000440723
       -0.0000038920  -0.0000222345   0.0000443731   0.0000239650
       -0.0005285418  -0.0004311652   0.0006407711   0.0065535897  -0.0063173204
       -0.0156244754   0.0260201201  -0.0996592455  -0.2210498269  -0.0009875565
        0.0002042831   0.0009468889  -0.0003541685  -0.0000229696   0.0001700945
        0.0000241234   0.0001139667  -0.0000646252  -0.0000548218  -0.0000566384
       -0.0003388499   0.0002634783   0.0006600081   0.0002457266  -0.0002644012
       -0.0000788179   0.0001693688   0.0035436473   0.0008926353  -0.0014957974
       -0.0331827433   0.1165064487   0.2569064189  -0.0007030885  -0.0115640820
       -0.0234352099  -0.0006150622  -0.0001698336   0.0025982206   0.0002836022
        0.0000951470   0.0003076349   0.0001283348  -0.0001016524  -0.0001071584
       -0.0001254411  -0.0000444648  -0.0000282300  -0.0000147802  -0.0000161605
        0.0000522343   0.0000137092  -0.0000101385   0.0001068145
        0.0008936276   0.0007588668  -0.0004804145  -0.0254229193   0.0045289114
       -0.0155908642  -0.1772730100   0.0403486112  -0.1127237000  -0.0057348281
       -0.0017630991   0.0030659027  -0.0008667527   0.0005466494  -0.0012216060
       -0.0001373831  -0.0003262870   0.0001042661   0.0000697630  -0.0006248524
        0.0005277296  -0.0001309363  -0.0000934937  -0.0000685511   0.0002741085
        0.0002295931  -0.0000589624   0.0003879983   0.0003977674  -0.0003384922
        0.0018163049  -0.0006398134  -0.0007030885   0.2082835340  -0.0461098751
        0.1299758155  -0.0018828352   0.0027736212  -0.0029482738   0.0000840152
        0.0000736895   0.0001368200   0.0001057726  -0.0002386374   0.0002474426
        0.0000419841   0.0000156488  -0.0000568453  -0.0005406594   0.0000630420
        0.0001464660   0.0000322159   0.0000596573  -0.0000136445
       -0.0010447818   0.0004220743  -0.0003606722  -0.0057649473   0.0013641776
       -0.0043459821   0.0403804952  -0.0557690336   0.0325870159  -0.0010897111
       -0.0000203066   0.0005794590  -0.0003457913   0.0003349030  -0.0001658481
        0.0001347151   0.0000451508  -0.0000455462  -0.0002636155  -0.0003389983
        0.0004513053  -0.0000230778  -0.0001065927  -0.0001230348   0.0000943233
       -0.0000672987  -0.0000171615   0.0004652473  -0.0000495257  -0.0001172662
       -0.0114765405   0.0033135892  -0.0115640820  -0.0461098751   0.0622936863
       -0.0392063646   0.0251855348  -0.0114571976   0.0223000115   0.0000667854
       -0.0000342565  -0.0000067472  -0.0000702109   0.0000624539   0.0000176809
        0.0000279604  -0.0000015651  -0.0000198422  -0.0001260158  -0.0000010567
        0.0000269362  -0.0000404945   0.0000097964   0.0000101383
        0.0006228041  -0.0002622899   0.0004294682   0.0078104023  -0.0019473343
        0.0066906104  -0.1127358951   0.0324010981  -0.1366682151   0.0014883449
        0.0006433323   0.0001839453   0.0005158921   0.0000440470   0.0002981641
       -0.0001424080  -0.0001635741   0.0000311133   0.0000928256   0.0001163484
        0.0001387435  -0.0001803265  -0.0000603455  -0.0003220821   0.0001181331
       -0.0000554682  -0.0000734402   0.0003016414  -0.0000307923   0.0005443372
       -0.0225525725   0.0050667512  -0.0234352099   0.1299758155  -0.0392063646
        0.1568857834  -0.0057498353   0.0034586447  -0.0048157938   0.0002368025
        0.0001371901   0.0001283185   0.0001068093  -0.0001784000  -0.0001099770
       -0.0000536565  -0.0000036950   0.0000779825   0.0001168909  -0.0000026344
       -0.0000096158   0.0000283321   0.0000434864   0.0000258678
       -0.0044782935  -0.0019674072   0.0022478455  -0.0023605430  -0.0257729748
        0.0049457942  -0.0423464391   0.0025088183  -0.0009210117   0.0004725372
       -0.0012068821   0.0006896141   0.0000794004  -0.0000474241   0.0000456881
        0.0000462067   0.0001901261  -0.0000682904  -0.0001126359   0.0001292611
        0.0000541701  -0.0001087665   0.0001157291  -0.0000228987  -0.0000064583
       -0.0015945846   0.0005260219   0.0006384947  -0.0001385176  -0.0003077942
        0.0005661632   0.0039403260  -0.0006150622  -0.0018828352   0.0251855348
       -0.0057498353   0.0504793835  -0.0016742849  -0.0004865750  -0.0000379032
        0.0000781542  -0.0000412758  -0.0009860588   0.0003270493  -0.0002894642
        0.0000290799  -0.0000509926   0.0000149994   0.0000320627   0.0000006552
       -0.0000357800  -0.0000233947  -0.0000225862   0.0000138543
       -0.0032389967  -0.0003250416   0.0017640409  -0.0026549273  -0.0119752039
        0.0033410271   0.0024716774  -0.2752302284   0.0389986562   0.0008313571
        0.0005393191  -0.0002902311   0.0003818358   0.0001176071  -0.0001075081
       -0.0001506782   0.0000394753  -0.0000452880  -0.0000676345   0.0001423849
       -0.0002138376   0.0000708227   0.0003568697   0.0001393395  -0.0001271214
       -0.0009271562   0.0003780082   0.0003461127   0.0004406856   0.0000682378
        0.0014876679  -0.0214725810  -0.0001698336   0.0027736212  -0.0114571976
        0.0034586447  -0.0016742849   0.3195116255  -0.0471770233  -0.0000081649
       -0.0002767728  -0.0000386607  -0.0005006608   0.0004827405  -0.0001542886
        0.0000299436  -0.0000151831   0.0000463869  -0.0000093544   0.0000450022
       -0.0000533985   0.0000387848   0.0000036548   0.0000557283
        0.0028098857   0.0011123209  -0.0007757445   0.0015768656   0.0135449963
       -0.0028877622  -0.0011480029   0.0389953769  -0.0508149198  -0.0006497134
       -0.0004761272   0.0003233923  -0.0001829547  -0.0000292173   0.0000124056
        0.0000936122   0.0000289480  -0.0000573948   0.0000485229  -0.0001449420
        0.0000445641   0.0000478984  -0.0000108448  -0.0000587497   0.0001490118
        0.0009422960  -0.0000610073  -0.0001107125   0.0005259511  -0.0001255718
        0.0010311727  -0.0294855211   0.0025982206  -0.0029482738   0.0223000115
       -0.0048157938  -0.0004865750  -0.0471770233   0.0565586478   0.0000250227
       -0.0001510462  -0.0001398313  -0.0002407742   0.0000146134   0.0002339941
        0.0000421678   0.0000469217  -0.0000806022  -0.0000259835  -0.0000001348
       -0.0000070525  -0.0000311697  -0.0000365791   0.0000532055
        0.0005655455  -0.0008091743   0.0001522815  -0.0009674715  -0.0113392914
       -0.0197234340   0.0006071576  -0.0001552779  -0.0009687329  -0.0432653677
        0.0079370433   0.0121690295  -0.0051919748   0.0140272818   0.0246807215
        0.0020581104   0.0023057083  -0.0007023540   0.0000278355  -0.0001470266
        0.0001568936  -0.0000405299   0.0003915698   0.0000902858  -0.0000497655
        0.0000059031   0.0001892815  -0.0032998317   0.0007859433  -0.0034641347
       -0.0005680712   0.0001719421   0.0002836022   0.0000840152   0.0000667854
        0.0002368025  -0.0000379032  -0.0000081649   0.0000250227   0.0537119871
       -0.0097413928  -0.0133535894   0.0013541320  -0.0021584544  -0.0024250234
       -0.0049119704  -0.0004989945   0.0026782450   0.0001540787   0.0000224105
        0.0002695321  -0.0002299761  -0.0008568107  -0.0002944297
        0.0001994475   0.0010039808   0.0012818873  -0.0008519966   0.0032660614
        0.0032477329  -0.0000714380   0.0001183878   0.0001397979   0.0081055088
       -0.1177029459  -0.1058218780   0.0000453740   0.0011999964   0.0007636724
        0.0002539292   0.0014849617   0.0010203037   0.0000093098  -0.0000910323
       -0.0000201438   0.0001642424  -0.0000291649  -0.0000342095  -0.0000570185
       -0.0000680503   0.0000148012   0.0007492208   0.0004440237   0.0010032973
       -0.0003466595   0.0002487371   0.0000951470   0.0000736895  -0.0000342565
        0.0001371901   0.0000781542  -0.0002767728  -0.0001510462  -0.0097413928
        0.1341750106   0.1239481446   0.0017186248  -0.0237898678  -0.0261020285
       -0.0003583533   0.0002719414   0.0007104933   0.0001777780  -0.0003296625
        0.0000144904  -0.0001484203   0.0001086521  -0.0002476521
        0.0007740697  -0.0007689619   0.0010182823  -0.0028421920  -0.0113712395
       -0.0217259085   0.0006851598   0.0001760533   0.0008420819   0.0116840311
       -0.1062178170  -0.1949185408   0.0052090521  -0.0084672894  -0.0144618238
       -0.0017278386  -0.0000465851   0.0007454934   0.0002732533  -0.0001101626
        0.0002531473  -0.0004365881   0.0006379281   0.0001728611   0.0001017783
        0.0000083791  -0.0003341014  -0.0036873714   0.0005411045  -0.0037918230
       -0.0002868078   0.0000918642   0.0003076349   0.0001368200  -0.0000067472
        0.0001283185  -0.0000412758  -0.0000386607  -0.0001398313  -0.0133535894
        0.1239481446   0.2283513170  -0.0003391956   0.0018320661   0.0048664999
        0.0033825533  -0.0003467070  -0.0014444486  -0.0001775987  -0.0001288251
       -0.0001377182   0.0006457399   0.0002674555   0.0002685596
       -0.0030322776   0.0011779393  -0.0029852583  -0.0011030826   0.0205688306
       -0.0070864592   0.0003996811   0.0015297610  -0.0007584300  -0.0417582998
       -0.0204090026   0.0057649266  -0.0059535851  -0.0241308323   0.0069260882
       -0.0065180795  -0.0039367442   0.0035800242  -0.0002326078   0.0013097558
       -0.0004839815  -0.0000484272  -0.0001546950  -0.0000273361  -0.0001945162
       -0.0001806281   0.0000182219   0.0003891793   0.0000130320   0.0003418202
       -0.0000981485   0.0000812443   0.0001283348   0.0001057726  -0.0000702109
        0.0001068093  -0.0009860588  -0.0005006608  -0.0002407742   0.0013541320
        0.0017186248  -0.0003391956   0.0578653863   0.0243587957  -0.0052828496
       -0.0000553576   0.0000191773   0.0000374418  -0.0001351986  -0.0015576682
        0.0001456830   0.0000014879   0.0001632813   0.0001549345
        0.0021615764   0.0001408333   0.0022843444   0.0021997433  -0.0110423798
        0.0050043904  -0.0008735170   0.0009261663  -0.0006015556  -0.0214894410
       -0.2556302880   0.0553607073  -0.0016542393  -0.0069909598   0.0018976327
       -0.0030378506  -0.0006101625   0.0012817766   0.0002134729  -0.0008278610
        0.0004032284  -0.0001482107   0.0002994758   0.0000928548   0.0000938569
        0.0001734578  -0.0002218777  -0.0002449161   0.0002526127  -0.0000186664
        0.0001594143  -0.0004035801  -0.0001016524  -0.0002386374   0.0000624539
       -0.0001784000   0.0003270493   0.0004827405   0.0000146134  -0.0021584544
       -0.0237898678   0.0018320661   0.0243587957   0.2960781394  -0.0669952609
       -0.0000093013  -0.0000478418   0.0001278004   0.0000704058   0.0006583527
       -0.0005408664   0.0002702531   0.0002687085   0.0003588649
       -0.0031897278   0.0009464797  -0.0021420934  -0.0017643789   0.0206202397
       -0.0066478267   0.0010056807  -0.0001532230   0.0005789213   0.0060360988
        0.0560483955  -0.0588545592   0.0029204082   0.0129487425  -0.0029704665
        0.0032967538   0.0018336349  -0.0012506371  -0.0002363884   0.0012565121
       -0.0002564840  -0.0000751744  -0.0000412992  -0.0000492504  -0.0000195237
       -0.0001726138  -0.0000005054   0.0002597710   0.0003844713  -0.0000838048
       -0.0000074920  -0.0002022984  -0.0001071584   0.0002474426   0.0000176809
       -0.0001099770  -0.0002894642  -0.0001542886   0.0002339941  -0.0024250234
       -0.0261020285   0.0048664999  -0.0052828496  -0.0669952609   0.0664607226
        0.0000997116   0.0000499586  -0.0003562491  -0.0006056471  -0.0000416198
        0.0006144276   0.0000298029  -0.0002434827   0.0000744467
       -0.0000816908   0.0000701454  -0.0001599255   0.0009902928   0.0006354746
        0.0018283307   0.0000108372  -0.0000845868  -0.0001255863  -0.0042536351
        0.0090624844   0.0258314080  -0.0425266629   0.0024538051   0.0001759822
       -0.0005470534  -0.0070708777  -0.0085412093  -0.0000334889  -0.0000277630
        0.0000032274   0.0000349521  -0.0001726266  -0.0000798839   0.0000770023
        0.0001812368  -0.0000120334  -0.0008086922  -0.0003182715  -0.0005239758
        0.0000977179  -0.0000533020  -0.0001254411   0.0000419841   0.0000279604
       -0.0000536565   0.0000290799   0.0000299436   0.0000421678  -0.0049119704
       -0.0003583533   0.0033825533  -0.0000553576  -0.0000093013   0.0000997116
        0.0521959967   0.0027747801   0.0003475826  -0.0009785176  -0.0051129842
       -0.0221437362   0.0007192057  -0.0020277642   0.0000544845
        0.0002062890   0.0001664989   0.0000715466  -0.0001200498   0.0002061686
       -0.0000078153  -0.0001122435   0.0000282364   0.0000962755   0.0003213305
        0.0017807897  -0.0002129217   0.0033296003  -0.0641270426  -0.0665195253
       -0.0053587327  -0.0246927544  -0.0325659805  -0.0000409957  -0.0000516444
        0.0000208607  -0.0001637176  -0.0001003162   0.0000170373   0.0001164886
       -0.0005117808  -0.0001824186   0.0001462558   0.0001389849  -0.0000756261
        0.0000148888  -0.0000282022  -0.0000444648   0.0000156488  -0.0000015651
       -0.0000036950  -0.0000509926  -0.0000151831   0.0000469217  -0.0004989945
        0.0002719414  -0.0003467070   0.0000191773  -0.0000478418   0.0000499586
        0.0027747801   0.0880632664   0.0870668422   0.0012466741   0.0052289420
        0.0133283245  -0.0018454070  -0.0063084979  -0.0007386129
       -0.0000850990   0.0000748401   0.0001305067  -0.0014265485   0.0001879247
        0.0011182429  -0.0003166392   0.0001004799   0.0001209951   0.0049508352
       -0.0049772378  -0.0155713436  -0.0011895892  -0.0719069240  -0.2454745350
       -0.0020645944  -0.0067930641  -0.0000572182  -0.0000200533   0.0000292734
        0.0000245307  -0.0000928781   0.0000808339  -0.0000449498  -0.0000127207
       -0.0002042706   0.0000172987   0.0003821071   0.0000097436   0.0005337672
       -0.0001346318   0.0000154633  -0.0000282300  -0.0000568453  -0.0000198422
        0.0000779825   0.0000149994   0.0000463869  -0.0000806022   0.0026782450
        0.0007104933  -0.0014444486   0.0000374418   0.0001278004  -0.0003562491
        0.0003475826   0.0870668422   0.2821854199  -0.0031654215  -0.0043836754
       -0.0227117009   0.0001538100  -0.0001650677   0.0015605338
        0.0001508820  -0.0000651842  -0.0000559453  -0.0047426052  -0.0003284337
        0.0037401931  -0.0014867641   0.0003801904  -0.0010016733  -0.0267731370
        0.0114722786  -0.0141285062  -0.1364424132   0.0679220537  -0.0774945405
        0.0088949769  -0.0020093031   0.0044257477  -0.0000150917  -0.0000023231
       -0.0000333571  -0.0000192581  -0.0000665224   0.0000174994  -0.0000517552
       -0.0002064393   0.0000724584   0.0001843268  -0.0000122758   0.0003186338
        0.0000303122   0.0000428766  -0.0000147802  -0.0005406594  -0.0001260158
        0.0001168909   0.0000320627  -0.0000093544  -0.0000259835   0.0001540787
        0.0001777780  -0.0001775987  -0.0001351986   0.0000704058  -0.0006056471
       -0.0009785176   0.0012466741  -0.0031654215   0.1605737970  -0.0777355091
        0.0880321209   0.0011649636  -0.0007508963  -0.0000200907
        0.0001214951   0.0001247212   0.0000377661  -0.0001641472   0.0010523274
       -0.0005906965   0.0001065627   0.0000521027   0.0001639968   0.0017922822
        0.0005328425   0.0014557421   0.0707064521  -0.0827473477   0.0499598677
        0.0113398763  -0.0461268106   0.0224261001   0.0000703246   0.0000345040
        0.0000219906  -0.0000770942  -0.0000474387   0.0000137529  -0.0002682610
       -0.0000888916  -0.0001606465  -0.0000038497  -0.0000064721   0.0001041740
       -0.0000022276  -0.0000440723  -0.0000161605   0.0000630420  -0.0000010567
       -0.0000026344   0.0000006552   0.0000450022  -0.0000001348   0.0000224105
       -0.0003296625  -0.0001288251  -0.0015576682   0.0006583527  -0.0000416198
       -0.0051129842   0.0052289420  -0.0043836754  -0.0777355091   0.1214061686
       -0.0693946365   0.0006986405   0.0002567888   0.0005356391
        0.0000303879   0.0000035879   0.0000847827   0.0012041379   0.0000591510
       -0.0002405090   0.0002926140   0.0000323766   0.0003842169   0.0082781124
       -0.0043492206   0.0054250860  -0.0785059266   0.0515003515  -0.1085990980
        0.0007522752   0.0112255781   0.0002107312   0.0000004078  -0.0000461270
        0.0000205593  -0.0000129406  -0.0000286462   0.0000349258   0.0000472622
       -0.0002246395   0.0000864159   0.0001581110   0.0001726756   0.0000776756
       -0.0000375345  -0.0000038920   0.0000522343   0.0001464660   0.0000269362
       -0.0000096158  -0.0000357800  -0.0000533985  -0.0000070525   0.0002695321
        0.0000144904  -0.0001377182   0.0001456830  -0.0005408664   0.0006144276
       -0.0221437362   0.0133283245  -0.0227117009   0.0880321209  -0.0693946365
        0.1232198679   0.0013788076  -0.0017220450   0.0014947713
        0.0002757839   0.0001574472   0.0002792766  -0.0003815061  -0.0002557968
       -0.0003680609   0.0000246538   0.0000043499   0.0000358253   0.0014148318
       -0.0002050515  -0.0017726247  -0.0041209927  -0.0053058945  -0.0105218386
       -0.0072945056  -0.0133667085  -0.0039473290   0.0001982375   0.0000328362
        0.0001192619  -0.0004366352   0.0001213040   0.0000505154  -0.0002033640
        0.0000957818  -0.0006937922  -0.0000519958   0.0000350152   0.0001434159
       -0.0000847471  -0.0000222345   0.0000137092   0.0000322159  -0.0000404945
        0.0000283321  -0.0000233947   0.0000387848  -0.0000311697  -0.0002299761
       -0.0001484203   0.0006457399   0.0000014879   0.0002702531   0.0000298029
        0.0007192057  -0.0018454070   0.0001538100   0.0011649636   0.0006986405
        0.0013788076   0.0089957372   0.0197355948   0.0144563185
        0.0001411347  -0.0002515672   0.0000866878   0.0000029332  -0.0001855994
       -0.0000085287   0.0000506873  -0.0000739300   0.0000870152   0.0004127727
        0.0007108677   0.0004465153  -0.0018063910  -0.0211764130  -0.0310843157
       -0.0153571060  -0.0851283289  -0.1162636341   0.0001134091   0.0000124153
        0.0000208431   0.0001583939   0.0001796850   0.0000048243  -0.0000813486
        0.0003352840   0.0000919663   0.0001064467   0.0000133435   0.0001111435
       -0.0000414082   0.0000443731  -0.0000101385   0.0000596573   0.0000097964
        0.0000434864  -0.0000225862   0.0000036548  -0.0000365791  -0.0008568107
        0.0001086521   0.0002674555   0.0001632813   0.0002687085  -0.0002434827
       -0.0020277642  -0.0063084979  -0.0001650677  -0.0007508963   0.0002567888
       -0.0017220450   0.0197355948   0.1111807672   0.1483738540
        0.0002948288   0.0001365752  -0.0001084930   0.0001989635  -0.0002004841
       -0.0004719357   0.0000887936   0.0000013263  -0.0000583418  -0.0003323354
        0.0006812938   0.0010094612  -0.0014308163  -0.0046142142   0.0039285843
       -0.0128379014  -0.1442302353  -0.3802292861   0.0000176989   0.0000041953
        0.0001240452  -0.0002166338   0.0001332293   0.0002499223  -0.0002124882
       -0.0004032085  -0.0006292902   0.0001078018   0.0001195977   0.0002063486
       -0.0000293385   0.0000239650   0.0001068145  -0.0000136445   0.0000101383
        0.0000258678   0.0000138543   0.0000557283   0.0000532055  -0.0002944297
       -0.0002476521   0.0002685596   0.0001549345   0.0003588649   0.0000744467
        0.0000544845  -0.0007386129   0.0015605338  -0.0000200907   0.0005356391
        0.0014947713   0.0144563185   0.1483738540   0.3723947860
