$hessian                                                                        
        0.5076691931  -0.0032648703   0.0269205660  -0.0892192229  -0.0080580272
        0.0508138394  -0.0139522478   0.0012079517   0.0226264370   0.0005520052
       -0.0001231625  -0.0004137295   0.0000844610  -0.0000253384   0.0001434415
        0.0000734606  -0.0000099233  -0.0000488239   0.0001128871  -0.0000599332
       -0.0000382672   0.0001512920   0.0000265095  -0.0000121321  -0.0572587773
       -0.0533859020   0.0073137950  -0.1365245504  -0.0473063646  -0.1079300320
       -0.2095592826   0.1098134458   0.0040893123   0.0069406288   0.0019930687
       -0.0164090107  -0.0042625009  -0.0030253083   0.0102975447   0.0008268612
       -0.0010683308  -0.0001149788  -0.0037683758   0.0028126471   0.0016573789
       -0.0013159223   0.0004322222   0.0009633599  -0.0000168130  -0.0000084956
        0.0000304906  -0.0001052747   0.0001023352   0.0000152053  -0.0000315258
        0.0000014401   0.0000172525  -0.0000512715   0.0000000749  -0.0000060104
       -0.0000685239  -0.0000233279  -0.0000051826  -0.0000416817   0.0000024245
        0.0000111062  -0.0001624161  -0.0000178587   0.0000294100  -0.0000724021
       -0.0000152770   0.0000490278
       -0.0032648703   0.5215423582   0.0068322865  -0.0077943927  -0.0687555595
        0.0134429459   0.0078188125   0.0000633379  -0.0142518395  -0.0000561268
       -0.0000036884  -0.0000405310   0.0000151878  -0.0000680156  -0.0000087592
       -0.0000884019  -0.0001047432   0.0000048536  -0.0000019202   0.0000160241
        0.0000009258   0.0000757410  -0.0002681171   0.0000534069  -0.0533087880
       -0.2627437006   0.0352214248  -0.0472875561  -0.0687548081  -0.0539863138
        0.1098146730  -0.1174214520  -0.0037312468   0.0024741906   0.0016777951
       -0.0074496203  -0.0127829198  -0.0054902746   0.0270140456   0.0008246965
        0.0012558090  -0.0012615235   0.0035439825  -0.0016239553  -0.0014417239
       -0.0000701362   0.0001994063  -0.0002562140   0.0000238208   0.0001311406
       -0.0000162522   0.0000240573  -0.0000061990  -0.0000404837  -0.0000126616
        0.0000355814  -0.0000080008   0.0000371285   0.0000423473  -0.0000152076
        0.0000068414   0.0000584843   0.0000102380  -0.0000189706   0.0000130845
       -0.0000339317  -0.0000531773   0.0001364112   0.0001325878   0.0000807896
        0.0000687333  -0.0001710669
        0.0269205660   0.0068322865   0.4731292287   0.0488129171   0.0138840440
       -0.1778168695   0.0077021588  -0.0028578440  -0.0061581934   0.0002744204
        0.0000469716  -0.0001778465  -0.0000182081  -0.0000954904  -0.0001001520
        0.0000003250   0.0000171799  -0.0000822426  -0.0000029316  -0.0000157413
       -0.0000712090  -0.0001141006   0.0000384986  -0.0003215542   0.0073387499
        0.0352066064  -0.0488941775  -0.1080023846  -0.0543456633  -0.1648531090
        0.0044057414  -0.0039579358  -0.0417279201   0.0083762987   0.0015802788
       -0.0274055102   0.0048242105   0.0033853703  -0.0080753802  -0.0007072533
        0.0004285293   0.0006709668   0.0008534163  -0.0002997651   0.0009111964
       -0.0005693518   0.0003134855   0.0004480116   0.0000416415  -0.0000343786
        0.0000438706  -0.0000376391   0.0000757985   0.0000729378   0.0000066502
        0.0000045590   0.0000621368  -0.0000262798  -0.0000032026   0.0000098594
        0.0000242061  -0.0000163620   0.0000256395  -0.0000394510  -0.0000299711
        0.0000563750  -0.0000900950  -0.0000454550   0.0001942144   0.0000263932
       -0.0001117992   0.0000597270
       -0.0892192229  -0.0077943927   0.0488129171   0.4807651052   0.0304301310
        0.0218543282  -0.1418942055   0.0607736332   0.0130582447  -0.0238202268
        0.0119335542  -0.0019623791  -0.0026738911  -0.0011843315  -0.0023043609
       -0.0010922696   0.0005485206   0.0000792200   0.0000744110   0.0001902743
        0.0000242364   0.0006571548   0.0004185188   0.0003828201  -0.0043241011
       -0.0032390494   0.0090317442   0.0081202515   0.0017349677  -0.0159462143
       -0.0138034140  -0.0009036492   0.0244250433  -0.1443489876  -0.0397654222
       -0.1071144300  -0.0601769198  -0.0605657052   0.0059776556   0.0034148712
       -0.0006478928  -0.0005735179  -0.0112067746   0.0081172050   0.0041326705
        0.0006973678   0.0001828034   0.0007446823  -0.0002861435   0.0000859868
       -0.0000410556   0.0001525312  -0.0002144444  -0.0002303922  -0.0000683167
        0.0000017133  -0.0000190592  -0.0002682523  -0.0001639673  -0.0001296939
       -0.0000303822   0.0000322257  -0.0000064179  -0.0000261386   0.0000321651
       -0.0000678145  -0.0002234603   0.0000773062   0.0000279522  -0.0004189863
       -0.0000801506  -0.0001561791
       -0.0080580272  -0.0687555595   0.0138840440   0.0304301310   0.5160805507
        0.0037765993   0.0578235735  -0.1139202260  -0.0093787690  -0.0012009954
        0.0044867261   0.0030345927  -0.0012153562   0.0001141641  -0.0009897928
       -0.0002505483  -0.0000050147   0.0000805931   0.0002394729  -0.0003157539
       -0.0000351930   0.0001865842  -0.0000411570   0.0004172754  -0.0132565575
       -0.0059356793   0.0273873786   0.0036288706   0.0011971649  -0.0083570566
        0.0083844551   0.0012336962  -0.0148670624  -0.0396501548  -0.0595884088
       -0.0385587629  -0.0607733523  -0.2515621775   0.0270633881   0.0236954661
       -0.0241222680  -0.0027453916   0.0016355305  -0.0000127525  -0.0006071152
       -0.0000106996   0.0003787473  -0.0000236388  -0.0001277831   0.0002731210
       -0.0001160835  -0.0000793117   0.0000498823   0.0002136537   0.0000517529
        0.0000551569  -0.0000232998  -0.0001751928   0.0000377712  -0.0000030290
       -0.0001433603   0.0000102362  -0.0000463403  -0.0000883161   0.0000429999
        0.0000644408  -0.0001670903   0.0001302320  -0.0003293281  -0.0008790913
        0.0001685483   0.0001588972
        0.0508138394   0.0134429459  -0.1778168695   0.0218543282   0.0037765993
        0.4864313254   0.0093823020  -0.0075211513  -0.0667975567  -0.0128250989
        0.0090316286   0.0018026337  -0.0026452966  -0.0008390720  -0.0017224628
       -0.0008331114   0.0003145326   0.0000676435  -0.0001839347   0.0000663135
       -0.0000511924   0.0000906951   0.0002641830  -0.0001649665   0.0047752323
        0.0045287872  -0.0078525212   0.0074221460   0.0012358812  -0.0259865494
        0.0035189068  -0.0005793394  -0.0044295535  -0.1073499630  -0.0386522937
       -0.1516669404   0.0063386154   0.0280806348  -0.0471694399  -0.0038961823
        0.0039313549   0.0013722639   0.0234944777  -0.0175479774  -0.0068311049
       -0.0000159042   0.0003909066   0.0003309734  -0.0000132303   0.0000711307
        0.0000739406  -0.0000016805   0.0000033283   0.0000474490   0.0000398276
        0.0000468860   0.0000757871  -0.0002118740  -0.0001125620  -0.0000360242
        0.0000443087   0.0000442994   0.0000369148  -0.0000399506  -0.0000060393
        0.0000095479  -0.0000592286   0.0001125710   0.0001894375   0.0003007756
       -0.0000835478   0.0000872644
       -0.0139522478   0.0078188125   0.0077021588  -0.1418942055   0.0578235735
        0.0093823020   0.4615293627   0.0153905557  -0.0202072582  -0.1338137286
       -0.0265067295  -0.0546413559  -0.0235436384  -0.0011451977  -0.0122688681
       -0.0038109392   0.0015750566   0.0000001476  -0.0013019789  -0.0009522789
       -0.0001360525  -0.0106361962  -0.0076269546  -0.0046082537   0.0004309500
        0.0005223738  -0.0006274977   0.0003575493  -0.0000773420  -0.0003869519
       -0.0008113838  -0.0000326990   0.0026050790  -0.0229131213   0.0147100030
       -0.0003604077   0.0042415487  -0.0006794572  -0.0006538828  -0.0569296089
       -0.0562947394   0.0142688914  -0.0592820724  -0.0041473278   0.0613968426
        0.0037830349   0.0008992088   0.0014532595  -0.0000878103  -0.0000152144
       -0.0000798054   0.0007363131  -0.0010377188  -0.0012959611  -0.0001635689
       -0.0000776825   0.0000135942  -0.0009228681  -0.0005974859  -0.0002639297
       -0.0005613896   0.0000322330   0.0000208720  -0.0001328187  -0.0000511105
       -0.0000980430  -0.0003024459  -0.0003443323  -0.0001224282  -0.0000187362
        0.0008144538  -0.0010924512
        0.0012079517   0.0000633379  -0.0028578440   0.0607736332  -0.1139202260
       -0.0075211513   0.0153905557   0.5016482062  -0.0209166815  -0.0287677162
       -0.0717961659  -0.0203349823   0.0137793184   0.0030051441   0.0091683221
        0.0029013753  -0.0020580548  -0.0001552446  -0.0017535853  -0.0030513028
        0.0001501872  -0.0206557709  -0.0110373426  -0.0120728506  -0.0012550225
        0.0011633739   0.0006504322   0.0000262356   0.0001569422   0.0000149012
       -0.0008521264   0.0007009414   0.0007229886  -0.0030630636   0.0032101592
       -0.0000072204   0.0238281362  -0.0230373355  -0.0024093781  -0.0559069125
       -0.2406647638   0.0473001745  -0.0043571529  -0.0451020390   0.0096707855
       -0.0009924787   0.0007226098  -0.0013895055   0.0009766123  -0.0002554978
        0.0002380764   0.0001847496   0.0006727031   0.0006224235   0.0000408993
        0.0000188777   0.0001364376   0.0010157573   0.0004835942   0.0001507230
       -0.0008996753   0.0000893539  -0.0000514288  -0.0001732762  -0.0000560491
       -0.0000255408  -0.0009772422  -0.0020720004  -0.0001811231  -0.0004712019
        0.0011155341  -0.0009025009
        0.0226264370  -0.0142518395  -0.0061581934   0.0130582447  -0.0093787690
       -0.0667975567  -0.0202072582  -0.0209166815   0.5093380095  -0.0575383983
       -0.0196642941  -0.1120782250  -0.0014300517   0.0011274836   0.0003280270
        0.0007099528   0.0001578221  -0.0001171190   0.0011681328   0.0007971701
       -0.0002619218   0.0022562665  -0.0007633083   0.0027370666   0.0000186268
       -0.0008228265   0.0008053516  -0.0000569355  -0.0003240299   0.0007310322
        0.0033227325  -0.0002523946  -0.0049011563  -0.0167781971   0.0112226098
        0.0007649944  -0.0028039593   0.0023545911   0.0011238240   0.0140458510
        0.0476405135  -0.0567619201   0.0610589270   0.0096649119  -0.2489301992
       -0.0232776039  -0.0078486516  -0.0231151064   0.0001637410  -0.0002081438
        0.0000700200   0.0015313749  -0.0004699020   0.0012235313   0.0001243015
        0.0000650976   0.0002886123   0.0002923944  -0.0000474913   0.0001790017
        0.0003284069   0.0001108402   0.0000374470   0.0002561269   0.0000072277
       -0.0000335752   0.0000389570   0.0003535216   0.0001541000   0.0010919303
        0.0014465428   0.0013739554
        0.0005520052  -0.0000561268   0.0002744204  -0.0238202268  -0.0012009954
       -0.0128250989  -0.1338137286  -0.0287677162  -0.0575383983   0.4947511059
        0.0117529805  -0.0166259497  -0.1276562212   0.0590418462   0.0136202829
       -0.0340050843   0.0060497218   0.0002489372  -0.0200983670  -0.0180506857
        0.0042190380  -0.0759188126  -0.0364498345   0.0105006137  -0.0001760096
        0.0000089471  -0.0000665412  -0.0009195316   0.0000995910  -0.0001035768
        0.0000393133  -0.0001008908  -0.0001992954  -0.0037238420   0.0025268198
        0.0001656900   0.0008727212  -0.0008986695   0.0000841178  -0.0102813434
       -0.0063507991  -0.0067731547   0.0032405636   0.0012846980   0.0004449076
       -0.0589811349  -0.0005069008   0.0613124461   0.0014318400  -0.0007317574
        0.0001861890  -0.0070455315   0.0054825273   0.0042266095   0.0004775054
        0.0003852800   0.0004649989  -0.0046788719  -0.0026591137  -0.0017502578
       -0.0037836749   0.0003353685   0.0003194020  -0.0023438119  -0.0002198991
        0.0001590670   0.0036006400   0.0055826425  -0.0006342624   0.0022804978
        0.0034429662   0.0002898152
       -0.0001231625  -0.0000036884   0.0000469716   0.0119335542   0.0044867261
        0.0090316286  -0.0265067295  -0.0717961659  -0.0196642941   0.0117529805
        0.4333933638   0.0043531283   0.0597717692  -0.1105995573  -0.0087225004
       -0.0016073101   0.0034648276   0.0025250101  -0.0135590615  -0.0013918125
       -0.0007445092  -0.0339401938  -0.1496299546   0.0223597185   0.0000703590
       -0.0000033714  -0.0000532543   0.0001158373   0.0001292871   0.0000899900
        0.0001621052   0.0000410957   0.0000296457   0.0040119767  -0.0016666597
        0.0003310477   0.0002442531   0.0004646269   0.0006495809  -0.0230102730
       -0.0115615649  -0.0163050619   0.0000003422   0.0001059822  -0.0008805324
       -0.0004430186  -0.0395575518   0.0001711471   0.0200452442  -0.0169994245
       -0.0010926197   0.0074858836  -0.0048845170  -0.0033944735  -0.0003812427
        0.0004155471   0.0000485838  -0.0017461131  -0.0014483208   0.0002429911
       -0.0007302633  -0.0003020012   0.0007379923   0.0001334629  -0.0005232247
       -0.0001917555  -0.0092751525  -0.0226419986   0.0048238739  -0.0044052477
       -0.0094916434   0.0056076913
       -0.0004137295  -0.0000405310  -0.0001778465  -0.0019623791   0.0030345927
        0.0018026337  -0.0546413559  -0.0203349823  -0.1120782250  -0.0166259497
        0.0043531283   0.5338593247   0.0147852074  -0.0096419830  -0.0694347958
       -0.0101442810   0.0042657750   0.0026425800   0.0013527043   0.0007087277
        0.0017700756   0.0127237339   0.0267949459  -0.0753504043   0.0001264372
        0.0001052727  -0.0000190414   0.0011315264  -0.0005255818  -0.0000318402
        0.0002427386   0.0000599678  -0.0001877715   0.0009514348  -0.0004991302
        0.0009874713   0.0000648993   0.0000405008   0.0002751249   0.0028681837
        0.0009407360   0.0031505070  -0.0228408561  -0.0087085966  -0.0252400878
        0.0613091719  -0.0002221759  -0.2499323151  -0.0115847270   0.0096173114
        0.0007630545   0.0231896240  -0.0187457744  -0.0065362382  -0.0008106472
        0.0000453523   0.0003555455  -0.0023368747  -0.0007198134  -0.0000779252
       -0.0009111831   0.0000540569  -0.0003269885   0.0001846531  -0.0004015979
       -0.0000443319  -0.0061583108  -0.0157436886   0.0032918459   0.0094999795
        0.0255634875  -0.0094603517
        0.0000844610   0.0000151878  -0.0000182081  -0.0026738911  -0.0012153562
       -0.0026452966  -0.0235436384   0.0137793184  -0.0014300517  -0.1276562212
        0.0597717692   0.0147852074   0.4184840297   0.0194842294  -0.0164536007
       -0.1425565959  -0.0570693145  -0.0334089416  -0.0034713278  -0.0109240223
        0.0006823948   0.0035152331   0.0040873110  -0.0024039024  -0.0000463547
        0.0000645955  -0.0000483774   0.0000602703  -0.0000099627  -0.0000962648
       -0.0000377463  -0.0000451284   0.0000427438  -0.0011519606   0.0006740258
       -0.0000281266  -0.0000651870  -0.0001350803   0.0000085373   0.0006579153
        0.0010093214   0.0004336482   0.0008834493   0.0001071646   0.0009388857
       -0.0095806006   0.0094387326   0.0037259277  -0.0445543324  -0.0266988769
        0.0181333330  -0.0437923311   0.0060986317   0.0276408194  -0.0012799075
       -0.0022653787  -0.0026000143  -0.0223958184  -0.0150184241  -0.0074865947
       -0.0005014529  -0.0001422053   0.0004728806   0.0004061688  -0.0000842142
        0.0000008003  -0.0008379994  -0.0011237319  -0.0003107824   0.0000538378
        0.0002014078   0.0000649829
       -0.0000253384  -0.0000680156  -0.0000954904  -0.0011843315   0.0001141641
       -0.0008390720  -0.0011451977   0.0030051441   0.0011274836   0.0590418462
       -0.1105995573  -0.0096419830   0.0194842294   0.5364514827  -0.0166216500
       -0.0558979473  -0.0983669895  -0.0245347773  -0.0157870978  -0.0301490606
       -0.0043200232   0.0105403363  -0.0304786036  -0.0015484501   0.0000037809
       -0.0000198629  -0.0000199321   0.0000837501   0.0000233998   0.0000387361
       -0.0000628923   0.0000614505   0.0000672361  -0.0004792701   0.0001873221
       -0.0001386016  -0.0000002586   0.0001459364  -0.0000384920  -0.0007939288
        0.0008112853  -0.0002472009  -0.0007067515   0.0003402937  -0.0001818676
        0.0047632088  -0.0032465409  -0.0021954501  -0.0268693337  -0.2023469427
        0.1062780570   0.0064079494  -0.0574217051  -0.0486360005  -0.0043147580
       -0.0033893036  -0.0040282311   0.0079786255   0.0062336805   0.0025797895
        0.0004192929  -0.0055349199   0.0022031753   0.0000260694   0.0000575105
       -0.0003660787  -0.0009932867  -0.0045352972   0.0012434599  -0.0004886962
       -0.0012748706  -0.0000846370
        0.0001434415  -0.0000087592  -0.0001001520  -0.0023043609  -0.0009897928
       -0.0017224628  -0.0122688681   0.0091683221   0.0003280270   0.0136202829
       -0.0087225004  -0.0694347958  -0.0164536007  -0.0166216500   0.5321346502
       -0.0336210092  -0.0246480395  -0.0828721491   0.0059646971   0.0066650017
        0.0050501048  -0.0044794784   0.0066736999   0.0028080661   0.0000295806
       -0.0000414054   0.0000302173  -0.0001222522   0.0001076860   0.0001447090
       -0.0000223788   0.0000540913   0.0001918274  -0.0009436748   0.0004935900
       -0.0000486880   0.0000766660   0.0000733451  -0.0000431225   0.0002309934
        0.0003566279   0.0005414381  -0.0012674967   0.0009260119   0.0005993686
        0.0232073426  -0.0193255160  -0.0065610658   0.0181346958   0.1046109120
       -0.1137781795   0.0282871121  -0.0488770366  -0.2563204674  -0.0240085674
       -0.0188378786  -0.0134392551   0.0056771925   0.0040419469   0.0023937345
       -0.0001155917   0.0024766985  -0.0001005822   0.0000091048   0.0005658036
        0.0003676926  -0.0001041035   0.0012146573   0.0001089593   0.0003302730
        0.0006441840  -0.0002778747
        0.0000734606  -0.0000884019   0.0000003250  -0.0010922696  -0.0002505483
       -0.0008331114  -0.0038109392   0.0029013753   0.0007099528  -0.0340050843
       -0.0016073101  -0.0101442810  -0.1425565959  -0.0558979473  -0.0336210092
        0.5299345432  -0.0461961877  -0.0101501415  -0.0635550981   0.0170184013
       -0.0062427194  -0.0145192915   0.0198405767  -0.0122288371   0.0000050738
        0.0000345053  -0.0000312498  -0.0000331586   0.0000360271  -0.0000126441
        0.0000237805  -0.0000027675   0.0000197585  -0.0003297857   0.0002164289
        0.0000219293  -0.0000138577  -0.0000519224  -0.0000350950   0.0001359237
        0.0002331602   0.0000405265  -0.0001068415   0.0001015512   0.0001355804
        0.0001672169  -0.0000147165  -0.0005146483  -0.0044952001  -0.0035532068
       -0.0016795980  -0.0001492502  -0.0003352153  -0.0021713375  -0.0453445607
        0.0029155963   0.0088457995  -0.2190939761   0.0823272177   0.0606731407
        0.0028462587  -0.0112481739   0.0044166523   0.0019248751  -0.0076527784
        0.0036390606  -0.0018275361   0.0001931610  -0.0002800928  -0.0041776873
        0.0010811752  -0.0005579604
       -0.0000099233  -0.0001047432   0.0000171799   0.0005485206  -0.0000050147
        0.0003145326   0.0015750566  -0.0020580548   0.0001578221   0.0060497218
        0.0034648276   0.0042657750  -0.0570693145  -0.0983669895  -0.0246480395
       -0.0461961877   0.4342278271   0.0109850205   0.0165301053  -0.1634502699
        0.0481958957   0.0148760436  -0.0094308629   0.0048612512   0.0000201727
        0.0000480772  -0.0000194787  -0.0000008523   0.0000283525   0.0000245639
       -0.0000175664   0.0000293516   0.0000153737   0.0001835366  -0.0000304547
        0.0000258954  -0.0000331842   0.0001240480  -0.0000057519   0.0000782822
        0.0001580708  -0.0000458312   0.0000046239   0.0000765494   0.0001133380
        0.0002400162   0.0004083167   0.0001613759  -0.0211995878  -0.0134784399
       -0.0068471940  -0.0073797507  -0.0039460311  -0.0046906755   0.0028720848
       -0.0423859777  -0.0185298511   0.0823017743  -0.0775777989  -0.0283238661
        0.0032966648  -0.0229662510   0.0095549102   0.0012745866  -0.0035102949
        0.0042792622   0.0012363154  -0.0001958267   0.0003763682   0.0008188617
       -0.0010584107  -0.0002378765
       -0.0000488239   0.0000048536  -0.0000822426   0.0000792200   0.0000805931
        0.0000676435   0.0000001476  -0.0001552446  -0.0001171190   0.0002489372
        0.0025250101   0.0026425800  -0.0334089416  -0.0245347773  -0.0828721491
       -0.0101501415   0.0109850205   0.5253583321  -0.0060487706   0.0484020549
       -0.0915169018  -0.0048538876   0.0021311527   0.0008510362  -0.0000065837
        0.0000187450   0.0000179156   0.0000140829  -0.0000001362   0.0000650566
        0.0000190698  -0.0000125844   0.0000288498   0.0001072140  -0.0000350349
        0.0000713939  -0.0000501221  -0.0000176221   0.0000265859   0.0001164127
        0.0001683301  -0.0000496718  -0.0000246606  -0.0000230917   0.0002408554
        0.0005531480  -0.0001797216   0.0004798753   0.0121006244   0.0077723400
        0.0043313880  -0.0247853154  -0.0159830169  -0.0136445704   0.0091382810
       -0.0187667033  -0.2709399892   0.0591049733  -0.0275021263  -0.0641261480
        0.0023093303  -0.0125438707   0.0057118177  -0.0040610326   0.0276832061
       -0.0165407686   0.0003184779   0.0000291637  -0.0002948485  -0.0006716394
       -0.0000465399   0.0002910792
        0.0001128871  -0.0000019202  -0.0000029316   0.0000744110   0.0002394729
       -0.0001839347  -0.0013019789  -0.0017535853   0.0011681328  -0.0200983670
       -0.0135590615   0.0013527043  -0.0034713278  -0.0157870978   0.0059646971
       -0.0635550981   0.0165301053  -0.0060487706   0.4587134575   0.0526642370
       -0.0150805325  -0.1784761834   0.0155951762  -0.0049019980  -0.0000327065
       -0.0000004611   0.0000357820  -0.0000793263   0.0000020451  -0.0000405560
        0.0000441656  -0.0000438030   0.0000117269   0.0000829596  -0.0000410551
        0.0000976583  -0.0000370913  -0.0001917500   0.0000303228  -0.0004599384
       -0.0002120051  -0.0004006699   0.0000517201   0.0000022478   0.0002405140
       -0.0005918286  -0.0005594044   0.0001212710  -0.0034294239  -0.0018226575
       -0.0007207355   0.0005391756  -0.0000962089   0.0003124827   0.0010448601
       -0.0013916022   0.0010597589  -0.0037094840   0.0238417439  -0.0093269643
       -0.0840199678  -0.0747713357  -0.0536593541  -0.0720703858  -0.0020167201
        0.0801216495  -0.0145538507   0.0015424772   0.0013714062  -0.0147766780
        0.0018311625  -0.0015216593
       -0.0000599332   0.0000160241  -0.0000157413   0.0001902743  -0.0003157539
        0.0000663135  -0.0009522789  -0.0030513028   0.0007971701  -0.0180506857
       -0.0013918125   0.0007087277  -0.0109240223  -0.0301490606   0.0066650017
        0.0170184013  -0.1634502699   0.0484020549   0.0526642370   0.4907859263
        0.0322516475   0.0117878703  -0.0636312258  -0.0006966642   0.0000655108
        0.0000585777  -0.0000340312  -0.0000165039  -0.0000200681   0.0000504912
       -0.0000001788   0.0000184244  -0.0000007987   0.0000609089   0.0000770682
        0.0000186402   0.0000221723   0.0002195609  -0.0000391199  -0.0007016631
       -0.0003764847  -0.0005064499   0.0000710749  -0.0000087140   0.0000332714
       -0.0007042860  -0.0010554403   0.0005129256  -0.0035287416  -0.0031578263
       -0.0014900175   0.0001438153   0.0002821307   0.0003388969  -0.0006845792
       -0.0024285725   0.0032063862   0.0027517834  -0.0130216916   0.0056167375
       -0.0740106490  -0.1652701825  -0.0938756020  -0.0023188532  -0.0429934662
       -0.0026679367   0.0186464849  -0.0017371307  -0.0000316785   0.0085298414
        0.0006012903   0.0006897757
       -0.0000382672   0.0000009258  -0.0000712090   0.0000242364  -0.0000351930
       -0.0000511924  -0.0001360525   0.0001501872  -0.0002619218   0.0042190380
       -0.0007445092   0.0017700756   0.0006823948  -0.0043200232   0.0050501048
       -0.0062427194   0.0481958957  -0.0915169018  -0.0150805325   0.0322516475
        0.5221214268  -0.0000415434  -0.0011770870  -0.0673409028  -0.0000112512
       -0.0000288573   0.0000551899   0.0000051612  -0.0000286601   0.0000377672
       -0.0000247681   0.0000081384   0.0000263759  -0.0000251883  -0.0000049875
        0.0000064679   0.0000601803  -0.0001006313  -0.0000861536  -0.0000218615
       -0.0000783530   0.0001183205  -0.0001341300   0.0000097057   0.0000915358
       -0.0001672114   0.0005659511  -0.0002547584  -0.0014482928  -0.0010808277
        0.0005813587  -0.0002178845  -0.0004999135   0.0006084842  -0.0031445827
        0.0284765548  -0.0160968518   0.0009495283  -0.0054809617   0.0025410667
       -0.0527395724  -0.0925210521  -0.1115885195   0.0796188728  -0.0029894362
       -0.2443090103   0.0194443195  -0.0037489695   0.0005249800  -0.0255298733
        0.0031804563  -0.0019557326
        0.0001512920   0.0000757410  -0.0001141006   0.0006571548   0.0001865842
        0.0000906951  -0.0106361962  -0.0206557709   0.0022562665  -0.0759188126
       -0.0339401938   0.0127237339   0.0035152331   0.0105403363  -0.0044794784
       -0.0145192915   0.0148760436  -0.0048538876  -0.1784761834   0.0117878703
       -0.0000415434   0.4357202682  -0.0484575204   0.0101641160  -0.0000356634
       -0.0000636088   0.0001259130  -0.0000808738  -0.0000649417   0.0000177864
       -0.0000930903   0.0000095482   0.0000279763   0.0000083683  -0.0002750548
       -0.0000208856  -0.0005176681  -0.0005781872   0.0001662022  -0.0032218936
       -0.0019568124  -0.0025666648   0.0006307501   0.0001596358   0.0009391259
       -0.0021775418  -0.0092310743   0.0035015731  -0.0027132865   0.0015817967
       -0.0002498733   0.0002706492   0.0001477003  -0.0001052694   0.0000552888
        0.0000255836  -0.0000548247  -0.0007234334   0.0016425947  -0.0018034611
       -0.0165686820   0.0018236067  -0.0014949698  -0.0177065709   0.0033708314
        0.0012411995  -0.0609247354   0.0505670922   0.0456168405  -0.0566950817
        0.0184281991  -0.0610864698
        0.0000265095  -0.0002681171   0.0000384986   0.0004185188  -0.0000411570
        0.0002641830  -0.0076269546  -0.0110373426  -0.0007633083  -0.0364498345
       -0.1496299546   0.0267949459   0.0040873110  -0.0304786036   0.0066736999
        0.0198405767  -0.0094308629   0.0021311527   0.0155951762  -0.0636312258
       -0.0011770870  -0.0484575204   0.4864905209   0.0156873111   0.0000369052
        0.0000803999  -0.0000633996   0.0000732854   0.0001597928   0.0000352462
        0.0000437969   0.0000105053   0.0000017411   0.0002752746   0.0000640123
        0.0000421114   0.0001926082   0.0002149325  -0.0001343797  -0.0015187923
       -0.0000661715  -0.0005378790   0.0005735528   0.0008456672   0.0008364500
       -0.0029390427  -0.0066718463   0.0026336562   0.0032162496  -0.0035886398
       -0.0008408818  -0.0002031234   0.0001816402   0.0001008785   0.0002295140
       -0.0000240978   0.0000115861   0.0005993743  -0.0041440890   0.0018193658
       -0.0189539666   0.0024295535  -0.0012625839   0.0024979437   0.0008214692
       -0.0006426611   0.0499033825  -0.1523680697  -0.1084212588   0.0185392550
       -0.0599183160   0.0567726128
       -0.0000121321   0.0000534069  -0.0003215542   0.0003828201   0.0004172754
       -0.0001649665  -0.0046082537  -0.0120728506   0.0027370666   0.0105006137
        0.0223597185  -0.0753504043  -0.0024039024  -0.0015484501   0.0028080661
       -0.0122288371   0.0048612512   0.0008510362  -0.0049019980  -0.0006966642
       -0.0673409028   0.0101641160   0.0156873111   0.5344214242  -0.0000404729
       -0.0001042016  -0.0000242402   0.0001032555   0.0002101723   0.0000075936
        0.0000490991   0.0000146577   0.0001187443  -0.0000825680  -0.0001175648
        0.0000803686  -0.0004593787  -0.0000698292   0.0005746656  -0.0029415659
       -0.0017630706  -0.0011605523  -0.0006591288  -0.0014699491   0.0009478694
        0.0111723890   0.0252894890  -0.0092493002   0.0000363614  -0.0003797249
        0.0007855284   0.0000670569  -0.0000298687   0.0002201004   0.0000818529
        0.0001227700   0.0000639740  -0.0005849012   0.0019180801  -0.0003370247
       -0.0145051280   0.0007162777  -0.0002583985   0.0254763059  -0.0027570840
       -0.0004949771   0.0454155502  -0.1072661089  -0.1468472764  -0.0600211541
        0.0566249568  -0.2420668401
       -0.0572587773  -0.0533087880   0.0073387499  -0.0043241011  -0.0132565575
        0.0047752323   0.0004309500  -0.0012550225   0.0000186268  -0.0001760096
        0.0000703590   0.0001264372  -0.0000463547   0.0000037809   0.0000295806
        0.0000050738   0.0000201727  -0.0000065837  -0.0000327065   0.0000655108
       -0.0000112512  -0.0000356634   0.0000369052  -0.0000404729   0.0637328169
        0.0627515061  -0.0116177074  -0.0063803585  -0.0228851051   0.0006626029
        0.0045612040   0.0276074897  -0.0038865408   0.0002788124   0.0003803614
       -0.0005542812  -0.0007317942  -0.0007635276   0.0032964470  -0.0002247181
        0.0005463865   0.0003326956   0.0001211368   0.0000936585  -0.0001839183
       -0.0001423828  -0.0002806515  -0.0001575753  -0.0000525532   0.0000559228
       -0.0000301245   0.0000241009  -0.0000174410  -0.0000130831   0.0000040450
       -0.0000122781  -0.0000046862   0.0000322003   0.0000101322  -0.0000005373
        0.0000314051   0.0000180616   0.0000055083   0.0000174625   0.0000014488
       -0.0000105292   0.0000995515   0.0000739210   0.0000098428   0.0000666603
        0.0000437540  -0.0000784325
       -0.0533859020  -0.2627437006   0.0352066064  -0.0032390494  -0.0059356793
        0.0045287872   0.0005223738   0.0011633739  -0.0008228265   0.0000089471
       -0.0000033714   0.0001052727   0.0000645955  -0.0000198629  -0.0000414054
        0.0000345053   0.0000480772   0.0000187450  -0.0000004611   0.0000585777
       -0.0000288573  -0.0000636088   0.0000803999  -0.0001042016   0.0627515061
        0.3043863931  -0.0426779102  -0.0048287163  -0.0144007209  -0.0005034231
       -0.0017240221  -0.0234273678   0.0027078956   0.0003412732   0.0002538868
       -0.0000858371  -0.0003306868   0.0004646741   0.0018888066  -0.0002767199
        0.0003324635   0.0000127430   0.0002069239  -0.0000300364  -0.0001109182
       -0.0002696853  -0.0001988552  -0.0000792469  -0.0000222872   0.0000310162
       -0.0000200204   0.0000116034  -0.0000159064   0.0000181591   0.0000040247
       -0.0000199840  -0.0000201661  -0.0000158326   0.0000099089   0.0000015184
        0.0000144169  -0.0000262946  -0.0000052137   0.0000032747  -0.0000068162
        0.0000232535   0.0000995626   0.0000080056   0.0000305432   0.0000939643
       -0.0000081813  -0.0000423043
        0.0073137950   0.0352214248  -0.0488941775   0.0090317442   0.0273873786
       -0.0078525212  -0.0006274977   0.0006504322   0.0008053516  -0.0000665412
       -0.0000532543  -0.0000190414  -0.0000483774  -0.0000199321   0.0000302173
       -0.0000312498  -0.0000194787   0.0000179156   0.0000357820  -0.0000340312
        0.0000551899   0.0001259130  -0.0000633996  -0.0000242402  -0.0116177074
       -0.0426779102   0.0578272798  -0.0064831209  -0.0228378001   0.0023736523
       -0.0005398335   0.0006790413   0.0007243942  -0.0000482143   0.0005469425
        0.0005391587   0.0030530523   0.0016373364  -0.0057111639   0.0003167237
       -0.0004987033   0.0000347415  -0.0003007257   0.0000621288   0.0001413200
        0.0000096615  -0.0000953878   0.0000276690  -0.0000084692   0.0000158100
        0.0000256688   0.0000087621   0.0000161098  -0.0000275684  -0.0000074833
       -0.0000070845  -0.0000077494  -0.0000070217  -0.0000004816  -0.0000064106
       -0.0000132283   0.0000074557  -0.0000086611  -0.0000206868   0.0000176038
       -0.0000063803   0.0000158550   0.0000211379  -0.0000855992  -0.0000911319
        0.0000446617   0.0000409545
       -0.1365245504  -0.0472875561  -0.1080023846   0.0081202515   0.0036288706
        0.0074221460   0.0003575493   0.0000262356  -0.0000569355  -0.0009195316
        0.0001158373   0.0011315264   0.0000602703   0.0000837501  -0.0001222522
       -0.0000331586  -0.0000008523   0.0000140829  -0.0000793263  -0.0000165039
        0.0000051612  -0.0000808738   0.0000732854   0.0001032555  -0.0063803585
       -0.0048287163  -0.0064831209   0.1592346053   0.0547245838   0.1248115503
       -0.0229023090  -0.0073865429  -0.0212745049   0.0001353881   0.0000901419
        0.0027322959   0.0004953151   0.0003779199  -0.0000430955  -0.0000764286
       -0.0000172335  -0.0000572122  -0.0001347105  -0.0000905458  -0.0001251024
       -0.0015178488   0.0007768695   0.0001718710   0.0000191198  -0.0000072052
       -0.0000095945   0.0000568096  -0.0000457875  -0.0000446546  -0.0000364612
        0.0000067933  -0.0000381250   0.0000475800  -0.0000130177  -0.0000203182
        0.0000110627  -0.0000025307   0.0000035564   0.0000445237  -0.0000045562
       -0.0000312659   0.0000224205  -0.0001881881  -0.0000068958   0.0000806613
       -0.0000150510  -0.0000799834
       -0.0473063646  -0.0687548081  -0.0543456633   0.0017349677   0.0011971649
        0.0012358812  -0.0000773420   0.0001569422  -0.0003240299   0.0000995910
        0.0001292871  -0.0005255818  -0.0000099627   0.0000233998   0.0001076860
        0.0000360271   0.0000283525  -0.0000001362   0.0000020451  -0.0000200681
       -0.0000286601  -0.0000649417   0.0001597928   0.0002101723  -0.0228851051
       -0.0144007209  -0.0228378001   0.0547245838   0.0754037801   0.0623460396
        0.0127407475   0.0052136533   0.0123342629  -0.0000751803   0.0008989467
        0.0007730877   0.0004387651   0.0003829399   0.0007249509  -0.0001887981
       -0.0002293285  -0.0000693374  -0.0000316230  -0.0000642441   0.0001124390
        0.0009909916   0.0002461546   0.0001918251   0.0000269021  -0.0001082102
        0.0000051155  -0.0000657185   0.0000106231   0.0000435354   0.0000255700
        0.0000116782   0.0000251236  -0.0000261086  -0.0000272916   0.0000131176
       -0.0000222374  -0.0000262625  -0.0000034559   0.0000202434  -0.0000165501
        0.0000029649  -0.0000710768  -0.0001277043  -0.0000242033  -0.0000159757
       -0.0000875269   0.0000326662
       -0.1079300320  -0.0539863138  -0.1648531090  -0.0159462143  -0.0083570566
       -0.0259865494  -0.0003869519   0.0000149012   0.0007310322  -0.0001035768
        0.0000899900  -0.0000318402  -0.0000962648   0.0000387361   0.0001447090
       -0.0000126441   0.0000245639   0.0000650566  -0.0000405560   0.0000504912
        0.0000377672   0.0000177864   0.0000352462   0.0000075936   0.0006626029
       -0.0005034231   0.0023736523   0.1248115503   0.0623460396   0.1937498870
       -0.0033857708  -0.0000241241  -0.0008852473   0.0025146185   0.0006001916
       -0.0069325852  -0.0006198681  -0.0002340909   0.0007881067  -0.0000966530
       -0.0000550289  -0.0001448244  -0.0002052068   0.0000218899   0.0001749225
        0.0008434553  -0.0003215716   0.0007561163  -0.0000293213  -0.0000098140
        0.0000033700  -0.0000849192   0.0000112271  -0.0000022957   0.0000135027
       -0.0000067347   0.0000183954  -0.0000395381   0.0000008667  -0.0000065084
       -0.0000303546   0.0000166123   0.0000014907  -0.0000376332   0.0000183795
       -0.0000148923   0.0002123335   0.0002415277   0.0000780671  -0.0000303446
       -0.0000125053  -0.0000723145
       -0.2095592826   0.1098146730   0.0044057414  -0.0138034140   0.0083844551
        0.0035189068  -0.0008113838  -0.0008521264   0.0033227325   0.0000393133
        0.0001621052   0.0002427386  -0.0000377463  -0.0000628923  -0.0000223788
        0.0000237805  -0.0000175664   0.0000190698   0.0000441656  -0.0000001788
       -0.0000247681  -0.0000930903   0.0000437969   0.0000490991   0.0045612040
       -0.0017240221  -0.0005398335  -0.0229023090   0.0127407475  -0.0033857708
        0.2423235374  -0.1286678824  -0.0073981961   0.0007995270   0.0000719485
       -0.0004094972  -0.0001886689  -0.0001295189  -0.0002380046   0.0000992630
       -0.0002876487  -0.0000282550  -0.0008088837   0.0005349601   0.0003546665
        0.0002325911  -0.0000533874   0.0001235847   0.0000364530  -0.0000328643
        0.0000005612   0.0000058198   0.0000010115   0.0000090591   0.0000378737
       -0.0000014198   0.0000013472  -0.0000157383   0.0000051144   0.0000170878
        0.0000028729  -0.0000161463  -0.0000200363   0.0000188532   0.0000123972
        0.0000162516  -0.0000090363   0.0000485747  -0.0000509059   0.0000042990
        0.0000258694   0.0000368000
        0.1098134458  -0.1174214520  -0.0039579358  -0.0009036492   0.0012336962
       -0.0005793394  -0.0000326990   0.0007009414  -0.0002523946  -0.0001008908
        0.0000410957   0.0000599678  -0.0000451284   0.0000614505   0.0000540913
       -0.0000027675   0.0000293516  -0.0000125844  -0.0000438030   0.0000184244
        0.0000081384   0.0000095482   0.0000105053   0.0000146577   0.0276074897
       -0.0234273678   0.0006790413  -0.0073865429   0.0052136533  -0.0000241241
       -0.1286678824   0.1330972220   0.0043097452   0.0000050933  -0.0000834446
       -0.0002756536  -0.0003241939   0.0003375013   0.0001690531  -0.0001215423
        0.0002171422   0.0000891446   0.0001349260   0.0001205102  -0.0001039889
        0.0000461773  -0.0001477286  -0.0001293371  -0.0000396909  -0.0000073929
       -0.0000036384  -0.0000163048  -0.0000076773  -0.0000127670  -0.0000077604
       -0.0000070978   0.0000048046   0.0000195892  -0.0000118123  -0.0000022247
        0.0000071001   0.0000125937   0.0000091495   0.0000040139  -0.0000047667
       -0.0000160777   0.0000328084   0.0000195786  -0.0000010021   0.0000126635
        0.0000050737  -0.0000267257
        0.0040893123  -0.0037312468  -0.0417279201   0.0244250433  -0.0148670624
       -0.0044295535   0.0026050790   0.0007229886  -0.0049011563  -0.0001992954
        0.0000296457  -0.0001877715   0.0000427438   0.0000672361   0.0001918274
        0.0000197585   0.0000153737   0.0000288498   0.0000117269  -0.0000007987
        0.0000263759   0.0000279763   0.0000017411   0.0001187443  -0.0038865408
        0.0027078956   0.0007243942  -0.0212745049   0.0123342629  -0.0008852473
       -0.0073981961   0.0043097452   0.0506780489   0.0004620660  -0.0005055890
        0.0005837429  -0.0000463449  -0.0002148292   0.0004655146  -0.0001788007
        0.0001505439  -0.0001252698   0.0012861394  -0.0009116005  -0.0005882081
        0.0001443288  -0.0000730708   0.0000550602  -0.0000022375  -0.0000236854
       -0.0000083855  -0.0000794182   0.0000148332   0.0000084191   0.0000103639
        0.0000024222   0.0000014196  -0.0000075278  -0.0000038845   0.0000005549
       -0.0000126479   0.0000014404   0.0000012989  -0.0000171788  -0.0000043537
       -0.0000044050   0.0000328865   0.0000263162  -0.0000225930  -0.0000547317
       -0.0000483240  -0.0000037407
        0.0069406288   0.0024741906   0.0083762987  -0.1443489876  -0.0396501548
       -0.1073499630  -0.0229131213  -0.0030630636  -0.0167781971  -0.0037238420
        0.0040119767   0.0009514348  -0.0011519606  -0.0004792701  -0.0009436748
       -0.0003297857   0.0001835366   0.0001072140   0.0000829596   0.0000609089
       -0.0000251883   0.0000083683   0.0002752746  -0.0000825680   0.0002788124
        0.0003412732  -0.0000482143   0.0001353881  -0.0000751803   0.0025146185
        0.0007995270   0.0000050933   0.0004620660   0.1717811687   0.0427041203
        0.1210565884  -0.0080365036  -0.0061606080  -0.0082946010   0.0004904440
       -0.0002129246  -0.0001780206  -0.0001463725  -0.0005064349  -0.0001586650
        0.0001835588  -0.0000038079   0.0002695921  -0.0000237486   0.0000551209
       -0.0000079276   0.0000262277  -0.0000326834   0.0000336041   0.0000529111
        0.0000092757   0.0000238222  -0.0001656570  -0.0000308281  -0.0000120564
        0.0000113850  -0.0000038740  -0.0000087805  -0.0000100005   0.0000185504
        0.0000222477   0.0000463574   0.0001300316   0.0001255286   0.0000122426
       -0.0000505234  -0.0000551587
        0.0019930687   0.0016777951   0.0015802788  -0.0397654222  -0.0595884088
       -0.0386522937   0.0147100030   0.0032101592   0.0112226098   0.0025268198
       -0.0016666597  -0.0004991302   0.0006740258   0.0001873221   0.0004935900
        0.0002164289  -0.0000304547  -0.0000350349  -0.0000410551   0.0000770682
       -0.0000049875  -0.0002750548   0.0000640123  -0.0001175648   0.0003803614
        0.0002538868   0.0005469425   0.0000901419   0.0008989467   0.0006001916
        0.0000719485  -0.0000834446  -0.0005055890   0.0427041203   0.0666516488
        0.0462472245  -0.0233553595  -0.0123649656  -0.0217714461   0.0001798724
        0.0002529286   0.0003356243  -0.0002480606   0.0005463776   0.0003822859
       -0.0000735742  -0.0001283007   0.0001202145  -0.0000051523  -0.0000141536
       -0.0000010873  -0.0000582176   0.0000425433   0.0000265227  -0.0000028358
       -0.0000187768   0.0000056852   0.0000401642   0.0000378121   0.0000103577
        0.0000122734  -0.0000006060   0.0000151531  -0.0000187310  -0.0000080397
        0.0000006647   0.0001105653   0.0000669634   0.0002085527   0.0001336695
       -0.0000636540  -0.0002087646
       -0.0164090107  -0.0074496203  -0.0274055102  -0.1071144300  -0.0385587629
       -0.1516669404  -0.0003604077  -0.0000072204   0.0007649944   0.0001656900
        0.0003310477   0.0009874713  -0.0000281266  -0.0001386016  -0.0000486880
        0.0000219293   0.0000258954   0.0000713939   0.0000976583   0.0000186402
        0.0000064679  -0.0000208856   0.0000421114   0.0000803686  -0.0005542812
       -0.0000858371   0.0005391587   0.0027322959   0.0007730877  -0.0069325852
       -0.0004094972  -0.0002756536   0.0005837429   0.1210565884   0.0462472245
        0.1809581035  -0.0000869390  -0.0010002692   0.0015558892  -0.0000559621
        0.0002217611  -0.0002146958   0.0007598110  -0.0001499472   0.0008019679
        0.0002405523  -0.0000404281  -0.0000030242   0.0000086437   0.0000332067
       -0.0000445458  -0.0000260631  -0.0000014207   0.0000360389   0.0000262291
       -0.0000025750  -0.0000312286  -0.0000413656   0.0000162183   0.0000047566
        0.0000006621  -0.0000227423  -0.0000201614   0.0000021845   0.0000023421
        0.0000289803   0.0000643983   0.0000335254  -0.0000492709  -0.0000696741
       -0.0000119817  -0.0000026835
       -0.0042625009  -0.0127829198   0.0048242105  -0.0601769198  -0.0607733523
        0.0063386154   0.0042415487   0.0238281362  -0.0028039593   0.0008727212
        0.0002442531   0.0000648993  -0.0000651870  -0.0000002586   0.0000766660
       -0.0000138577  -0.0000331842  -0.0000501221  -0.0000370913   0.0000221723
        0.0000601803  -0.0005176681   0.0001926082  -0.0004593787  -0.0007317942
       -0.0003306868   0.0030530523   0.0004953151   0.0004387651  -0.0006198681
       -0.0001886689  -0.0003241939  -0.0000463449  -0.0080365036  -0.0233553595
       -0.0000869390   0.0725307748   0.0691904745  -0.0110987824  -0.0034824827
        0.0042924272   0.0004538625   0.0003744417  -0.0000847746  -0.0001870826
        0.0000591675  -0.0000096587   0.0000326533   0.0000748348  -0.0000938322
        0.0000676059   0.0000783166   0.0000111566  -0.0000376425   0.0000022197
       -0.0000080579   0.0000197191   0.0000518961  -0.0000365769   0.0000119275
        0.0000923830  -0.0000195137   0.0000059401   0.0000692402  -0.0000098644
        0.0000142954  -0.0004247831  -0.0002954781  -0.0004817351  -0.0010054024
       -0.0000622814   0.0008482272
       -0.0030253083  -0.0054902746   0.0033853703  -0.0605657052  -0.2515621775
        0.0280806348  -0.0006794572  -0.0230373355   0.0023545911  -0.0008986695
        0.0004646269   0.0000405008  -0.0001350803   0.0001459364   0.0000733451
       -0.0000519224   0.0001240480  -0.0000176221  -0.0001917500   0.0002195609
       -0.0001006313  -0.0005781872   0.0002149325  -0.0000698292  -0.0007635276
        0.0004646741   0.0016373364   0.0003779199   0.0003829399  -0.0002340909
       -0.0001295189   0.0003375013  -0.0002148292  -0.0061606080  -0.0123649656
       -0.0010002692   0.0691904745   0.2932280934  -0.0327378644   0.0038489720
       -0.0033134748  -0.0008060453  -0.0002914629   0.0000568808  -0.0001719988
        0.0000375674  -0.0002554778   0.0001321377  -0.0001032102  -0.0000206523
       -0.0000846921  -0.0000944278  -0.0000730194  -0.0000141662  -0.0000076344
       -0.0000251610   0.0000358520  -0.0000278359  -0.0000267742  -0.0000010399
       -0.0000030151   0.0000125575   0.0000042752   0.0000206994  -0.0000169138
       -0.0000333590  -0.0000799039   0.0002241844   0.0000491395   0.0003115914
        0.0003102903  -0.0003067450
        0.0102975447   0.0270140456  -0.0080753802   0.0059776556   0.0270633881
       -0.0471694399  -0.0006538828  -0.0024093781   0.0011238240   0.0000841178
        0.0006495809   0.0002751249   0.0000085373  -0.0000384920  -0.0000431225
       -0.0000350950  -0.0000057519   0.0000265859   0.0000303228  -0.0000391199
       -0.0000861536   0.0001662022  -0.0001343797   0.0005746656   0.0032964470
        0.0018888066  -0.0057111639  -0.0000430955   0.0007249509   0.0007881067
       -0.0002380046   0.0001690531   0.0004655146  -0.0082946010  -0.0217714461
        0.0015558892  -0.0110987824  -0.0327378644   0.0566034912   0.0006685680
       -0.0000006802   0.0005379657  -0.0000281413  -0.0003747116  -0.0000540279
       -0.0000032172   0.0001702505  -0.0002822441   0.0000029833   0.0000259734
       -0.0000332044   0.0000282166  -0.0000491890  -0.0000331548  -0.0000125569
        0.0000235376  -0.0000442966   0.0000124062  -0.0000001258  -0.0000154242
       -0.0000287885  -0.0000087189  -0.0000217631   0.0000761188  -0.0000090276
       -0.0000418308  -0.0004709283  -0.0002268070  -0.0003328913   0.0002579733
        0.0000761055  -0.0000070705
        0.0008268612   0.0008246965  -0.0007072533   0.0034148712   0.0236954661
       -0.0038961823  -0.0569296089  -0.0559069125   0.0140458510  -0.0102813434
       -0.0230102730   0.0028681837   0.0006579153  -0.0007939288   0.0002309934
        0.0001359237   0.0000782822   0.0001164127  -0.0004599384  -0.0007016631
       -0.0000218615  -0.0032218936  -0.0015187923  -0.0029415659  -0.0002247181
       -0.0002767199   0.0003167237  -0.0000764286  -0.0001887981  -0.0000966530
        0.0000992630  -0.0001215423  -0.0001788007   0.0004904440   0.0001798724
       -0.0000559621  -0.0034824827   0.0038489720   0.0006685680   0.0717358470
        0.0636497399  -0.0147247645  -0.0021189838  -0.0099295307   0.0044204338
        0.0005635487   0.0000886487   0.0003310442  -0.0002695046   0.0002924725
       -0.0004897750  -0.0003146882  -0.0000558295   0.0003734289   0.0000717012
        0.0000172512   0.0000409291   0.0000162530   0.0000346575   0.0000191751
       -0.0002782519   0.0000385582  -0.0000154385  -0.0000266740  -0.0000096730
       -0.0000041660  -0.0003546142  -0.0005706599  -0.0000350486   0.0000265022
        0.0003357060  -0.0002642720
       -0.0010683308   0.0012558090   0.0004285293  -0.0006478928  -0.0241222680
        0.0039313549  -0.0562947394  -0.2406647638   0.0476405135  -0.0063507991
       -0.0115615649   0.0009407360   0.0010093214   0.0008112853   0.0003566279
        0.0002331602   0.0001580708   0.0001683301  -0.0002120051  -0.0003764847
       -0.0000783530  -0.0019568124  -0.0000661715  -0.0017630706   0.0005463865
        0.0003324635  -0.0004987033  -0.0000172335  -0.0002293285  -0.0000550289
       -0.0002876487   0.0002171422   0.0001505439  -0.0002129246   0.0002529286
        0.0002217611   0.0042924272  -0.0033134748  -0.0000006802   0.0636497399
        0.2823963722  -0.0551043719  -0.0023093724  -0.0048664460   0.0039010692
        0.0002252092  -0.0000807414  -0.0000637699  -0.0002036658   0.0001574921
       -0.0001304367  -0.0002919655  -0.0000360407   0.0001483200   0.0000159160
       -0.0000372195  -0.0000542147  -0.0000415193   0.0000153526   0.0000064606
       -0.0001303270  -0.0000210748  -0.0000089153  -0.0000058733  -0.0000336185
        0.0000325368  -0.0001006184  -0.0003553788   0.0000627245   0.0001595677
        0.0001676596  -0.0002319631
       -0.0001149788  -0.0012615235   0.0006709668  -0.0005735179  -0.0027453916
        0.0013722639   0.0142688914   0.0473001745  -0.0567619201  -0.0067731547
       -0.0163050619   0.0031505070   0.0004336482  -0.0002472009   0.0005414381
        0.0000405265  -0.0000458312  -0.0000496718  -0.0004006699  -0.0005064499
        0.0001183205  -0.0025666648  -0.0005378790  -0.0011605523   0.0003326956
        0.0000127430   0.0000347415  -0.0000572122  -0.0000693374  -0.0001448244
       -0.0000282550   0.0000891446  -0.0001252698  -0.0001780206   0.0003356243
       -0.0002146958   0.0004538625  -0.0008060453   0.0005379657  -0.0147247645
       -0.0551043719   0.0633683878   0.0099812121   0.0305349251  -0.0115188288
        0.0000103101  -0.0004417961   0.0002789372  -0.0001203438   0.0000375900
        0.0000001733   0.0001888046   0.0001655080  -0.0002061065  -0.0000234660
       -0.0000598965  -0.0000210752   0.0000430220  -0.0000068217  -0.0000012764
       -0.0001372836  -0.0000157628  -0.0000009830  -0.0000794163  -0.0000033428
       -0.0000130507   0.0000005623  -0.0002785010   0.0001034495   0.0000242127
       -0.0000404959   0.0000411035
       -0.0037683758   0.0035439825   0.0008534163  -0.0112067746   0.0016355305
        0.0234944777  -0.0592820724  -0.0043571529   0.0610589270   0.0032405636
        0.0000003422  -0.0228408561   0.0008834493  -0.0007067515  -0.0012674967
       -0.0001068415   0.0000046239  -0.0000246606   0.0000517201   0.0000710749
       -0.0001341300   0.0006307501   0.0005735528  -0.0006591288   0.0001211368
        0.0002069239  -0.0003007257  -0.0001347105  -0.0000316230  -0.0002052068
       -0.0008088837   0.0001349260   0.0012861394  -0.0001463725  -0.0002480606
        0.0007598110   0.0003744417  -0.0002914629  -0.0000281413  -0.0021189838
       -0.0023093724   0.0099812121   0.0756868036   0.0025958165  -0.0693909929
       -0.0031922504  -0.0011182563  -0.0036010718  -0.0000416938  -0.0000060803
        0.0001557704  -0.0004263843   0.0003803845   0.0002333913   0.0000354151
        0.0000465429   0.0001230890   0.0000234109   0.0000199152   0.0000495054
        0.0000597078   0.0000632205   0.0000607784  -0.0000750614  -0.0000365800
        0.0000480384  -0.0000038187   0.0001034956   0.0001486602   0.0002048244
       -0.0002749918   0.0001991942
        0.0028126471  -0.0016239553  -0.0002997651   0.0081172050  -0.0000127525
       -0.0175479774  -0.0041473278  -0.0451020390   0.0096649119   0.0012846980
        0.0001059822  -0.0087085966   0.0001071646   0.0003402937   0.0009260119
        0.0001015512   0.0000765494  -0.0000230917   0.0000022478  -0.0000087140
        0.0000097057   0.0001596358   0.0008456672  -0.0014699491   0.0000936585
       -0.0000300364   0.0000621288  -0.0000905458  -0.0000642441   0.0000218899
        0.0005349601   0.0001205102  -0.0009116005  -0.0005064349   0.0005463776
       -0.0001499472  -0.0000847746   0.0000568808  -0.0003747116  -0.0099295307
       -0.0048664460   0.0305349251   0.0025958165   0.0507071205  -0.0101030245
       -0.0012273142  -0.0000271651  -0.0017668111  -0.0000617649  -0.0001072007
        0.0000141204   0.0004675103  -0.0000072772  -0.0000547653  -0.0000170920
       -0.0000817506  -0.0000455091   0.0000267367  -0.0000476167   0.0000095929
        0.0000304702  -0.0000244340   0.0000198563   0.0000041530   0.0000075373
       -0.0000054142   0.0000403589  -0.0000959341   0.0001236565  -0.0003140289
       -0.0007073532   0.0000743641
        0.0016573789  -0.0014417239   0.0009111964   0.0041326705  -0.0006071152
       -0.0068311049   0.0613968426   0.0096707855  -0.2489301992   0.0004449076
       -0.0008805324  -0.0252400878   0.0009388857  -0.0001818676   0.0005993686
        0.0001355804   0.0001133380   0.0002408554   0.0002405140   0.0000332714
        0.0000915358   0.0009391259   0.0008364500   0.0009478694  -0.0001839183
       -0.0001109182   0.0001413200  -0.0001251024   0.0001124390   0.0001749225
        0.0003546665  -0.0001039889  -0.0005882081  -0.0001586650   0.0003822859
        0.0008019679  -0.0001870826  -0.0001719988  -0.0000540279   0.0044204338
        0.0039010692  -0.0115188288  -0.0693909929  -0.0101030245   0.2915641838
       -0.0038806028  -0.0013103214  -0.0034744829   0.0000713622  -0.0000226742
       -0.0000144224  -0.0007759637   0.0004026550   0.0003825821   0.0001366905
        0.0000644514   0.0000504024  -0.0000343724   0.0000429703   0.0000437434
        0.0000607490   0.0000269651   0.0000181377  -0.0000639008  -0.0000376990
        0.0000930837   0.0001035738   0.0001453920   0.0001437295  -0.0002327806
       -0.0007602087   0.0004464634
       -0.0013159223  -0.0000701362  -0.0005693518   0.0006973678  -0.0000106996
       -0.0000159042   0.0037830349  -0.0009924787  -0.0232776039  -0.0589811349
       -0.0004430186   0.0613091719  -0.0095806006   0.0047632088   0.0232073426
        0.0001672169   0.0002400162   0.0005531480  -0.0005918286  -0.0007042860
       -0.0001672114  -0.0021775418  -0.0029390427   0.0111723890  -0.0001423828
       -0.0002696853   0.0000096615  -0.0015178488   0.0009909916   0.0008434553
        0.0002325911   0.0000461773   0.0001443288   0.0001835588  -0.0000735742
        0.0002405523   0.0000591675   0.0000375674  -0.0000032172   0.0005635487
        0.0002252092   0.0000103101  -0.0031922504  -0.0012273142  -0.0038806028
        0.0752199002  -0.0010283771  -0.0702286328   0.0009421668  -0.0004324095
        0.0002016895  -0.0038408714   0.0029786172   0.0010253179  -0.0005346772
        0.0000137642  -0.0004359000   0.0001765127  -0.0000502879  -0.0002872779
       -0.0001863332  -0.0000634635   0.0000083016  -0.0000206626   0.0000779385
       -0.0001617269   0.0008684575   0.0003438384  -0.0000883836  -0.0008114683
       -0.0014125553   0.0003901441
        0.0004322222   0.0001994063   0.0003134855   0.0001828034   0.0003787473
        0.0003909066   0.0008992088   0.0007226098  -0.0078486516  -0.0005069008
       -0.0395575518  -0.0002221759   0.0094387326  -0.0032465409  -0.0193255160
       -0.0000147165   0.0004083167  -0.0001797216  -0.0005594044  -0.0010554403
        0.0005659511  -0.0092310743  -0.0066718463   0.0252894890  -0.0002806515
       -0.0001988552  -0.0000953878   0.0007768695   0.0002461546  -0.0003215716
       -0.0000533874  -0.0001477286  -0.0000730708  -0.0000038079  -0.0001283007
       -0.0000404281  -0.0000096587  -0.0002554778   0.0001702505   0.0000886487
       -0.0000807414  -0.0004417961  -0.0011182563  -0.0000271651  -0.0013103214
       -0.0010283771   0.0557067307   0.0017401986   0.0000094824   0.0001159335
       -0.0010211506   0.0039854185  -0.0023142716  -0.0016756297  -0.0001097916
        0.0001329709   0.0000133123  -0.0000207116  -0.0001320839   0.0000783523
       -0.0000960862  -0.0001329439   0.0001015830  -0.0001835912  -0.0000595128
       -0.0000673188  -0.0003117140   0.0002549443   0.0015561081  -0.0022852568
       -0.0041573539   0.0024031028
        0.0009633599  -0.0002562140   0.0004480116   0.0007446823  -0.0000236388
        0.0003309734   0.0014532595  -0.0013895055  -0.0231151064   0.0613124461
        0.0001711471  -0.2499323151   0.0037259277  -0.0021954501  -0.0065610658
       -0.0005146483   0.0001613759   0.0004798753   0.0001212710   0.0005129256
       -0.0002547584   0.0035015731   0.0026336562  -0.0092493002  -0.0001575753
       -0.0000792469   0.0000276690   0.0001718710   0.0001918251   0.0007561163
        0.0001235847  -0.0001293371   0.0000550602   0.0002695921   0.0001202145
       -0.0000030242   0.0000326533   0.0001321377  -0.0002822441   0.0003310442
       -0.0000637699   0.0002789372  -0.0036010718  -0.0017668111  -0.0034744829
       -0.0702286328   0.0017401986   0.2886222545  -0.0004207645   0.0000390081
        0.0008281487   0.0013217424  -0.0013738549  -0.0000381900   0.0001231260
        0.0000468818   0.0001550372  -0.0000185715   0.0000749248   0.0001033647
        0.0000865091   0.0000816310  -0.0000295468   0.0000144038  -0.0000000209
        0.0000442888  -0.0003940261  -0.0005649693   0.0013970540   0.0010382441
        0.0019368922  -0.0005867571
       -0.0000168130   0.0000238208   0.0000416415  -0.0002861435  -0.0001277831
       -0.0000132303  -0.0000878103   0.0009766123   0.0001637410   0.0014318400
        0.0200452442  -0.0115847270  -0.0445543324  -0.0268693337   0.0181346958
       -0.0044952001  -0.0211995878   0.0121006244  -0.0034294239  -0.0035287416
       -0.0014482928  -0.0027132865   0.0032162496   0.0000363614  -0.0000525532
       -0.0000222872  -0.0000084692   0.0000191198   0.0000269021  -0.0000293213
        0.0000364530  -0.0000396909  -0.0000022375  -0.0000237486  -0.0000051523
        0.0000086437   0.0000748348  -0.0001032102   0.0000029833  -0.0002695046
       -0.0002036658  -0.0001203438  -0.0000416938  -0.0000617649   0.0000713622
        0.0009421668   0.0000094824  -0.0004207645   0.0525237187   0.0313005100
       -0.0208582939   0.0004840502  -0.0036294740   0.0034934896   0.0009096866
        0.0003970593   0.0003572652  -0.0006004688  -0.0001109584   0.0000195723
        0.0000902947  -0.0012725398   0.0003342127  -0.0000928433   0.0000756070
       -0.0000438039   0.0001393345   0.0007660751  -0.0000989548   0.0000123228
        0.0003366268  -0.0001361541
       -0.0000084956   0.0001311406  -0.0000343786   0.0000859868   0.0002731210
        0.0000711307  -0.0000152144  -0.0002554978  -0.0002081438  -0.0007317574
       -0.0169994245   0.0096173114  -0.0266988769  -0.2023469427   0.1046109120
       -0.0035532068  -0.0134784399   0.0077723400  -0.0018226575  -0.0031578263
       -0.0010808277   0.0015817967  -0.0035886398  -0.0003797249   0.0000559228
        0.0000310162   0.0000158100  -0.0000072052  -0.0001082102  -0.0000098140
       -0.0000328643  -0.0000073929  -0.0000236854   0.0000551209  -0.0000141536
        0.0000332067  -0.0000938322  -0.0000206523   0.0000259734   0.0002924725
        0.0001574921   0.0000375900  -0.0000060803  -0.0001072007  -0.0000226742
       -0.0004324095   0.0001159335   0.0000390081   0.0313005100   0.2379530939
       -0.1201227104   0.0003055365   0.0039702865  -0.0009318506   0.0003708285
        0.0000968565   0.0000265782  -0.0003862204  -0.0003006303   0.0000694084
        0.0000315339  -0.0010157339   0.0003122131   0.0000672972  -0.0000389377
        0.0000060401  -0.0001924605  -0.0009229947   0.0001014835  -0.0001657248
       -0.0003662629   0.0000748037
        0.0000304906  -0.0000162522   0.0000438706  -0.0000410556  -0.0001160835
        0.0000739406  -0.0000798054   0.0002380764   0.0000700200   0.0001861890
       -0.0010926197   0.0007630545   0.0181333330   0.1062780570  -0.1137781795
       -0.0016795980  -0.0068471940   0.0043313880  -0.0007207355  -0.0014900175
        0.0005813587  -0.0002498733  -0.0008408818   0.0007855284  -0.0000301245
       -0.0000200204   0.0000256688  -0.0000095945   0.0000051155   0.0000033700
        0.0000005612  -0.0000036384  -0.0000083855  -0.0000079276  -0.0000010873
       -0.0000445458   0.0000676059  -0.0000846921  -0.0000332044  -0.0004897750
       -0.0001304367   0.0000001733   0.0001557704   0.0000141204  -0.0000144224
        0.0002016895  -0.0010211506   0.0008281487  -0.0208582939  -0.1201227104
        0.1286920948   0.0056001038   0.0265092982  -0.0234585540  -0.0002351117
       -0.0006324883   0.0008321517   0.0001223062   0.0000182894  -0.0001415145
       -0.0000408603  -0.0002131399   0.0001803894  -0.0001230852  -0.0002413868
        0.0001406084   0.0000374081   0.0000479873   0.0000489027   0.0000303829
       -0.0002371447   0.0000781376
       -0.0001052747   0.0000240573  -0.0000376391   0.0001525312  -0.0000793117
       -0.0000016805   0.0007363131   0.0001847496   0.0015313749  -0.0070455315
        0.0074858836   0.0231896240  -0.0437923311   0.0064079494   0.0282871121
       -0.0001492502  -0.0073797507  -0.0247853154   0.0005391756   0.0001438153
       -0.0002178845   0.0002706492  -0.0002031234   0.0000670569   0.0000241009
        0.0000116034   0.0000087621   0.0000568096  -0.0000657185  -0.0000849192
        0.0000058198  -0.0000163048  -0.0000794182   0.0000262277  -0.0000582176
       -0.0000260631   0.0000783166  -0.0000944278   0.0000282166  -0.0003146882
       -0.0002919655   0.0001888046  -0.0004263843   0.0004675103  -0.0007759637
       -0.0038408714   0.0039854185   0.0013217424   0.0004840502   0.0003055365
        0.0056001038   0.0565004372  -0.0075097708  -0.0307942441  -0.0035827159
       -0.0037218481  -0.0027034359   0.0007693701   0.0002829773  -0.0008002847
       -0.0001175870   0.0001469189   0.0001193547  -0.0000804430  -0.0000983560
        0.0001157201  -0.0000671796   0.0000200008  -0.0001491587  -0.0001215442
        0.0000523740  -0.0000018650
        0.0001023352  -0.0000061990   0.0000757985  -0.0002144444   0.0000498823
        0.0000033283  -0.0010377188   0.0006727031  -0.0004699020   0.0054825273
       -0.0048845170  -0.0187457744   0.0060986317  -0.0574217051  -0.0488770366
       -0.0003352153  -0.0039460311  -0.0159830169  -0.0000962089   0.0002821307
       -0.0004999135   0.0001477003   0.0001816402  -0.0000298687  -0.0000174410
       -0.0000159064   0.0000161098  -0.0000457875   0.0000106231   0.0000112271
        0.0000010115  -0.0000076773   0.0000148332  -0.0000326834   0.0000425433
       -0.0000014207   0.0000111566  -0.0000730194  -0.0000491890  -0.0000558295
       -0.0000360407   0.0001655080   0.0003803845  -0.0000072772   0.0004026550
        0.0029786172  -0.0023142716  -0.0013738549  -0.0036294740   0.0039702865
        0.0265092982  -0.0075097708   0.0648319020   0.0596875144  -0.0025197940
       -0.0015870667  -0.0017673833   0.0005157459   0.0005764501   0.0002477879
        0.0000072763   0.0001041414   0.0002256745  -0.0003763568  -0.0002622009
        0.0001568029  -0.0000505736   0.0000177774   0.0002118357   0.0001959115
       -0.0001781675   0.0000689866
        0.0000152053  -0.0000404837   0.0000729378  -0.0002303922   0.0002136537
        0.0000474490  -0.0012959611   0.0006224235   0.0012235313   0.0042266095
       -0.0033944735  -0.0065362382   0.0276408194  -0.0486360005  -0.2563204674
       -0.0021713375  -0.0046906755  -0.0136445704   0.0003124827   0.0003388969
        0.0006084842  -0.0001052694   0.0001008785   0.0002201004  -0.0000130831
        0.0000181591  -0.0000275684  -0.0000446546   0.0000435354  -0.0000022957
        0.0000090591  -0.0000127670   0.0000084191   0.0000336041   0.0000265227
        0.0000360389  -0.0000376425  -0.0000141662  -0.0000331548   0.0003734289
        0.0001483200  -0.0002061065   0.0002333913  -0.0000547653   0.0003825821
        0.0010253179  -0.0016756297  -0.0000381900   0.0034934896  -0.0009318506
       -0.0234585540  -0.0307942441   0.0596875144   0.2974383203  -0.0026395063
       -0.0021121516  -0.0007886698   0.0000571700   0.0004565248   0.0005549272
       -0.0000360826   0.0001349780   0.0001124666  -0.0000870114  -0.0001703184
        0.0001858654  -0.0000274337   0.0000441326   0.0000749680   0.0000620406
       -0.0001022576   0.0000897249
       -0.0000315258  -0.0000126616   0.0000066502  -0.0000683167   0.0000517529
        0.0000398276  -0.0001635689   0.0000408993   0.0001243015   0.0004775054
       -0.0003812427  -0.0008106472  -0.0012799075  -0.0043147580  -0.0240085674
       -0.0453445607   0.0028720848   0.0091382810   0.0010448601  -0.0006845792
       -0.0031445827   0.0000552888   0.0002295140   0.0000818529   0.0000040450
        0.0000040247  -0.0000074833  -0.0000364612   0.0000255700   0.0000135027
        0.0000378737  -0.0000077604   0.0000103639   0.0000529111  -0.0000028358
        0.0000262291   0.0000022197  -0.0000076344  -0.0000125569   0.0000717012
        0.0000159160  -0.0000234660   0.0000354151  -0.0000170920   0.0001366905
       -0.0005346772  -0.0001097916   0.0001231260   0.0009096866   0.0003708285
       -0.0002351117  -0.0035827159  -0.0025197940  -0.0026395063   0.0513024177
        0.0004372015  -0.0083786359  -0.0037531054   0.0042124537   0.0294792198
        0.0003368412  -0.0003812879   0.0003201497   0.0005787194   0.0001125843
       -0.0003338841  -0.0000701470   0.0001005196  -0.0000034104  -0.0000444986
       -0.0000339119   0.0000976568
        0.0000014401   0.0000355814   0.0000045590   0.0000017133   0.0000551569
        0.0000468860  -0.0000776825   0.0000188777   0.0000650976   0.0003852800
        0.0004155471   0.0000453523  -0.0022653787  -0.0033893036  -0.0188378786
        0.0029155963  -0.0423859777  -0.0187667033  -0.0013916022  -0.0024285725
        0.0284765548   0.0000255836  -0.0000240978   0.0001227700  -0.0000122781
       -0.0000199840  -0.0000070845   0.0000067933   0.0000116782  -0.0000067347
       -0.0000014198  -0.0000070978   0.0000024222   0.0000092757  -0.0000187768
       -0.0000025750  -0.0000080579  -0.0000251610   0.0000235376   0.0000172512
       -0.0000372195  -0.0000598965   0.0000465429  -0.0000817506   0.0000644514
        0.0000137642   0.0001329709   0.0000468818   0.0003970593   0.0000968565
       -0.0006324883  -0.0037218481  -0.0015870667  -0.0021121516   0.0004372015
        0.0541147241   0.0205709865   0.0024326117  -0.0007234322  -0.0138072992
       -0.0003316017   0.0010082184   0.0009273612   0.0011075267  -0.0048745952
        0.0038980160  -0.0000682921  -0.0001803682   0.0000771494   0.0000805215
       -0.0001062076  -0.0001392141
        0.0000172525  -0.0000080008   0.0000621368  -0.0000190592  -0.0000232998
        0.0000757871   0.0000135942   0.0001364376   0.0002886123   0.0004649989
        0.0000485838   0.0003555455  -0.0026000143  -0.0040282311  -0.0134392551
        0.0088457995  -0.0185298511  -0.2709399892   0.0010597589   0.0032063862
       -0.0160968518  -0.0000548247   0.0000115861   0.0000639740  -0.0000046862
       -0.0000201661  -0.0000077494  -0.0000381250   0.0000251236   0.0000183954
        0.0000013472   0.0000048046   0.0000014196   0.0000238222   0.0000056852
       -0.0000312286   0.0000197191   0.0000358520  -0.0000442966   0.0000409291
       -0.0000542147  -0.0000210752   0.0001230890  -0.0000455091   0.0000504024
       -0.0004359000   0.0000133123   0.0001550372   0.0003572652   0.0000265782
        0.0008321517  -0.0027034359  -0.0017673833  -0.0007886698  -0.0083786359
        0.0205709865   0.3144388885   0.0040148400  -0.0028374707  -0.0147241604
        0.0002288885  -0.0004190444   0.0011322157  -0.0009410305   0.0034454998
       -0.0014975921  -0.0000208961   0.0001953256  -0.0000277922  -0.0000146965
        0.0000070094   0.0001440943
       -0.0000512715   0.0000371285  -0.0000262798  -0.0002682523  -0.0001751928
       -0.0002118740  -0.0009228681   0.0010157573   0.0002923944  -0.0046788719
       -0.0017461131  -0.0023368747  -0.0223958184   0.0079786255   0.0056771925
       -0.2190939761   0.0823017743   0.0591049733  -0.0037094840   0.0027517834
        0.0009495283  -0.0007234334   0.0005993743  -0.0005849012   0.0000322003
       -0.0000158326  -0.0000070217   0.0000475800  -0.0000261086  -0.0000395381
       -0.0000157383   0.0000195892  -0.0000075278  -0.0001656570   0.0000401642
       -0.0000413656   0.0000518961  -0.0000278359   0.0000124062   0.0000162530
       -0.0000415193   0.0000430220   0.0000234109   0.0000267367  -0.0000343724
        0.0001765127  -0.0000207116  -0.0000185715  -0.0006004688  -0.0003862204
        0.0001223062   0.0007693701   0.0005157459   0.0000571700  -0.0037531054
        0.0024326117   0.0040148400   0.2555941236  -0.0953307084  -0.0665969237
       -0.0003365206   0.0003005012  -0.0000390056   0.0004606115  -0.0003088941
       -0.0002409531  -0.0001808246  -0.0000430212  -0.0000214322  -0.0002756675
        0.0001023657  -0.0000671916
        0.0000000749   0.0000423473  -0.0000032026  -0.0001639673   0.0000377712
       -0.0001125620  -0.0005974859   0.0004835942  -0.0000474913  -0.0026591137
       -0.0014483208  -0.0007198134  -0.0150184241   0.0062336805   0.0040419469
        0.0823272177  -0.0775777989  -0.0275021263   0.0238417439  -0.0130216916
       -0.0054809617   0.0016425947  -0.0041440890   0.0019180801   0.0000101322
        0.0000099089  -0.0000004816  -0.0000130177  -0.0000272916   0.0000008667
        0.0000051144  -0.0000118123  -0.0000038845  -0.0000308281   0.0000378121
        0.0000162183  -0.0000365769  -0.0000267742  -0.0000001258   0.0000346575
        0.0000153526  -0.0000068217   0.0000199152  -0.0000476167   0.0000429703
       -0.0000502879  -0.0001320839   0.0000749248  -0.0001109584  -0.0003006303
        0.0000182894   0.0002829773   0.0005764501   0.0004565248   0.0042124537
       -0.0007234322  -0.0028374707  -0.0953307084   0.0906169155   0.0301314374
        0.0000576896  -0.0012694906   0.0001870038   0.0002624314   0.0010960049
       -0.0003351183   0.0005149121  -0.0001620517  -0.0000071082   0.0007994539
       -0.0002567534   0.0001689057
       -0.0000060104  -0.0000152076   0.0000098594  -0.0001296939  -0.0000030290
       -0.0000360242  -0.0002639297   0.0001507230   0.0001790017  -0.0017502578
        0.0002429911  -0.0000779252  -0.0074865947   0.0025797895   0.0023937345
        0.0606731407  -0.0283238661  -0.0641261480  -0.0093269643   0.0056167375
        0.0025410667  -0.0018034611   0.0018193658  -0.0003370247  -0.0000005373
        0.0000015184  -0.0000064106  -0.0000203182   0.0000131176  -0.0000065084
        0.0000170878  -0.0000022247   0.0000005549  -0.0000120564   0.0000103577
        0.0000047566   0.0000119275  -0.0000010399  -0.0000154242   0.0000191751
        0.0000064606  -0.0000012764   0.0000495054   0.0000095929   0.0000437434
       -0.0002872779   0.0000783523   0.0001033647   0.0000195723   0.0000694084
       -0.0001415145  -0.0008002847   0.0002477879   0.0005549272   0.0294792198
       -0.0138072992  -0.0147241604  -0.0665969237   0.0301314374   0.0731430467
       -0.0000977613   0.0001768492  -0.0001665110  -0.0009910088   0.0006929895
        0.0007255604  -0.0003940634   0.0001695260  -0.0000342532  -0.0003024850
        0.0001356617  -0.0000264353
       -0.0000685239   0.0000068414   0.0000242061  -0.0000303822  -0.0001433603
        0.0000443087  -0.0005613896  -0.0008996753   0.0003284069  -0.0037836749
       -0.0007302633  -0.0009111831  -0.0005014529   0.0004192929  -0.0001155917
        0.0028462587   0.0032966648   0.0023093303  -0.0840199678  -0.0740106490
       -0.0527395724  -0.0165686820  -0.0189539666  -0.0145051280   0.0000314051
        0.0000144169  -0.0000132283   0.0000110627  -0.0000222374  -0.0000303546
        0.0000028729   0.0000071001  -0.0000126479   0.0000113850   0.0000122734
        0.0000006621   0.0000923830  -0.0000030151  -0.0000287885  -0.0002782519
       -0.0001303270  -0.0001372836   0.0000597078   0.0000304702   0.0000607490
       -0.0001863332  -0.0000960862   0.0000865091   0.0000902947   0.0000315339
       -0.0000408603  -0.0001175870   0.0000072763  -0.0000360826   0.0003368412
       -0.0003316017   0.0002288885  -0.0003365206   0.0000576896  -0.0000977613
        0.1003783463   0.0852644734   0.0606654146   0.0050827987   0.0069331729
        0.0059419661   0.0006502870  -0.0008454170  -0.0004164243  -0.0031408770
        0.0000853932  -0.0006055350
       -0.0000233279   0.0000584843  -0.0000163620   0.0000322257   0.0000102362
        0.0000442994   0.0000322330   0.0000893539   0.0001108402   0.0003353685
       -0.0003020012   0.0000540569  -0.0001422053  -0.0055349199   0.0024766985
       -0.0112481739  -0.0229662510  -0.0125438707  -0.0747713357  -0.1652701825
       -0.0925210521   0.0018236067   0.0024295535   0.0007162777   0.0000180616
       -0.0000262946   0.0000074557  -0.0000025307  -0.0000262625   0.0000166123
       -0.0000161463   0.0000125937   0.0000014404  -0.0000038740  -0.0000006060
       -0.0000227423  -0.0000195137   0.0000125575  -0.0000087189   0.0000385582
       -0.0000210748  -0.0000157628   0.0000632205  -0.0000244340   0.0000269651
       -0.0000634635  -0.0001329439   0.0000816310  -0.0012725398  -0.0010157339
       -0.0002131399   0.0001469189   0.0001041414   0.0001349780  -0.0003812879
        0.0010082184  -0.0004190444   0.0003005012  -0.0012694906   0.0001768492
        0.0852644734   0.1937765624   0.1050549971  -0.0010297540  -0.0015667030
       -0.0039906915   0.0006184309   0.0009645066   0.0005338895   0.0003005542
       -0.0003093101   0.0003143935
       -0.0000051826   0.0000102380   0.0000256395  -0.0000064179  -0.0000463403
        0.0000369148   0.0000208720  -0.0000514288   0.0000374470   0.0003194020
        0.0007379923  -0.0003269885   0.0004728806   0.0022031753  -0.0001005822
        0.0044166523   0.0095549102   0.0057118177  -0.0536593541  -0.0938756020
       -0.1115885195  -0.0014949698  -0.0012625839  -0.0002583985   0.0000055083
       -0.0000052137  -0.0000086611   0.0000035564  -0.0000034559   0.0000014907
       -0.0000200363   0.0000091495   0.0000012989  -0.0000087805   0.0000151531
       -0.0000201614   0.0000059401   0.0000042752  -0.0000217631  -0.0000154385
       -0.0000089153  -0.0000009830   0.0000607784   0.0000198563   0.0000181377
        0.0000083016   0.0001015830  -0.0000295468   0.0003342127   0.0003122131
        0.0001803894   0.0001193547   0.0002256745   0.0001124666   0.0003201497
        0.0009273612   0.0011322157  -0.0000390056   0.0001870038  -0.0001665110
        0.0606654146   0.1050549971   0.1268426421  -0.0116144162  -0.0248023849
       -0.0229801388   0.0008555514   0.0004904371   0.0013732068  -0.0007449734
        0.0002019051   0.0000285869
       -0.0000416817  -0.0000189706  -0.0000394510  -0.0000261386  -0.0000883161
       -0.0000399506  -0.0001328187  -0.0001732762   0.0002561269  -0.0023438119
        0.0001334629   0.0001846531   0.0004061688   0.0000260694   0.0000091048
        0.0019248751   0.0012745866  -0.0040610326  -0.0720703858  -0.0023188532
        0.0796188728  -0.0177065709   0.0024979437   0.0254763059   0.0000174625
        0.0000032747  -0.0000206868   0.0000445237   0.0000202434  -0.0000376332
        0.0000188532   0.0000040139  -0.0000171788  -0.0000100005  -0.0000187310
        0.0000021845   0.0000692402   0.0000206994   0.0000761188  -0.0000266740
       -0.0000058733  -0.0000794163  -0.0000750614   0.0000041530  -0.0000639008
       -0.0000206626  -0.0001835912   0.0000144038  -0.0000928433   0.0000672972
       -0.0001230852  -0.0000804430  -0.0003763568  -0.0000870114   0.0005787194
        0.0011075267  -0.0009410305   0.0004606115   0.0002624314  -0.0009910088
        0.0050827987  -0.0010297540  -0.0116144162   0.0891086667  -0.0018921247
       -0.0896972782  -0.0053993513   0.0004903018   0.0009148590   0.0003145238
        0.0001938431   0.0012604507
        0.0000024245   0.0000130845  -0.0000299711   0.0000321651   0.0000429999
       -0.0000060393  -0.0000511105  -0.0000560491   0.0000072277  -0.0002198991
       -0.0005232247  -0.0004015979  -0.0000842142   0.0000575105   0.0005658036
       -0.0076527784  -0.0035102949   0.0276832061  -0.0020167201  -0.0429934662
       -0.0029894362   0.0033708314   0.0008214692  -0.0027570840   0.0000014488
       -0.0000068162   0.0000176038  -0.0000045562  -0.0000165501   0.0000183795
        0.0000123972  -0.0000047667  -0.0000043537   0.0000185504  -0.0000080397
        0.0000023421  -0.0000098644  -0.0000169138  -0.0000090276  -0.0000096730
       -0.0000336185  -0.0000033428  -0.0000365800   0.0000075373  -0.0000376990
        0.0000779385  -0.0000595128  -0.0000000209   0.0000756070  -0.0000389377
       -0.0002413868  -0.0000983560  -0.0002622009  -0.0001703184   0.0001125843
       -0.0048745952   0.0034454998  -0.0003088941   0.0010960049   0.0006929895
        0.0069331729  -0.0015667030  -0.0248023849  -0.0018921247   0.0511850823
       -0.0006698210   0.0013317535  -0.0000099516  -0.0000806176   0.0004158969
        0.0007579524  -0.0002299509
        0.0000111062  -0.0000339317   0.0000563750  -0.0000678145   0.0000644408
        0.0000095479  -0.0000980430  -0.0000255408  -0.0000335752   0.0001590670
       -0.0001917555  -0.0000443319   0.0000008003  -0.0003660787   0.0003676926
        0.0036390606   0.0042792622  -0.0165407686   0.0801216495  -0.0026679367
       -0.2443090103   0.0012411995  -0.0006426611  -0.0004949771  -0.0000105292
        0.0000232535  -0.0000063803  -0.0000312659   0.0000029649  -0.0000148923
        0.0000162516  -0.0000160777  -0.0000044050   0.0000222477   0.0000006647
        0.0000289803   0.0000142954  -0.0000333590  -0.0000418308  -0.0000041660
        0.0000325368  -0.0000130507   0.0000480384  -0.0000054142   0.0000930837
       -0.0001617269  -0.0000673188   0.0000442888  -0.0000438039   0.0000060401
        0.0001406084   0.0001157201   0.0001568029   0.0001858654  -0.0003338841
        0.0038980160  -0.0014975921  -0.0002409531  -0.0003351183   0.0007255604
        0.0059419661  -0.0039906915  -0.0229801388  -0.0896972782  -0.0006698210
        0.2818163271   0.0006466636   0.0003191993   0.0005052732  -0.0012886013
        0.0002625238   0.0020073505
       -0.0001624161  -0.0000531773  -0.0000900950  -0.0002234603  -0.0001670903
       -0.0000592286  -0.0003024459  -0.0009772422   0.0000389570   0.0036006400
       -0.0092751525  -0.0061583108  -0.0008379994  -0.0009932867  -0.0001041035
       -0.0018275361   0.0012363154   0.0003184779  -0.0145538507   0.0186464849
        0.0194443195  -0.0609247354   0.0499033825   0.0454155502   0.0000995515
        0.0000995626   0.0000158550   0.0000224205  -0.0000710768   0.0002123335
       -0.0000090363   0.0000328084   0.0000328865   0.0000463574   0.0001105653
        0.0000643983  -0.0004247831  -0.0000799039  -0.0004709283  -0.0003546142
       -0.0001006184   0.0000005623  -0.0000038187   0.0000403589   0.0001035738
        0.0008684575  -0.0003117140  -0.0003940261   0.0001393345  -0.0001924605
        0.0000374081  -0.0000671796  -0.0000505736  -0.0000274337  -0.0000701470
       -0.0000682921  -0.0000208961  -0.0001808246   0.0005149121  -0.0003940634
        0.0006502870   0.0006184309   0.0008555514  -0.0053993513   0.0013317535
        0.0006466636   0.0764085224  -0.0551630366  -0.0536632676   0.0035066279
       -0.0050309496  -0.0058041840
       -0.0000178587   0.0001364112  -0.0000454550   0.0000773062   0.0001302320
        0.0001125710  -0.0003443323  -0.0020720004   0.0003535216   0.0055826425
       -0.0226419986  -0.0157436886  -0.0011237319  -0.0045352972   0.0012146573
        0.0001931610  -0.0001958267   0.0000291637   0.0015424772  -0.0017371307
       -0.0037489695   0.0505670922  -0.1523680697  -0.1072661089   0.0000739210
        0.0000080056   0.0000211379  -0.0001881881  -0.0001277043   0.0002415277
        0.0000485747   0.0000195786   0.0000263162   0.0001300316   0.0000669634
        0.0000335254  -0.0002954781   0.0002241844  -0.0002268070  -0.0005706599
       -0.0003553788  -0.0002785010   0.0001034956  -0.0000959341   0.0001453920
        0.0003438384   0.0002549443  -0.0005649693   0.0007660751  -0.0009229947
        0.0000479873   0.0000200008   0.0000177774   0.0000441326   0.0001005196
       -0.0001803682   0.0001953256  -0.0000430212  -0.0001620517   0.0001695260
       -0.0008454170   0.0009645066   0.0004904371   0.0004903018  -0.0000099516
        0.0003191993  -0.0551630366   0.1785681134   0.1214246442  -0.0014477139
        0.0050139899   0.0030054345
        0.0000294100   0.0001325878   0.0001942144   0.0000279522  -0.0003293281
        0.0001894375  -0.0001224282  -0.0001811231   0.0001541000  -0.0006342624
        0.0048238739   0.0032918459  -0.0003107824   0.0012434599   0.0001089593
       -0.0002800928   0.0003763682  -0.0002948485   0.0013714062  -0.0000316785
        0.0005249800   0.0456168405  -0.1084212588  -0.1468472764   0.0000098428
        0.0000305432  -0.0000855992  -0.0000068958  -0.0000242033   0.0000780671
       -0.0000509059  -0.0000010021  -0.0000225930   0.0001255286   0.0002085527
       -0.0000492709  -0.0004817351   0.0000491395  -0.0003328913  -0.0000350486
        0.0000627245   0.0001034495   0.0001486602   0.0001236565   0.0001437295
       -0.0000883836   0.0015561081   0.0013970540  -0.0000989548   0.0001014835
        0.0000489027  -0.0001491587   0.0002118357   0.0000749680  -0.0000034104
        0.0000771494  -0.0000277922  -0.0000214322  -0.0000071082  -0.0000342532
       -0.0004164243   0.0005338895   0.0013732068   0.0009148590  -0.0000806176
        0.0005052732  -0.0536632676   0.1214246442   0.1674227207   0.0081186833
       -0.0218796967  -0.0279163839
       -0.0000724021   0.0000807896   0.0000263932  -0.0004189863  -0.0008790913
        0.0003007756  -0.0000187362  -0.0004712019   0.0010919303   0.0022804978
       -0.0044052477   0.0094999795   0.0000538378  -0.0004886962   0.0003302730
       -0.0041776873   0.0008188617  -0.0006716394  -0.0147766780   0.0085298414
       -0.0255298733  -0.0566950817   0.0185392550  -0.0600211541   0.0000666603
        0.0000939643  -0.0000911319   0.0000806613  -0.0000159757  -0.0000303446
        0.0000042990   0.0000126635  -0.0000547317   0.0000122426   0.0001336695
       -0.0000696741  -0.0010054024   0.0003115914   0.0002579733   0.0000265022
        0.0001595677   0.0000242127   0.0002048244  -0.0003140289  -0.0002327806
       -0.0008114683  -0.0022852568   0.0010382441   0.0000123228  -0.0001657248
        0.0000303829  -0.0001215442   0.0001959115   0.0000620406  -0.0000444986
        0.0000805215  -0.0000146965  -0.0002756675   0.0007994539  -0.0003024850
       -0.0031408770   0.0003005542  -0.0007449734   0.0003145238   0.0004158969
       -0.0012886013   0.0035066279  -0.0014477139   0.0081186833   0.0749960300
       -0.0199996047   0.0682711974
       -0.0000152770   0.0000687333  -0.0001117992  -0.0000801506   0.0001685483
       -0.0000835478   0.0008144538   0.0011155341   0.0014465428   0.0034429662
       -0.0094916434   0.0255634875   0.0002014078  -0.0012748706   0.0006441840
        0.0010811752  -0.0010584107  -0.0000465399   0.0018311625   0.0006012903
        0.0031804563   0.0184281991  -0.0599183160   0.0566249568   0.0000437540
       -0.0000081813   0.0000446617  -0.0000150510  -0.0000875269  -0.0000125053
        0.0000258694   0.0000050737  -0.0000483240  -0.0000505234  -0.0000636540
       -0.0000119817  -0.0000622814   0.0003102903   0.0000761055   0.0003357060
        0.0001676596  -0.0000404959  -0.0002749918  -0.0007073532  -0.0007602087
       -0.0014125553  -0.0041573539   0.0019368922   0.0003366268  -0.0003662629
       -0.0002371447   0.0000523740  -0.0001781675  -0.0001022576  -0.0000339119
       -0.0001062076   0.0000070094   0.0001023657  -0.0002567534   0.0001356617
        0.0000853932  -0.0003093101   0.0002019051   0.0001938431   0.0007579524
        0.0002625238  -0.0050309496   0.0050139899  -0.0218796967  -0.0199996047
        0.0697749396  -0.0667898852
        0.0000490278  -0.0001710669   0.0000597270  -0.0001561791   0.0001588972
        0.0000872644  -0.0010924512  -0.0009025009   0.0013739554   0.0002898152
        0.0056076913  -0.0094603517   0.0000649829  -0.0000846370  -0.0002778747
       -0.0005579604  -0.0002378765   0.0002910792  -0.0015216593   0.0006897757
       -0.0019557326  -0.0610864698   0.0567726128  -0.2420668401  -0.0000784325
       -0.0000423043   0.0000409545  -0.0000799834   0.0000326662  -0.0000723145
        0.0000368000  -0.0000267257  -0.0000037407  -0.0000551587  -0.0002087646
       -0.0000026835   0.0008482272  -0.0003067450  -0.0000070705  -0.0002642720
       -0.0002319631   0.0000411035   0.0001991942   0.0000743641   0.0004464634
        0.0003901441   0.0024031028  -0.0005867571  -0.0001361541   0.0000748037
        0.0000781376  -0.0000018650   0.0000689866   0.0000897249   0.0000976568
       -0.0001392141   0.0001440943  -0.0000671916   0.0001689057  -0.0000264353
       -0.0006055350   0.0003143935   0.0000285869   0.0012604507  -0.0002299509
        0.0020073505  -0.0058041840   0.0030054345  -0.0279163839   0.0682711974
       -0.0667898852   0.2776877431
