           1           2   1.00880156428573     
           2           3   1.69928608846525     
           2           4   1.11646361575531     
           3           4  0.154316826379215     
           4           5  0.969303474176815     
           5           6   1.39691265318891     
           6           7   1.44171342963943     
           7           8   1.42862358811458     
           6           9  0.106256077172291     
           8           9   1.45007919715936     
           5          10   1.35127911093173     
           7          10  0.103342240626245     
           9          10   1.38836831680847     
          10          11  0.989118624127667     
          11          12   1.68955347646882     
          11          13   1.16884770659278     
          12          13  0.158528727607020     
           1          14  0.937675336664110     
           1          15  0.973171013514927     
           1          16  0.964707062907132     
           6          17  0.962479469238347     
           7          18  0.964610007677268     
           8          19  0.964344111142087     
           9          20  0.962405678569413     
          13          21  0.806088426841512     
