           1           2   1.02085732129484     
           2           3  0.983085313111056     
           3           4  0.954024658885882     
           3           5   1.00847333885577     
           3           6  0.934870336139818     
           6           7   1.09707827537016     
           6           8  0.135956737657940     
           7           8   1.63611506729078     
           7           9   1.11783326723979     
           9          10   1.54188520375704     
          10          11   1.20153035720887     
           6          12   1.14468472313397     
          11          12   1.12227725773650     
           6          13  0.136044715068645     
          11          13  0.126609120511973     
          12          13   1.60941176076226     
          10          14   1.04275111498833     
           9          15  0.984410437644183     
           1          16  0.985128537361096     
           1          17  0.983611534952025     
           1          18  0.988024988100510     
           2          19  0.971669686418703     
           2          20  0.977246062071752     
           5          21  0.979965139864491     
           5          22  0.984959212691039     
           5          23  0.977732685747915     
          11          24  0.890356346626187     
          14          25  0.943805763181767     
          14          26  0.948927617226698     
          14          27  0.972860581221617     
