           1           2   1.01793374740540     
           2           3  0.974583069906201     
           3           4  0.985749985165525     
           4           5   1.69826341927098     
           4           6   1.18173004105308     
           5           6  0.172437841743376     
           1           7  0.986903933904469     
           1           8  0.984450652957932     
           1           9  0.986620604764144     
           2          10  0.979041746687100     
           2          11  0.977641636427492     
           3          12  0.960653331077898     
           3          13  0.971608702511726     
           6          14  0.802573562343373     
