           1           2   1.55760632091673     
           2           3   1.27298571771332     
           3           4   1.27298103801221     
           4           5   1.55760868323500     
           5           6   1.32027055664072     
           4           7  0.112663898626678     
           6           7   1.52493111518780     
           3           8   1.26744147416370     
           7           8   1.25563034630488     
           2           9  0.112663531107734     
           8           9   1.25562697154172     
           1          10   1.32026972911199     
           9          10   1.52493468765414     
           9          11   1.01352470730141     
           7          12   1.01352576724230     
          11          12   1.00016471901242     
           1          13  0.971558261801705     
           2          14  0.969659542304294     
           4          15  0.969659785233981     
           5          16  0.971557957686591     
           6          17  0.970483020652925     
          10          18  0.970483012695385     
          11          19  0.965590139677909     
          11          20  0.965600054376188     
          12          21  0.965599619939685     
          12          22  0.965589752041568     
