           1           2   1.02445408705014     
           2           3   1.41543862001515     
           3           4   1.43976637363404     
           2           5  0.104298414746045     
           4           5   1.43965998831561     
           3           6  0.104302547050232     
           5           6   1.41556214530763     
           2           7   1.38814381085702     
           4           7  0.106259025829685     
           6           7   1.38792484489672     
           7           8   1.02594801678081     
           6           9   1.02458387565166     
           1          10  0.975135405093501     
           1          11  0.984792317667822     
           1          12  0.969482561237251     
           3          13  0.968840644641956     
           4          14  0.971207682674864     
           5          15  0.968840842471075     
           8          16  0.967250017874861     
           8          17  0.978876051212605     
           8          18  0.978619812060923     
           9          19  0.975124001327218     
           9          20  0.969390380108064     
           9          21  0.984811900045662     
