$coord
         -3.806937545275          4.694741237180          1.798211285572     c 
         -2.757816271243          3.193424205341         -0.360133348890     c 
         -3.942319469850          2.457250212717         -2.156615280294     o 
         -0.285947389160          2.725022430291         -0.023283186432     o 
          0.941837135254          1.150612188627         -1.814946204038     c 
          2.020389720828         -1.233926422122         -0.565866909134     c 
          0.077145838051         -2.595075389483          1.092005629456     c 
         -2.110932953733         -3.184626904603         -0.336270312334     o 
         -4.352484119216         -2.346027127847          0.526789732612     c 
         -4.602120213745         -1.245650750752          2.499251749593     o 
         -6.422445538571         -2.940719263333         -1.307897512452     c 
          4.090126219331         -0.643487227134          1.052930452265     o 
          6.340234818291         -0.226241679773         -0.046142925151     c 
          6.689825365512         -0.361423334026         -2.284825074683     o 
          8.299046637983          0.436370933815          1.900067438650     c 
         -5.294244463755          5.939270742473          1.128026246253     h 
         -2.317967175309          5.749824535355          2.732663639212     h 
         -4.624976655270          3.351292182888          3.128277007028     h 
         -0.414561296719          0.602955803883         -3.279815633423     h 
          2.485655964884          2.227829036909         -2.667113356496     h 
          2.688538946666         -2.475966538320         -2.088196775311     h 
         -0.438056388704         -1.383256657703          2.690189527229     h 
          0.890705990843         -4.356489434183          1.805503022749     h 
         -6.632682118086         -1.297934802036         -2.531894985813     h 
         -8.185343439172         -3.243372502628         -0.303150251203     h 
         -5.925468942108         -4.569950720861         -2.449067177225     h 
         10.164410167965         -0.049543759307          1.197279150279     h 
          7.900486443049         -0.531463092537          3.663738332785     h 
          8.225599856464          2.464752911718          2.233753673769     h 
$end
