           1           2   1.02050490200374     
           2           3   1.00711814820119     
           3           4   1.00679470871216     
           4           5  0.990908255767752     
           1           6  0.986951951771226     
           1           7  0.987281777846608     
           1           8  0.985984719513681     
           2           9  0.977155926659048     
           2          10  0.977486255753100     
           3          11  0.974933739462751     
           3          12  0.974118101555454     
           4          13  0.978116335839662     
           4          14  0.971001766055624     
           5          15  0.944130569514205     
