$hessian                                                                        
        0.5070344975  -0.0221419869   0.0173611626  -0.0939421582  -0.0423071145
        0.0357033357  -0.0174759946  -0.0138297596   0.0187384804   0.0003933703
       -0.0003133127  -0.0002581383   0.0002334611  -0.0000347995   0.0000032802
       -0.0001514821   0.0000348274   0.0000064529  -0.2205121001   0.0834569797
        0.0633639233  -0.1205104390   0.0305286992  -0.1083128603  -0.0531064399
       -0.0374913405  -0.0244236948  -0.0035379584  -0.0069837700   0.0041481676
        0.0068694435   0.0098375692  -0.0091873040  -0.0045722973   0.0010362897
        0.0024814454   0.0009818428  -0.0012633026  -0.0004985201  -0.0014137666
       -0.0003094355   0.0007362232  -0.0000092372  -0.0000658689   0.0000494267
       -0.0000851911   0.0000658241   0.0000190337  -0.0000303383  -0.0000088952
        0.0000174590  -0.0000723744  -0.0000416287   0.0000007399  -0.0000298064
       -0.0000194416   0.0000733810  -0.0000630316  -0.0001495329  -0.0000219942
       -0.0221419869   0.4936418051   0.0235991164  -0.0412806617  -0.1262098580
        0.0532108715   0.0015246225   0.0052032596  -0.0040346441  -0.0000745248
       -0.0001577905  -0.0002124907  -0.0001101398  -0.0001505557   0.0000206145
        0.0000738840  -0.0003039937   0.0002076347   0.0831989127  -0.0817311712
       -0.0313507975   0.0302579198  -0.0553105365   0.0399118062  -0.0375248648
       -0.2094966861  -0.1021481196  -0.0142448139  -0.0218716481   0.0153415984
       -0.0036172469  -0.0062179329   0.0079762594   0.0023005175   0.0001518031
       -0.0016722621   0.0014065883   0.0015902427  -0.0007398273   0.0001734450
        0.0001954927  -0.0001446760   0.0000285272   0.0002011008   0.0000158830
        0.0000177095   0.0000422963  -0.0000287826   0.0000294054   0.0000337813
        0.0000120945  -0.0000105627   0.0001344949   0.0000479746   0.0000145199
        0.0001851012   0.0000530239  -0.0000212502   0.0000707950  -0.0000652774
        0.0173611626   0.0235991164   0.5010391786   0.0339383532   0.0529019460
       -0.1146883061   0.0107846254   0.0046366056  -0.0090159399   0.0000313503
        0.0003943230  -0.0006799878  -0.0001114928  -0.0000672506  -0.0000576754
        0.0000008517   0.0001518356  -0.0001036556   0.0635147919  -0.0315711674
       -0.0666679117  -0.1082277041   0.0401927933  -0.1934317230  -0.0242589339
       -0.1019207377  -0.1057918982  -0.0050398330  -0.0081231011   0.0079167557
        0.0105108090   0.0195827164  -0.0193757998   0.0025904068  -0.0005758895
       -0.0002588681   0.0000578095   0.0010932009   0.0003852490  -0.0011987426
       -0.0004097167   0.0004676888   0.0000033062   0.0000264973   0.0000959919
       -0.0000491505   0.0000888877   0.0000284762  -0.0000101370  -0.0000284314
        0.0000261546   0.0000093312   0.0000360723   0.0000512818   0.0001416051
        0.0000322106   0.0000210561  -0.0000484090  -0.0000399106   0.0000399329
       -0.0939421582  -0.0412806617   0.0339383532   0.4712383384   0.0045847241
        0.0346864530  -0.1569607048   0.0414679684   0.0390987154  -0.0237298945
        0.0090136188   0.0006112448  -0.0027444147  -0.0004081528  -0.0019675199
       -0.0001274099   0.0000492192   0.0000210423  -0.0155839602  -0.0169164665
        0.0177063607   0.0082322494   0.0103638926  -0.0089565926  -0.0041111134
       -0.0074474901   0.0039440166  -0.0489294357  -0.0322602831  -0.0213710896
       -0.1201699124   0.0257000669  -0.1067444425  -0.0127516152   0.0039360519
        0.0065948823   0.0000166424   0.0023180739   0.0014827168   0.0003495508
       -0.0000202078   0.0014513339  -0.0000192883  -0.0001086134  -0.0000729053
        0.0000935321  -0.0000666289  -0.0002373849  -0.0006791656   0.0008479939
        0.0000200512   0.0000641881  -0.0000662953  -0.0000247910  -0.0001250800
        0.0001035367  -0.0000820780  -0.0001203483   0.0001896529  -0.0000983663
       -0.0423071145  -0.1262098580   0.0529019460   0.0045847241   0.5030470897
        0.0178973277   0.0403006505  -0.0848721359  -0.0186524108   0.0035716425
       -0.0006048028   0.0023455214   0.0008214748   0.0000048532   0.0003842653
        0.0001670621  -0.0005468963  -0.0005082556   0.0045127272   0.0063853630
       -0.0055341217  -0.0024425447  -0.0060086943   0.0077095809  -0.0140653676
       -0.0227535851   0.0144838049  -0.0319462654  -0.2058793614  -0.0981322803
        0.0256872200  -0.0532315204   0.0327190214  -0.0125669196   0.0057842918
        0.0069621182   0.0250369932  -0.0156093697  -0.0125205593  -0.0000316245
        0.0005809864  -0.0001420906   0.0001123732   0.0001714591  -0.0000797317
       -0.0001429312  -0.0000424284   0.0002019518   0.0001048823   0.0000115136
       -0.0000056860  -0.0003076146  -0.0000348634  -0.0000850727  -0.0010902891
       -0.0001130298   0.0000552333   0.0000009212  -0.0000790112  -0.0000005621
        0.0357033357   0.0532108715  -0.1146883061   0.0346864530   0.0178973277
        0.5083876117   0.0355009237  -0.0176767031  -0.0805143145  -0.0147449452
        0.0066820746   0.0061121898  -0.0030359886   0.0002264378  -0.0022170438
       -0.0001024577   0.0000461930  -0.0005762762   0.0071557625   0.0070140948
       -0.0073517886   0.0098264984   0.0183211754  -0.0188494159  -0.0057545142
       -0.0079773521   0.0083015933  -0.0213733640  -0.0969180494  -0.1024024892
       -0.1066598427   0.0324934673  -0.1827846798   0.0215049060  -0.0077400495
       -0.0103376290   0.0099238404  -0.0068453859  -0.0039257183  -0.0008838477
        0.0007530845   0.0007466802   0.0000173879  -0.0000258765  -0.0000319006
       -0.0001369669   0.0000369160   0.0000809688  -0.0009132729   0.0007642994
       -0.0000273156  -0.0002475136  -0.0000882005   0.0000247739  -0.0003776357
       -0.0000444024   0.0000809152  -0.0000887583  -0.0001299227  -0.0000278554
       -0.0174759946   0.0015246225   0.0107846254  -0.1569607048   0.0403006505
        0.0355009237   0.4549428864   0.0213281310  -0.0156362148  -0.1208467279
       -0.0041303977  -0.0555713713  -0.0208484150   0.0047249707  -0.0144431908
       -0.0143877502  -0.0059745727  -0.0119177655  -0.0013710730  -0.0019306262
        0.0020399750   0.0002745987   0.0002564840  -0.0005537205   0.0005553637
        0.0008797971  -0.0001907756   0.0012245907   0.0021214748   0.0008212861
       -0.0220068431   0.0095639018   0.0050662294  -0.0597871883  -0.0359896071
        0.0527744436  -0.0457686264  -0.0340154324  -0.0100367737   0.0052986955
        0.0010748624   0.0035996278   0.0005569824  -0.0009680450   0.0000695027
        0.0007229811  -0.0005632337  -0.0009064716  -0.0032474879   0.0030691424
       -0.0002320788  -0.0015456173  -0.0026979624  -0.0004731137   0.0002807639
        0.0007626418   0.0000635372   0.0003895660   0.0006631982  -0.0007586747
       -0.0138297596   0.0052032596   0.0046366056   0.0414679684  -0.0848721359
       -0.0176767031   0.0213281310   0.5274756114  -0.0115054164  -0.0041577379
       -0.0635435974  -0.0017362546   0.0153298066  -0.0026943015   0.0121548762
       -0.0195781856  -0.0045441721  -0.0162118364  -0.0028830486  -0.0017796586
        0.0028832790   0.0000735877   0.0007142445  -0.0001461929  -0.0012804727
        0.0009794051   0.0008187627   0.0230522741  -0.0130954943  -0.0111287876
        0.0061890336  -0.0017693861  -0.0015530450  -0.0357932588  -0.1105617309
        0.0965559803  -0.0332786242  -0.2476293923  -0.0601378219   0.0029914049
        0.0012316479   0.0039943393   0.0011284703   0.0004457499   0.0009032688
       -0.0002882131   0.0007077558   0.0003348873   0.0035899584  -0.0028026938
       -0.0002231089  -0.0037062048  -0.0045735080  -0.0006687107  -0.0002228971
        0.0007110881  -0.0005357551  -0.0001322325   0.0003973088  -0.0007583664
        0.0187384804  -0.0040346441  -0.0090159399   0.0390987154  -0.0186524108
       -0.0805143145  -0.0156362148  -0.0115054164   0.4881867467  -0.0582712615
       -0.0010641920  -0.1261683462  -0.0018609501   0.0015185775   0.0010714081
       -0.0050419206  -0.0038630889  -0.0037101756   0.0025004508   0.0022723236
       -0.0022324895   0.0000321285  -0.0006254020   0.0004706546  -0.0007291648
       -0.0004964271   0.0005525395   0.0134729853  -0.0082366456  -0.0056840535
       -0.0188537120   0.0087088620   0.0055721515   0.0518625951   0.0973165284
       -0.1855003598  -0.0094172877  -0.0603736568  -0.0625605032  -0.0192124285
        0.0001027869  -0.0245577474   0.0004161864  -0.0004467999   0.0002869164
        0.0007281299  -0.0003791981   0.0007907775   0.0009642654  -0.0008198725
        0.0011036550  -0.0000516365  -0.0003120645   0.0006426282  -0.0001109274
        0.0002617899   0.0003002290   0.0013715666   0.0006289502   0.0009662231
        0.0003933703  -0.0000745248   0.0000313503  -0.0237298945   0.0035716425
       -0.0147449452  -0.1208467279  -0.0041577379  -0.0582712615   0.4775192568
        0.0029992904  -0.0298803331  -0.1186753997   0.0637466207   0.0157443992
       -0.0946859962  -0.0548322797   0.0048178883   0.0001482818  -0.0000545582
       -0.0000827400  -0.0008010324  -0.0001072480  -0.0000711024  -0.0002254569
        0.0000857659  -0.0000859928   0.0008089270  -0.0009677916  -0.0008335968
       -0.0042960683   0.0014880368   0.0011468947   0.0039576834  -0.0000383184
        0.0021121754  -0.0068309764  -0.0028432454  -0.0070703976  -0.0768069879
       -0.0106999337   0.0805573954   0.0073488579  -0.0085410668  -0.0019252374
       -0.0110759761   0.0103009454   0.0061500337  -0.0184485694   0.0174313323
        0.0009822507  -0.0128897266  -0.0189940869  -0.0017135826   0.0084657322
        0.0161442113  -0.0006580093  -0.0093292975  -0.0144570540   0.0037948112
       -0.0003133127  -0.0001577905   0.0003943230   0.0090136188  -0.0006048028
        0.0066820746  -0.0041303977  -0.0635435974  -0.0010641920   0.0029992904
        0.4720667526  -0.0069517010   0.0631069045  -0.1351237358  -0.0155976606
       -0.0562207961  -0.1635093066   0.0051068318  -0.0000411114   0.0000296901
       -0.0000632966  -0.0004940226   0.0000283406   0.0000083636  -0.0000193015
        0.0000052515  -0.0001044196   0.0004461441   0.0002554372   0.0005691637
        0.0030334130  -0.0005088164  -0.0004072254   0.0092903855   0.0001644054
        0.0113592501  -0.0186422228  -0.0039005423  -0.0201881579  -0.0103988673
       -0.0437719265   0.0236293645   0.0162767051  -0.0253818330  -0.0046944123
        0.0015111003   0.0000448878  -0.0025555664   0.0020932134  -0.0010152044
        0.0008172735  -0.0034348446  -0.0035700128  -0.0011182527  -0.0090401142
       -0.0250312916   0.0001965589  -0.0050357841  -0.0064759048   0.0039816808
       -0.0002581383  -0.0002124907  -0.0006799878   0.0006112448   0.0023455214
        0.0061121898  -0.0555713713  -0.0017362546  -0.1261683462  -0.0298803331
       -0.0069517010   0.5241566935   0.0167752804  -0.0162993866  -0.0707221150
        0.0043717700   0.0053912517  -0.0667283365   0.0004672618   0.0001842206
       -0.0000548028   0.0013880841   0.0004118725  -0.0000038597  -0.0000195567
        0.0000764325  -0.0001981154   0.0003891875  -0.0004117026   0.0007415876
        0.0023146047  -0.0012367787   0.0004197321  -0.0180634022   0.0019899191
       -0.0239267578  -0.0080213257  -0.0025486316  -0.0069118792   0.0803871088
        0.0226857296  -0.2261665265  -0.0017995380   0.0016010764   0.0003311504
        0.0204187416  -0.0211135842  -0.0078169733  -0.0143109851   0.0145481432
        0.0021838156  -0.0120938594  -0.0190905410  -0.0007865184  -0.0015926992
       -0.0037584790   0.0002278564   0.0144879251   0.0241253830  -0.0040088069
        0.0002334611  -0.0001101398  -0.0001114928  -0.0027444147   0.0008214748
       -0.0030359886  -0.0208484150   0.0153298066  -0.0018609501  -0.1186753997
        0.0631069045   0.0167752804   0.4937783542   0.0349660549   0.0082529201
        0.0060764993  -0.0067893620  -0.0018519009   0.0000172935  -0.0000435227
       -0.0000028938   0.0000535303   0.0001728194  -0.0000019994  -0.0000889564
        0.0000771723  -0.0000493890  -0.0000431177  -0.0001668784  -0.0001208762
       -0.0012869321   0.0003992303   0.0002012576  -0.0002055053   0.0000939872
       -0.0001918120   0.0000273477   0.0018053683   0.0007590618  -0.0109109368
        0.0124022488   0.0055437094  -0.0963090890  -0.0994558813   0.0101576748
       -0.0792069769  -0.0078973777   0.0839092778  -0.1711684370  -0.0098034278
       -0.1179921513   0.0007901446  -0.0009046270   0.0002100211  -0.0002700577
       -0.0033313156  -0.0001086915   0.0007816076  -0.0006725349  -0.0004810573
       -0.0000347995  -0.0001505557  -0.0000672506  -0.0004081528   0.0000048532
        0.0002264378   0.0047249707  -0.0026943015   0.0015185775   0.0637466207
       -0.1351237358  -0.0162993866   0.0349660549   0.4849432644  -0.0075033584
        0.0145042359  -0.0299837727  -0.0041833181  -0.0000368164   0.0000311662
        0.0000362718   0.0000522862   0.0000758030   0.0000247051  -0.0000077332
        0.0000784559  -0.0000383352  -0.0000879400   0.0001454973   0.0000956807
       -0.0000100585   0.0000325108  -0.0001004157  -0.0000991509   0.0001039303
       -0.0001172923  -0.0013768580   0.0012132899  -0.0009040152   0.0020177184
       -0.0008007306  -0.0013352304  -0.0998462581  -0.2251366214   0.0195712050
       -0.0082816447  -0.0449823644   0.0169759460  -0.0097802430  -0.0435638176
       -0.0075012266   0.0009548721   0.0006279243   0.0002924119  -0.0020374756
       -0.0058348151  -0.0000950712   0.0010403719   0.0010140196  -0.0005963357
        0.0000032802   0.0000206145  -0.0000576754  -0.0019675199   0.0003842653
       -0.0022170438  -0.0144431908   0.0121548762   0.0010714081   0.0157443992
       -0.0155976606  -0.0707221150   0.0082529201  -0.0075033584   0.5201382841
       -0.0006177001  -0.0001823927   0.0003096031  -0.0000614014  -0.0000433364
        0.0001208147  -0.0001432355  -0.0001600169   0.0001077793   0.0000770101
        0.0000408759   0.0000532779  -0.0000568430   0.0002611785   0.0000386281
       -0.0009907223   0.0004299090   0.0002397169  -0.0007544289   0.0003745772
       -0.0001700269  -0.0005856483   0.0011131621   0.0009809620   0.0199102482
       -0.0206362671  -0.0074112266   0.0102631895   0.0194190417  -0.0464080438
        0.0839768861   0.0166494442  -0.2442092109  -0.1181196253  -0.0076081530
       -0.1535777501   0.0003816925  -0.0004146901   0.0002060070  -0.0002505117
        0.0004413623   0.0006789945  -0.0006187988   0.0008565683   0.0008276168
       -0.0001514821   0.0000738840   0.0000008517  -0.0001274099   0.0001670621
       -0.0001024577  -0.0143877502  -0.0195781856  -0.0050419206  -0.0946859962
       -0.0562207961   0.0043717700   0.0060764993   0.0145042359  -0.0006177001
        0.5059055206  -0.0315025335   0.0029919000  -0.0000899294  -0.0000226226
       -0.0000277336   0.0000511783  -0.0000222623  -0.0000766582  -0.0000588215
       -0.0000144743   0.0000783107  -0.0005746004  -0.0005554135  -0.0001824922
       -0.0001195859  -0.0000401549  -0.0000109712   0.0009653875  -0.0005237856
        0.0011609236  -0.0030490643  -0.0007897468  -0.0024699555  -0.0075202914
       -0.0142823345   0.0028041639  -0.0014651787   0.0042398868   0.0006103149
        0.0006980370   0.0007300858  -0.0004829287   0.0009262662   0.0009085115
        0.0004358849  -0.1527151469  -0.0043647233  -0.1178573055  -0.1449930140
        0.1175916843   0.0187621721  -0.0946846180  -0.0102983175   0.0956538316
        0.0000348274  -0.0003039937   0.0001518356   0.0000492192  -0.0005468963
        0.0000461930  -0.0059745727  -0.0045441721  -0.0038630889  -0.0548322797
       -0.1635093066   0.0053912517  -0.0067893620  -0.0299837727  -0.0001823927
       -0.0315025335   0.4715410868   0.0026033824   0.0000008436   0.0000199913
       -0.0000624790  -0.0000885196   0.0000019029  -0.0000675868  -0.0000030113
        0.0000924841   0.0000134573   0.0006917471   0.0004719483   0.0000028704
        0.0001310143   0.0001075593   0.0000622175   0.0008090751   0.0005567323
        0.0008593589  -0.0006079044   0.0003982052  -0.0000375832  -0.0057379020
       -0.0077180402   0.0020679735   0.0028015843  -0.0044390331  -0.0009326158
       -0.0008517410   0.0009068878   0.0004840269  -0.0010536654   0.0005509038
       -0.0001669017  -0.0042970551  -0.0425407550  -0.0058296527   0.1174062503
       -0.1756865665  -0.0212006557  -0.0101860144  -0.0453751653   0.0206603893
        0.0000064529   0.0002076347  -0.0001036556   0.0000210423  -0.0005082556
       -0.0005762762  -0.0119177655  -0.0162118364  -0.0037101756   0.0048178883
        0.0051068318  -0.0667283365  -0.0018519009  -0.0041833181   0.0003096031
        0.0029919000   0.0026033824   0.5210458221  -0.0000101909  -0.0000606605
        0.0001933651  -0.0001087781  -0.0000810204   0.0001924973   0.0000393576
       -0.0000558688   0.0000300008   0.0002677762   0.0000415770   0.0000151925
       -0.0001061505   0.0000731229   0.0001266166  -0.0014665613  -0.0018179064
        0.0013212762  -0.0035749745  -0.0015249840  -0.0025050536   0.0141433398
        0.0241114683  -0.0032991415   0.0002255745  -0.0010842994   0.0004283478
       -0.0005768211  -0.0008916369   0.0006215780   0.0000666079   0.0005638605
        0.0003560776  -0.1178734309  -0.0054527947  -0.1727609774   0.0189627108
       -0.0216202221  -0.0479170407   0.0959439235   0.0207849259  -0.2270397199
       -0.2205121001   0.0831989127   0.0635147919  -0.0155839602   0.0045127272
        0.0071557625  -0.0013710730  -0.0028830486   0.0025004508   0.0001482818
       -0.0000411114   0.0004672618   0.0000172935  -0.0000368164  -0.0000614014
       -0.0000899294   0.0000008436  -0.0000101909   0.2556891111  -0.0958916670
       -0.0763392150  -0.0215992419   0.0109749254   0.0034690212   0.0033964577
       -0.0001038997  -0.0006611721  -0.0000756807   0.0001002380  -0.0003468173
        0.0005961736   0.0003113728  -0.0001282424  -0.0010275340   0.0001830242
        0.0005539304   0.0001844525  -0.0003657647  -0.0001922262   0.0001862853
        0.0001890350   0.0000804170   0.0000481160  -0.0000925876  -0.0000133304
        0.0000279956  -0.0000290399   0.0000150177  -0.0000206561  -0.0000126951
       -0.0000287547  -0.0000182762   0.0000097724  -0.0000257862  -0.0000216733
       -0.0000117612   0.0000418563   0.0000259578  -0.0000124597   0.0000086269
        0.0834569797  -0.0817311712  -0.0315711674  -0.0169164665   0.0063853630
        0.0070140948  -0.0019306262  -0.0017796586   0.0022723236  -0.0000545582
        0.0000296901   0.0001842206  -0.0000435227   0.0000311662  -0.0000433364
       -0.0000226226   0.0000199913  -0.0000606605  -0.0958916670   0.0941045331
        0.0342445841   0.0080221716  -0.0033222145  -0.0015296610   0.0245963905
       -0.0150809623  -0.0108753306  -0.0003475257   0.0005309329   0.0001352503
       -0.0001414842   0.0003787872  -0.0003362964  -0.0008477579   0.0003783357
        0.0005507142   0.0000351846   0.0000277169   0.0001207868   0.0000508088
       -0.0000747924  -0.0001190887  -0.0000582716   0.0000303543   0.0000060104
        0.0000177059  -0.0000075771  -0.0000076636   0.0000085661   0.0000125773
        0.0000070110   0.0000164646   0.0000149282   0.0000051772   0.0000120098
        0.0000355527   0.0000246262   0.0000382210   0.0000164472  -0.0000215946
        0.0633639233  -0.0313507975  -0.0666679117   0.0177063607  -0.0055341217
       -0.0073517886   0.0020399750   0.0028832790  -0.0022324895  -0.0000827400
       -0.0000632966  -0.0000548028  -0.0000028938   0.0000362718   0.0001208147
       -0.0000277336  -0.0000624790   0.0001933651  -0.0763392150   0.0342445841
        0.0765172672  -0.0232460500   0.0109355859   0.0063655293   0.0155919117
       -0.0105552930  -0.0065839643  -0.0003234318  -0.0003105188   0.0004575140
        0.0002863817  -0.0004252423  -0.0001152347   0.0010611081  -0.0001509600
       -0.0006049056  -0.0002162990   0.0002566666   0.0000121880   0.0002393490
        0.0001305608  -0.0000278342  -0.0000096762  -0.0000198669  -0.0000597498
       -0.0000340318   0.0000045982  -0.0000099500   0.0000229633   0.0000081545
        0.0000308576   0.0000103033  -0.0000023970   0.0000356837  -0.0000036980
        0.0000034392  -0.0000206014  -0.0000365069  -0.0000281672  -0.0000039871
       -0.1205104390   0.0302579198  -0.1082277041   0.0082322494  -0.0024425447
        0.0098264984   0.0002745987   0.0000735877   0.0000321285  -0.0008010324
       -0.0004940226   0.0013880841   0.0000535303   0.0000522862  -0.0001432355
        0.0000511783  -0.0000885196  -0.0001087781  -0.0215992419   0.0080221716
       -0.0232460500   0.1404574205  -0.0337932554   0.1258141757  -0.0047493073
        0.0003482858  -0.0072121754   0.0003404192   0.0003888350   0.0000395649
       -0.0003475198  -0.0019144490   0.0024170403  -0.0000557422  -0.0000144731
       -0.0001926270   0.0000283233   0.0000190502  -0.0000396685  -0.0014188929
       -0.0005747684  -0.0002382456   0.0000094443   0.0001007376   0.0000289849
        0.0000730013  -0.0000356277  -0.0000659438  -0.0000415002  -0.0000143109
       -0.0000249031  -0.0000264840   0.0000036328  -0.0000105176   0.0000014343
        0.0000257991   0.0000026790   0.0000285600   0.0000796655  -0.0000393070
        0.0305286992  -0.0553105365   0.0401927933   0.0103638926  -0.0060086943
        0.0183211754   0.0002564840   0.0007142445  -0.0006254020  -0.0001072480
        0.0000283406   0.0004118725   0.0001728194   0.0000758030  -0.0001600169
       -0.0000222623   0.0000019029  -0.0000810204   0.0109749254  -0.0033222145
        0.0109355859  -0.0337932554   0.0627063382  -0.0496598879  -0.0164147455
        0.0038714752  -0.0228433566   0.0006448464   0.0002465336   0.0002755714
       -0.0019642316  -0.0028670033   0.0037884390   0.0001218547  -0.0000385792
       -0.0001352142  -0.0000834539  -0.0000742755  -0.0001453071  -0.0007943539
        0.0003634634  -0.0001976905   0.0000466051  -0.0001083211  -0.0000617800
        0.0000326637  -0.0000915800  -0.0000208388  -0.0000051421  -0.0000366895
       -0.0000114248  -0.0000392582  -0.0000103893  -0.0000231579   0.0000204393
       -0.0001324723   0.0000769912   0.0000607212  -0.0000073460  -0.0000373315
       -0.1083128603   0.0399118062  -0.1934317230  -0.0089565926   0.0077095809
       -0.0188494159  -0.0005537205  -0.0001461929   0.0004706546  -0.0000711024
        0.0000083636  -0.0000038597  -0.0000019994   0.0000247051   0.0001077793
       -0.0000766582  -0.0000675868   0.0001924973   0.0034690212  -0.0015296610
        0.0063655293   0.1258141757  -0.0496598879   0.2244453123  -0.0134228856
        0.0007507685  -0.0176773864  -0.0002246183  -0.0005220659   0.0007121480
        0.0020539528   0.0039248039  -0.0028357388  -0.0002603854  -0.0002261166
        0.0001218780  -0.0000992578  -0.0001709805  -0.0004012324   0.0007909143
        0.0002178510   0.0008446285   0.0000918747  -0.0001817354  -0.0000802304
       -0.0000671081  -0.0000094610   0.0000186868  -0.0000496083   0.0000001207
        0.0000018134  -0.0000201151  -0.0000417354   0.0000272485  -0.0000219128
        0.0000371550  -0.0000473985  -0.0000811137  -0.0000297313   0.0000188090
       -0.0531064399  -0.0375248648  -0.0242589339  -0.0041111134  -0.0140653676
       -0.0057545142   0.0005553637  -0.0012804727  -0.0007291648  -0.0002254569
       -0.0000193015  -0.0000195567  -0.0000889564  -0.0000077332   0.0000770101
       -0.0000588215  -0.0000030113   0.0000393576   0.0033964577   0.0245963905
        0.0155919117  -0.0047493073  -0.0164147455  -0.0134228856   0.0593448717
        0.0461000685   0.0262985123  -0.0010155038  -0.0027147369   0.0019809933
        0.0003704535   0.0007214552  -0.0002655273   0.0000966185   0.0001649782
       -0.0000818743  -0.0005699017   0.0002997556   0.0005926696   0.0001319189
       -0.0000977694  -0.0000583780  -0.0000965243   0.0000962449  -0.0000370709
       -0.0000053169   0.0000050871   0.0000046679   0.0000756987   0.0000139140
        0.0000194126   0.0000349407   0.0000408648   0.0000112142   0.0000186616
        0.0000728937   0.0000074278   0.0000023570   0.0000163505   0.0000047285
       -0.0374913405  -0.2094966861  -0.1019207377  -0.0074474901  -0.0227535851
       -0.0079773521   0.0008797971   0.0009794051  -0.0004964271   0.0000857659
        0.0000052515   0.0000764325   0.0000771723   0.0000784559   0.0000408759
       -0.0000144743   0.0000924841  -0.0000558688  -0.0001038997  -0.0150809623
       -0.0105552930   0.0003482858   0.0038714752   0.0007507685   0.0461000685
        0.2454783562   0.1172110313  -0.0026080398  -0.0038605467   0.0033321816
        0.0003512192   0.0002281641  -0.0004458032   0.0003107949   0.0000565445
       -0.0001343722  -0.0004808801   0.0005109525   0.0001812845  -0.0000897175
       -0.0001766953  -0.0000317574  -0.0000420898   0.0000549079  -0.0000075065
       -0.0000112923  -0.0000312422   0.0000216233   0.0000286721  -0.0000310864
        0.0000053486   0.0000031149   0.0000264573  -0.0000222300   0.0001017313
        0.0000305265   0.0000015122   0.0000026020   0.0000178234   0.0000262897
       -0.0244236948  -0.1021481196  -0.1057918982   0.0039440166   0.0144838049
        0.0083015933  -0.0001907756   0.0008187627   0.0005525395  -0.0000859928
       -0.0001044196  -0.0001981154  -0.0000493890  -0.0000383352   0.0000532779
        0.0000783107   0.0000134573   0.0000300008  -0.0006611721  -0.0108753306
       -0.0065839643  -0.0072121754  -0.0228433566  -0.0176773864   0.0262985123
        0.1172110313   0.1215760139   0.0021863389   0.0030969317  -0.0011699316
        0.0001579151   0.0004203304   0.0008256119  -0.0000747153   0.0000972848
        0.0000525162   0.0000770903  -0.0001238447   0.0000956787   0.0000475999
       -0.0001170936  -0.0000653273  -0.0000616216   0.0000521056   0.0000041862
        0.0000070475   0.0000317024   0.0000088157  -0.0000069704   0.0000064076
       -0.0000221732   0.0000124578  -0.0000241944  -0.0000095206  -0.0000294730
        0.0000222895  -0.0000289924  -0.0000133093   0.0000205861   0.0000470753
       -0.0035379584  -0.0142448139  -0.0050398330  -0.0489294357  -0.0319462654
       -0.0213733640   0.0012245907   0.0230522741   0.0134729853   0.0008089270
        0.0004461441   0.0003891875  -0.0000431177  -0.0000879400  -0.0000568430
       -0.0005746004   0.0006917471   0.0002677762  -0.0000756807  -0.0003475257
       -0.0003234318   0.0003404192   0.0006448464  -0.0002246183  -0.0010155038
       -0.0026080398   0.0021863389   0.0606101487   0.0385018845   0.0215868952
       -0.0042714711  -0.0163116051  -0.0130748868   0.0001046877   0.0000451810
       -0.0000029131  -0.0043643836   0.0031864358   0.0025467294   0.0000146935
        0.0002468455  -0.0002230127   0.0000266221  -0.0001363597   0.0000585892
        0.0000905808   0.0000040663  -0.0000421946   0.0000174330  -0.0000608073
       -0.0000265902   0.0002320549  -0.0001255192  -0.0000394318  -0.0007492891
       -0.0008794772  -0.0001068411   0.0000912829  -0.0000710712   0.0000254586
       -0.0069837700  -0.0218716481  -0.0081231011  -0.0322602831  -0.2058793614
       -0.0969180494   0.0021214748  -0.0130954943  -0.0082366456  -0.0009677916
        0.0002554372  -0.0004117026  -0.0001668784   0.0001454973   0.0002611785
       -0.0005554135   0.0004719483   0.0000415770   0.0001002380   0.0005309329
       -0.0003105188   0.0003888350   0.0002465336  -0.0005220659  -0.0027147369
       -0.0038605467   0.0030969317   0.0385018845   0.2419199957   0.1127254220
       -0.0004060735   0.0027843299  -0.0000677149  -0.0001080131  -0.0000350216
       -0.0001256897   0.0027477978  -0.0013775674  -0.0019643366   0.0003109816
       -0.0005048364   0.0005261311  -0.0000476702  -0.0000277357  -0.0000568505
       -0.0001053402   0.0000050741  -0.0000007802   0.0000458450   0.0000336260
        0.0000701498   0.0001061818  -0.0000891458  -0.0000483150   0.0000065783
        0.0003992639   0.0000054899  -0.0000138463  -0.0000512814   0.0000588904
        0.0041481676   0.0153415984   0.0079167557  -0.0213710896  -0.0981322803
       -0.1024024892   0.0008212861  -0.0111287876  -0.0056840535  -0.0008335968
        0.0005691637   0.0007415876  -0.0001208762   0.0000956807   0.0000386281
       -0.0001824922   0.0000028704   0.0000151925  -0.0003468173   0.0001352503
        0.0004575140   0.0000395649   0.0002755714   0.0007121480   0.0019809933
        0.0033321816  -0.0011699316   0.0215868952   0.1127254220   0.1179149502
       -0.0080073190  -0.0229386044  -0.0176182499  -0.0000224531  -0.0001518570
       -0.0003792471   0.0022206359  -0.0007657649  -0.0006790758  -0.0000654263
        0.0002485967   0.0000215044  -0.0000033685   0.0000533459  -0.0000544152
       -0.0000237445  -0.0000403965  -0.0000621798   0.0000019945   0.0000586179
        0.0000429467  -0.0001050747   0.0001086319  -0.0000802286   0.0001638470
        0.0002272428   0.0003943678   0.0001188736  -0.0000164830  -0.0001257243
        0.0068694435  -0.0036172469   0.0105108090  -0.1201699124   0.0256872200
       -0.1066598427  -0.0220068431   0.0061890336  -0.0188537120  -0.0042960683
        0.0030334130   0.0023146047  -0.0012869321  -0.0000100585  -0.0009907223
       -0.0001195859   0.0001310143  -0.0001061505   0.0005961736  -0.0001414842
        0.0002863817  -0.0003475198  -0.0019642316   0.0020539528   0.0003704535
        0.0003512192   0.0001579151  -0.0042714711  -0.0004060735  -0.0080073190
        0.1447359574  -0.0292991181   0.1196548801  -0.0001143131  -0.0002774820
       -0.0006221621   0.0001462682   0.0000413362  -0.0001176739   0.0002075133
        0.0000119051   0.0004351375   0.0000357871  -0.0000781107  -0.0000101047
       -0.0000158054  -0.0000255893   0.0000109771  -0.0003886724   0.0003228400
       -0.0000125341   0.0000288818  -0.0000649917   0.0000253838   0.0000743767
        0.0000665381  -0.0000934196  -0.0000477317   0.0000498672   0.0000235990
        0.0098375692  -0.0062179329   0.0195827164   0.0257000669  -0.0532315204
        0.0324934673   0.0095639018  -0.0017693861   0.0087088620   0.0014880368
       -0.0005088164  -0.0012367787   0.0003992303   0.0000325108   0.0004299090
       -0.0000401549   0.0001075593   0.0000731229   0.0003113728   0.0003787872
       -0.0004252423  -0.0019144490  -0.0028670033   0.0039248039   0.0007214552
        0.0002281641   0.0004203304  -0.0163116051   0.0027843299  -0.0229386044
       -0.0292991181   0.0608700585  -0.0414289657  -0.0007111322   0.0006680904
        0.0001224403   0.0001302668  -0.0003072867   0.0001300078  -0.0001482385
       -0.0002245378   0.0000866435  -0.0000299207  -0.0000091726   0.0000385928
       -0.0000295329   0.0000401909   0.0000170656   0.0001425087  -0.0001161331
        0.0000343465   0.0000636765   0.0000361761   0.0000352303   0.0001784122
        0.0000827284  -0.0000755116  -0.0000523458   0.0000231940   0.0000075639
       -0.0091873040   0.0079762594  -0.0193757998  -0.1067444425   0.0327190214
       -0.1827846798   0.0050662294  -0.0015530450   0.0055721515   0.0011468947
       -0.0004072254   0.0004197321   0.0002012576  -0.0001004157   0.0002397169
       -0.0000109712   0.0000622175   0.0001266166  -0.0001282424  -0.0003362964
       -0.0001152347   0.0024170403   0.0037884390  -0.0028357388  -0.0002655273
       -0.0004458032   0.0008256119  -0.0130748868  -0.0000677149  -0.0176182499
        0.1196548801  -0.0414289657   0.2144521176   0.0006652446  -0.0004325317
        0.0010431760   0.0000108618   0.0001762058  -0.0000375341   0.0001254838
       -0.0000499256   0.0001252152   0.0000262639   0.0000273432  -0.0000393469
       -0.0000537357   0.0000068313   0.0000704818   0.0000721575  -0.0000406488
        0.0000013967   0.0000692184   0.0000051700   0.0000079217   0.0000728432
        0.0000752469  -0.0001346458  -0.0000632655   0.0000258379   0.0000570917
       -0.0045722973   0.0023005175   0.0025904068  -0.0127516152  -0.0125669196
        0.0215049060  -0.0597871883  -0.0357932588   0.0518625951   0.0039576834
        0.0092903855  -0.0180634022  -0.0002055053  -0.0000991509  -0.0007544289
        0.0009653875   0.0008090751  -0.0014665613  -0.0010275340  -0.0008477579
        0.0010611081  -0.0000557422   0.0001218547  -0.0002603854   0.0000966185
        0.0003107949  -0.0000747153   0.0001046877  -0.0001080131  -0.0000224531
       -0.0001143131  -0.0007111322   0.0006652446   0.0773330980   0.0418916053
       -0.0590630452  -0.0005985675  -0.0046613089   0.0043769672  -0.0023698793
        0.0000588996  -0.0030039870  -0.0001022771  -0.0000800888   0.0000358786
       -0.0000428823   0.0000589138   0.0002103900  -0.0002040274   0.0000796999
        0.0001919107   0.0000189064   0.0001263542   0.0000483688   0.0000670343
        0.0000130146   0.0001122682  -0.0007115869  -0.0001934851   0.0000489345
        0.0010362897   0.0001518031  -0.0005758895   0.0039360519   0.0057842918
       -0.0077400495  -0.0359896071  -0.1105617309   0.0973165284  -0.0000383184
        0.0001644054   0.0019899191   0.0000939872   0.0001039303   0.0003745772
       -0.0005237856   0.0005567323  -0.0018179064   0.0001830242   0.0003783357
       -0.0001509600  -0.0000144731  -0.0000385792  -0.0002261166   0.0001649782
        0.0000565445   0.0000972848   0.0000451810  -0.0000350216  -0.0001518570
       -0.0002774820   0.0006680904  -0.0004325317   0.0418916053   0.1257683228
       -0.1122996298  -0.0108413508  -0.0231779703   0.0251697354   0.0001410160
        0.0000763138  -0.0005988962  -0.0001128173   0.0000689989  -0.0000357543
        0.0004480781  -0.0001541237  -0.0001254748   0.0001023495   0.0000764169
       -0.0001990099  -0.0001448191  -0.0001988989  -0.0001592969   0.0000445532
       -0.0000704103  -0.0003068674  -0.0001444607   0.0003825491  -0.0001278049
        0.0024814454  -0.0016722621  -0.0002588681   0.0065948823   0.0069621182
       -0.0103376290   0.0527744436   0.0965559803  -0.1855003598   0.0021121754
        0.0113592501  -0.0239267578  -0.0001918120  -0.0001172923  -0.0001700269
        0.0011609236   0.0008593589   0.0013212762   0.0005539304   0.0005507142
       -0.0006049056  -0.0001926270  -0.0001352142   0.0001218780  -0.0000818743
       -0.0001343722   0.0000525162  -0.0000029131  -0.0001256897  -0.0003792471
       -0.0006221621   0.0001224403   0.0010431760  -0.0590630452  -0.1122996298
        0.2172838942  -0.0012553358  -0.0021251855   0.0052835389  -0.0035535039
        0.0006042646  -0.0042418172   0.0000091262  -0.0000762308  -0.0001035078
       -0.0001508828   0.0000487173   0.0002047420  -0.0001821046   0.0001916350
        0.0001316062   0.0003764081   0.0001208144   0.0003108470   0.0001165572
       -0.0004082648  -0.0004989451  -0.0008836313  -0.0002811520   0.0002685899
        0.0009818428   0.0014065883   0.0000578095   0.0000166424   0.0250369932
        0.0099238404  -0.0457686264  -0.0332786242  -0.0094172877  -0.0068309764
       -0.0186422228  -0.0080213257   0.0000273477  -0.0013768580  -0.0005856483
       -0.0030490643  -0.0006079044  -0.0035749745   0.0001844525   0.0000351846
       -0.0002162990   0.0000283233  -0.0000834539  -0.0000992578  -0.0005699017
       -0.0004808801   0.0000770903  -0.0043643836   0.0027477978   0.0022206359
        0.0001462682   0.0001302668   0.0000108618  -0.0005985675  -0.0108413508
       -0.0012553358   0.0617353609   0.0362458671   0.0116112574  -0.0002883481
       -0.0001383663  -0.0001597655  -0.0002846546   0.0007350082  -0.0007721675
       -0.0006369611  -0.0002235382   0.0002521111   0.0001163812   0.0000356186
        0.0001810568  -0.0008675885  -0.0011374430  -0.0002012619  -0.0000821864
        0.0003095799   0.0000694544   0.0001046396   0.0001277374  -0.0001007939
       -0.0012633026   0.0015902427   0.0010932009   0.0023180739  -0.0156093697
       -0.0068453859  -0.0340154324  -0.2476293923  -0.0603736568  -0.0028432454
       -0.0039005423  -0.0025486316   0.0018053683   0.0012132899   0.0011131621
       -0.0007897468   0.0003982052  -0.0015249840  -0.0003657647   0.0000277169
        0.0002566666   0.0000190502  -0.0000742755  -0.0001709805   0.0002997556
        0.0005109525  -0.0001238447   0.0031864358  -0.0013775674  -0.0007657649
        0.0000413362  -0.0003072867   0.0001762058  -0.0046613089  -0.0231779703
       -0.0021251855   0.0362458671   0.2885492135   0.0713221757  -0.0000216914
       -0.0002951928  -0.0000302216   0.0002162149   0.0002765790   0.0002391776
       -0.0003722512  -0.0000146859   0.0001308669   0.0003320216  -0.0000733986
        0.0002484036  -0.0003312426  -0.0003411442  -0.0001370745   0.0000147575
        0.0002031435   0.0001554813   0.0001851049   0.0000314826  -0.0000896104
       -0.0004985201  -0.0007398273   0.0003852490   0.0014827168  -0.0125205593
       -0.0039257183  -0.0100367737  -0.0601378219  -0.0625605032  -0.0070703976
       -0.0201881579  -0.0069118792   0.0007590618  -0.0009040152   0.0009809620
       -0.0024699555  -0.0000375832  -0.0025050536  -0.0001922262   0.0001207868
        0.0000121880  -0.0000396685  -0.0001453071  -0.0004012324   0.0005926696
        0.0001812845   0.0000956787   0.0025467294  -0.0019643366  -0.0006790758
       -0.0001176739   0.0001300078  -0.0000375341   0.0043769672   0.0251697354
        0.0052835389   0.0116112574   0.0713221757   0.0714248704  -0.0003037765
       -0.0000891495  -0.0008222120  -0.0004596631   0.0006400463  -0.0002814277
        0.0000671665   0.0001167730   0.0000776625   0.0003218070  -0.0001295367
        0.0000216304  -0.0007003905  -0.0010519223   0.0000132483   0.0001622808
        0.0000622080  -0.0001509523  -0.0000316109   0.0001651995  -0.0000194394
       -0.0014137666   0.0001734450  -0.0011987426   0.0003495508  -0.0000316245
       -0.0008838477   0.0052986955   0.0029914049  -0.0192124285  -0.0768069879
       -0.0103988673   0.0803871088  -0.0109109368   0.0020177184   0.0199102482
       -0.0075202914  -0.0057379020   0.0141433398   0.0001862853   0.0000508088
        0.0002393490  -0.0014188929  -0.0007943539   0.0007909143   0.0001319189
       -0.0000897175   0.0000475999   0.0000146935   0.0003109816  -0.0000654263
        0.0002075133  -0.0001482385   0.0001254838  -0.0023698793   0.0001410160
       -0.0035535039  -0.0002883481  -0.0000216914  -0.0003037765   0.0983330099
        0.0116236599  -0.0929245547   0.0006115159  -0.0005223906  -0.0001938270
       -0.0029897987   0.0036180958   0.0014425750  -0.0000685234  -0.0003730478
        0.0003397885  -0.0001931776   0.0001189652   0.0004054791   0.0003205881
        0.0004862061  -0.0002020693  -0.0014731684  -0.0034144682   0.0007062901
       -0.0003094355   0.0001954927  -0.0004097167  -0.0000202078   0.0005809864
        0.0007530845   0.0010748624   0.0012316479   0.0001027869  -0.0106999337
       -0.0437719265   0.0226857296   0.0124022488  -0.0008007306  -0.0206362671
       -0.0142823345  -0.0077180402   0.0241114683   0.0001890350  -0.0000747924
        0.0001305608  -0.0005747684   0.0003634634   0.0002178510  -0.0000977694
       -0.0001766953  -0.0001170936   0.0002468455  -0.0005048364   0.0002485967
        0.0000119051  -0.0002245378  -0.0000499256   0.0000588996   0.0000763138
        0.0006042646  -0.0001383663  -0.0002951928  -0.0000891495   0.0116236599
        0.0576248808  -0.0270801789   0.0001158454   0.0004548154  -0.0006474846
        0.0038953111  -0.0032481477  -0.0016706565  -0.0004074499   0.0004302278
       -0.0001128631   0.0002384066   0.0006938190   0.0002674854   0.0000813665
        0.0004027055   0.0004580532  -0.0034081204  -0.0052394529   0.0012334547
        0.0007362232  -0.0001446760   0.0004676888   0.0014513339  -0.0001420906
        0.0007466802   0.0035996278   0.0039943393  -0.0245577474   0.0805573954
        0.0236293645  -0.2261665265   0.0055437094  -0.0013352304  -0.0074112266
        0.0028041639   0.0020679735  -0.0032991415   0.0000804170  -0.0001190887
       -0.0000278342  -0.0002382456  -0.0001976905   0.0008446285  -0.0000583780
       -0.0000317574  -0.0000653273  -0.0002230127   0.0005261311   0.0000215044
        0.0004351375   0.0000866435   0.0001252152  -0.0030039870  -0.0005988962
       -0.0042418172  -0.0001597655  -0.0000302216  -0.0008222120  -0.0929245547
       -0.0270801789   0.2624785968  -0.0002916613  -0.0000660347   0.0000836766
        0.0016410185  -0.0016888790   0.0001771028  -0.0001408948   0.0002479130
        0.0004847779  -0.0001176561  -0.0003348669   0.0006241333  -0.0002329270
        0.0000995803   0.0000175598   0.0005420561   0.0011176658   0.0005202683
       -0.0000092372   0.0000285272   0.0000033062  -0.0000192883   0.0001123732
        0.0000173879   0.0005569824   0.0011284703   0.0004161864   0.0073488579
        0.0162767051  -0.0017995380  -0.0963090890  -0.0998462581   0.0102631895
       -0.0014651787   0.0028015843   0.0002255745   0.0000481160  -0.0000582716
       -0.0000096762   0.0000094443   0.0000466051   0.0000918747  -0.0000965243
       -0.0000420898  -0.0000616216   0.0000266221  -0.0000476702  -0.0000033685
        0.0000357871  -0.0000299207   0.0000262639  -0.0001022771  -0.0001128173
        0.0000091262  -0.0002846546   0.0002162149  -0.0004596631   0.0006115159
        0.0001158454  -0.0002916613   0.1117734635   0.1140826695  -0.0117928706
       -0.0075000326  -0.0127649606   0.0032615977  -0.0149424633  -0.0230238455
        0.0000615625  -0.0000835541   0.0000544944   0.0001387091   0.0004677535
        0.0009651997   0.0000444981  -0.0000662435   0.0000971450  -0.0001408775
       -0.0000658689   0.0002011008   0.0000264973  -0.0001086134   0.0001714591
       -0.0000258765  -0.0009680450   0.0004457499  -0.0004467999  -0.0085410668
       -0.0253818330   0.0016010764  -0.0994558813  -0.2251366214   0.0194190417
        0.0042398868  -0.0044390331  -0.0010842994  -0.0000925876   0.0000303543
       -0.0000198669   0.0001007376  -0.0001083211  -0.0001817354   0.0000962449
        0.0000549079   0.0000521056  -0.0001363597  -0.0000277357   0.0000533459
       -0.0000781107  -0.0000091726   0.0000273432  -0.0000800888   0.0000689989
       -0.0000762308   0.0007350082   0.0002765790   0.0006400463  -0.0005223906
        0.0004548154  -0.0000660347   0.1140826695   0.2638601615  -0.0216509015
       -0.0043983223  -0.0049101804   0.0027190041  -0.0046601520  -0.0041268611
       -0.0008411398   0.0001732388   0.0001731589   0.0001247291  -0.0005312378
       -0.0018689171  -0.0000633402   0.0002109391   0.0002713897  -0.0002069646
        0.0000494267   0.0000158830   0.0000959919  -0.0000729053  -0.0000797317
       -0.0000319006   0.0000695027   0.0009032688   0.0002869164  -0.0019252374
       -0.0046944123   0.0003311504   0.0101576748   0.0195712050  -0.0464080438
        0.0006103149  -0.0009326158   0.0004283478  -0.0000133304   0.0000060104
       -0.0000597498   0.0000289849  -0.0000617800  -0.0000802304  -0.0000370709
       -0.0000075065   0.0000041862   0.0000585892  -0.0000568505  -0.0000544152
       -0.0000101047   0.0000385928  -0.0000393469   0.0000358786  -0.0000357543
       -0.0001035078  -0.0007721675   0.0002391776  -0.0002814277  -0.0001938270
       -0.0006474846   0.0000836766  -0.0117928706  -0.0216509015   0.0506465942
        0.0168924109   0.0275341768  -0.0059001448  -0.0130105495  -0.0197827411
        0.0008518811   0.0000291015   0.0000676744   0.0000012246  -0.0000874541
       -0.0003279431   0.0002389217  -0.0000163666  -0.0000982675  -0.0000101238
       -0.0000851911   0.0000177095  -0.0000491505   0.0000935321  -0.0001429312
       -0.0001369669   0.0007229811  -0.0002882131   0.0007281299  -0.0110759761
        0.0015111003   0.0204187416  -0.0792069769  -0.0082816447   0.0839768861
        0.0006980370  -0.0008517410  -0.0005768211   0.0000279956   0.0000177059
       -0.0000340318   0.0000730013   0.0000326637  -0.0000671081  -0.0000053169
       -0.0000112923   0.0000070475   0.0000905808  -0.0001053402  -0.0000237445
       -0.0000158054  -0.0000295329  -0.0000537357  -0.0000428823   0.0004480781
       -0.0001508828  -0.0006369611  -0.0003722512   0.0000671665  -0.0029897987
        0.0038953111   0.0016410185  -0.0075000326  -0.0043983223   0.0168924109
        0.0916604681   0.0067761062  -0.0999587315   0.0080071287   0.0017997931
       -0.0224418998  -0.0000972316   0.0000459941  -0.0000931909  -0.0000057307
       -0.0001939029  -0.0000366688   0.0002881788   0.0001307100  -0.0001084685
        0.0000658241   0.0000422963   0.0000888877  -0.0000666289  -0.0000424284
        0.0000369160  -0.0005632337   0.0007077558  -0.0003791981   0.0103009454
        0.0000448878  -0.0211135842  -0.0078973777  -0.0449823644   0.0166494442
        0.0007300858   0.0009068878  -0.0008916369  -0.0000290399  -0.0000075771
        0.0000045982  -0.0000356277  -0.0000915800  -0.0000094610   0.0000050871
       -0.0000312422   0.0000317024   0.0000040663   0.0000050741  -0.0000403965
       -0.0000255893   0.0000401909   0.0000068313   0.0000589138  -0.0001541237
        0.0000487173  -0.0002235382  -0.0000146859   0.0001167730   0.0036180958
       -0.0032481477  -0.0016888790  -0.0127649606  -0.0049101804   0.0275341768
        0.0067761062   0.0513811664  -0.0187752405   0.0003173426   0.0008012171
       -0.0020497398  -0.0000433586  -0.0000816945   0.0000045279  -0.0001323711
        0.0001222621   0.0001426116  -0.0000947412  -0.0004877141   0.0002829494
        0.0000190337  -0.0000287826   0.0000284762  -0.0002373849   0.0002019518
        0.0000809688  -0.0009064716   0.0003348873   0.0007907775   0.0061500337
       -0.0025555664  -0.0078169733   0.0839092778   0.0169759460  -0.2442092109
       -0.0004829287   0.0004840269   0.0006215780   0.0000150177  -0.0000076636
       -0.0000099500  -0.0000659438  -0.0000208388   0.0000186868   0.0000046679
        0.0000216233   0.0000088157  -0.0000421946  -0.0000007802  -0.0000621798
        0.0000109771   0.0000170656   0.0000704818   0.0002103900  -0.0001254748
        0.0002047420   0.0002521111   0.0001308669   0.0000776625   0.0014425750
       -0.0016706565   0.0001771028   0.0032615977   0.0027190041  -0.0059001448
       -0.0999587315  -0.0187752405   0.2829164419   0.0066763705   0.0025760298
       -0.0271141642   0.0000066030   0.0000254871  -0.0003114310  -0.0001649185
        0.0001761918   0.0000679834  -0.0001000815  -0.0004780773   0.0003603365
       -0.0000303383   0.0000294054  -0.0000101370  -0.0006791656   0.0001048823
       -0.0009132729  -0.0032474879   0.0035899584   0.0009642654  -0.0184485694
        0.0020932134  -0.0143109851  -0.1711684370  -0.0097802430  -0.1181196253
        0.0009262662  -0.0010536654   0.0000666079  -0.0000206561   0.0000085661
        0.0000229633  -0.0000415002  -0.0000051421  -0.0000496083   0.0000756987
        0.0000286721  -0.0000069704   0.0000174330   0.0000458450   0.0000019945
       -0.0003886724   0.0001425087   0.0000721575  -0.0002040274   0.0001023495
       -0.0001821046   0.0001163812   0.0003320216   0.0003218070  -0.0000685234
       -0.0004074499  -0.0001408948  -0.0149424633  -0.0046601520  -0.0130105495
        0.0080071287   0.0003173426   0.0066763705   0.1997862364   0.0089826018
        0.1384259036   0.0003219147   0.0003392172   0.0001805217   0.0000353089
       -0.0002891385   0.0000353049  -0.0000465266   0.0000792067  -0.0000237484
       -0.0000088952   0.0000337813  -0.0000284314   0.0008479939   0.0000115136
        0.0007642994   0.0030691424  -0.0028026938  -0.0008198725   0.0174313323
       -0.0010152044   0.0145481432  -0.0098034278  -0.0435638176  -0.0076081530
        0.0009085115   0.0005509038   0.0005638605  -0.0000126951   0.0000125773
        0.0000081545  -0.0000143109  -0.0000366895   0.0000001207   0.0000139140
       -0.0000310864   0.0000064076  -0.0000608073   0.0000336260   0.0000586179
        0.0003228400  -0.0001161331  -0.0000406488   0.0000796999   0.0000764169
        0.0001916350   0.0000356186  -0.0000733986  -0.0001295367  -0.0003730478
        0.0004302278   0.0002479130  -0.0230238455  -0.0041268611  -0.0197827411
        0.0017997931   0.0008012171   0.0025760298   0.0089826018   0.0504849434
        0.0097669982  -0.0000199651  -0.0007367655  -0.0003764229  -0.0001334949
        0.0001535959  -0.0000311447  -0.0000409581  -0.0000861529   0.0000847711
        0.0000174590   0.0000120945   0.0000261546   0.0000200512  -0.0000056860
       -0.0000273156  -0.0002320788  -0.0002231089   0.0011036550   0.0009822507
        0.0008172735   0.0021838156  -0.1179921513  -0.0075012266  -0.1535777501
        0.0004358849  -0.0001669017   0.0003560776  -0.0000287547   0.0000070110
        0.0000308576  -0.0000249031  -0.0000114248   0.0000018134   0.0000194126
        0.0000053486  -0.0000221732  -0.0000265902   0.0000701498   0.0000429467
       -0.0000125341   0.0000343465   0.0000013967   0.0001919107  -0.0001990099
        0.0001316062   0.0001810568   0.0002484036   0.0000216304   0.0003397885
       -0.0001128631   0.0004847779   0.0000615625  -0.0008411398   0.0008518811
       -0.0224418998  -0.0020497398  -0.0271141642   0.1384259036   0.0097669982
        0.1756519872   0.0000429976   0.0001316280   0.0003160663   0.0001546546
       -0.0000714870  -0.0000561044  -0.0001140207   0.0000893337  -0.0004071587
       -0.0000723744  -0.0000105627   0.0000093312   0.0000641881  -0.0003076146
       -0.0002475136  -0.0015456173  -0.0037062048  -0.0000516365  -0.0128897266
       -0.0034348446  -0.0120938594   0.0007901446   0.0009548721   0.0003816925
       -0.1527151469  -0.0042970551  -0.1178734309  -0.0000182762   0.0000164646
        0.0000103033  -0.0000264840  -0.0000392582  -0.0000201151   0.0000349407
        0.0000031149   0.0000124578   0.0002320549   0.0001061818  -0.0001050747
        0.0000288818   0.0000636765   0.0000692184   0.0000189064  -0.0001448191
        0.0003764081  -0.0008675885  -0.0003312426  -0.0007003905  -0.0001931776
        0.0002384066  -0.0001176561  -0.0000835541   0.0001732388   0.0000291015
       -0.0000972316  -0.0000433586   0.0000066030   0.0003219147  -0.0000199651
        0.0000429976   0.1769983858   0.0072779556   0.1386988243  -0.0190217124
        0.0030248002  -0.0181930744   0.0090414728   0.0004762143   0.0097658136
       -0.0000416287   0.0001344949   0.0000360723  -0.0000662953  -0.0000348634
       -0.0000882005  -0.0026979624  -0.0045735080  -0.0003120645  -0.0189940869
       -0.0035700128  -0.0190905410  -0.0009046270   0.0006279243  -0.0004146901
       -0.0043647233  -0.0425407550  -0.0054527947   0.0000097724   0.0000149282
       -0.0000023970   0.0000036328  -0.0000103893  -0.0000417354   0.0000408648
        0.0000264573  -0.0000241944  -0.0001255192  -0.0000891458   0.0001086319
       -0.0000649917   0.0000361761   0.0000051700   0.0001263542  -0.0001988989
        0.0001208144  -0.0011374430  -0.0003411442  -0.0010519223   0.0001189652
        0.0006938190  -0.0003348669   0.0000544944   0.0001731589   0.0000676744
        0.0000459941  -0.0000816945   0.0000254871   0.0003392172  -0.0007367655
        0.0001316280   0.0072779556   0.0505368021   0.0064812695   0.0184484119
       -0.0008386814   0.0179182111   0.0019316149   0.0007720981   0.0019184482
        0.0000007399   0.0000479746   0.0000512818  -0.0000247910  -0.0000850727
        0.0000247739  -0.0004731137  -0.0006687107   0.0006426282  -0.0017135826
       -0.0011182527  -0.0007865184   0.0002100211   0.0002924119   0.0002060070
       -0.1178573055  -0.0058296527  -0.1727609774  -0.0000257862   0.0000051772
        0.0000356837  -0.0000105176  -0.0000231579   0.0000272485   0.0000112142
       -0.0000222300  -0.0000095206  -0.0000394318  -0.0000483150  -0.0000802286
        0.0000253838   0.0000352303   0.0000079217   0.0000483688  -0.0001592969
        0.0003108470  -0.0002012619  -0.0001370745   0.0000132483   0.0004054791
        0.0002674854   0.0006241333   0.0001387091   0.0001247291   0.0000012246
       -0.0000931909   0.0000045279  -0.0003114310   0.0001805217  -0.0003764229
        0.0003160663   0.1386988243   0.0064812695   0.1983645338   0.0003534720
        0.0008692391   0.0014564604  -0.0196337526   0.0003401411  -0.0281333827
       -0.0000298064   0.0000145199   0.0001416051  -0.0001250800  -0.0010902891
       -0.0003776357   0.0002807639  -0.0002228971  -0.0001109274   0.0084657322
       -0.0090401142  -0.0015926992  -0.0002700577  -0.0020374756  -0.0002505117
       -0.1449930140   0.1174062503   0.0189627108  -0.0000216733   0.0000120098
       -0.0000036980   0.0000014343   0.0000204393  -0.0000219128   0.0000186616
        0.0001017313  -0.0000294730  -0.0007492891   0.0000065783   0.0001638470
        0.0000743767   0.0001784122   0.0000728432   0.0000670343   0.0000445532
        0.0001165572  -0.0000821864   0.0000147575   0.0001622808   0.0003205881
        0.0000813665  -0.0002329270   0.0004677535  -0.0005312378  -0.0000874541
       -0.0000057307  -0.0001323711  -0.0001649185   0.0000353089  -0.0001334949
        0.0001546546  -0.0190217124   0.0184484119   0.0003534720   0.1683340343
       -0.1357650637  -0.0218885421  -0.0127671378   0.0126239134   0.0046327289
       -0.0000194416   0.0001851012   0.0000322106   0.0001035367  -0.0001130298
       -0.0000444024   0.0007626418   0.0007110881   0.0002617899   0.0161442113
       -0.0250312916  -0.0037584790  -0.0033313156  -0.0058348151   0.0004413623
        0.1175916843  -0.1756865665  -0.0216202221  -0.0000117612   0.0000355527
        0.0000034392   0.0000257991  -0.0001324723   0.0000371550   0.0000728937
        0.0000305265   0.0000222895  -0.0008794772   0.0003992639   0.0002272428
        0.0000665381   0.0000827284   0.0000752469   0.0000130146  -0.0000704103
       -0.0004082648   0.0003095799   0.0002031435   0.0000622080   0.0004862061
        0.0004027055   0.0000995803   0.0009651997  -0.0018689171  -0.0003279431
       -0.0001939029   0.0001222621   0.0001761918  -0.0002891385   0.0001535959
       -0.0000714870   0.0030248002  -0.0008386814   0.0008692391  -0.1357650637
        0.2061927287   0.0251107970   0.0009239952   0.0010574876  -0.0011879539
        0.0000733810   0.0000530239   0.0000210561  -0.0000820780   0.0000552333
        0.0000809152   0.0000635372  -0.0005357551   0.0003002290  -0.0006580093
        0.0001965589   0.0002278564  -0.0001086915  -0.0000950712   0.0006789945
        0.0187621721  -0.0212006557  -0.0479170407   0.0000418563   0.0000246262
       -0.0000206014   0.0000026790   0.0000769912  -0.0000473985   0.0000074278
        0.0000015122  -0.0000289924  -0.0001068411   0.0000054899   0.0003943678
       -0.0000934196  -0.0000755116  -0.0001346458   0.0001122682  -0.0003068674
       -0.0004989451   0.0000694544   0.0001554813  -0.0001509523  -0.0002020693
        0.0004580532   0.0000175598   0.0000444981  -0.0000633402   0.0002389217
       -0.0000366688   0.0001426116   0.0000679834   0.0000353049  -0.0000311447
       -0.0000561044  -0.0181930744   0.0179182111   0.0014564604  -0.0218885421
        0.0251107970   0.0519546960   0.0221568151  -0.0218902437  -0.0065843597
       -0.0000630316  -0.0000212502  -0.0000484090  -0.0001203483   0.0000009212
       -0.0000887583   0.0003895660  -0.0001322325   0.0013715666  -0.0093292975
       -0.0050357841   0.0144879251   0.0007816076   0.0010403719  -0.0006187988
       -0.0946846180  -0.0101860144   0.0959439235   0.0000259578   0.0000382210
       -0.0000365069   0.0000285600   0.0000607212  -0.0000811137   0.0000023570
        0.0000026020  -0.0000133093   0.0000912829  -0.0000138463   0.0001188736
       -0.0000477317  -0.0000523458  -0.0000632655  -0.0007115869  -0.0001444607
       -0.0008836313   0.0001046396   0.0001851049  -0.0000316109  -0.0014731684
       -0.0034081204   0.0005420561  -0.0000662435   0.0002109391  -0.0000163666
        0.0002881788  -0.0000947412  -0.0001000815  -0.0000465266  -0.0000409581
       -0.0001140207   0.0090414728   0.0019316149  -0.0196337526  -0.0127671378
        0.0009239952   0.0221568151   0.1085560676   0.0147352624  -0.1128915349
       -0.0001495329   0.0000707950  -0.0000399106   0.0001896529  -0.0000790112
       -0.0001299227   0.0006631982   0.0003973088   0.0006289502  -0.0144570540
       -0.0064759048   0.0241253830  -0.0006725349   0.0010140196   0.0008565683
       -0.0102983175  -0.0453751653   0.0207849259  -0.0000124597   0.0000164472
       -0.0000281672   0.0000796655  -0.0000073460  -0.0000297313   0.0000163505
        0.0000178234   0.0000205861  -0.0000710712  -0.0000512814  -0.0000164830
        0.0000498672   0.0000231940   0.0000258379  -0.0001934851   0.0003825491
       -0.0002811520   0.0001277374   0.0000314826   0.0001651995  -0.0034144682
       -0.0052394529   0.0011176658   0.0000971450   0.0002713897  -0.0000982675
        0.0001307100  -0.0004877141  -0.0004780773   0.0000792067  -0.0000861529
        0.0000893337   0.0004762143   0.0007720981   0.0003401411   0.0126239134
        0.0010574876  -0.0218902437   0.0147352624   0.0537474335  -0.0251626360
       -0.0000219942  -0.0000652774   0.0000399329  -0.0000983663  -0.0000005621
       -0.0000278554  -0.0007586747  -0.0007583664   0.0009662231   0.0037948112
        0.0039816808  -0.0040088069  -0.0004810573  -0.0005963357   0.0008276168
        0.0956538316   0.0206603893  -0.2270397199   0.0000086269  -0.0000215946
       -0.0000039871  -0.0000393070  -0.0000373315   0.0000188090   0.0000047285
        0.0000262897   0.0000470753   0.0000254586   0.0000588904  -0.0001257243
        0.0000235990   0.0000075639   0.0000570917   0.0000489345  -0.0001278049
        0.0002685899  -0.0001007939  -0.0000896104  -0.0000194394   0.0007062901
        0.0012334547   0.0005202683  -0.0001408775  -0.0002069646  -0.0000101238
       -0.0001084685   0.0002829494   0.0003603365  -0.0000237484   0.0000847711
       -0.0004071587   0.0097658136   0.0019184482  -0.0281333827   0.0046327289
       -0.0011879539  -0.0065843597  -0.1128915349  -0.0251626360   0.2632546142
