           1           2   1.02037905556956     
           2           3   1.00765594665057     
           3           4  0.975471236200521     
           4           5  0.996315023621972     
           4           6  0.989426304122276     
           4           7  0.968957352986547     
           1           8  0.983864628897987     
           1           9  0.988070928011725     
           1          10  0.987617708119987     
           2          11  0.977624636384133     
           2          12  0.975843765738112     
           3          13  0.974327093196117     
           3          14  0.975530777937011     
           5          15  0.982351785310833     
           5          16  0.985573476447974     
           5          17  0.984493939662920     
           6          18  0.985018850030770     
           6          19  0.985294834857994     
           6          20  0.984793729164273     
           7          21  0.871116329056399     
