$coord
        -11.479740718639          2.041784682131          0.356376949758     c 
         -9.600428689434          0.137724485364         -0.707831089340     c 
         -6.994484861840          0.413644817240          0.498837419431     c 
         -5.099272822872         -1.481830196558         -0.567583951548     c 
         -2.493443638149         -1.191349837104          0.634478104369     c 
         -0.589046837160         -3.058588216546         -0.461316751593     c 
          1.997479324036         -2.874683517013          0.750446252358     c 
          3.884355089257          0.662737075286         -0.061945821330     i 
        -10.828814132527          3.962107222068          0.018292938551     h 
        -13.320155092643          1.815300838891         -0.529400741823     h 
        -11.699250498784          1.782505905677          2.383929715536     h 
         -9.436525645868          0.403917980716         -2.748449359105     h 
        -10.303531404959         -1.776260034870         -0.382709527805     h 
         -7.157572572941          0.143600149976          2.539623239290     h 
         -6.295810786919          2.329563933454          0.177371658790     h 
         -4.942421806069         -1.211519315475         -2.608742927842     h 
         -5.795220159120         -3.399821029913         -0.244701009261     h 
         -2.643483408187         -1.482855200165          2.674516204079     h 
         -1.822555659327          0.736415180426          0.323973040905     h 
         -0.434185357096         -2.772381321336         -2.500423828303     h 
         -1.274752718021         -4.986877858470         -0.154491274436     h 
          3.257587052966         -4.339934618695          0.053356202041     h 
          1.877133516659         -2.989253942053          2.798414067339     h 
$end
