$hessian                                                                        
        0.4764639883  -0.0178181239   0.0248044007  -0.1539256245  -0.0446100979
        0.0486031878  -0.0285838344  -0.0047539865   0.0079936284  -0.0036320707
        0.0022832702  -0.0014980930  -0.0011054714  -0.0005646693   0.0005282204
       -0.0006190994  -0.0012300378   0.0001570462  -0.1921673540   0.1009438718
       -0.0625418095  -0.0459410183  -0.0265756422  -0.0085066677  -0.0437064584
       -0.0006532879  -0.0158225251  -0.0022870484  -0.0010470799   0.0031927758
       -0.0056456239  -0.0050070046   0.0023002590   0.0009203296  -0.0006170951
        0.0011889802  -0.0000755969  -0.0000390986  -0.0001743930   0.0001502732
        0.0002521461  -0.0000494810   0.0000483915  -0.0000884252   0.0000018662
       -0.0004011320   0.0001067617  -0.0001698342   0.0000220395   0.0000013030
        0.0000514088   0.0004853099  -0.0005828040  -0.0000589701
       -0.0178181239   0.5128336148   0.0106175603  -0.0418646089  -0.0871035999
        0.0212029349   0.0082545291   0.0045492695  -0.0047156760   0.0018064826
       -0.0006840547   0.0008788832   0.0005003099   0.0003634622  -0.0001688710
        0.0006236004   0.0010518658  -0.0003300790   0.1006252062  -0.1092881281
        0.0399225680  -0.0274375863  -0.2622955220  -0.0603830122  -0.0006003752
       -0.0465535686  -0.0193951863   0.0013493408   0.0016242017  -0.0003658901
       -0.0261588332  -0.0152356291   0.0126721029   0.0001657616   0.0002817965
       -0.0004388889  -0.0000176542  -0.0000080126  -0.0001118044   0.0001612377
        0.0002901829   0.0000507088  -0.0001241521   0.0000741030  -0.0000432712
        0.0002484659  -0.0000014819   0.0000326019  -0.0000407072   0.0000110196
       -0.0000025808   0.0003271070   0.0000904808   0.0005779001
        0.0248044007   0.0106175603   0.5091190980   0.0470444040   0.0217645891
       -0.0922498322  -0.0047690538  -0.0042925508   0.0031192664  -0.0018109630
        0.0008476988  -0.0003884591  -0.0004633271  -0.0001532697   0.0001872076
       -0.0002820276   0.0003334266   0.0007240199  -0.0624899922   0.0399544644
       -0.0689124389  -0.0083917444  -0.0597358090  -0.0607256172  -0.0155547541
       -0.0193391443  -0.2782984967   0.0259631323   0.0118155040  -0.0167367122
       -0.0028962745  -0.0013641398   0.0027989119  -0.0014604071  -0.0001385565
        0.0013486894  -0.0002019073  -0.0000585090   0.0002880520   0.0000056217
       -0.0000564011  -0.0000542493   0.0000369998   0.0000008165   0.0000268390
       -0.0002106681   0.0000122457  -0.0000147320   0.0000758415  -0.0000304535
        0.0000975227   0.0006007191  -0.0001774717  -0.0003290693
       -0.1539256245  -0.0418646089   0.0470444040   0.4451605571   0.0132916399
       -0.0052007774  -0.1364778577   0.0363004261  -0.0362082508  -0.0279543973
        0.0054485949  -0.0067772597  -0.0035764113  -0.0018334678   0.0019293432
       -0.0033820088   0.0114531289  -0.0000328904  -0.0262038494  -0.0086400220
        0.0105877786  -0.0050569764  -0.0058639527   0.0018728744  -0.0012573470
       -0.0001464743   0.0040413560  -0.0419412031  -0.0008558374  -0.0095421979
       -0.0404310039  -0.0106966138  -0.0030652862  -0.0048315745   0.0022455300
       -0.0041659497   0.0006137695   0.0005677393  -0.0006487648  -0.0001829000
        0.0012036982  -0.0004062510   0.0001041744  -0.0001116280  -0.0000337978
       -0.0013123675   0.0004192359  -0.0004596896  -0.0000062449  -0.0000185947
        0.0002134220   0.0006612653  -0.0008987937   0.0008519371
       -0.0446100979  -0.0871035999   0.0217645891   0.0132916399   0.5156507005
        0.0284286105   0.0348826289  -0.0748753856   0.0172418272  -0.0072504463
        0.0034901596  -0.0034769903  -0.0022739266  -0.0008916515   0.0010494894
        0.0309381713  -0.0365856426   0.0043027903   0.0118011908   0.0051258582
       -0.0056526799  -0.0259961504  -0.0144380012   0.0123187235   0.0010405912
        0.0011150983   0.0006559863  -0.0004310957  -0.0497645382  -0.0314856454
       -0.0107187979  -0.2639106603  -0.0471273390   0.0018821501   0.0012882397
        0.0024643822  -0.0001971284   0.0000963707  -0.0002723583  -0.0015289089
        0.0005440336   0.0000120855  -0.0001822710  -0.0000700972  -0.0000632719
       -0.0008977020   0.0001930812  -0.0002341544   0.0000477127  -0.0000070849
        0.0000144017   0.0002024402   0.0001431196   0.0000595532
        0.0486031878   0.0212029349  -0.0922498322  -0.0052007774   0.0284286105
        0.5178167030  -0.0364104626   0.0175294956  -0.0843255531   0.0072644111
       -0.0028182865   0.0034178583   0.0014616221   0.0008409851  -0.0003946801
        0.0074530248  -0.0066407352   0.0062235932  -0.0065874012  -0.0027438915
        0.0037875376  -0.0049202468  -0.0012479907   0.0031501033   0.0263012742
        0.0117233160  -0.0177007475  -0.0100062703  -0.0322655197  -0.2689262123
       -0.0037566054  -0.0464842276  -0.0548146879  -0.0260233163   0.0123653751
       -0.0174798799   0.0009774207  -0.0000149453   0.0005591051   0.0000700560
       -0.0002382629   0.0001992852   0.0000182514  -0.0001775596  -0.0000763985
        0.0006080827  -0.0001248097   0.0003439717   0.0001564533   0.0000526880
        0.0002942578  -0.0000087040   0.0006128233   0.0001755765
       -0.0285838344   0.0082545291  -0.0047690538  -0.1364778577   0.0348826289
       -0.0364104626   0.4552601830   0.0078127773  -0.0104854663  -0.1368780173
       -0.0413762412   0.0385584100  -0.0300741138  -0.0093122659   0.0059406683
       -0.0671523575   0.0255772073   0.0207615356  -0.0041932844  -0.0017808086
        0.0017127965   0.0004638029   0.0004235610  -0.0002921258   0.0009989185
        0.0003158946  -0.0009948682  -0.0042546302   0.0024994819  -0.0047853564
       -0.0005793348   0.0014168304  -0.0002711789  -0.0431271843  -0.0012811078
       -0.0034020364  -0.0043969383  -0.0024433120   0.0050656847   0.0002946333
       -0.0005517963  -0.0000703068   0.0005654817  -0.0004748551   0.0005148484
       -0.0048247354   0.0016639831  -0.0020981198   0.0008502449  -0.0002406106
        0.0006653702   0.0021090238  -0.0253858962  -0.0096403387
       -0.0047539865   0.0045492695  -0.0042925508   0.0363004261  -0.0748753856
        0.0175294956   0.0078127773   0.4243345911  -0.0064922223  -0.0446481008
       -0.0842908454   0.0212582250   0.0037684065   0.0042485707  -0.0038717808
        0.0041627075  -0.1827731865  -0.0406063868  -0.0030817492  -0.0004150930
        0.0010736358  -0.0004591414  -0.0002522969  -0.0005131263   0.0001148834
        0.0006339908   0.0000764377  -0.0018279863   0.0015335383  -0.0002700037
        0.0215180588  -0.0165721959   0.0091555899  -0.0005456914  -0.0370435256
        0.0014728693   0.0017528968   0.0018685036  -0.0001291865  -0.0217215650
       -0.0179234176   0.0099010527   0.0009728427  -0.0001411733  -0.0004279096
        0.0027949893  -0.0001569347   0.0008457135   0.0000239270   0.0003051840
       -0.0000800469  -0.0021836948  -0.0230295935  -0.0046298058
        0.0079936284  -0.0047156760   0.0031192664  -0.0362082508   0.0172418272
       -0.0843255531  -0.0104854663  -0.0064922223   0.5032322643   0.0374169547
        0.0188797787  -0.0871849937  -0.0073744472  -0.0049698869   0.0034794890
        0.0152363153  -0.0522206477  -0.0745407206   0.0031146286   0.0007414056
       -0.0004625531  -0.0002572475  -0.0002720007   0.0003056147   0.0018317985
       -0.0004538263   0.0006354983  -0.0263427131   0.0136303041  -0.0168257726
        0.0043694322  -0.0032344373   0.0022101667  -0.0027099128  -0.0005942578
       -0.2368330757   0.0264368194   0.0144688044  -0.0176806823  -0.0042756412
       -0.0033041620   0.0021856381   0.0001260731  -0.0002262218   0.0005881946
       -0.0029497158   0.0008018480  -0.0004055201  -0.0016876823  -0.0005355335
        0.0004462943  -0.0042345732   0.0112549041   0.0020564447
       -0.0036320707   0.0018064826  -0.0018109630  -0.0279543973  -0.0072504463
        0.0072644111  -0.1368780173  -0.0446481008   0.0374169547   0.4487367483
       -0.0113049201   0.0032665153  -0.1578469997   0.0405346054  -0.0494442745
       -0.0013101007  -0.0079731707  -0.0000993211  -0.0013004150  -0.0004818072
        0.0004542111  -0.0000900798   0.0000616485   0.0000865850  -0.0000058518
        0.0000458642  -0.0002277179   0.0006326361  -0.0005164160   0.0006268333
       -0.0001395601  -0.0012328124   0.0003919330  -0.0036573063  -0.0023165793
        0.0037674295  -0.0416692594   0.0013557590   0.0102365473  -0.0416510231
        0.0174044380   0.0044261982  -0.0049476596   0.0058100643  -0.0018611741
       -0.0257241136   0.0080013445  -0.0102130805  -0.0025336331   0.0005974935
       -0.0044173279  -0.0000288967   0.0001065526   0.0001362404
        0.0022832702  -0.0006840547   0.0008476988   0.0054485949   0.0034901596
       -0.0028182865  -0.0413762412  -0.0842908454   0.0188797787  -0.0113049201
        0.5249899401   0.0267049236   0.0420639069  -0.0851462399   0.0206682308
       -0.0287155586  -0.0302859605   0.0098038174   0.0007507042   0.0001844037
       -0.0001949823   0.0001677482  -0.0000334704  -0.0000417355  -0.0000706904
       -0.0000208781   0.0000042346   0.0002481265   0.0001299943  -0.0001805430
        0.0015892111   0.0005124109  -0.0000678038  -0.0015269704   0.0009116964
        0.0017482317   0.0010123416  -0.0515118751  -0.0382926471   0.0184952285
       -0.2638615612  -0.0429016251   0.0271426845  -0.0145596638   0.0130899298
       -0.0109373211   0.0044873177  -0.0049460535  -0.0037135775   0.0020551701
       -0.0010573302  -0.0015565374  -0.0063665438  -0.0012458383
       -0.0014980930   0.0008788832  -0.0003884591  -0.0067772597  -0.0034769903
        0.0034178583   0.0385584100   0.0212582250  -0.0871849937   0.0032665153
        0.0267049236   0.5168836582  -0.0502257311   0.0202275662  -0.0932007690
       -0.0066135861  -0.0037617849   0.0059832089  -0.0005787163  -0.0001485827
        0.0003287539   0.0000155866  -0.0002169755  -0.0000226766  -0.0000962113
       -0.0000095573   0.0002798854  -0.0009782002  -0.0000769004   0.0005816057
        0.0000180812  -0.0002692787   0.0002427682   0.0248028095   0.0141898115
       -0.0162101150   0.0105052613  -0.0388312395  -0.2673766919   0.0049524799
       -0.0420114043  -0.0525008493   0.0023803383   0.0000117721   0.0020984018
        0.0089698860  -0.0035371678   0.0045839420  -0.0266806109   0.0108115060
       -0.0177126376  -0.0000209595  -0.0017428063   0.0001971098
       -0.0011054714   0.0005003099  -0.0004633271  -0.0035764113  -0.0022739266
        0.0014616221  -0.0300741138   0.0037684065  -0.0073744472  -0.1578469997
        0.0420639069  -0.0502257311   0.4790616745   0.0224579441  -0.0245041204
       -0.0005889270   0.0007423376  -0.0007272859  -0.0003533539  -0.0001250028
        0.0001558201   0.0000189657   0.0000693738   0.0000224972   0.0000290343
        0.0000043301  -0.0000618214  -0.0000532990   0.0000220728   0.0001734730
        0.0000693342  -0.0002279986   0.0000309884   0.0009273251   0.0007639843
       -0.0010761481  -0.0026988974   0.0006075754  -0.0034559249  -0.0058442888
        0.0050613524  -0.0028578081  -0.0430029673   0.0135363144   0.0034404221
       -0.1920727010  -0.0874553510   0.0796418132  -0.0431183513   0.0000331194
        0.0057320239   0.0002294483   0.0004512513   0.0000879541
       -0.0005646693   0.0003634622  -0.0001532697  -0.0018334678  -0.0008916515
        0.0008409851  -0.0093122659   0.0042485707  -0.0049698869   0.0405346054
       -0.0851462399   0.0202275662   0.0224579441   0.5168503486   0.0094529879
       -0.0010855719   0.0008686127   0.0000986309  -0.0002507508  -0.0000193581
        0.0000526118   0.0000967823   0.0000744017  -0.0000396426   0.0000501579
        0.0000185331  -0.0000076656  -0.0000030416  -0.0000183050  -0.0001135083
       -0.0001599193   0.0002580463   0.0000646540  -0.0000772767   0.0003624676
       -0.0003916627  -0.0023481695   0.0021572386  -0.0010503978   0.0267497038
       -0.0141390073   0.0128863335   0.0122888627  -0.2792169649  -0.0375331494
       -0.0869828789  -0.0929222046   0.0442429711   0.0001978397  -0.0529441423
       -0.0434833760   0.0002421157   0.0000961922  -0.0001241817
        0.0005282204  -0.0001688710   0.0001872076   0.0019293432   0.0010494894
       -0.0003946801   0.0059406683  -0.0038717808   0.0034794890  -0.0494442745
        0.0206682308  -0.0932007690  -0.0245041204   0.0094529879   0.5105353242
       -0.0001798930   0.0000752659   0.0008243320   0.0002132940   0.0000149557
       -0.0000224505  -0.0000190851   0.0000162415   0.0000186260  -0.0000822479
       -0.0000316684   0.0001005204   0.0002207859  -0.0000619773   0.0003003274
       -0.0000065193  -0.0000328961  -0.0000455202   0.0013398710  -0.0000913149
        0.0013471321  -0.0264033586   0.0103997059  -0.0168516507   0.0022457496
       -0.0005797123   0.0023052865   0.0032451616  -0.0371431861  -0.0508669592
        0.0792870891   0.0445178373  -0.0846146080   0.0057957791  -0.0442359451
       -0.2728836397  -0.0001064633   0.0000226377  -0.0002179677
       -0.0006190994   0.0006236004  -0.0002820276  -0.0033820088   0.0309381713
        0.0074530248  -0.0671523575   0.0041627075   0.0152363153  -0.0013101007
       -0.0287155586  -0.0066135861  -0.0005889270  -0.0010855719  -0.0001798930
        0.3478869488   0.1283665309  -0.1659525924   0.0000073978   0.0002557747
       -0.0000500786  -0.0003200635   0.0008347786  -0.0000553413   0.0000367668
        0.0000240277   0.0002686684   0.0015663080  -0.0013143309   0.0013421097
       -0.0050309299   0.0042241435  -0.0016575029   0.0026092964   0.0020651895
        0.0014868758   0.0007833433   0.0006021040  -0.0003295095  -0.0044327680
       -0.0043578832   0.0018449873  -0.0002117105  -0.0003275566  -0.0001648811
        0.0001155853  -0.0002276239   0.0002849744   0.0001997149  -0.0000693195
       -0.0000677373  -0.2701573959  -0.1359991834   0.1474361941
       -0.0012300378   0.0010518658   0.0003334266   0.0114531289  -0.0365856426
       -0.0066407352   0.0255772073  -0.1827731865  -0.0522206477  -0.0079731707
       -0.0302859605  -0.0037617849   0.0007423376   0.0008686127   0.0000752659
        0.1283665309   0.3974237117   0.0008769636   0.0000790443   0.0001161255
       -0.0000311207  -0.0003055256   0.0006261844   0.0002889887  -0.0003899280
       -0.0004806467  -0.0003714723  -0.0017730638   0.0014434842  -0.0002417383
        0.0058668082  -0.0049020508   0.0022602004   0.0011291070  -0.0238038916
       -0.0208075828   0.0016543249   0.0014353726  -0.0001242802  -0.0037352573
       -0.0033836018   0.0018293905  -0.0004801805   0.0006994231   0.0001557241
        0.0001259093  -0.0000669415   0.0000984044   0.0002605659  -0.0003441391
       -0.0003014832  -0.1593678005  -0.1210387188   0.0785824813
        0.0001570462  -0.0003300790   0.0007240199  -0.0000328904   0.0043027903
        0.0062235932   0.0207615356  -0.0406063868  -0.0745407206  -0.0000993211
        0.0098038174   0.0059832089  -0.0007272859   0.0000986309   0.0008243320
       -0.1659525924   0.0008769636   0.1562188749   0.0000515689   0.0000404463
        0.0000341806   0.0005132540   0.0002275076  -0.0003970318  -0.0003813388
        0.0001604904   0.0000726443   0.0010191486  -0.0000813679   0.0014851071
       -0.0010730727   0.0015653316   0.0003793587   0.0028758677  -0.0391073389
       -0.0165120984  -0.0010592111  -0.0000369851   0.0009846003   0.0019885461
        0.0022381899  -0.0003386008   0.0003347032  -0.0002617814  -0.0004439210
       -0.0000987133  -0.0003517732   0.0000335915   0.0004167893   0.0001343037
        0.0002343446   0.1413059662   0.0613272408  -0.0809654833
       -0.1921673540   0.1006252062  -0.0624899922  -0.0262038494   0.0118011908
       -0.0065874012  -0.0041932844  -0.0030817492   0.0031146286  -0.0013004150
        0.0007507042  -0.0005787163  -0.0003533539  -0.0002507508   0.0002132940
        0.0000073978   0.0000790443   0.0000515689   0.2253556827  -0.1149675070
        0.0708700497   0.0012327708   0.0015946293   0.0000943629  -0.0036176876
        0.0031072957  -0.0042070121   0.0003274631   0.0003801256  -0.0000406704
        0.0004477088   0.0002418094  -0.0005776786   0.0002173549  -0.0001104875
        0.0002465157   0.0000132510   0.0000181819   0.0000143232   0.0000403513
        0.0000034568  -0.0000529581   0.0000678483  -0.0000219630   0.0000063657
       -0.0001681779   0.0000131087  -0.0000284930   0.0000583590   0.0000009768
        0.0000176506   0.0002359345  -0.0001832721  -0.0000658376
        0.1009438718  -0.1092881281   0.0399544644  -0.0086400220   0.0051258582
       -0.0027438915  -0.0017808086  -0.0004150930   0.0007414056  -0.0004818072
        0.0001844037  -0.0001485827  -0.0001250028  -0.0000193581   0.0000149557
        0.0002557747   0.0001161255   0.0000404463  -0.1149675070   0.1250395536
       -0.0477372118   0.0262480669  -0.0228140077   0.0101889286  -0.0007360690
        0.0010370093   0.0002358445   0.0001699766   0.0000149763  -0.0002712543
       -0.0006684395   0.0007182242  -0.0001559438  -0.0000478662  -0.0000666632
       -0.0000415710   0.0000364088  -0.0000083139  -0.0000383597   0.0000431943
        0.0000614461   0.0000006248  -0.0000142691  -0.0000103630   0.0000098938
       -0.0000164132   0.0000245218  -0.0000205537  -0.0000024361  -0.0000093171
        0.0000086738  -0.0002166525   0.0003091255  -0.0000378690
       -0.0625418095   0.0399225680  -0.0689124389   0.0105877786  -0.0056526799
        0.0037875376   0.0017127965   0.0010736358  -0.0004625531   0.0004542111
       -0.0001949823   0.0003287539   0.0001558201   0.0000526118  -0.0000224505
       -0.0000500786  -0.0000311207   0.0000341806   0.0708700497  -0.0477372118
        0.0770567079   0.0060269828  -0.0048960293   0.0030844823  -0.0272236501
        0.0181659625  -0.0153394044   0.0003395939  -0.0002296245   0.0002369421
       -0.0003411888  -0.0002822504   0.0002413835   0.0001950092   0.0000048265
        0.0000304829  -0.0000535643  -0.0000177959   0.0000419703  -0.0000356231
       -0.0000353172   0.0000022865   0.0000007105   0.0000071416  -0.0000102761
        0.0000338545  -0.0000179011   0.0000245279   0.0000071659   0.0000116927
       -0.0000192172  -0.0001380585  -0.0001435259  -0.0001029151
       -0.0459410183  -0.0274375863  -0.0083917444  -0.0050569764  -0.0259961504
       -0.0049202468   0.0004638029  -0.0004591414  -0.0002572475  -0.0000900798
        0.0001677482   0.0000155866   0.0000189657   0.0000967823  -0.0000190851
       -0.0003200635  -0.0003055256   0.0005132540   0.0012327708   0.0262480669
        0.0060269828   0.0539104994   0.0324586186   0.0078438091   0.0003166263
       -0.0031823545  -0.0019129612   0.0008381689   0.0001539303  -0.0005952970
       -0.0045024212  -0.0031042024   0.0023151337  -0.0000241992  -0.0000200546
        0.0000298338   0.0000609389  -0.0000227367  -0.0000430489   0.0001552590
        0.0001160393   0.0000218291  -0.0000451631   0.0000087702  -0.0000000226
        0.0000579369   0.0000132744  -0.0000026706   0.0000078322  -0.0000114743
        0.0000107691  -0.0010828794   0.0012759960  -0.0006348740
       -0.0265756422  -0.2622955220  -0.0597358090  -0.0058639527  -0.0144380012
       -0.0012479907   0.0004235610  -0.0002522969  -0.0002720007   0.0000616485
       -0.0000334704  -0.0002169755   0.0000693738   0.0000744017   0.0000162415
        0.0008347786   0.0006261844   0.0002275076   0.0015946293  -0.0228140077
       -0.0048960293   0.0324586186   0.3051225325   0.0684101879  -0.0002644503
       -0.0056686239  -0.0039683490   0.0003899061   0.0003536094  -0.0000697647
       -0.0030594428  -0.0010120163   0.0017508085  -0.0000713468  -0.0002158887
       -0.0000272198   0.0000378294  -0.0000104214   0.0000269225   0.0000556737
        0.0000027546   0.0000391277  -0.0000081408   0.0000452391   0.0000110381
        0.0000052160  -0.0000146470   0.0000084960   0.0000139224  -0.0000306831
       -0.0000170397  -0.0001021818   0.0005608567  -0.0000391515
       -0.0085066677  -0.0603830122  -0.0607256172   0.0018728744   0.0123187235
        0.0031501033  -0.0002921258  -0.0005131263   0.0003056147   0.0000865850
       -0.0000417355  -0.0000226766   0.0000224972  -0.0000396426   0.0000186260
       -0.0000553413   0.0002889887  -0.0003970318   0.0000943629   0.0101889286
        0.0030844823   0.0078438091   0.0684101879   0.0664140788  -0.0033335300
       -0.0330449446  -0.0126846034  -0.0000075937   0.0008605612   0.0004917100
        0.0027192532   0.0017922608  -0.0002594608  -0.0000090632  -0.0001025700
       -0.0001865148   0.0000136485   0.0000440264  -0.0000062084  -0.0000240356
        0.0000107245  -0.0000373410  -0.0000123215   0.0000171747   0.0000077182
       -0.0000034976   0.0000090930  -0.0000072666  -0.0000038007  -0.0000113201
       -0.0000301195  -0.0004050533   0.0001956820   0.0008845067
       -0.0437064584  -0.0006003752  -0.0155547541  -0.0012573470   0.0010405912
        0.0263012742   0.0009989185   0.0001148834   0.0018317985  -0.0000058518
       -0.0000706904  -0.0000962113   0.0000290343   0.0000501579  -0.0000822479
        0.0000367668  -0.0003899280  -0.0003813388  -0.0036176876  -0.0007360690
       -0.0272236501   0.0003166263  -0.0002644503  -0.0033335300   0.0512084125
        0.0022912759   0.0156885671  -0.0042670817  -0.0021680642   0.0033410490
        0.0005466809   0.0004094290  -0.0000483859  -0.0004745395   0.0000121663
       -0.0004437676   0.0000918659  -0.0000075778  -0.0001275721   0.0000496621
        0.0000385154   0.0000408557  -0.0000053303  -0.0000007227   0.0000074684
        0.0000706811   0.0000071949  -0.0000153639  -0.0000385852  -0.0000099760
       -0.0000234358   0.0000242331   0.0002836394   0.0001192445
       -0.0006532879  -0.0465535686  -0.0193391443  -0.0001464743   0.0011150983
        0.0117233160   0.0003158946   0.0006339908  -0.0004538263   0.0000458642
       -0.0000208781  -0.0000095573   0.0000043301   0.0000185331  -0.0000316684
        0.0000240277  -0.0004806467   0.0001604904   0.0031072957   0.0010370093
        0.0181659625  -0.0031823545  -0.0056686239  -0.0330449446   0.0022912759
        0.0500473561   0.0211042728  -0.0021937758  -0.0001670248   0.0015178465
        0.0001064854   0.0001374694   0.0006512403   0.0000625825   0.0001480567
       -0.0000052637   0.0000216052  -0.0000512655   0.0000063473  -0.0000200724
       -0.0000485355   0.0000477476   0.0000221999  -0.0000260315  -0.0000033975
        0.0000028320  -0.0000169233   0.0000132389   0.0000001022   0.0000179870
        0.0000043093   0.0001914694  -0.0001220028  -0.0005069697
       -0.0158225251  -0.0193951863  -0.2782984967   0.0040413560   0.0006559863
       -0.0177007475  -0.0009948682   0.0000764377   0.0006354983  -0.0002277179
        0.0000042346   0.0002798854  -0.0000618214  -0.0000076656   0.0001005204
        0.0002686684  -0.0003714723   0.0000726443  -0.0042070121   0.0002358445
       -0.0153394044  -0.0019129612  -0.0039683490  -0.0126846034   0.0156885671
        0.0211042728   0.3239396914   0.0032049740   0.0020299684  -0.0014276662
       -0.0003870648   0.0000088713   0.0003130529   0.0005984107  -0.0001495276
        0.0004068859  -0.0001807562   0.0000302603   0.0000088992  -0.0000147354
        0.0000572433  -0.0000487362   0.0000020469  -0.0000256580  -0.0000318394
       -0.0000249857   0.0000006642  -0.0000183329   0.0000232245   0.0000141911
        0.0000399008   0.0000072002  -0.0003001157  -0.0002471519
       -0.0022870484   0.0013493408   0.0259631323  -0.0419412031  -0.0004310957
       -0.0100062703  -0.0042546302  -0.0018279863  -0.0263427131   0.0006326361
        0.0002481265  -0.0009782002  -0.0000532990  -0.0000030416   0.0002207859
        0.0015663080  -0.0017730638   0.0010191486   0.0003274631   0.0001699766
        0.0003395939   0.0008381689   0.0003899061  -0.0000075937  -0.0042670817
       -0.0021937758   0.0032049740   0.0531922756   0.0022281646   0.0102965216
        0.0010922576  -0.0004604791  -0.0015682801  -0.0042565776   0.0024138362
       -0.0026808371  -0.0006527097   0.0001246819   0.0002980387  -0.0000090361
       -0.0000889228  -0.0000266841   0.0000779503  -0.0000483903  -0.0000288183
        0.0000069853  -0.0000405738   0.0000672642   0.0001064851   0.0000043259
        0.0001778126  -0.0001189443  -0.0000610295   0.0000521248
       -0.0010470799   0.0016242017   0.0118155040  -0.0008558374  -0.0497645382
       -0.0322655197   0.0024994819   0.0015335383   0.0136303041  -0.0005164160
        0.0001299943  -0.0000769004   0.0000220728  -0.0000183050  -0.0000619773
       -0.0013143309   0.0014434842  -0.0000813679   0.0003801256   0.0000149763
       -0.0002296245   0.0001539303   0.0003536094   0.0008605612  -0.0021680642
       -0.0001670248   0.0020299684   0.0022281646   0.0538346498   0.0347427715
       -0.0019435534  -0.0080022824  -0.0326638519   0.0024300740  -0.0007302302
        0.0019590225  -0.0001208167   0.0002321016   0.0001246739   0.0000398615
       -0.0001755880  -0.0001932696   0.0000290086  -0.0000076672   0.0000492258
       -0.0000216294  -0.0000023896  -0.0000129558   0.0000078674  -0.0000448563
        0.0000301721   0.0001971413  -0.0002536739   0.0003432636
        0.0031927758  -0.0003658901  -0.0167367122  -0.0095421979  -0.0314856454
       -0.2689262123  -0.0047853564  -0.0002700037  -0.0168257726   0.0006268333
       -0.0001805430   0.0005816057   0.0001734730  -0.0001135083   0.0003003274
        0.0013421097  -0.0002417383   0.0014851071  -0.0000406704  -0.0002712543
        0.0002369421  -0.0005952970  -0.0000697647   0.0004917100   0.0033410490
        0.0015178465  -0.0014276662   0.0102965216   0.0347427715   0.3129930684
       -0.0007294492  -0.0047536346  -0.0105561194  -0.0027611113   0.0014690544
       -0.0014521920  -0.0003059466   0.0001304860   0.0003259729  -0.0000951760
       -0.0001205870  -0.0002305536   0.0000519716   0.0000073654  -0.0000293034
       -0.0000235070  -0.0000414026   0.0000507090   0.0001259350   0.0000191783
        0.0000121393  -0.0002719574   0.0000272701  -0.0002930501
       -0.0056456239  -0.0261588332  -0.0028962745  -0.0404310039  -0.0107187979
       -0.0037566054  -0.0005793348   0.0215180588   0.0043694322  -0.0001395601
        0.0015892111   0.0000180812   0.0000693342  -0.0001599193  -0.0000065193
       -0.0050309299   0.0058668082  -0.0010730727   0.0004477088  -0.0006684395
       -0.0003411888  -0.0045024212  -0.0030594428   0.0027192532   0.0005466809
        0.0001064854  -0.0003870648   0.0010922576  -0.0019435534  -0.0007294492
        0.0550923818   0.0143930812   0.0019793172   0.0003146976  -0.0001136547
        0.0001425510  -0.0000280307  -0.0000545053   0.0000956582  -0.0014855850
       -0.0003148627  -0.0001243391   0.0001500854  -0.0000699169   0.0000359889
        0.0000507643  -0.0000388616   0.0000360761   0.0000417599   0.0000222342
       -0.0000010642   0.0000368188  -0.0001950915  -0.0000807800
       -0.0050070046  -0.0152356291  -0.0013641398  -0.0106966138  -0.2639106603
       -0.0464842276   0.0014168304  -0.0165721959  -0.0032344373  -0.0012328124
        0.0005124109  -0.0002692787  -0.0002279986   0.0002580463  -0.0000328961
        0.0042241435  -0.0049020508   0.0015653316   0.0002418094   0.0007182242
       -0.0002822504  -0.0031042024  -0.0010120163   0.0017922608   0.0004094290
        0.0001374694   0.0000088713  -0.0004604791  -0.0080022824  -0.0047536346
        0.0143930812   0.3069832429   0.0529961973  -0.0002500076   0.0000864864
        0.0002231681   0.0000905418  -0.0001596501  -0.0001084113   0.0002069171
        0.0006875991   0.0001083007  -0.0001037544   0.0000052576  -0.0000052254
       -0.0000129912   0.0000474084  -0.0000306361  -0.0000210282  -0.0000213430
        0.0000684811   0.0001341397   0.0003796826  -0.0001974737
        0.0023002590   0.0126721029   0.0027989119  -0.0030652862  -0.0471273390
       -0.0548146879  -0.0002711789   0.0091555899   0.0022101667   0.0003919330
       -0.0000678038   0.0002427682   0.0000309884   0.0000646540  -0.0000455202
       -0.0016575029   0.0022602004   0.0003793587  -0.0005776786  -0.0001559438
        0.0002413835   0.0023151337   0.0017508085  -0.0002594608  -0.0000483859
        0.0006512403   0.0003130529  -0.0015682801  -0.0326638519  -0.0105561194
        0.0019793172   0.0529961973   0.0594723495   0.0000111853   0.0003206309
       -0.0000314547   0.0000127866  -0.0001762473  -0.0002102728   0.0001835838
        0.0001309979   0.0004221072  -0.0000351650   0.0000370929  -0.0000430194
        0.0000554867  -0.0000032689  -0.0000043826  -0.0000475726   0.0000466976
       -0.0000469511  -0.0000096235   0.0001082421  -0.0000682296
        0.0009203296   0.0001657616  -0.0014604071  -0.0048315745   0.0018821501
       -0.0260233163  -0.0431271843  -0.0005456914  -0.0027099128  -0.0036573063
       -0.0015269704   0.0248028095   0.0009273251  -0.0000772767   0.0013398710
        0.0026092964   0.0011291070   0.0028758677   0.0002173549  -0.0000478662
        0.0001950092  -0.0000241992  -0.0000713468  -0.0000090632  -0.0004745395
        0.0000625825   0.0005984107  -0.0042565776   0.0024300740  -0.0027611113
        0.0003146976  -0.0002500076   0.0000111853   0.0548445712  -0.0003560302
        0.0021272462  -0.0039456806  -0.0024550334   0.0027871998   0.0002849403
        0.0002649364  -0.0000248809  -0.0000416657   0.0001314419   0.0000595413
        0.0002149933   0.0000574013  -0.0001759243  -0.0004913424  -0.0002441814
       -0.0004812391   0.0005165619  -0.0005490507  -0.0011512856
       -0.0006170951   0.0002817965  -0.0001385565   0.0022455300   0.0012882397
        0.0123653751  -0.0012811078  -0.0370435256  -0.0005942578  -0.0023165793
        0.0009116964   0.0141898115   0.0007639843   0.0003624676  -0.0000913149
        0.0020651895  -0.0238038916  -0.0391073389  -0.0001104875  -0.0000666632
        0.0000048265  -0.0000200546  -0.0002158887  -0.0001025700   0.0000121663
        0.0001480567  -0.0001495276   0.0024138362  -0.0007302302   0.0014690544
       -0.0001136547   0.0000864864   0.0003206309  -0.0003560302   0.0597041531
        0.0114904446  -0.0026037039  -0.0010855831   0.0016456824   0.0001039835
        0.0000915553   0.0003216166   0.0000326119  -0.0001917047  -0.0001543734
        0.0001723733  -0.0000892928  -0.0000123098  -0.0000760122   0.0001585450
       -0.0001749657  -0.0003149499   0.0001937832  -0.0012822273
        0.0011889802  -0.0004388889   0.0013486894  -0.0041659497   0.0024643822
       -0.0174798799  -0.0034020364   0.0014728693  -0.2368330757   0.0037674295
        0.0017482317  -0.0162101150  -0.0010761481  -0.0003916627   0.0013471321
        0.0014868758  -0.0208075828  -0.0165120984   0.0002465157  -0.0000415710
        0.0000304829   0.0000298338  -0.0000272198  -0.0001865148  -0.0004437676
       -0.0000052637   0.0004068859  -0.0026808371   0.0019590225  -0.0014521920
        0.0001425510   0.0002231681  -0.0000314547   0.0021272462   0.0114904446
        0.2851028653   0.0023811321   0.0019162411  -0.0014266117  -0.0002405376
        0.0001257609  -0.0000218993   0.0000102559  -0.0001032300  -0.0002568379
       -0.0002945218  -0.0000834121   0.0000817813   0.0003901154   0.0000808571
        0.0004052260   0.0005328628   0.0004178534   0.0016876167
       -0.0000755969  -0.0000176542  -0.0002019073   0.0006137695  -0.0001971284
        0.0009774207  -0.0043969383   0.0017528968   0.0264368194  -0.0416692594
        0.0010123416   0.0105052613  -0.0026988974  -0.0023481695  -0.0264033586
        0.0007833433   0.0016543249  -0.0010592111   0.0000132510   0.0000364088
       -0.0000535643   0.0000609389   0.0000378294   0.0000136485   0.0000918659
        0.0000216052  -0.0001807562  -0.0006527097  -0.0001208167  -0.0003059466
       -0.0000280307   0.0000905418   0.0000127866  -0.0039456806  -0.0026037039
        0.0023811321   0.0540026363  -0.0019826602  -0.0109217636   0.0009426679
        0.0008440398   0.0026945306   0.0006472413  -0.0003971056   0.0000359304
        0.0004705532  -0.0002361095  -0.0005113151  -0.0044151483   0.0021715230
       -0.0034652706   0.0002559939   0.0002818367   0.0000455637
       -0.0000390986  -0.0000080126  -0.0000585090   0.0005677393   0.0000963707
       -0.0000149453  -0.0024433120   0.0018685036   0.0144688044   0.0013557590
       -0.0515118751  -0.0388312395   0.0006075754   0.0021572386   0.0103997059
        0.0006021040   0.0014353726  -0.0000369851   0.0000181819  -0.0000083139
       -0.0000177959  -0.0000227367  -0.0000104214   0.0000440264  -0.0000075778
       -0.0000512655   0.0000302603   0.0001246819   0.0002321016   0.0001304860
       -0.0000545053  -0.0001596501  -0.0001762473  -0.0024550334  -0.0010855831
        0.0019162411  -0.0019826602   0.0553132545   0.0422681088   0.0021857746
       -0.0087720723  -0.0324057606  -0.0000619980   0.0002583901   0.0007470560
       -0.0004580084   0.0001126018  -0.0002259309   0.0019181503   0.0000396053
        0.0017532704   0.0001449639   0.0000937554   0.0000094543
       -0.0001743930  -0.0001118044   0.0002880520  -0.0006487648  -0.0002723583
        0.0005591051   0.0050656847  -0.0001291865  -0.0176806823   0.0102365473
       -0.0382926471  -0.2673766919  -0.0034559249  -0.0010503978  -0.0168516507
       -0.0003295095  -0.0001242802   0.0009846003   0.0000143232  -0.0000383597
        0.0000419703  -0.0000430489   0.0000269225  -0.0000062084  -0.0001275721
        0.0000063473   0.0000088992   0.0002980387   0.0001246739   0.0003259729
        0.0000956582  -0.0001084113  -0.0002102728   0.0027871998   0.0016456824
       -0.0014266117  -0.0109217636   0.0422681088   0.3114469604   0.0007550091
       -0.0046873360  -0.0097651429   0.0004583629  -0.0000246634   0.0002692299
        0.0002015324  -0.0003034214   0.0004945893  -0.0033953455   0.0015710564
       -0.0014633587  -0.0008160342  -0.0004999253   0.0003612398
        0.0001502732   0.0001612377   0.0000056217  -0.0001829000  -0.0015289089
        0.0000700560   0.0002946333  -0.0217215650  -0.0042756412  -0.0416510231
        0.0184952285   0.0049524799  -0.0058442888   0.0267497038   0.0022457496
       -0.0044327680  -0.0037352573   0.0019885461   0.0000403513   0.0000431943
       -0.0000356231   0.0001552590   0.0000556737  -0.0000240356   0.0000496621
       -0.0000200724  -0.0000147354  -0.0000090361   0.0000398615  -0.0000951760
       -0.0014855850   0.0002069171   0.0001835838   0.0002849403   0.0001039835
       -0.0002405376   0.0009426679   0.0021857746   0.0007550091   0.0555048193
       -0.0226301496  -0.0033771479  -0.0047860445   0.0027530789  -0.0026914357
        0.0003930328   0.0003657891   0.0002785806   0.0007799693  -0.0000953867
        0.0004919387  -0.0002039631  -0.0014291031  -0.0002172332
        0.0002521461   0.0002901829  -0.0000564011   0.0012036982   0.0005440336
       -0.0002382629  -0.0005517963  -0.0179234176  -0.0033041620   0.0174044380
       -0.2638615612  -0.0420114043   0.0050613524  -0.0141390073  -0.0005797123
       -0.0043578832  -0.0033836018   0.0022381899   0.0000034568   0.0000614461
       -0.0000353172   0.0001160393   0.0000027546   0.0000107245   0.0000385154
       -0.0000485355   0.0000572433  -0.0000889228  -0.0001755880  -0.0001205870
       -0.0003148627   0.0006875991   0.0001309979   0.0002649364   0.0000915553
        0.0001257609   0.0008440398  -0.0087720723  -0.0046873360  -0.0226301496
        0.3074713860   0.0474342312   0.0032580817  -0.0006831627   0.0016005101
       -0.0001485825   0.0004232547  -0.0002452090  -0.0005105527   0.0003673629
       -0.0000221484   0.0001560457  -0.0009526290  -0.0002971175
       -0.0000494810   0.0000507088  -0.0000542493  -0.0004062510   0.0000120855
        0.0001992852  -0.0000703068   0.0099010527   0.0021856381   0.0044261982
       -0.0429016251  -0.0525008493  -0.0028578081   0.0128863335   0.0023052865
        0.0018449873   0.0018293905  -0.0003386008  -0.0000529581   0.0000006248
        0.0000022865   0.0000218291   0.0000391277  -0.0000373410   0.0000408557
        0.0000477476  -0.0000487362  -0.0000266841  -0.0001932696  -0.0002305536
       -0.0001243391   0.0001083007   0.0004221072  -0.0000248809   0.0003216166
       -0.0000218993   0.0026945306  -0.0324057606  -0.0097651429  -0.0033771479
        0.0474342312   0.0573720940  -0.0025610149   0.0017484659  -0.0003365858
        0.0004872971  -0.0001676044   0.0000505273   0.0000322370   0.0008306095
        0.0004385002   0.0000029369   0.0004579646   0.0003582331
        0.0000483915  -0.0001241521   0.0000369998   0.0001041744  -0.0001822710
        0.0000182514   0.0005654817   0.0009728427   0.0001260731  -0.0049476596
        0.0271426845   0.0023803383  -0.0430029673   0.0122888627   0.0032451616
       -0.0002117105  -0.0004801805   0.0003347032   0.0000678483  -0.0000142691
        0.0000007105  -0.0000451631  -0.0000081408  -0.0000123215  -0.0000053303
        0.0000221999   0.0000020469   0.0000779503   0.0000290086   0.0000519716
        0.0001500854  -0.0001037544  -0.0000351650  -0.0000416657   0.0000326119
        0.0000102559   0.0006472413  -0.0000619980   0.0004583629  -0.0047860445
        0.0032580817  -0.0025610149   0.0506454106  -0.0180482733  -0.0018112839
       -0.0000400276  -0.0267020779  -0.0029698138   0.0006816628   0.0018985437
        0.0010140830   0.0000923222   0.0000802816  -0.0002893591
       -0.0000884252   0.0000741030   0.0000008165  -0.0001116280  -0.0000700972
       -0.0001775596  -0.0004748551  -0.0001411733  -0.0002262218   0.0058100643
       -0.0145596638   0.0000117721   0.0135363144  -0.2792169649  -0.0371431861
       -0.0003275566   0.0006994231  -0.0002617814  -0.0000219630  -0.0000103630
        0.0000071416   0.0000087702   0.0000452391   0.0000171747  -0.0000007227
       -0.0000260315  -0.0000256580  -0.0000483903  -0.0000076672   0.0000073654
       -0.0000699169   0.0000052576   0.0000370929   0.0001314419  -0.0001917047
       -0.0001032300  -0.0003971056   0.0002583901  -0.0000246634   0.0027530789
       -0.0006831627   0.0017484659  -0.0180482733   0.3231325164   0.0420407224
       -0.0023466305  -0.0196660013  -0.0018259919   0.0000791599  -0.0096133342
       -0.0044195765  -0.0003833624  -0.0000287656   0.0003373172
        0.0000018662  -0.0000432712   0.0000268390  -0.0000337978  -0.0000632719
       -0.0000763985   0.0005148484  -0.0004279096   0.0005881946  -0.0018611741
        0.0130899298   0.0020984018   0.0034404221  -0.0375331494  -0.0508669592
       -0.0001648811   0.0001557241  -0.0004439210   0.0000063657   0.0000098938
       -0.0000102761  -0.0000000226   0.0000110381   0.0000077182   0.0000074684
       -0.0000033975  -0.0000318394  -0.0000288183   0.0000492258  -0.0000293034
        0.0000359889  -0.0000052254  -0.0000430194   0.0000595413  -0.0001543734
       -0.0002568379   0.0000359304   0.0007470560   0.0002692299  -0.0026914357
        0.0016005101  -0.0003365858  -0.0018112839   0.0420407224   0.0557747405
        0.0006037430   0.0141277091   0.0021153563   0.0016502730  -0.0336495524
       -0.0088766795   0.0002349661   0.0000483416   0.0000913400
       -0.0004011320   0.0002484659  -0.0002106681  -0.0013123675  -0.0008977020
        0.0006080827  -0.0048247354   0.0027949893  -0.0029497158  -0.0257241136
       -0.0109373211   0.0089698860  -0.1920727010  -0.0869828789   0.0792870891
        0.0001155853   0.0001259093  -0.0000987133  -0.0001681779  -0.0000164132
        0.0000338545   0.0000579369   0.0000052160  -0.0000034976   0.0000706811
        0.0000028320  -0.0000249857   0.0000069853  -0.0000216294  -0.0000235070
        0.0000507643  -0.0000129912   0.0000554867   0.0002149933   0.0001723733
       -0.0002945218   0.0004705532  -0.0004580084   0.0002015324   0.0003930328
       -0.0001485825   0.0004872971  -0.0000400276  -0.0023466305   0.0006037430
        0.2253927902   0.1001391142  -0.0904301802  -0.0024107953  -0.0018183440
        0.0037645881   0.0001807278   0.0001516013   0.0000242299
        0.0001067617  -0.0000014819   0.0000122457   0.0004192359   0.0001930812
       -0.0001248097   0.0016639831  -0.0001569347   0.0008018480   0.0080013445
        0.0044873177  -0.0035371678  -0.0874553510  -0.0929222046   0.0445178373
       -0.0002276239  -0.0000669415  -0.0003517732   0.0000131087   0.0000245218
       -0.0000179011   0.0000132744  -0.0000146470   0.0000090930   0.0000071949
       -0.0000169233   0.0000006642  -0.0000405738  -0.0000023896  -0.0000414026
       -0.0000388616   0.0000474084  -0.0000032689   0.0000574013  -0.0000892928
       -0.0000834121  -0.0002361095   0.0001126018  -0.0003034214   0.0003657891
        0.0004232547  -0.0001676044  -0.0267020779  -0.0196660013   0.0141277091
        0.1001391142   0.1048771229  -0.0528014088   0.0038935507   0.0026497990
       -0.0021878924   0.0000198393   0.0001217093   0.0001506649
       -0.0001698342   0.0000326019  -0.0000147320  -0.0004596896  -0.0002341544
        0.0003439717  -0.0020981198   0.0008457135  -0.0004055201  -0.0102130805
       -0.0049460535   0.0045839420   0.0796418132   0.0442429711  -0.0846146080
        0.0002849744   0.0000984044   0.0000335915  -0.0000284930  -0.0000205537
        0.0000245279  -0.0000026706   0.0000084960  -0.0000072666  -0.0000153639
        0.0000132389  -0.0000183329   0.0000672642  -0.0000129558   0.0000507090
        0.0000360761  -0.0000306361  -0.0000043826  -0.0001759243  -0.0000123098
        0.0000817813  -0.0005113151  -0.0002259309   0.0004945893   0.0002785806
       -0.0002452090   0.0000505273  -0.0029698138  -0.0018259919   0.0021153563
       -0.0904301802  -0.0528014088   0.0956907996   0.0268800155   0.0151704225
       -0.0184181766  -0.0001142391  -0.0000566444   0.0000132228
        0.0000220395  -0.0000407072   0.0000758415  -0.0000062449   0.0000477127
        0.0001564533   0.0008502449   0.0000239270  -0.0016876823  -0.0025336331
       -0.0037135775  -0.0266806109  -0.0431183513   0.0001978397   0.0057957791
        0.0001997149   0.0002605659   0.0004167893   0.0000583590  -0.0000024361
        0.0000071659   0.0000078322   0.0000139224  -0.0000038007  -0.0000385852
        0.0000001022   0.0000232245   0.0001064851   0.0000078674   0.0001259350
        0.0000417599  -0.0000210282  -0.0000475726  -0.0004913424  -0.0000760122
        0.0003901154  -0.0044151483   0.0019181503  -0.0033953455   0.0007799693
       -0.0005105527   0.0000322370   0.0006816628   0.0000791599   0.0016502730
       -0.0024107953   0.0038935507   0.0268800155   0.0503775339  -0.0020518280
       -0.0036794494  -0.0001115010  -0.0000266562  -0.0000593679
        0.0000013030   0.0000110196  -0.0000304535  -0.0000185947  -0.0000070849
        0.0000526880  -0.0002406106   0.0003051840  -0.0005355335   0.0005974935
        0.0020551701   0.0108115060   0.0000331194  -0.0529441423  -0.0442359451
       -0.0000693195  -0.0003441391   0.0001343037   0.0000009768  -0.0000093171
        0.0000116927  -0.0000114743  -0.0000306831  -0.0000113201  -0.0000099760
        0.0000179870   0.0000141911   0.0000043259  -0.0000448563   0.0000191783
        0.0000222342  -0.0000213430   0.0000466976  -0.0002441814   0.0001585450
        0.0000808571   0.0021715230   0.0000396053   0.0015710564  -0.0000953867
        0.0003673629   0.0008306095   0.0018985437  -0.0096133342  -0.0336495524
       -0.0018183440   0.0026497990   0.0151704225  -0.0020518280   0.0574410477
        0.0497873858  -0.0001698043  -0.0000308206  -0.0000677841
        0.0000514088  -0.0000025808   0.0000975227   0.0002134220   0.0000144017
        0.0002942578   0.0006653702  -0.0000800469   0.0004462943  -0.0044173279
       -0.0010573302  -0.0177126376   0.0057320239  -0.0434833760  -0.2728836397
       -0.0000677373  -0.0003014832   0.0002343446   0.0000176506   0.0000086738
       -0.0000192172   0.0000107691  -0.0000170397  -0.0000301195  -0.0000234358
        0.0000043093   0.0000399008   0.0001778126   0.0000301721   0.0000121393
       -0.0000010642   0.0000684811  -0.0000469511  -0.0004812391  -0.0001749657
        0.0004052260  -0.0034652706   0.0017532704  -0.0014633587   0.0004919387
       -0.0000221484   0.0004385002   0.0010140830  -0.0044195765  -0.0088766795
        0.0037645881  -0.0021878924  -0.0184181766  -0.0036794494   0.0497873858
        0.3175895014  -0.0000035427   0.0000797456  -0.0001069073
        0.0004853099   0.0003271070   0.0006007191   0.0006612653   0.0002024402
       -0.0000087040   0.0021090238  -0.0021836948  -0.0042345732  -0.0000288967
       -0.0015565374  -0.0000209595   0.0002294483   0.0002421157  -0.0001064633
       -0.2701573959  -0.1593678005   0.1413059662   0.0002359345  -0.0002166525
       -0.0001380585  -0.0010828794  -0.0001021818  -0.0004050533   0.0000242331
        0.0001914694   0.0000072002  -0.0001189443   0.0001971413  -0.0002719574
        0.0000368188   0.0001341397  -0.0000096235   0.0005165619  -0.0003149499
        0.0005328628   0.0002559939   0.0001449639  -0.0008160342  -0.0002039631
        0.0001560457   0.0000029369   0.0000923222  -0.0003833624   0.0002349661
        0.0001807278   0.0000198393  -0.0001142391  -0.0001115010  -0.0001698043
       -0.0000035427   0.2668759410   0.1626797212  -0.1365554426
       -0.0005828040   0.0000904808  -0.0001774717  -0.0008987937   0.0001431196
        0.0006128233  -0.0253858962  -0.0230295935   0.0112549041   0.0001065526
       -0.0063665438  -0.0017428063   0.0004512513   0.0000961922   0.0000226377
       -0.1359991834  -0.1210387188   0.0613272408  -0.0001832721   0.0003091255
       -0.0001435259   0.0012759960   0.0005608567   0.0001956820   0.0002836394
       -0.0001220028  -0.0003001157  -0.0000610295  -0.0002536739   0.0000272701
       -0.0001950915   0.0003796826   0.0001082421  -0.0005490507   0.0001937832
        0.0004178534   0.0002818367   0.0000937554  -0.0004999253  -0.0014291031
       -0.0009526290   0.0004579646   0.0000802816  -0.0000287656   0.0000483416
        0.0001516013   0.0001217093  -0.0000566444  -0.0000266562  -0.0000308206
        0.0000797456   0.1626797212   0.1498340428  -0.0716322160
       -0.0000589701   0.0005779001  -0.0003290693   0.0008519371   0.0000595532
        0.0001755765  -0.0096403387  -0.0046298058   0.0020564447   0.0001362404
       -0.0012458383   0.0001971098   0.0000879541  -0.0001241817  -0.0002179677
        0.1474361941   0.0785824813  -0.0809654833  -0.0000658376  -0.0000378690
       -0.0001029151  -0.0006348740  -0.0000391515   0.0008845067   0.0001192445
       -0.0005069697  -0.0002471519   0.0000521248   0.0003432636  -0.0002930501
       -0.0000807800  -0.0001974737  -0.0000682296  -0.0011512856  -0.0012822273
        0.0016876167   0.0000455637   0.0000094543   0.0003612398  -0.0002172332
       -0.0002971175   0.0003582331  -0.0002893591   0.0003373172   0.0000913400
        0.0000242299   0.0001506649   0.0000132228  -0.0000593679  -0.0000677841
       -0.0001069073  -0.1365554426  -0.0716322160   0.0765054843
