           1           2   1.00000904713465     
           2           3  0.954390602972285     
           2           4  0.986890008118539     
           4           5  0.997164021848788     
           5           6  0.948295205272081     
           6           7  0.929453646299632     
           6           8  0.154741271364966     
           7           8   1.48528966247438     
           6           9  0.148923457745658     
           7           9   1.50827688504738     
           8           9  0.323781848828451     
           2          10  0.925408619796049     
          10          11  0.934494294678985     
          10          12  0.154552092898362     
          11          12   1.48190272280571     
          10          13  0.148528181898087     
          11          13   1.50893431683016     
          12          13  0.321853269270189     
           1          14  0.983572083118428     
           1          15  0.981516371926168     
           1          16  0.981180928908758     
           4          17  0.968232306656362     
           4          18  0.969376159246807     
           5          19  0.962757798314858     
           5          20  0.964126923073309     
