$coord
          6.181937235927         -1.555224243952          0.958103030164     c 
          4.018922406265         -0.714308044151         -0.744826176771     c 
          2.498395468278          1.428078584291          0.449076573321     c 
          0.272460292228          2.231231656855         -1.200476104359     c 
         -1.482401560868          0.214728069570         -1.567026819709     o 
         -3.183307124157         -0.182867744544          0.258530418144     c 
         -3.355555857786          1.081778001005          2.138213995061     o 
         -4.831980884817         -2.419400775082         -0.365640746354     c 
          5.461385420265         -2.222600989317          2.763870382677     h 
          7.242022509433         -3.080024053566          0.078616613458     h 
          7.467641030531          0.008591060772          1.315066676146     h 
          4.774298252536         -0.082395573650         -2.559349932762     h 
          2.764757735622         -2.311272752915         -1.111019645289     h 
          1.774566706438          0.833330387251          2.287437560526     h 
          3.708668344517          3.072276090435          0.742677762835     h 
         -0.717324851223          3.824710199754         -0.326569567634     h 
          0.903896812762          2.744789933528         -3.096946118962     h 
         -4.077886090003         -4.075314566994          0.593864271114     h 
         -4.833055619964         -2.758854198875         -2.388096066902     h 
         -6.736291914925         -2.084890491893          0.322574802817     h 
$end
