           1           2   1.01609814653088     
           2           3   1.01277156209578     
           3           4   1.01762152029647     
           4           5   1.00384438645681     
           1           6  0.986943602159324     
           1           7  0.986653533149148     
           1           8  0.985768532045814     
           2           9  0.974358237420702     
           2          10  0.966902373442455     
           3          11  0.951903564418064     
           4          12  0.974102360474212     
           4          13  0.973916854090307     
           5          14  0.986046267697652     
           5          15  0.987448481797619     
           5          16  0.986769681505005     
