$coord
         -1.972754216612         -5.508607727777         -0.000609321156     c 
         -1.910120967783         -2.675270208890         -0.000284469707     c 
         -4.116395220762         -1.323098451358         -0.000153580485     c 
         -4.116368439377          1.323107704968          0.000387280814     c 
         -1.910085589279          2.675265442434          0.000151006300     c 
          0.423206227909          1.344624598003         -0.000364396800     c 
          0.423179217678         -1.344621761525          0.000095913419     c 
          2.767744474696         -2.617714404243          0.001054743169     c 
          5.002222166727         -1.323127383252          0.000875745870     c 
          5.002240353828          1.323104475049         -0.000668780061     c 
          2.767785693021          2.617714076187         -0.001152627571     c 
         -1.972766216371          5.508619235830          0.000590812047     c 
         -1.025146380818         -6.261407044022         -1.666381327875     h 
         -1.032578296732         -6.261388353687          1.669442158569     h 
         -3.915988772080         -6.176796310371         -0.004910999010     h 
         -5.908333267004         -2.304470693431         -0.000367094006     h 
         -5.908283744279          2.304517817716          0.000777495994     h 
          2.793463367833         -4.656318413040          0.002083663232     h 
          6.777352222013         -2.332259896240          0.001616134072     h 
          6.777408389015          2.332157431141         -0.001272678270     h 
          2.793432430184          4.656360789955         -0.001991918360     h 
         -1.029703465716          6.261654039518         -1.667736480211     h 
         -3.916014960091          6.176759921241          0.001542149978     h 
         -1.028007135076          6.261243201758          1.668124527687     h 
$end
