           1           2   1.02119543069810     
           2           3  0.989524076979263     
           3           4   1.01338299541319     
           4           5   1.39859828938705     
           5           6   1.46395527410058     
           6           7   1.36188016513254     
           5           8  0.105831736087365     
           7           8   1.37824183245067     
           4           9   1.41399668257282     
           6           9  0.107080915151996     
           8           9   1.44359274549917     
           7          10   1.06556563987424     
           1          11  0.986948640716578     
           1          12  0.986361369169447     
           1          13  0.987406976320284     
           2          14  0.977637774574384     
           2          15  0.978332744218941     
           3          16  0.974846871906385     
           3          17  0.969976019617747     
           5          18  0.968770618116834     
           6          19  0.968945485985059     
           8          20  0.966211201716667     
           9          21  0.968535687245735     
          10          22  0.844048638623591     
