           1           2   1.01777028247711     
           2           3  0.973759211033196     
           3           4  0.985685876589036     
           4           5   1.69813179586852     
           4           6   1.18176162980697     
           5           6  0.172530730735818     
           1           7  0.986606534658651     
           1           8  0.984409321440362     
           1           9  0.986898274110554     
           2          10  0.977837376402162     
           2          11  0.978974957963836     
           3          12  0.970509321971249     
           3          13  0.962590730485539     
           6          14  0.802510879337216     
