           1           2   1.00990577061921     
           2           3   1.01020191324228     
           2           4  0.990325642403106     
           4           5  0.989314123058949     
           5           6   1.70505565672269     
           5           7   1.16795123322919     
           6           7  0.169437945636912     
           1           8  0.985950447578193     
           1           9  0.986463431427237     
           1          10  0.986097955033829     
           2          11  0.967826879645825     
           3          12  0.985811167322675     
           3          13  0.986387500289757     
           3          14  0.984046615226120     
           4          15  0.960092360298468     
           4          16  0.934899093051059     
           7          17  0.804425982113555     
