$hessian                                                                        
        0.5257594702   0.0102286189  -0.0107425304  -0.0651947572   0.0101503145
       -0.0238705814  -0.0080505136   0.0140599986  -0.0228630500  -0.0046377482
        0.0036655600   0.0024902690  -0.0014939776   0.0012768584  -0.0004946092
        0.0008706858   0.0000284451   0.0010429038  -0.0001019857  -0.0000558202
        0.0000640294  -0.1338950694  -0.1180428181   0.0001067274  -0.0513440746
        0.0203919039   0.0324279385  -0.2673432224   0.0695283732   0.0065183813
        0.0032128817  -0.0095998748   0.0129605319   0.0022547247  -0.0017693634
        0.0024609789   0.0001056140   0.0000145074   0.0000014768  -0.0000325769
        0.0000532915  -0.0000379600  -0.0000114730   0.0000377336  -0.0000570564
       -0.0000805702   0.0000477408   0.0000624984  -0.0000174074  -0.0000154694
       -0.0000699479
        0.0102286189   0.4998870688   0.0343821935   0.0057880316  -0.1027119267
        0.0622617416   0.0126001118  -0.0093398921   0.0083648571   0.0016567589
        0.0013213331  -0.0008509173  -0.0020567206  -0.0014748648   0.0006581356
        0.0002329537  -0.0000673311  -0.0004866601  -0.0000030529  -0.0001464411
        0.0000028745  -0.1188195068  -0.1984323998  -0.0028657947   0.0203071009
       -0.1159539036  -0.1092215105   0.0698375221  -0.0646411882  -0.0036912424
        0.0028632174  -0.0162874897   0.0210540299  -0.0024833500   0.0077283422
       -0.0096189631  -0.0000481022   0.0000261505  -0.0000245288  -0.0001116338
       -0.0000072776  -0.0000302115  -0.0000536569   0.0000611223   0.0000152441
        0.0000028128   0.0000206648  -0.0000019557   0.0000588950   0.0000180329
        0.0000527078
       -0.0107425304   0.0343821935   0.4731782284  -0.0146859815   0.0583992925
       -0.1506858761  -0.0112144126   0.0054939777  -0.0022952586   0.0010343508
       -0.0024088341  -0.0006878244   0.0010449984   0.0016932911   0.0003959581
        0.0000036530   0.0000746645  -0.0000146271  -0.0000575328   0.0000514065
       -0.0002260417   0.0009551574  -0.0018218600  -0.0427028128   0.0320893818
       -0.1100725730  -0.2061082605   0.0059040829  -0.0037193184  -0.0415468606
        0.0002205023   0.0043265558  -0.0027840564  -0.0046803958   0.0136990346
       -0.0268523176   0.0000681782  -0.0000110248   0.0000542962   0.0000137959
       -0.0000473604   0.0000803373  -0.0000158586   0.0000022410   0.0000672619
        0.0000205812  -0.0000172409   0.0000504521   0.0000420299  -0.0000244455
        0.0000774018
       -0.0651947572   0.0057880316  -0.0146859815   0.4728648461   0.0420373916
       -0.0089804550  -0.1648855155   0.0397978169   0.0013815424  -0.0155331994
        0.0173827999  -0.0007034218  -0.0486654910  -0.0089944469  -0.0005129235
        0.0008336370  -0.0032942749  -0.0007128321  -0.0005291505   0.0001079611
        0.0001645678   0.0029172440  -0.0098292154   0.0141029044   0.0011652296
       -0.0021541247   0.0017127824  -0.0076214135   0.0176024462  -0.0242483995
       -0.1269001681  -0.1150261887   0.0018268319  -0.0472186621   0.0162692196
        0.0304627832  -0.0012327473   0.0002639237  -0.0000496091   0.0001368946
       -0.0000045627   0.0001565535  -0.0000251544  -0.0000604060  -0.0000147480
       -0.0001009520   0.0000642417   0.0002320441  -0.0000106403   0.0000493869
       -0.0001316392
        0.0101503145  -0.1027119267   0.0583992925   0.0420373916   0.5266265382
        0.0314341626   0.0185617022  -0.0679916520  -0.0014139980   0.0453022982
       -0.0333072572   0.0003816013  -0.0216936276   0.0085850534   0.0004607747
       -0.0035641319  -0.0032652486  -0.0006203795  -0.0000767999   0.0000140558
       -0.0000081740   0.0027700146  -0.0177857146   0.0219313781  -0.0025397613
        0.0085479113  -0.0097150205   0.0040494940  -0.0070712586   0.0098437855
       -0.1115646308  -0.1978004079  -0.0009000053   0.0177009553  -0.1137778770
       -0.1099347452  -0.0011338528   0.0001909534  -0.0000242292   0.0000632898
       -0.0002885362  -0.0000340875  -0.0000238591   0.0000895045  -0.0000490626
       -0.0000124505   0.0000190647   0.0001216591  -0.0000263464  -0.0000732026
        0.0001270480
       -0.0238705814   0.0622617416  -0.1506858761  -0.0089804550   0.0314341626
        0.4611208649   0.0061171578  -0.0019466836  -0.0695962373  -0.0002172825
       -0.0006083912   0.0197317489  -0.0027290176  -0.0007072885   0.0042820383
        0.0014244618  -0.0003951706   0.0054383433  -0.0012205264   0.0002781020
       -0.0000561585   0.0006628223   0.0047375934  -0.0032017776  -0.0051639791
        0.0140435351  -0.0262038247  -0.0028131630   0.0042024459  -0.0039373846
        0.0021400977  -0.0007943055  -0.0428968418   0.0336568584  -0.1125898289
       -0.1943111533   0.0005584425  -0.0001447420   0.0000966349   0.0006086350
        0.0002349247   0.0000383044   0.0000165223  -0.0000635638  -0.0000482003
       -0.0001676362   0.0000695868   0.0003305876  -0.0000223567  -0.0000121176
       -0.0001010680
       -0.0080505136   0.0126001118  -0.0112144126  -0.1648855155   0.0185617022
        0.0061171578   0.5255487205  -0.1247407408   0.0055149556  -0.1328576888
        0.1824173011   0.0005830378  -0.1457206382  -0.0693139420  -0.0008776541
       -0.0443490752  -0.0247006110  -0.0037692862   0.0013562593  -0.0008886150
       -0.0015403735   0.0008896438  -0.0012479800   0.0002699855   0.0005363988
        0.0000646407   0.0008311635   0.0009218099  -0.0010297641   0.0009282874
       -0.0219390108   0.0020508350   0.0001379085  -0.0055155705   0.0069701935
        0.0014382668  -0.0063392833   0.0005467784   0.0001275388   0.0005319690
       -0.0016859230   0.0004668856  -0.0004134024   0.0001217988   0.0001211751
        0.0005201812  -0.0000004223   0.0002839687  -0.0002342841   0.0002746367
        0.0005813953
        0.0140599986  -0.0093398921   0.0054939777   0.0397978169  -0.0679916520
       -0.0019466836  -0.1247407408   0.8286140647   0.0060228512   0.1649549900
       -0.5751063454  -0.0041999766  -0.0772330638  -0.1811901971  -0.0007740314
       -0.0215527699   0.0116522456  -0.0037150626   0.0035601339  -0.0018467613
        0.0002089318   0.0006533436  -0.0015166513   0.0004167310  -0.0001490237
        0.0008236603  -0.0008757920   0.0003801416  -0.0008789702   0.0020901150
       -0.0238050439   0.0048635459   0.0000123959   0.0170591830  -0.0071912190
       -0.0040676150   0.0024125337  -0.0016632470   0.0011358176   0.0034135566
        0.0007667715   0.0024827208  -0.0005321567  -0.0002976347   0.0003225237
        0.0012636366  -0.0001147664  -0.0011123470   0.0004574644   0.0004170484
       -0.0014945565
       -0.0228630500   0.0083648571  -0.0022952586   0.0013815424  -0.0014139980
       -0.0695962373   0.0055149556   0.0060228512   0.1956055627   0.0001102513
       -0.0032436319  -0.0644198450  -0.0020262441  -0.0032444009  -0.0539652750
       -0.0020440261  -0.0001955001  -0.0000287878   0.0011365950   0.0005065117
        0.0004443618  -0.0000805695  -0.0001098493   0.0009081429  -0.0013337475
        0.0003256835  -0.0006112236  -0.0016071355   0.0035385991  -0.0044719389
       -0.0001109150  -0.0002415312   0.0004694832   0.0247291019  -0.0090353537
       -0.0020397896  -0.0025386052  -0.0005396025   0.0001345460  -0.0009342548
       -0.0004774194   0.0011073095   0.0002289324   0.0004817257  -0.0004313093
       -0.0000037412  -0.0001525857  -0.0004819426   0.0004409103  -0.0005863554
       -0.0003277984
       -0.0046377482   0.0016567589   0.0010343508  -0.0155331994   0.0453022982
       -0.0002172825  -0.1328576888   0.1649549900   0.0001102513   0.1425817510
       -0.1782652398   0.0003255416   0.0097918760  -0.0309384109  -0.0004887192
        0.0015243746  -0.0040641319  -0.0007840758  -0.0000456819  -0.0003815502
        0.0007526441  -0.0000831655   0.0000371857   0.0001856213   0.0000512752
       -0.0004216340   0.0001589516  -0.0005515331   0.0010669682  -0.0016780241
        0.0034465316   0.0001478811  -0.0000147072  -0.0053171814   0.0024157667
        0.0005080709   0.0010704614  -0.0008223316   0.0006473781   0.0005046960
       -0.0005460642   0.0005690464   0.0000820705  -0.0001276955  -0.0000756687
        0.0001532052   0.0000458243  -0.0003568034  -0.0001800433  -0.0000606150
       -0.0006765751
        0.0036655600   0.0013213331  -0.0024088341   0.0173827999  -0.0333072572
       -0.0006083912   0.1824173011  -0.5751063454  -0.0032436319  -0.1782652398
        0.7225246217   0.0075443716  -0.0288495309  -0.1190198620  -0.0045032823
        0.0037158121   0.0009104106   0.0021667215  -0.0011581665   0.0014175216
       -0.0002698141  -0.0003688082   0.0003289112  -0.0004239898  -0.0002111477
        0.0001801886   0.0005594097   0.0008030089  -0.0012280798   0.0017627712
       -0.0014576087   0.0012734862   0.0001462855   0.0037070730  -0.0007818557
       -0.0000487344   0.0003185122   0.0012011714  -0.0000595167  -0.0011036622
        0.0003606392  -0.0013801100   0.0002806034   0.0000654484  -0.0004285627
       -0.0004191771   0.0000127051   0.0003423153  -0.0004573295  -0.0001530370
        0.0008529924
        0.0024902690  -0.0008509173  -0.0006878244  -0.0007034218   0.0003816013
        0.0197317489   0.0005830378  -0.0041999766  -0.0644198450   0.0003255416
        0.0075443716   0.0251105758  -0.0018677787  -0.0030507321   0.0252555158
       -0.0001900531  -0.0004016351  -0.0039180178   0.0011699369  -0.0004667166
       -0.0002035790   0.0000381770   0.0000616261  -0.0000578173   0.0004204371
       -0.0002537859  -0.0000122662   0.0000700242  -0.0006604691   0.0008254748
       -0.0000527470   0.0000794253  -0.0008601301  -0.0025653507   0.0015009295
       -0.0002195704   0.0000673435   0.0000991903   0.0000464028   0.0001902848
       -0.0000862010  -0.0009373412  -0.0000719951  -0.0000093141   0.0001984275
        0.0001753808   0.0000267715  -0.0001192404  -0.0000790864   0.0002858321
        0.0002674862
       -0.0014939776  -0.0020567206   0.0010449984  -0.0486654910  -0.0216936276
       -0.0027290176  -0.1457206382  -0.0772330638  -0.0020262441   0.0097918760
       -0.0288495309  -0.0018677787   0.4352880152   0.0599094001   0.0025288607
       -0.1526388585   0.0470240931  -0.0032541826  -0.0324002612   0.0081106169
        0.0124349008  -0.0002023024   0.0008387193  -0.0001636105   0.0000485029
       -0.0005102662  -0.0005706863  -0.0003485130   0.0004489919  -0.0005571317
       -0.0088245761   0.0012807279   0.0002333981  -0.0004419756  -0.0012891184
        0.0005163732  -0.0292315653  -0.0002210127  -0.0038701709  -0.0260278590
        0.0142654661  -0.0054214546   0.0015848498  -0.0006879834  -0.0013418618
       -0.0021656287   0.0008529496   0.0059343214   0.0014484026  -0.0001896414
       -0.0008907138
        0.0012768584  -0.0014748648   0.0016932911  -0.0089944469   0.0085850534
       -0.0007072885  -0.0693139420  -0.1811901971  -0.0032444009  -0.0309384109
       -0.1190198620  -0.0030507321   0.0599094001   0.3818747592   0.0045713175
        0.0354522455  -0.0873747446   0.0025098973   0.0067778337   0.0026064625
       -0.0025647811   0.0003612829   0.0006758503  -0.0001476611  -0.0001137893
       -0.0001139506  -0.0003617982   0.0000588274   0.0002747513  -0.0004576652
        0.0012280981   0.0001491582   0.0003431200  -0.0005817515  -0.0005804885
        0.0008371772  -0.0255869939   0.0047026051  -0.0015191333   0.0307199154
       -0.0090941565   0.0021291227  -0.0004240687   0.0000034209   0.0000709214
       -0.0000053592   0.0002806765  -0.0011088762   0.0001743007  -0.0003044733
        0.0010074896
       -0.0004946092   0.0006581356   0.0003959581  -0.0005129235   0.0004607747
        0.0042820383  -0.0008776541  -0.0007740314  -0.0539652750  -0.0004887192
       -0.0045032823   0.0252555158   0.0025288607   0.0045713175   0.0754289088
       -0.0048353251   0.0004671168  -0.0523793329   0.0327958374  -0.0056314827
       -0.0003430316  -0.0003627770  -0.0005846248  -0.0003189967   0.0002091431
        0.0000886657   0.0003924986  -0.0003345191  -0.0002471027   0.0001510392
       -0.0000358982   0.0000830867   0.0010538055  -0.0013214040  -0.0000635582
        0.0005026532  -0.0114557543   0.0023030951   0.0008301656  -0.0177515262
        0.0041097305   0.0005987216  -0.0005592189  -0.0004044416   0.0022316747
        0.0038722850  -0.0011755012  -0.0059231101  -0.0003757974   0.0006421023
        0.0018067670
        0.0008706858   0.0002329537   0.0000036530   0.0008336370  -0.0035641319
        0.0014244618  -0.0443490752  -0.0215527699  -0.0020440261   0.0015243746
        0.0037158121  -0.0001900531  -0.1526388585   0.0354522455  -0.0048353251
        0.3873334499   0.0372260064   0.0209902636  -0.0677202496   0.0018113679
        0.0345605666  -0.0004421644   0.0001435296  -0.0001422736  -0.0002954753
        0.0000974706   0.0000593875   0.0003031489  -0.0000648582  -0.0001182778
       -0.0010372999   0.0008277861   0.0000161056  -0.0003206682  -0.0000765037
       -0.0003498232  -0.0739957321  -0.0803213666  -0.0419787120  -0.0423081528
        0.0244433676  -0.0178541674   0.0014988595  -0.0014579184  -0.0038493812
       -0.0132743076   0.0039968689   0.0254325193   0.0040178279  -0.0009098598
       -0.0111249179
        0.0000284451  -0.0000673311   0.0000746645  -0.0032942749  -0.0032652486
       -0.0003951706  -0.0247006110   0.0116522456  -0.0001955001  -0.0040641319
        0.0009104106  -0.0004016351   0.0470240931  -0.0873747446   0.0004671168
        0.0372260064   0.5470175429  -0.0006183708   0.0013125678  -0.0701537876
       -0.0136132032   0.0001865767   0.0001012194   0.0000187654   0.0000403081
       -0.0000300658   0.0000001399   0.0000023597   0.0000834338  -0.0000108755
       -0.0013555684   0.0001550505   0.0000313143   0.0001614081   0.0000112311
        0.0001355911  -0.0753069493  -0.1978166863  -0.0798348686   0.0209458913
       -0.1983499951   0.0990347106  -0.0076940584   0.0023247557   0.0244389593
        0.0019519410  -0.0005570695  -0.0036515886   0.0075359965  -0.0046409608
       -0.0254800492
        0.0010429038  -0.0004866601  -0.0000146271  -0.0007128321  -0.0006203795
        0.0054383433  -0.0037692862  -0.0037150626  -0.0000287878  -0.0007840758
        0.0021667215  -0.0039180178  -0.0032541826   0.0025098973  -0.0523793329
        0.0209902636  -0.0006183708   0.4687037816   0.0325764701  -0.0148624041
       -0.1866282965  -0.0000729427   0.0002893419   0.0000386973  -0.0001311554
       -0.0000900317  -0.0002616973   0.0001751532  -0.0002103668   0.0001986748
       -0.0001080974   0.0000386826   0.0003594980  -0.0004902075   0.0002888291
        0.0000005948  -0.0415303639  -0.0802688886  -0.0837475220  -0.0168932193
        0.1009108170  -0.1061331456   0.0070571402   0.0013659019  -0.0226555035
        0.0013814448  -0.0003039729  -0.0006597710   0.0045229872  -0.0063940541
       -0.0183128881
       -0.0001019857  -0.0000030529  -0.0000575328  -0.0005291505  -0.0000767999
       -0.0012205264   0.0013562593   0.0035601339   0.0011365950  -0.0000456819
       -0.0011581665   0.0011699369  -0.0324002612   0.0067778337   0.0327958374
       -0.0677202496   0.0013125678   0.0325764701   0.5252714279   0.0006196442
        0.0245249057   0.0000101623  -0.0001896533   0.0000923454   0.0000117973
        0.0000229543   0.0001235644  -0.0001216254   0.0000683298  -0.0000383420
       -0.0001654668   0.0000018462  -0.0000785744   0.0000657369  -0.0001420501
       -0.0000511850   0.0039279606  -0.0010580151  -0.0090827557   0.0018860299
       -0.0009615576  -0.0012400714  -0.0547020578   0.0414977727  -0.0283029647
       -0.2855291197   0.0348962977  -0.0094461380  -0.0912137758  -0.0851680848
       -0.0429015645
       -0.0000558202  -0.0001464411   0.0000514065   0.0001079611   0.0000140558
        0.0002781020  -0.0008886150  -0.0018467613   0.0005065117  -0.0003815502
        0.0014175216  -0.0004667166   0.0081106169   0.0026064625  -0.0056314827
        0.0018113679  -0.0701537876  -0.0148624041   0.0006196442   0.5249289039
       -0.0111780385   0.0000994484   0.0000558346  -0.0001015273  -0.0000284965
        0.0000587501  -0.0000175678   0.0000181945   0.0000199113  -0.0000111722
        0.0000210826   0.0000211692   0.0000076379  -0.0000767513   0.0000423334
        0.0000227183   0.0059189828  -0.0042049803  -0.0237722691  -0.0066386250
        0.0018558030   0.0232392679   0.0414233634  -0.2060915345   0.1068544600
        0.0349393495  -0.0476977878   0.0016391079  -0.0850001531  -0.2008794525
       -0.0765580338
        0.0000640294   0.0000028745  -0.0002260417   0.0001645678  -0.0000081740
       -0.0000561585  -0.0015403735   0.0002089318   0.0004443618   0.0007526441
       -0.0002698141  -0.0002035790   0.0124349008  -0.0025647811  -0.0003430316
        0.0345605666  -0.0136132032  -0.1866282965   0.0245249057  -0.0111780385
        0.4628546656  -0.0000536099   0.0000325596   0.0000103400  -0.0000213214
        0.0000198478   0.0000891545   0.0000257277  -0.0000015545   0.0000511396
        0.0000848075   0.0000028364   0.0000298337  -0.0000657645   0.0000379185
        0.0000956107   0.0040980294  -0.0049764615  -0.0168765976   0.0064165286
        0.0007214835  -0.0216375966  -0.0291837483   0.1080293769  -0.1141553242
       -0.0081697838   0.0013876627  -0.0414387906  -0.0440921061  -0.0778314648
       -0.0820096895
       -0.1338950694  -0.1188195068   0.0009551574   0.0029172440   0.0027700146
        0.0006628223   0.0008896438   0.0006533436  -0.0000805695  -0.0000831655
       -0.0003688082   0.0000381770  -0.0002023024   0.0003612829  -0.0003627770
       -0.0004421644   0.0001865767  -0.0000729427   0.0000101623   0.0000994484
       -0.0000536099   0.1514065451   0.1368311319   0.0001416699   0.0027949975
        0.0027600775  -0.0003204059  -0.0240805190  -0.0250938669  -0.0006248793
        0.0006093034   0.0008791219  -0.0006165407   0.0000953556  -0.0001255252
        0.0002038547  -0.0000123125  -0.0000090536  -0.0000399760   0.0000493998
       -0.0000547681   0.0000344122  -0.0001007560  -0.0000082675   0.0001118755
        0.0000331257  -0.0000453848   0.0000089365   0.0000105120  -0.0000158162
        0.0000147955
       -0.1180428181  -0.1984323998  -0.0018218600  -0.0098292154  -0.0177857146
        0.0047375934  -0.0012479800  -0.0015166513  -0.0001098493   0.0000371857
        0.0003289112   0.0000616261   0.0008387193   0.0006758503  -0.0005846248
        0.0001435296   0.0001012194   0.0002893419  -0.0001896533   0.0000558346
        0.0000325596   0.1368311319   0.2293590379  -0.0014157920  -0.0126407710
       -0.0181119916  -0.0039487687   0.0035098835   0.0063379560  -0.0003531703
        0.0007009020  -0.0018885804   0.0037793941   0.0000350304   0.0007961183
       -0.0005415842  -0.0000722023   0.0000196514  -0.0000008726  -0.0001179548
        0.0000727602  -0.0000194540   0.0001236295   0.0001018099  -0.0000695299
       -0.0000957174   0.0000183755   0.0000019409   0.0000163003  -0.0001321872
       -0.0000369500
        0.0001067274  -0.0028657947  -0.0427028128   0.0141029044   0.0219313781
       -0.0032017776   0.0002699855   0.0004167310   0.0009081429   0.0001856213
       -0.0004239898  -0.0000578173  -0.0001636105  -0.0001476611  -0.0003189967
       -0.0001422736   0.0000187654   0.0000386973   0.0000923454  -0.0001015273
        0.0000103400   0.0001416699  -0.0014157920   0.0500213458  -0.0158781263
       -0.0226782370  -0.0019217672   0.0014436303   0.0008248052   0.0008323457
       -0.0008572567   0.0039549723  -0.0040279850   0.0005665070   0.0005136955
        0.0005358267  -0.0000139957  -0.0000051541  -0.0000231137   0.0000826842
       -0.0000355729  -0.0000207769   0.0000651070   0.0000210287   0.0000085972
        0.0000034272   0.0000199104  -0.0000623677  -0.0000053468  -0.0000275578
       -0.0000178807
       -0.0513440746   0.0203071009   0.0320893818   0.0011652296  -0.0025397613
       -0.0051639791   0.0005363988  -0.0001490237  -0.0013337475   0.0000512752
       -0.0002111477   0.0004204371   0.0000485029  -0.0001137893   0.0002091431
       -0.0002954753   0.0000403081  -0.0001311554   0.0000117973  -0.0000284965
       -0.0000213214   0.0027949975  -0.0126407710  -0.0158781263   0.0547516394
       -0.0246202830  -0.0361338811  -0.0082966420   0.0193540357   0.0263989809
        0.0000265883  -0.0000036164   0.0005683164   0.0005571791   0.0005557630
       -0.0011354823   0.0000376105   0.0000218528   0.0000335311   0.0000071509
       -0.0000115735   0.0000195356  -0.0000582208  -0.0000826392   0.0000096234
        0.0000652869   0.0000070976   0.0000342402  -0.0000592438   0.0001149436
        0.0000145035
        0.0203919039  -0.1159539036  -0.1100725730  -0.0021541247   0.0085479113
        0.0140435351   0.0000646407   0.0008236603   0.0003256835  -0.0004216340
        0.0001801886  -0.0002537859  -0.0005102662  -0.0001139506   0.0000886657
        0.0000974706  -0.0000300658  -0.0000900317   0.0000229543   0.0000587501
        0.0000198478   0.0027600775  -0.0181119916  -0.0226782370  -0.0246202830
        0.1313777101   0.1242649879   0.0036236119  -0.0065852952  -0.0095578892
       -0.0000264272   0.0007286093   0.0004000500   0.0007971240  -0.0008549347
        0.0034907910   0.0000073236  -0.0000096729  -0.0000103293   0.0000085101
        0.0000076269   0.0000179048  -0.0000640929  -0.0000782247  -0.0000096935
        0.0000177344  -0.0000330293   0.0000212347   0.0000054769   0.0000466119
       -0.0000001610
        0.0324279385  -0.1092215105  -0.2061082605   0.0017127824  -0.0097150205
       -0.0262038247   0.0008311635  -0.0008757920  -0.0006112236   0.0001589516
        0.0005594097  -0.0000122662  -0.0005706863  -0.0003617982   0.0003924986
        0.0000593875   0.0000001399  -0.0002616973   0.0001235644  -0.0000175678
        0.0000891545  -0.0003204059  -0.0039487687  -0.0019217672  -0.0361338811
        0.1242649879   0.2418162614   0.0027108051  -0.0036067813  -0.0027100566
        0.0001950607  -0.0005148542   0.0005587467  -0.0012011162   0.0034341850
       -0.0050043459   0.0000396819   0.0000191895  -0.0000233245   0.0000247351
       -0.0000235888  -0.0000445951  -0.0000438322  -0.0000500961   0.0000239037
        0.0000600941  -0.0000120718  -0.0000073585  -0.0000742431   0.0000699379
        0.0000281551
       -0.2673432224   0.0698375221   0.0059040829  -0.0076214135   0.0040494940
       -0.0028131630   0.0009218099   0.0003801416  -0.0016071355  -0.0005515331
        0.0008030089   0.0000700242  -0.0003485130   0.0000588274  -0.0003345191
        0.0003031489   0.0000023597   0.0001751532  -0.0001216254   0.0000181945
        0.0000257277  -0.0240805190   0.0035098835   0.0014436303  -0.0082966420
        0.0036236119   0.0027108051   0.3064057935  -0.0819117355  -0.0059491782
        0.0004764929  -0.0000708679   0.0003491107   0.0001665560  -0.0003280595
        0.0001050209   0.0000102809  -0.0000092339   0.0000095400   0.0000007011
        0.0000521315  -0.0000019509   0.0000741770   0.0000368044  -0.0000402571
       -0.0000272700   0.0000102614  -0.0000128297   0.0000317782  -0.0000623440
       -0.0000340615
        0.0695283732  -0.0646411882  -0.0037193184   0.0176024462  -0.0070712586
        0.0042024459  -0.0010297641  -0.0008789702   0.0035385991   0.0010669682
       -0.0012280798  -0.0006604691   0.0004489919   0.0002747513  -0.0002471027
       -0.0000648582   0.0000834338  -0.0002103668   0.0000683298   0.0000199113
       -0.0000015545  -0.0250938669   0.0063379560   0.0008248052   0.0193540357
       -0.0065852952  -0.0036067813  -0.0819117355   0.0731514462   0.0006000254
        0.0005487477  -0.0000207438  -0.0002196840  -0.0004259660   0.0005417261
       -0.0004892290  -0.0000146480   0.0000166964   0.0000128587  -0.0000727925
        0.0000087851   0.0000029493   0.0000223754  -0.0000065535  -0.0000169588
        0.0000066427   0.0000098083  -0.0000133062  -0.0000332796  -0.0000124251
        0.0000030870
        0.0065183813  -0.0036912424  -0.0415468606  -0.0242483995   0.0098437855
       -0.0039373846   0.0009282874   0.0020901150  -0.0044719389  -0.0016780241
        0.0017627712   0.0008254748  -0.0005571317  -0.0004576652   0.0001510392
       -0.0001182778  -0.0000108755   0.0001986748  -0.0000383420  -0.0000111722
        0.0000511396  -0.0006248793  -0.0003531703   0.0008323457   0.0263989809
       -0.0095578892  -0.0027100566  -0.0059491782   0.0006000254   0.0495761891
       -0.0001397821  -0.0002657413   0.0004914678  -0.0005494543   0.0000232467
        0.0005490125   0.0000326324   0.0000053470  -0.0000017407   0.0000560386
        0.0000128363  -0.0000025018  -0.0000235494  -0.0000451278  -0.0000007107
        0.0000163359   0.0000068409   0.0000264320  -0.0000236379   0.0000479160
       -0.0000305814
        0.0032128817   0.0028632174   0.0002205023  -0.1269001681  -0.1115646308
        0.0021400977  -0.0219390108  -0.0238050439  -0.0001109150   0.0034465316
       -0.0014576087  -0.0000527470  -0.0088245761   0.0012280981  -0.0000358982
       -0.0010372999  -0.0013555684  -0.0001080974  -0.0001654668   0.0000210826
        0.0000848075   0.0006093034   0.0007009020  -0.0008572567   0.0000265883
       -0.0000264272   0.0001950607   0.0004764929   0.0005487477  -0.0001397821
        0.1485894610   0.1311711830  -0.0008892881   0.0028051847   0.0016413188
       -0.0003955406  -0.0004162555   0.0001014969  -0.0000103225   0.0001002367
       -0.0000661578   0.0000018695   0.0000316298   0.0000322284  -0.0000589506
       -0.0000088966   0.0000132119   0.0000332980  -0.0000066365  -0.0000460500
       -0.0000168374
       -0.0095998748  -0.0162874897   0.0043265558  -0.1150261887  -0.1978004079
       -0.0007943055   0.0020508350   0.0048635459  -0.0002415312   0.0001478811
        0.0012734862   0.0000794253   0.0012807279   0.0001491582   0.0000830867
        0.0008277861   0.0001550505   0.0000386826   0.0000018462   0.0000211692
        0.0000028364   0.0008791219  -0.0018885804   0.0039549723  -0.0000036164
        0.0007286093  -0.0005148542  -0.0000708679  -0.0000207438  -0.0002657413
        0.1311711830   0.2258423874  -0.0034284221  -0.0117754583  -0.0171123368
       -0.0032559989   0.0001227467   0.0000114683   0.0000161760  -0.0000292474
        0.0000544588  -0.0000229177   0.0000360378  -0.0000143823  -0.0000034068
        0.0000026967   0.0000083368  -0.0000036528  -0.0000156086   0.0000162703
        0.0000290954
        0.0129605319   0.0210540299  -0.0027840564   0.0018268319  -0.0009000053
       -0.0428968418   0.0001379085   0.0000123959   0.0004694832  -0.0000147072
        0.0001462855  -0.0008601301   0.0002333981   0.0003431200   0.0010538055
        0.0000161056   0.0000313143   0.0003594980  -0.0000785744   0.0000076379
        0.0000298337  -0.0006165407   0.0037793941  -0.0040279850   0.0005683164
        0.0004000500   0.0005587467   0.0003491107  -0.0002196840   0.0004914678
       -0.0008892881  -0.0034284221   0.0490548009  -0.0144875989  -0.0212705150
       -0.0014661081   0.0000544094   0.0000033126  -0.0000040507  -0.0000283266
        0.0000022549  -0.0000030760  -0.0000203932   0.0000123722  -0.0000091457
       -0.0000265984   0.0000094536   0.0000355344   0.0000154148   0.0000170055
       -0.0000017766
        0.0022547247  -0.0024833500  -0.0046803958  -0.0472186621   0.0177009553
        0.0336568584  -0.0055155705   0.0170591830   0.0247291019  -0.0053171814
        0.0037070730  -0.0025653507  -0.0004419756  -0.0005817515  -0.0013214040
       -0.0003206682   0.0001614081  -0.0004902075   0.0000657369  -0.0000767513
       -0.0000657645   0.0000953556   0.0000350304   0.0005665070   0.0005571791
        0.0007971240  -0.0012011162   0.0001665560  -0.0004259660  -0.0005494543
        0.0028051847  -0.0117754583  -0.0144875989   0.0528078588  -0.0240580673
       -0.0335322277  -0.0000511959  -0.0000118504   0.0000146863   0.0000142382
       -0.0000348041   0.0000493513   0.0000174747   0.0000282639  -0.0000160198
        0.0000257712  -0.0000187238  -0.0000588556   0.0000551737  -0.0000223151
       -0.0000481100
       -0.0017693634   0.0077283422   0.0136990346   0.0162692196  -0.1137778770
       -0.1125898289   0.0069701935  -0.0071912190  -0.0090353537   0.0024157667
       -0.0007818557   0.0015009295  -0.0012891184  -0.0005804885  -0.0000635582
       -0.0000765037   0.0000112311   0.0002888291  -0.0001420501   0.0000423334
        0.0000379185  -0.0001255252   0.0007961183   0.0005136955   0.0005557630
       -0.0008549347   0.0034341850  -0.0003280595   0.0005417261   0.0000232467
        0.0016413188  -0.0171123368  -0.0212705150  -0.0240580673   0.1311605164
        0.1234097894  -0.0000443776   0.0000172817   0.0000033701   0.0000302858
       -0.0000165816  -0.0000300171  -0.0000038195   0.0000005043   0.0000189790
       -0.0000202479   0.0000187895   0.0000471981  -0.0000254146  -0.0000015497
        0.0000120973
        0.0024609789  -0.0096189631  -0.0268523176   0.0304627832  -0.1099347452
       -0.1943111533   0.0014382668  -0.0040676150  -0.0020397896   0.0005080709
       -0.0000487344  -0.0002195704   0.0005163732   0.0008371772   0.0005026532
       -0.0003498232   0.0001355911   0.0000005948  -0.0000511850   0.0000227183
        0.0000956107   0.0002038547  -0.0005415842   0.0005358267  -0.0011354823
        0.0034907910  -0.0050043459   0.0001050209  -0.0004892290   0.0005490125
       -0.0003955406  -0.0032559989  -0.0014661081  -0.0335322277   0.1234097894
        0.2282322430  -0.0000451286   0.0000143327   0.0000150361  -0.0001142006
        0.0000353985  -0.0000095473  -0.0000181742   0.0000015353  -0.0000415952
       -0.0000197046   0.0000055914   0.0000324296  -0.0000338818   0.0000039451
       -0.0000189792
        0.0001056140  -0.0000481022   0.0000681782  -0.0012327473  -0.0011338528
        0.0005584425  -0.0063392833   0.0024125337  -0.0025386052   0.0010704614
        0.0003185122   0.0000673435  -0.0292315653  -0.0255869939  -0.0114557543
       -0.0739957321  -0.0753069493  -0.0415303639   0.0039279606   0.0059189828
        0.0040980294  -0.0000123125  -0.0000722023  -0.0000139957   0.0000376105
        0.0000073236   0.0000396819   0.0000102809  -0.0000146480   0.0000326324
       -0.0004162555   0.0001227467   0.0000544094  -0.0000511959  -0.0000443776
       -0.0000451286   0.1026338574   0.0914173862   0.0471701967   0.0029178044
        0.0012453583   0.0011963586   0.0001387393   0.0001183234  -0.0003327018
        0.0002564085   0.0003217996   0.0004211528   0.0001803549   0.0003241596
        0.0022101243
        0.0000145074   0.0000261505  -0.0000110248   0.0002639237   0.0001909534
       -0.0001447420   0.0005467784  -0.0016632470  -0.0005396025  -0.0008223316
        0.0012011714   0.0000991903  -0.0002210127   0.0047026051   0.0023030951
       -0.0803213666  -0.1978166863  -0.0802688886  -0.0010580151  -0.0042049803
       -0.0049764615  -0.0000090536   0.0000196514  -0.0000051541   0.0000218528
       -0.0000096729   0.0000191895  -0.0000092339   0.0000166964   0.0000053470
        0.0001014969   0.0000114683   0.0000033126  -0.0000118504   0.0000172817
        0.0000143327   0.0914173862   0.2203918170   0.0934360265  -0.0106581705
       -0.0244879915  -0.0095207333  -0.0000015404   0.0006883831   0.0008172944
        0.0001299769   0.0000074588   0.0000569195   0.0006166525   0.0009089407
       -0.0012881008
        0.0000014768  -0.0000245288   0.0000542962  -0.0000496091  -0.0000242292
        0.0000966349   0.0001275388   0.0011358176   0.0001345460   0.0006473781
       -0.0000595167   0.0000464028  -0.0038701709  -0.0015191333   0.0008301656
       -0.0419787120  -0.0798348686  -0.0837475220  -0.0090827557  -0.0237722691
       -0.0168765976  -0.0000399760  -0.0000008726  -0.0000231137   0.0000335311
       -0.0000103293  -0.0000233245   0.0000095400   0.0000128587  -0.0000017407
       -0.0000103225   0.0000161760  -0.0000040507   0.0000146863   0.0000033701
        0.0000150361   0.0471701967   0.0934360265   0.0980779888   0.0057935527
        0.0124619798   0.0065233278  -0.0005346971  -0.0005135824   0.0005768532
       -0.0003454763  -0.0000612855   0.0005206105   0.0021138192  -0.0012456134
       -0.0061995126
       -0.0000325769  -0.0001116338   0.0000137959   0.0001368946   0.0000632898
        0.0006086350   0.0005319690   0.0034135566  -0.0009342548   0.0005046960
       -0.0011036622   0.0001902848  -0.0260278590   0.0307199154  -0.0177515262
       -0.0423081528   0.0209458913  -0.0168932193   0.0018860299  -0.0066386250
        0.0064165286   0.0000493998  -0.0001179548   0.0000826842   0.0000071509
        0.0000085101   0.0000247351   0.0000007011  -0.0000727925   0.0000560386
        0.0001002367  -0.0000292474  -0.0000283266   0.0000142382   0.0000302858
       -0.0001142006   0.0029178044  -0.0106581705   0.0057935527   0.0620376730
       -0.0366035915   0.0203807602   0.0000022653   0.0004454136   0.0022981530
        0.0000722977  -0.0002444961   0.0003980329   0.0001072322  -0.0000466887
       -0.0005416737
        0.0000532915  -0.0000072776  -0.0000473604  -0.0000045627  -0.0002885362
        0.0002349247  -0.0016859230   0.0007667715  -0.0004774194  -0.0005460642
        0.0003606392  -0.0000862010   0.0142654661  -0.0090941565   0.0041097305
        0.0244433676  -0.1983499951   0.1009108170  -0.0009615576   0.0018558030
        0.0007214835  -0.0000547681   0.0000727602  -0.0000355729  -0.0000115735
        0.0000076269  -0.0000235888   0.0000521315   0.0000087851   0.0000128363
       -0.0000661578   0.0000544588   0.0000022549  -0.0000348041  -0.0000165816
        0.0000353985   0.0012453583  -0.0244879915   0.0124619798  -0.0366035915
        0.2271830927  -0.1162864173   0.0000357921   0.0010952548  -0.0006905397
       -0.0002412231   0.0000998313  -0.0000923942   0.0001148186   0.0007395150
       -0.0007499314
       -0.0000379600  -0.0000302115   0.0000803373   0.0001565535  -0.0000340875
        0.0000383044   0.0004668856   0.0024827208   0.0011073095   0.0005690464
       -0.0013801100  -0.0009373412  -0.0054214546   0.0021291227   0.0005987216
       -0.0178541674   0.0990347106  -0.1061331456  -0.0012400714   0.0232392679
       -0.0216375966   0.0000344122  -0.0000194540  -0.0000207769   0.0000195356
        0.0000179048  -0.0000445951  -0.0000019509   0.0000029493  -0.0000025018
        0.0000018695  -0.0000229177  -0.0000030760   0.0000493513  -0.0000300171
       -0.0000095473   0.0011963586  -0.0095207333   0.0065233278   0.0203807602
       -0.1162864173   0.1256630266   0.0023342560  -0.0004562192  -0.0063662702
       -0.0001961082   0.0002113491   0.0004115600  -0.0004573164   0.0006621424
        0.0007322636
       -0.0000114730  -0.0000536569  -0.0000158586  -0.0000251544  -0.0000238591
        0.0000165223  -0.0004134024  -0.0005321567   0.0002289324   0.0000820705
        0.0002806034  -0.0000719951   0.0015848498  -0.0004240687  -0.0005592189
        0.0014988595  -0.0076940584   0.0070571402  -0.0547020578   0.0414233634
       -0.0291837483  -0.0001007560   0.0001236295   0.0000651070  -0.0000582208
       -0.0000640929  -0.0000438322   0.0000741770   0.0000223754  -0.0000235494
        0.0000316298   0.0000360378  -0.0000203932   0.0000174747  -0.0000038195
       -0.0000181742   0.0001387393  -0.0000015404  -0.0005346971   0.0000022653
        0.0000357921   0.0023342560   0.0586546974  -0.0478569038   0.0316470176
       -0.0098686845   0.0273923614  -0.0176429222   0.0030949855  -0.0126600069
        0.0067654137
        0.0000377336   0.0000611223   0.0000022410  -0.0000604060   0.0000895045
       -0.0000635638   0.0001217988  -0.0002976347   0.0004817257  -0.0001276955
        0.0000654484  -0.0000093141  -0.0006879834   0.0000034209  -0.0004044416
       -0.0014579184   0.0023247557   0.0013659019   0.0414977727  -0.2060915345
        0.1080293769  -0.0000082675   0.0001018099   0.0000210287  -0.0000826392
       -0.0000782247  -0.0000500961   0.0000368044  -0.0000065535  -0.0000451278
        0.0000322284  -0.0000143823   0.0000123722   0.0000282639   0.0000005043
        0.0000015353   0.0001183234   0.0006883831  -0.0005135824   0.0004454136
        0.0010952548  -0.0004562192  -0.0478569038   0.2345720638  -0.1254177117
        0.0033434904  -0.0057102567   0.0036605270   0.0046199846  -0.0268036815
        0.0133853480
       -0.0000570564   0.0000152441   0.0000672619  -0.0000147480  -0.0000490626
       -0.0000482003   0.0001211751   0.0003225237  -0.0004313093  -0.0000756687
       -0.0004285627   0.0001984275  -0.0013418618   0.0000709214   0.0022316747
       -0.0038493812   0.0244389593  -0.0226555035  -0.0283029647   0.1068544600
       -0.1141553242   0.0001118755  -0.0000695299   0.0000085972   0.0000096234
       -0.0000096935   0.0000239037  -0.0000402571  -0.0000169588  -0.0000007107
       -0.0000589506  -0.0000034068  -0.0000091457  -0.0000160198   0.0000189790
       -0.0000415952  -0.0003327018   0.0008172944   0.0005768532   0.0022981530
       -0.0006905397  -0.0063662702   0.0316470176  -0.1254177117   0.1347078168
       -0.0022213135   0.0028582306  -0.0007105631   0.0021230790  -0.0087111467
        0.0066040872
       -0.0000805702   0.0000028128   0.0000205812  -0.0001009520  -0.0000124505
       -0.0001676362   0.0005201812   0.0012636366  -0.0000037412   0.0001532052
       -0.0004191771   0.0001753808  -0.0021656287  -0.0000053592   0.0038722850
       -0.0132743076   0.0019519410   0.0013814448  -0.2855291197   0.0349393495
       -0.0081697838   0.0000331257  -0.0000957174   0.0000034272   0.0000652869
        0.0000177344   0.0000600941  -0.0000272700   0.0000066427   0.0000163359
       -0.0000088966   0.0000026967  -0.0000265984   0.0000257712  -0.0000202479
       -0.0000197046   0.0002564085   0.0001299769  -0.0003454763   0.0000722977
       -0.0002412231  -0.0001961082  -0.0098686845   0.0033434904  -0.0022213135
        0.3285265031  -0.0406030640   0.0081309784  -0.0185973503  -0.0002610418
       -0.0025101652
        0.0000477408   0.0000206648  -0.0000172409   0.0000642417   0.0000190647
        0.0000695868  -0.0000004223  -0.0001147664  -0.0001525857   0.0000458243
        0.0000127051   0.0000267715   0.0008529496   0.0002806765  -0.0011755012
        0.0039968689  -0.0005570695  -0.0003039729   0.0348962977  -0.0476977878
        0.0013876627  -0.0000453848   0.0000183755   0.0000199104   0.0000070976
       -0.0000330293  -0.0000120718   0.0000102614   0.0000098083   0.0000068409
        0.0000132119   0.0000083368   0.0000094536  -0.0000187238   0.0000187895
        0.0000055914   0.0003217996   0.0000074588  -0.0000612855  -0.0002444961
        0.0000998313   0.0002113491   0.0273923614  -0.0057102567   0.0028582306
       -0.0406030640   0.0513984038  -0.0009092176  -0.0267365640   0.0022187945
       -0.0019635211
        0.0000624984  -0.0000019557   0.0000504521   0.0002320441   0.0001216591
        0.0003305876   0.0002839687  -0.0011123470  -0.0004819426  -0.0003568034
        0.0003423153  -0.0001192404   0.0059343214  -0.0011088762  -0.0059231101
        0.0254325193  -0.0036515886  -0.0006597710  -0.0094461380   0.0016391079
       -0.0414387906   0.0000089365   0.0000019409  -0.0000623677   0.0000342402
        0.0000212347  -0.0000073585  -0.0000128297  -0.0000133062   0.0000264320
        0.0000332980  -0.0000036528   0.0000355344  -0.0000588556   0.0000471981
        0.0000324296   0.0004211528   0.0000569195   0.0005206105   0.0003980329
       -0.0000923942   0.0004115600  -0.0176429222   0.0036605270  -0.0007105631
        0.0081309784  -0.0009092176   0.0480631176  -0.0134544419   0.0010024358
       -0.0000675795
       -0.0000174074   0.0000588950   0.0000420299  -0.0000106403  -0.0000263464
       -0.0000223567  -0.0002342841   0.0004574644   0.0004409103  -0.0001800433
       -0.0004573295  -0.0000790864   0.0014484026   0.0001743007  -0.0003757974
        0.0040178279   0.0075359965   0.0045229872  -0.0912137758  -0.0850001531
       -0.0440921061   0.0000105120   0.0000163003  -0.0000053468  -0.0000592438
        0.0000054769  -0.0000742431   0.0000317782  -0.0000332796  -0.0000236379
       -0.0000066365  -0.0000156086   0.0000154148   0.0000551737  -0.0000254146
       -0.0000338818   0.0001803549   0.0006166525   0.0021138192   0.0001072322
        0.0001148186  -0.0004573164   0.0030949855   0.0046199846   0.0021230790
       -0.0185973503  -0.0267365640  -0.0134544419   0.1013731144   0.0986948063
        0.0493599741
       -0.0000154694   0.0000180329  -0.0000244455   0.0000493869  -0.0000732026
       -0.0000121176   0.0002746367   0.0004170484  -0.0005863554  -0.0000606150
       -0.0001530370   0.0002858321  -0.0001896414  -0.0003044733   0.0006421023
       -0.0009098598  -0.0046409608  -0.0063940541  -0.0851680848  -0.2008794525
       -0.0778314648  -0.0000158162  -0.0001321872  -0.0000275578   0.0001149436
        0.0000466119   0.0000699379  -0.0000623440  -0.0000124251   0.0000479160
       -0.0000460500   0.0000162703   0.0000170055  -0.0000223151  -0.0000015497
        0.0000039451   0.0003241596   0.0009089407  -0.0012456134  -0.0000466887
        0.0007395150   0.0006621424  -0.0126600069  -0.0268036815  -0.0087111467
       -0.0002610418   0.0022187945   0.0010024358   0.0986948063   0.2286357562
        0.0921014382
       -0.0000699479   0.0000527078   0.0000774018  -0.0001316392   0.0001270480
       -0.0001010680   0.0005813953  -0.0014945565  -0.0003277984  -0.0006765751
        0.0008529924   0.0002674862  -0.0008907138   0.0010074896   0.0018067670
       -0.0111249179  -0.0254800492  -0.0183128881  -0.0429015645  -0.0765580338
       -0.0820096895   0.0000147955  -0.0000369500  -0.0000178807   0.0000145035
       -0.0000001610   0.0000281551  -0.0000340615   0.0000030870  -0.0000305814
       -0.0000168374   0.0000290954  -0.0000017766  -0.0000481100   0.0000120973
       -0.0000189792   0.0022101243  -0.0012881008  -0.0061995126  -0.0005416737
       -0.0007499314   0.0007322636   0.0067654137   0.0133853480   0.0066040872
       -0.0025101652  -0.0019635211  -0.0000675795   0.0493599741   0.0921014382
        0.0975715933
