$hessian                                                                        
        0.5250573792   0.0013631758  -0.0044332697  -0.0633707047  -0.0018935096
       -0.0026636736  -0.0050511583  -0.0149579689  -0.0208941010  -0.0035695808
        0.0126425384   0.0192430917   0.0009820179   0.0004334329   0.0005311112
        0.0007621894  -0.0003006428   0.0008638480  -0.0006746883  -0.0000757182
        0.0001959660   0.0000886851   0.0000432147  -0.0001170312  -0.2194496227
        0.0221830219  -0.1017014028  -0.1844209339  -0.0357604735   0.1139677066
       -0.0459668678   0.0154155477  -0.0054113656   0.0010369042   0.0017021877
        0.0017002466  -0.0043169656  -0.0003112289  -0.0038871151   0.0006605927
       -0.0007205955   0.0001657921   0.0008901961  -0.0004062146  -0.0010064735
       -0.0032067108  -0.0002263348   0.0037811070   0.0006730824   0.0007997104
       -0.0003321330  -0.0000343514   0.0000613038  -0.0000470849  -0.0000541804
        0.0000274315   0.0000337680  -0.0000352822  -0.0000188781   0.0000110131
        0.0013631758   0.4929442728  -0.0339256905  -0.0022032656  -0.1233225471
       -0.0632025534  -0.0021316679  -0.0002077942  -0.0024248409   0.0029633550
        0.0014945261  -0.0005814730  -0.0000871313   0.0007323181  -0.0004223129
       -0.0000472439  -0.0011584035   0.0002071042  -0.0002798723   0.0008703338
        0.0000052511  -0.0001480483  -0.0000653727   0.0000271367   0.0219972889
       -0.0465388691   0.0140280572  -0.0356794123  -0.0523218738   0.0299627765
        0.0152283005  -0.2531363530   0.0753572691  -0.0004275888  -0.0236184549
       -0.0225806899   0.0002124652   0.0009032246   0.0004821007   0.0004601797
        0.0011828970   0.0007854334   0.0002177671   0.0001111049   0.0001105709
       -0.0008862334   0.0007912676   0.0011373139  -0.0005639100   0.0012777211
        0.0010504601  -0.0000111232   0.0000297266  -0.0000025312  -0.0000530253
        0.0000328720  -0.0000196120   0.0000759900  -0.0000005962   0.0000062301
       -0.0044332697  -0.0339256905   0.4842620729  -0.0033631530  -0.0634073913
       -0.1403003152  -0.0058363977  -0.0110553801  -0.0170981502   0.0069777396
       -0.0124281502  -0.0222079381  -0.0007569045   0.0000255040  -0.0000882998
       -0.0012709715  -0.0003522112   0.0002784109   0.0002681648   0.0001854797
       -0.0000063529   0.0001500691  -0.0000112665  -0.0001345753  -0.1018903983
        0.0143856587  -0.1022794017   0.1141790061   0.0303095104  -0.1338567539
       -0.0053770492   0.0754167673  -0.0703674190   0.0001866707   0.0026483131
        0.0043484885  -0.0027879040  -0.0001972989  -0.0018288610   0.0006649487
       -0.0006342345   0.0004332767   0.0008111504   0.0001052425   0.0007588103
        0.0031854830  -0.0000377265  -0.0026212878  -0.0007585387  -0.0009841370
        0.0007141386   0.0000667813  -0.0000467732   0.0000060180   0.0000196281
        0.0000442002   0.0000051417  -0.0000350551  -0.0000404160  -0.0000170027
       -0.0633707047  -0.0022032656  -0.0033631530   0.4640491974  -0.0105702868
        0.0134854552  -0.1610955079   0.0116207860  -0.0566559325  -0.1121455632
       -0.0180976510   0.0572032998  -0.0400627020  -0.0031844662   0.0081277684
       -0.0019788066   0.0028333037   0.0010718108   0.0002850397  -0.0001147011
        0.0005557896  -0.0000769582  -0.0005374987  -0.0014051769  -0.0023402327
       -0.0164907595  -0.0213251767  -0.0012555199   0.0139158667   0.0186834410
       -0.0000052521   0.0016488978   0.0016449097  -0.0432912650   0.0192257124
       -0.0062492280  -0.0032649528  -0.0010731117  -0.0035482399  -0.0056689791
        0.0044267847  -0.0045131229  -0.0261730274   0.0016506846  -0.0103377031
       -0.0011967068   0.0003714809   0.0034226115  -0.0023319265  -0.0033489486
        0.0032706318   0.0001933920  -0.0000127890   0.0000529134   0.0000372069
       -0.0001256493   0.0000388461  -0.0003067312   0.0000656109  -0.0001597443
       -0.0018935096  -0.1233225471  -0.0634073913  -0.0105702868   0.5317151180
       -0.0203155217   0.0117157249  -0.0678213303   0.0083118828  -0.0194356981
       -0.0725718267   0.0170550883   0.0075943989   0.0046160452  -0.0019566641
       -0.0016194087  -0.0028969350  -0.0002402795  -0.0000574267   0.0011972306
       -0.0009161500   0.0002968561   0.0000508678   0.0005033361  -0.0011169312
        0.0011071105   0.0002411230   0.0007608850   0.0027332649   0.0023831612
       -0.0001891037  -0.0258382564  -0.0222958710   0.0197862914  -0.2386879728
        0.0724073020  -0.0166859338   0.0008894221  -0.0109747100   0.0252249056
       -0.0057465924   0.0155721826  -0.0049287880   0.0006436891  -0.0026793023
        0.0119201863   0.0024893871  -0.0131467755  -0.0208841065  -0.0084949725
        0.0193987464  -0.0000008663  -0.0000416623  -0.0000057678   0.0000493036
        0.0000245811   0.0000134460   0.0000335075  -0.0000446207   0.0000521648
       -0.0026636736  -0.0632025534  -0.1403003152   0.0134854552  -0.0203155217
        0.4766201951  -0.0582788172   0.0079759546  -0.0963586452   0.0588901189
        0.0171355661  -0.1124581954  -0.0113171616  -0.0039116225   0.0099345538
       -0.0006352059   0.0035763893  -0.0000710009   0.0001158099  -0.0018343923
        0.0008581845  -0.0003787087  -0.0004450300  -0.0012408717  -0.0035017444
       -0.0111421832  -0.0155384374   0.0023581757  -0.0128741636  -0.0185378611
        0.0005808909   0.0025854099   0.0062930560  -0.0066191596   0.0727455623
       -0.0684669781  -0.0203219567  -0.0000249058  -0.0147267827  -0.0115722378
        0.0042593400  -0.0074653103   0.0145625260  -0.0015314734   0.0077771844
        0.0171435786   0.0021184051  -0.0191135409   0.0083275565   0.0047897734
       -0.0070992652   0.0000845775   0.0000271747   0.0000416224  -0.0000136372
        0.0000265647   0.0000249893  -0.0002463867   0.0000417057  -0.0001725813
       -0.0050511583  -0.0021316679  -0.0058363977  -0.1610955079   0.0117157249
       -0.0582788172   0.4747244114   0.0065472453  -0.0323574883  -0.0288418112
        0.0014141487  -0.0080604332  -0.0056663091  -0.0015906224   0.0026627449
       -0.0004371439   0.0012563723  -0.0000524350   0.0000654067  -0.0004985392
        0.0002789236  -0.0001619005  -0.0002339492  -0.0003893326   0.0005494487
       -0.0002462700  -0.0000960866   0.0008870416   0.0004922606   0.0007791374
        0.0003622260   0.0003463232   0.0005524413  -0.0064294307   0.0024747785
       -0.0048036666  -0.0422417127  -0.0033176691  -0.0027481659  -0.0445982017
        0.0182648228  -0.0064814798  -0.1831408973  -0.0347295893   0.1167354241
        0.0005400927  -0.0000969284  -0.0012937089   0.0006033455   0.0003838776
       -0.0005908409  -0.0000048348   0.0000137158  -0.0000168712   0.0000529038
       -0.0000957441   0.0000406585  -0.0001159684   0.0000317099  -0.0000436058
       -0.0149579689  -0.0002077942  -0.0110553801   0.0116207860  -0.0678213303
        0.0079759546   0.0065472453   0.5233978083   0.0055809196  -0.0039056098
        0.0003565921  -0.0019908818  -0.0014887760   0.0003658921   0.0001242369
        0.0000046204  -0.0002037792  -0.0000053788   0.0000082459   0.0003288940
        0.0000198107  -0.0000680015  -0.0000653839  -0.0000727206  -0.0012363197
       -0.0018779300  -0.0037939492  -0.0003637922   0.0003442531   0.0004273853
       -0.0009199432   0.0010702179  -0.0006682857   0.0240070612  -0.0046708248
        0.0145555503  -0.0030803236  -0.1484211477  -0.1193654163   0.0186034748
       -0.2510608053   0.0802111882  -0.0346254671  -0.0523748725   0.0283178614
        0.0004758748   0.0003036067   0.0000839457  -0.0005910923   0.0004951095
       -0.0003227160   0.0000052981   0.0000161968   0.0000113637  -0.0000368625
        0.0000143793  -0.0000101273   0.0000015504   0.0000109181  -0.0000233607
       -0.0208941010  -0.0024248409  -0.0170981502  -0.0566559325   0.0083118828
       -0.0963586452  -0.0323574883   0.0055809196   0.5096914999   0.0087978322
       -0.0013035973   0.0054709377   0.0061918194   0.0011014081  -0.0005585607
       -0.0001937805  -0.0018596546  -0.0002129485  -0.0000317480   0.0007537423
       -0.0000756654   0.0003923622   0.0002339554   0.0004900703  -0.0009993267
       -0.0033234026  -0.0040159277  -0.0010961240   0.0002949851   0.0007095293
        0.0000930947   0.0007566767   0.0007897928  -0.0119035906   0.0031694249
       -0.0064251744  -0.0029204590  -0.1196279746  -0.1807363631  -0.0066860244
        0.0802125505  -0.0755457205   0.1163685451   0.0282292939  -0.1375468083
        0.0012630010   0.0003846443   0.0009981656   0.0005445251  -0.0004608364
        0.0003692305  -0.0000371499  -0.0000199093  -0.0000081003  -0.0000002515
        0.0000055323  -0.0000232318   0.0001247968  -0.0000148003   0.0000860702
       -0.0035695808   0.0029633550   0.0069777396  -0.1121455632  -0.0194356981
        0.0588901189  -0.0288418112  -0.0039056098   0.0087978322   0.3904734808
        0.0203462063  -0.0117941523  -0.1293532677   0.0294015939  -0.0449958158
       -0.0365707501  -0.0142492430  -0.0155792199  -0.0004745999   0.0018085862
        0.0006045763   0.0019098742  -0.0023042424  -0.0017799206   0.0000017024
       -0.0000305127  -0.0007067281   0.0002991494   0.0000360647  -0.0000476769
        0.0004438408  -0.0003270613  -0.0002312093  -0.0020205223  -0.0021043739
        0.0023951211   0.0000975573   0.0001959533   0.0009372213   0.0005543296
       -0.0004621022   0.0007814398  -0.0038707773   0.0004849043  -0.0015599215
       -0.0359621821  -0.0074827006  -0.0051892599  -0.0389974060  -0.0047452241
        0.0033483685  -0.0002151165  -0.0000489634  -0.0006668392  -0.0000548673
       -0.0005074010   0.0000239370  -0.0017034903   0.0003664687  -0.0002056113
        0.0126425384   0.0014945261  -0.0124281502  -0.0180976510  -0.0725718267
        0.0171355661   0.0014141487   0.0003565921  -0.0013035973   0.0203462063
        0.5375377447   0.0250856649   0.0425432371  -0.0918285253   0.0258341865
       -0.0165474383   0.0160317449  -0.0105335158  -0.0040578342  -0.0021081760
       -0.0023118233  -0.0039218184  -0.0018639877  -0.0004523576   0.0002832670
        0.0005515186   0.0002377452   0.0006640515  -0.0017897964  -0.0038171703
        0.0010520884   0.0008836014  -0.0011025061  -0.0221463672  -0.0091796254
        0.0204534017  -0.0005039621   0.0000441491   0.0000348627   0.0010544025
        0.0006349218  -0.0003710734   0.0006730704   0.0005257448  -0.0001118258
       -0.0054052447  -0.1303049846  -0.1104905379  -0.0088467926  -0.2490123328
        0.0547887194  -0.0008455651   0.0002882344  -0.0003643138   0.0001356253
        0.0001169103   0.0000474997  -0.0004359620   0.0001935665  -0.0003307749
        0.0192430917  -0.0005814730  -0.0222079381   0.0572032998   0.0170550883
       -0.1124581954  -0.0080604332  -0.0019908818   0.0054709377  -0.0117941523
        0.0250856649   0.4672285084  -0.0437656551   0.0209460803  -0.0812513462
       -0.0166720490  -0.0123546871  -0.0082231643   0.0011868268   0.0022557417
       -0.0020656591  -0.0020871598   0.0001373674   0.0064178624   0.0002688707
        0.0004352660   0.0001904636   0.0004070076  -0.0033568901  -0.0043915175
       -0.0002029063   0.0008401430   0.0010419052   0.0112688064   0.0058280459
       -0.0092948695  -0.0013915655   0.0001393790   0.0007920918  -0.0008124278
       -0.0003435517   0.0005221319  -0.0031288139   0.0000513984  -0.0006084541
       -0.0042290939  -0.1113036835  -0.1816811091   0.0035046553   0.0575458318
       -0.0592466819  -0.0014582281   0.0001792316  -0.0010844531  -0.0000979269
       -0.0002961360   0.0001944930   0.0006178534  -0.0002719350   0.0006549943
        0.0009820179  -0.0000871313  -0.0007569045  -0.0400627020   0.0075943989
       -0.0113171616  -0.0056663091  -0.0014887760   0.0061918194  -0.1293532677
        0.0425432371  -0.0437656551   0.3871165863   0.0749044052   0.1357596664
       -0.1388481639  -0.0774249889  -0.0288919509   0.0058356903  -0.0380362389
       -0.0029158171  -0.0450749207  -0.0206862881  -0.0218619931   0.0004975101
       -0.0003762845  -0.0000354020  -0.0001845563  -0.0004107394  -0.0002654925
       -0.0003622955   0.0003130710  -0.0005143295   0.0024646100   0.0001997121
       -0.0010680315   0.0005982827  -0.0000661862  -0.0001522317   0.0005016028
        0.0000363135  -0.0000055352  -0.0026057267  -0.0000448389  -0.0006369965
       -0.0147659597  -0.0008115833  -0.0156871692  -0.0138007538   0.0118139733
       -0.0105895157  -0.0036983499   0.0011362578  -0.0016321394   0.0004362402
       -0.0003086787   0.0006131439  -0.0040095349   0.0012003652  -0.0024683043
        0.0004334329   0.0007323181   0.0000255040  -0.0031844662   0.0046160452
       -0.0039116225  -0.0015906224   0.0003658921   0.0011014081   0.0294015939
       -0.0918285253   0.0209460803   0.0749044052   0.3706077920  -0.0131375528
       -0.0678260531  -0.1736451631  -0.0128053774  -0.0402012357  -0.1115154198
        0.0028584720  -0.0079008025   0.0060680621  -0.0030357773   0.0005021096
       -0.0004578896  -0.0005405992  -0.0002135360  -0.0001424927   0.0001437454
       -0.0001905171  -0.0000325886  -0.0000044663   0.0001818448   0.0000151195
       -0.0006104118   0.0001074431  -0.0000922563  -0.0000502869  -0.0001427649
        0.0001920458  -0.0001144804  -0.0005707613   0.0001337400   0.0000266229
       -0.0164524574   0.0057058157  -0.0093392493   0.0302698050  -0.0123682781
        0.0179970361   0.0008523815   0.0003537371   0.0000190998   0.0006468774
        0.0007845875  -0.0000810984   0.0009733231   0.0005074587   0.0005129536
        0.0005311112  -0.0004223129  -0.0000882998   0.0081277684  -0.0019566641
        0.0099345538   0.0026627449   0.0001242369  -0.0005585607  -0.0449958158
        0.0258341865  -0.0812513462   0.1357596664  -0.0131375528   0.1379449338
       -0.0313227254  -0.0167071215  -0.0604011317  -0.0022145845   0.0029592413
        0.0220598198  -0.0237256084  -0.0093739618  -0.0026244316   0.0012397718
       -0.0000105314   0.0001769991   0.0000672224   0.0000966903   0.0003706835
        0.0000566345   0.0000247114  -0.0001791777  -0.0003664377  -0.0010786547
        0.0006822256   0.0003384650   0.0001720681  -0.0000252837   0.0003360606
       -0.0000761087  -0.0001107321   0.0004725740  -0.0000569763   0.0005007804
       -0.0279796872   0.0040257985  -0.0155750662  -0.0157637018   0.0091803014
       -0.0079881623  -0.0021807788   0.0004115850  -0.0011490358   0.0006402973
       -0.0005527436  -0.0005646499  -0.0016829768   0.0005438083  -0.0011541182
        0.0007621894  -0.0000472439  -0.0012709715  -0.0019788066  -0.0016194087
       -0.0006352059  -0.0004371439   0.0000046204  -0.0001937805  -0.0365707501
       -0.0165474383  -0.0166720490  -0.1388481639  -0.0678260531  -0.0313227254
        0.4423575908  -0.0674332450   0.1330149385  -0.0932660387   0.1127101208
       -0.0327376674  -0.1413852070   0.0370235384  -0.0402686371   0.0000632806
        0.0002636740   0.0018800710   0.0007032299   0.0002071523  -0.0002698123
       -0.0004519402   0.0003612258   0.0003281884  -0.0003586403  -0.0000365460
       -0.0001100022  -0.0001191229   0.0001449118   0.0003264329  -0.0001626784
       -0.0001972588   0.0001315390   0.0001864583   0.0001450476  -0.0003327875
       -0.0017363955   0.0001811967   0.0003869842   0.0002024063  -0.0016021487
       -0.0000045783  -0.0266926908   0.0054474849  -0.0092578229   0.0036452137
        0.0016738859   0.0018371988  -0.0059127906  -0.0028535161  -0.0048293128
       -0.0003006428  -0.0011584035  -0.0003522112   0.0028333037  -0.0028969350
        0.0035763893   0.0012563723  -0.0002037792  -0.0018596546  -0.0142492430
        0.0160317449  -0.0123546871  -0.0774249889  -0.1736451631  -0.0167071215
       -0.0674332450   0.8175759401  -0.1355717319   0.0989211464  -0.5706990523
        0.1311146742   0.0389344398  -0.0793758175   0.0201754811  -0.0003682830
        0.0016307097   0.0003142794   0.0001301015   0.0000216011  -0.0001810382
        0.0009561514  -0.0004967456   0.0004529440  -0.0008411162  -0.0002958791
        0.0002452974  -0.0002909533   0.0001530778   0.0001984773  -0.0000342779
       -0.0002666267   0.0002553855   0.0009053511   0.0001589304  -0.0000414653
        0.0024126391  -0.0015679002   0.0026433646   0.0026928756  -0.0000696756
        0.0024058385  -0.0015741027   0.0036778944  -0.0008749167   0.0220123555
       -0.0147842750   0.0130336714  -0.0085378838   0.0062103544  -0.0064729765
        0.0008638480   0.0002071042   0.0002784109   0.0010718108  -0.0002402795
       -0.0000710009  -0.0000524350  -0.0000053788  -0.0002129485  -0.0155792199
       -0.0105335158  -0.0082231643  -0.0288919509  -0.0128053774  -0.0604011317
        0.1330149385  -0.1355717319   0.2778094388  -0.0305011922   0.1380876218
       -0.1020158972  -0.0397607193   0.0190010834  -0.0944325758   0.0001297011
        0.0000019098  -0.0006529227  -0.0000507014   0.0000248357  -0.0003498673
       -0.0001343916  -0.0001375203   0.0001757317   0.0001659524   0.0003746502
       -0.0001886349  -0.0001511383  -0.0000422369  -0.0000249891  -0.0001148159
       -0.0000170980   0.0000676171   0.0001984166   0.0000548526  -0.0001090726
       -0.0045729714  -0.0001924041  -0.0028112789  -0.0012907624  -0.0005641503
        0.0010419224   0.0130232428  -0.0078540507   0.0078186645  -0.0024804472
        0.0035854372  -0.0020215079  -0.0248871649   0.0066262487  -0.0156767936
       -0.0006746883  -0.0002798723   0.0002681648   0.0002850397  -0.0000574267
        0.0001158099   0.0000654067   0.0000082459  -0.0000317480  -0.0004745999
       -0.0040578342   0.0011868268   0.0058356903  -0.0402012357  -0.0022145845
       -0.0932660387   0.0989211464  -0.0305011922   0.0979120233  -0.0936248742
        0.0499792117  -0.0057426985   0.0378333752  -0.0161979347  -0.0001361989
        0.0002282835  -0.0003509058  -0.0002704769  -0.0001346886   0.0001249980
        0.0004665274  -0.0002925367  -0.0000397856  -0.0001600397  -0.0001195711
        0.0001721770   0.0000586899  -0.0000182922  -0.0000330010   0.0001295481
       -0.0000109562   0.0000397597  -0.0000195017  -0.0000051308   0.0000996357
        0.0006718887  -0.0008846524   0.0007820083  -0.0006380306  -0.0015527631
        0.0007501149   0.0020230031  -0.0001849496   0.0000209253  -0.0061673278
        0.0034135055  -0.0044519938   0.0001017839   0.0010202273   0.0002815133
       -0.0000757182   0.0008703338   0.0001854797  -0.0001147011   0.0011972306
       -0.0018343923  -0.0004985392   0.0003288940   0.0007537423   0.0018085862
       -0.0021081760   0.0022557417  -0.0380362389  -0.1115154198   0.0029592413
        0.1127101208  -0.5706990523   0.1380876218  -0.0936248742   0.7168272502
       -0.1588491410   0.0165461669  -0.0312709945   0.0152672858  -0.0000029840
       -0.0008899117   0.0000109280   0.0000415813  -0.0000445385   0.0001919658
       -0.0004933276   0.0001406459  -0.0002284306   0.0005181870   0.0003084534
       -0.0002229312   0.0002161780  -0.0000441925  -0.0000003053   0.0000105886
        0.0000849352  -0.0001305958  -0.0003680224  -0.0000944651   0.0000461131
       -0.0003254293   0.0009739944  -0.0002866067  -0.0009423041   0.0006412574
       -0.0010579293  -0.0016982403  -0.0013761414  -0.0010087728   0.0061324673
       -0.0018997923   0.0035923439  -0.0018034968  -0.0014303106   0.0002686418
        0.0001959660   0.0000052511  -0.0000063529   0.0005557896  -0.0009161500
        0.0008581845   0.0002789236   0.0000198107  -0.0000756654   0.0006045763
       -0.0023118233  -0.0020656591  -0.0029158171   0.0028584720   0.0220598198
       -0.0327376674   0.1311146742  -0.1020158972   0.0499792117  -0.1588491410
        0.0766939661  -0.0127062781   0.0257041890   0.0043285217  -0.0000132064
       -0.0001497760   0.0000918420   0.0000340370   0.0000674009  -0.0000391279
       -0.0001335811   0.0000709080  -0.0001526678  -0.0002847757  -0.0000764816
        0.0001818580   0.0000160242   0.0000758615   0.0000167152   0.0000577008
       -0.0000383095  -0.0000670600   0.0000328044  -0.0000051348   0.0000453814
        0.0002909996   0.0000497582   0.0002875108   0.0006249287  -0.0011297340
       -0.0007395524  -0.0011030779   0.0017020755  -0.0004613450  -0.0048738671
        0.0022700039  -0.0007894144   0.0020973090  -0.0004618546   0.0018489426
        0.0000886851  -0.0001480483   0.0001500691  -0.0000769582   0.0002968561
       -0.0003787087  -0.0001619005  -0.0000680015   0.0003923622   0.0019098742
       -0.0039218184  -0.0020871598  -0.0450749207  -0.0079008025  -0.0237256084
       -0.1413852070   0.0389344398  -0.0397607193  -0.0057426985   0.0165461669
       -0.0127062781   0.4689035411   0.0282260647  -0.0124696814  -0.0001729089
       -0.0000208301  -0.0002880580  -0.0001879702  -0.0000124390   0.0000900083
        0.0000840859  -0.0000092629  -0.0000801463   0.0000545424   0.0000604114
       -0.0000317959   0.0000605180  -0.0000029996  -0.0000538031   0.0000521252
        0.0000321665  -0.0000458352  -0.0002107373  -0.0000011603   0.0000363961
       -0.0016206876   0.0003827560  -0.0010503362   0.0003620042   0.0002115568
        0.0001690175  -0.1940930251  -0.0372152145   0.1139341941  -0.0445633755
       -0.0231112645   0.0033894273  -0.0382249864  -0.0122785765  -0.0254833442
        0.0000432147  -0.0000653727  -0.0000112665  -0.0005374987   0.0000508678
       -0.0004450300  -0.0002339492  -0.0000653839   0.0002339554  -0.0023042424
       -0.0018639877   0.0001373674  -0.0206862881   0.0060680621  -0.0093739618
        0.0370235384  -0.0793758175   0.0190010834   0.0378333752  -0.0312709945
        0.0257041890   0.0282260647   0.5440056342   0.0037211433   0.0000517171
       -0.0000186874   0.0000143394   0.0000075450   0.0000388731  -0.0000186395
       -0.0000976846   0.0000420227   0.0000054470   0.0000258801   0.0001242364
       -0.0000721909   0.0000359236   0.0000231789   0.0000223012  -0.0000209321
        0.0000119848  -0.0000222471  -0.0001102186   0.0000125969  -0.0000236942
       -0.0003609817   0.0001278270  -0.0001350458  -0.0003055198  -0.0003493578
       -0.0001412069  -0.0388254111  -0.0514864180   0.0299985780  -0.0253394437
       -0.2862523835   0.0350266372  -0.0144250889  -0.0997568810  -0.1036217583
       -0.0001170312   0.0000271367  -0.0001345753  -0.0014051769   0.0005033361
       -0.0012408717  -0.0003893326  -0.0000727206   0.0004900703  -0.0017799206
       -0.0004523576   0.0064178624  -0.0218619931  -0.0030357773  -0.0026244316
       -0.0402686371   0.0201754811  -0.0944325758  -0.0161979347   0.0152672858
        0.0043285217  -0.0124696814   0.0037211433   0.4809095144  -0.0000141523
        0.0000060038   0.0001146935  -0.0000263670  -0.0000009350   0.0001286400
        0.0000717582  -0.0000267348  -0.0000251692   0.0000160159  -0.0000733907
       -0.0000701907   0.0000650136   0.0000047448   0.0000230120   0.0000465243
       -0.0000020118  -0.0000041453  -0.0002557157   0.0000001675  -0.0000356487
        0.0007799616  -0.0001726187   0.0005347922   0.0003355322   0.0001800139
        0.0001266674   0.1174159802   0.0303715470  -0.1190511739   0.0038917612
        0.0361090424  -0.0479886356  -0.0278366045  -0.1025293558  -0.2274663557
       -0.2194496227   0.0219972889  -0.1018903983  -0.0023402327  -0.0011169312
       -0.0035017444   0.0005494487  -0.0012363197  -0.0009993267   0.0000017024
        0.0002832670   0.0002688707   0.0004975101   0.0005021096   0.0012397718
        0.0000632806  -0.0003682830   0.0001297011  -0.0001361989  -0.0000029840
       -0.0000132064  -0.0001729089   0.0000517171  -0.0000141523   0.2541477652
       -0.0257428112   0.1193573611  -0.0284975679   0.0029215372  -0.0112004642
       -0.0044432092   0.0027591426  -0.0031342877   0.0000806930  -0.0001757425
        0.0001362909  -0.0002106122  -0.0000270599  -0.0003460704   0.0000970970
       -0.0001470296   0.0002325046   0.0002651360   0.0001534480   0.0000323738
       -0.0002049448   0.0001365527  -0.0000244627  -0.0001126383  -0.0000015451
       -0.0001286329   0.0000175226  -0.0000265571  -0.0000047249  -0.0000165689
        0.0000858154  -0.0000226262  -0.0001356512  -0.0000456151  -0.0001167768
        0.0221830219  -0.0465388691   0.0143856587  -0.0164907595   0.0011071105
       -0.0111421832  -0.0002462700  -0.0018779300  -0.0033234026  -0.0000305127
        0.0005515186   0.0004352660  -0.0003762845  -0.0004578896  -0.0000105314
        0.0002636740   0.0016307097   0.0000019098   0.0002282835  -0.0008899117
       -0.0001497760  -0.0000208301  -0.0000186874   0.0000060038  -0.0257428112
        0.0519324396  -0.0135389318  -0.0062651251   0.0013266689  -0.0025315950
        0.0277942127  -0.0067404112   0.0167262915  -0.0005922830   0.0003429509
       -0.0001576848  -0.0008946192   0.0001057609  -0.0007935884   0.0000031786
       -0.0000467453  -0.0001284780   0.0001171404  -0.0000980808   0.0000232034
       -0.0001025659  -0.0000972696   0.0001243959   0.0001271312  -0.0001451714
        0.0001200630  -0.0000108248  -0.0000475839   0.0000186995   0.0001288071
       -0.0001085045  -0.0000384490  -0.0000725634   0.0000698954  -0.0000268715
       -0.1017014028   0.0140280572  -0.1022794017  -0.0213251767   0.0002411230
       -0.0155384374  -0.0000960866  -0.0037939492  -0.0040159277  -0.0007067281
        0.0002377452   0.0001904636  -0.0000354020  -0.0005405992   0.0001769991
        0.0018800710   0.0003142794  -0.0006529227  -0.0003509058   0.0000109280
        0.0000918420  -0.0002880580   0.0000143394   0.0001146935   0.1193573611
       -0.0135389318   0.1195727851   0.0168862932  -0.0017717138   0.0091385855
       -0.0123436054   0.0045203192  -0.0067417262   0.0000016736   0.0004293521
        0.0006357017  -0.0013730039  -0.0001641518  -0.0009736612   0.0002176381
       -0.0001326522   0.0001602089   0.0002041062  -0.0000211061  -0.0000256611
       -0.0001923690   0.0001831553   0.0002792123  -0.0001277614   0.0000104417
       -0.0001938063  -0.0000931452   0.0000277637  -0.0000307966   0.0000408997
       -0.0000764505   0.0000084666   0.0000456017   0.0000220503   0.0000833827
       -0.1844209339  -0.0356794123   0.1141790061  -0.0012555199   0.0007608850
        0.0023581757   0.0008870416  -0.0003637922  -0.0010961240   0.0002991494
        0.0006640515   0.0004070076  -0.0001845563  -0.0002135360   0.0000672224
        0.0007032299   0.0001301015  -0.0000507014  -0.0002704769   0.0000415813
        0.0000340370  -0.0001879702   0.0000075450  -0.0000263670  -0.0284975679
       -0.0062651251   0.0168862932   0.2127455660   0.0419959469  -0.1328280995
        0.0003468929  -0.0012395257   0.0003256538  -0.0000608766   0.0001998578
       -0.0000469410  -0.0001223290  -0.0000288690  -0.0000829108  -0.0001040859
       -0.0000015794   0.0000913778   0.0000704712  -0.0001535910  -0.0002386199
       -0.0000957103  -0.0000047050   0.0001362635   0.0000679608   0.0001587666
       -0.0001836180   0.0000034590   0.0000180367   0.0000006459   0.0000174078
       -0.0000435987   0.0000161004   0.0000588484   0.0000169620   0.0000515983
       -0.0357604735  -0.0523218738   0.0303095104   0.0139158667   0.0027332649
       -0.0128741636   0.0004922606   0.0003442531   0.0002949851   0.0000360647
       -0.0017897964  -0.0033568901  -0.0004107394  -0.0001424927   0.0000966903
        0.0002071523   0.0000216011   0.0000248357  -0.0001346886  -0.0000445385
        0.0000674009  -0.0000124390   0.0000388731  -0.0000009350   0.0029215372
        0.0013266689  -0.0017717138   0.0419959469   0.0588452409  -0.0321305054
       -0.0242859692  -0.0094001565   0.0204528585   0.0004686673   0.0003437540
       -0.0002515730   0.0001229525  -0.0000729290   0.0000692142  -0.0001376440
       -0.0001884232   0.0001367711  -0.0001763757   0.0001785329  -0.0001359959
        0.0007772733   0.0001992728  -0.0008074502  -0.0000063582  -0.0000881005
       -0.0001107985  -0.0000065150  -0.0000003827  -0.0000049569  -0.0000076786
        0.0000117550  -0.0000128795   0.0000011597   0.0000054766   0.0000055956
        0.1139677066   0.0299627765  -0.1338567539   0.0186834410   0.0023831612
       -0.0185378611   0.0007791374   0.0004273853   0.0007095293  -0.0000476769
       -0.0038171703  -0.0043915175  -0.0002654925   0.0001437454   0.0003706835
       -0.0002698123  -0.0001810382  -0.0003498673   0.0001249980   0.0001919658
       -0.0000391279   0.0000900083  -0.0000186395   0.0001286400  -0.0112004642
       -0.0025315950   0.0091385855  -0.1328280995  -0.0321305054   0.1559850148
        0.0106751898   0.0057326386  -0.0084786188   0.0001051542   0.0003503100
        0.0005423239   0.0000356571   0.0001341591   0.0002888514   0.0000512181
        0.0001091781  -0.0002052930  -0.0007904572  -0.0004404660  -0.0003025088
        0.0012000851   0.0000012649  -0.0011944499  -0.0002788412  -0.0003104067
        0.0001820255  -0.0000411620   0.0000029203  -0.0000063646  -0.0000042736
       -0.0000191101  -0.0000085229   0.0000136839   0.0000094258   0.0000252320
       -0.0459668678   0.0152283005  -0.0053770492  -0.0000052521  -0.0001891037
        0.0005808909   0.0003622260  -0.0009199432   0.0000930947   0.0004438408
        0.0010520884  -0.0002029063  -0.0003622955  -0.0001905171   0.0000566345
       -0.0004519402   0.0009561514  -0.0001343916   0.0004665274  -0.0004933276
       -0.0001335811   0.0000840859  -0.0000976846   0.0000717582  -0.0044432092
        0.0277942127  -0.0123436054   0.0003468929  -0.0242859692   0.0106751898
        0.0490403194  -0.0186901135   0.0065633108   0.0006214282  -0.0000267420
       -0.0000646096  -0.0000885112   0.0001286018   0.0000174197   0.0000321087
        0.0000216643  -0.0003948917  -0.0001305324  -0.0001221395   0.0001229239
       -0.0000501464  -0.0001328669  -0.0000132842   0.0000233870   0.0000329994
        0.0004695312   0.0000136062  -0.0000258465   0.0000191059   0.0000623753
       -0.0000624025   0.0000025530   0.0000019570   0.0000226378  -0.0000080934
        0.0154155477  -0.2531363530   0.0754167673   0.0016488978  -0.0258382564
        0.0025854099   0.0003463232   0.0010702179   0.0007566767  -0.0003270613
        0.0008836014   0.0008401430   0.0003130710  -0.0000325886   0.0000247114
        0.0003612258  -0.0004967456  -0.0001375203  -0.0002925367   0.0001406459
        0.0000709080  -0.0000092629   0.0000420227  -0.0000267348   0.0027591426
       -0.0067404112   0.0045203192  -0.0012395257  -0.0094001565   0.0057326386
       -0.0186901135   0.2959600138  -0.0853012895  -0.0001084759  -0.0034375733
       -0.0040384453   0.0000967032   0.0002603314   0.0002618345  -0.0002995757
        0.0003034098  -0.0005401345  -0.0000879929  -0.0002252113   0.0000713523
       -0.0002497566   0.0002881777   0.0002482895   0.0004341364   0.0003561173
       -0.0005108896  -0.0000277420   0.0000158499  -0.0000146638  -0.0000367401
       -0.0000033766   0.0000166049  -0.0000062646  -0.0000097153   0.0000240224
       -0.0054113656   0.0753572691  -0.0703674190   0.0016449097  -0.0222958710
        0.0062930560   0.0005524413  -0.0006682857   0.0007897928  -0.0002312093
       -0.0011025061   0.0010419052  -0.0005143295  -0.0000044663  -0.0001791777
        0.0003281884   0.0004529440   0.0001757317  -0.0000397856  -0.0002284306
       -0.0001526678  -0.0000801463   0.0000054470  -0.0000251692  -0.0031342877
        0.0167262915  -0.0067417262   0.0003256538   0.0204528585  -0.0084786188
        0.0065633108  -0.0853012895   0.0811835201  -0.0000469754  -0.0039896407
       -0.0030657027   0.0000743599   0.0001260954   0.0000342902  -0.0001626125
        0.0000779264  -0.0001681706   0.0000025294   0.0001526534  -0.0001472804
       -0.0000916959   0.0001238775   0.0000895848   0.0002238813   0.0001030968
       -0.0002467127  -0.0000035595  -0.0000019532   0.0000084540   0.0000125280
       -0.0000237317  -0.0000248324  -0.0000118352   0.0000377155  -0.0000188572
        0.0010369042  -0.0004275888   0.0001866707  -0.0432912650   0.0197862914
       -0.0066191596  -0.0064294307   0.0240070612  -0.0119035906  -0.0020205223
       -0.0221463672   0.0112688064   0.0024646100   0.0001818448  -0.0003664377
       -0.0003586403  -0.0008411162   0.0001659524  -0.0001600397   0.0005181870
       -0.0002847757   0.0000545424   0.0000258801   0.0000160159   0.0000806930
       -0.0005922830   0.0000016736  -0.0000608766   0.0004686673   0.0001051542
        0.0006214282  -0.0001084759  -0.0000469754   0.0546085962  -0.0216148041
        0.0077413834   0.0006291325   0.0001829997   0.0002871766  -0.0047708708
        0.0013597376  -0.0033731459   0.0004443750   0.0005355360   0.0000190023
        0.0005394351  -0.0002325948  -0.0004161414  -0.0033483989  -0.0011365761
        0.0032188597   0.0000369953   0.0000150489  -0.0000076445  -0.0000863779
        0.0000265324  -0.0000045162   0.0000097103  -0.0000079805   0.0000116917
        0.0017021877  -0.0236184549   0.0026483131   0.0192257124  -0.2386879728
        0.0727455623   0.0024747785  -0.0046708248   0.0031694249  -0.0021043739
       -0.0091796254   0.0058280459   0.0001997121   0.0000151195  -0.0010786547
       -0.0000365460  -0.0002958791   0.0003746502  -0.0001195711   0.0003084534
       -0.0000764816   0.0000604114   0.0001242364  -0.0000733907  -0.0001757425
        0.0003429509   0.0004293521   0.0001998578   0.0003437540   0.0003503100
       -0.0000267420  -0.0034375733  -0.0039896407  -0.0216148041   0.2770784840
       -0.0821274371  -0.0003134934   0.0005186439  -0.0000750520   0.0012979614
        0.0004519521   0.0007357257   0.0000270135   0.0001393196  -0.0002850800
        0.0003203434   0.0003074218  -0.0001863148  -0.0011312531   0.0002080490
        0.0016124343   0.0000632005   0.0000002878   0.0000031073  -0.0000560046
        0.0000773427  -0.0000004988   0.0000073519  -0.0000256847  -0.0000043755
        0.0017002466  -0.0225806899   0.0043484885  -0.0062492280   0.0724073020
       -0.0684669781  -0.0048036666   0.0145555503  -0.0064251744   0.0023951211
        0.0204534017  -0.0092948695  -0.0010680315  -0.0006104118   0.0006822256
       -0.0001100022   0.0002452974  -0.0001886349   0.0001721770  -0.0002229312
        0.0001818580  -0.0000317959  -0.0000721909  -0.0000701907   0.0001362909
       -0.0001576848   0.0006357017  -0.0000469410  -0.0002515730   0.0005423239
       -0.0000646096  -0.0040384453  -0.0030657027   0.0077413834  -0.0821274371
        0.0848034132   0.0001392347   0.0004241089  -0.0001586529  -0.0032832425
        0.0007770864  -0.0014446828   0.0005030484  -0.0002570033   0.0004108223
       -0.0002528313   0.0005531942   0.0000117333   0.0031594097   0.0009102933
       -0.0025075557  -0.0000071048   0.0000127391  -0.0000105116   0.0000056290
       -0.0000098553   0.0000338027  -0.0000350874  -0.0000107507  -0.0000174158
       -0.0043169656   0.0002124652  -0.0027879040  -0.0032649528  -0.0166859338
       -0.0203219567  -0.0422417127  -0.0030803236  -0.0029204590   0.0000975573
       -0.0005039621  -0.0013915655   0.0005982827   0.0001074431   0.0003384650
       -0.0001191229  -0.0002909533  -0.0001511383   0.0000586899   0.0002161780
        0.0000160242   0.0000605180   0.0000359236   0.0000650136  -0.0002106122
       -0.0008946192  -0.0013730039  -0.0001223290   0.0001229525   0.0000356571
       -0.0000885112   0.0000967032   0.0000743599   0.0006291325  -0.0003134934
        0.0001392347   0.0499960719   0.0035217786   0.0057396745   0.0007926506
        0.0013321625   0.0018247703  -0.0009747664   0.0159589744   0.0202762570
       -0.0009145750   0.0001362951   0.0003373688  -0.0000200854   0.0000420975
        0.0000856874   0.0000092043  -0.0000096244   0.0000007417   0.0000021652
       -0.0000097460  -0.0000122161   0.0000293607   0.0000056820   0.0000249894
       -0.0003112289   0.0009032246  -0.0001972989  -0.0010731117   0.0008894221
       -0.0000249058  -0.0033176691  -0.1484211477  -0.1196279746   0.0001959533
        0.0000441491   0.0001393790  -0.0000661862  -0.0000922563   0.0001720681
        0.0001449118   0.0001530778  -0.0000422369  -0.0000182922  -0.0000441925
        0.0000758615  -0.0000029996   0.0000231789   0.0000047448  -0.0000270599
        0.0001057609  -0.0001641518  -0.0000288690  -0.0000729290   0.0001341591
        0.0001286018   0.0002603314   0.0001260954   0.0001829997   0.0005186439
        0.0004241089   0.0035217786   0.1686360188   0.1396785948   0.0005607606
       -0.0260554283  -0.0233183486   0.0005010180   0.0030780704   0.0025787445
       -0.0004479006   0.0003411841   0.0001320794   0.0000339973  -0.0002776063
       -0.0000892495  -0.0000002890  -0.0000035684   0.0000083386   0.0000042639
        0.0000173033  -0.0000084640   0.0000193214  -0.0000032366  -0.0000015443
       -0.0038871151   0.0004821007  -0.0018288610  -0.0035482399  -0.0109747100
       -0.0147267827  -0.0027481659  -0.1193654163  -0.1807363631   0.0009372213
        0.0000348627   0.0007920918  -0.0001522317  -0.0000502869  -0.0000252837
        0.0003264329   0.0001984773  -0.0000249891  -0.0000330010  -0.0000003053
        0.0000167152  -0.0000538031   0.0000223012   0.0000230120  -0.0003460704
       -0.0007935884  -0.0009736612  -0.0000829108   0.0000692142   0.0002888514
        0.0000174197   0.0002618345   0.0000342902   0.0002871766  -0.0000750520
       -0.0001586529   0.0057396745   0.1396785948   0.2091781506   0.0003952590
        0.0057324216   0.0075782366   0.0032678914  -0.0152774030  -0.0197146546
       -0.0001883505   0.0000440312   0.0003556311   0.0000350491  -0.0000047567
       -0.0000710604   0.0000013253  -0.0000009260   0.0000142071   0.0000005971
        0.0000111183  -0.0000188559   0.0000318413   0.0000074882  -0.0000020215
        0.0006605927   0.0004601797   0.0006649487  -0.0056689791   0.0252249056
       -0.0115722378  -0.0445982017   0.0186034748  -0.0066860244   0.0005543296
        0.0010544025  -0.0008124278   0.0005016028  -0.0001427649   0.0003360606
       -0.0001626784  -0.0000342779  -0.0001148159   0.0001295481   0.0000105886
        0.0000577008   0.0000521252  -0.0000209321   0.0000465243   0.0000970970
        0.0000031786   0.0002176381  -0.0001040859  -0.0001376440   0.0000512181
        0.0000321087  -0.0002995757  -0.0001626125  -0.0047708708   0.0012979614
       -0.0032832425   0.0007926506   0.0005607606   0.0003952590   0.0522879557
       -0.0228291480   0.0104991993   0.0007634412  -0.0234247268   0.0102979516
       -0.0000591353   0.0000448268   0.0000857437  -0.0005554777  -0.0003491223
       -0.0000398750   0.0000094855  -0.0000089870   0.0000019776   0.0000237679
       -0.0000148114   0.0000034977   0.0000147239   0.0000017115   0.0000135164
       -0.0007205955   0.0011828970  -0.0006342345   0.0044267847  -0.0057465924
        0.0042593400   0.0182648228  -0.2510608053   0.0802125505  -0.0004621022
        0.0006349218  -0.0003435517   0.0000363135   0.0001920458  -0.0000761087
       -0.0001972588  -0.0002666267  -0.0000170980  -0.0000109562   0.0000849352
       -0.0000383095   0.0000321665   0.0000119848  -0.0000020118  -0.0001470296
       -0.0000467453  -0.0001326522  -0.0000015794  -0.0001884232   0.0001091781
        0.0000216643   0.0003034098   0.0000779264   0.0013597376   0.0004519521
        0.0007770864   0.0013321625  -0.0260554283   0.0057324216  -0.0228291480
        0.2897209154  -0.0946830815  -0.0014741833  -0.0091933553   0.0048713838
        0.0000662448  -0.0003753329  -0.0000726901   0.0003341751   0.0003713792
       -0.0000451637   0.0000009449  -0.0000005729  -0.0000130472  -0.0000161626
       -0.0000163651   0.0000075069  -0.0000160011  -0.0000041936   0.0000105554
        0.0001657921   0.0007854334   0.0004332767  -0.0045131229   0.0155721826
       -0.0074653103  -0.0064814798   0.0802111882  -0.0755457205   0.0007814398
       -0.0003710734   0.0005221319  -0.0000055352  -0.0001144804  -0.0001107321
        0.0001315390   0.0002553855   0.0000676171   0.0000397597  -0.0001305958
       -0.0000670600  -0.0000458352  -0.0000222471  -0.0000041453   0.0002325046
       -0.0001284780   0.0001602089   0.0000913778   0.0001367711  -0.0002052930
       -0.0003948917  -0.0005401345  -0.0001681706  -0.0033731459   0.0007357257
       -0.0014446828   0.0018247703  -0.0233183486   0.0075782366   0.0104991993
       -0.0946830815   0.0854012475   0.0011637221   0.0217804438  -0.0092976413
       -0.0000185307  -0.0001402555  -0.0000637678  -0.0001159804  -0.0000338471
        0.0002132052   0.0000033843   0.0000002337   0.0000084849   0.0000151591
        0.0000001933  -0.0000025211  -0.0000001262   0.0000049846  -0.0000093638
        0.0008901961   0.0002177671   0.0008111504  -0.0261730274  -0.0049287880
        0.0145625260  -0.1831408973  -0.0346254671   0.1163685451  -0.0038707773
        0.0006730704  -0.0031288139  -0.0026057267  -0.0005707613   0.0004725740
        0.0001864583   0.0009053511   0.0001984166  -0.0000195017  -0.0003680224
        0.0000328044  -0.0002107373  -0.0001102186  -0.0002557157   0.0002651360
        0.0001171404   0.0002041062   0.0000704712  -0.0001763757  -0.0007904572
       -0.0001305324  -0.0000879929   0.0000025294   0.0004443750   0.0000270135
        0.0005030484  -0.0009747664   0.0005010180   0.0032678914   0.0007634412
       -0.0014741833   0.0011637221   0.2142255232   0.0397758612  -0.1330979382
        0.0001057036  -0.0000816513  -0.0002868936   0.0001526865   0.0002131727
       -0.0000363785   0.0000326150   0.0000058123   0.0000109924   0.0000240251
       -0.0000180519   0.0000248958  -0.0000346649   0.0000053060  -0.0000270053
       -0.0004062146   0.0001111049   0.0001052425   0.0016506846   0.0006436891
       -0.0015314734  -0.0347295893  -0.0523748725   0.0282292939   0.0004849043
        0.0005257448   0.0000513984  -0.0000448389   0.0001337400  -0.0000569763
        0.0001450476   0.0001589304   0.0000548526  -0.0000051308  -0.0000944651
       -0.0000051348  -0.0000011603   0.0000125969   0.0000001675   0.0001534480
       -0.0000980808  -0.0000211061  -0.0001535910   0.0001785329  -0.0004404660
       -0.0001221395  -0.0002252113   0.0001526534   0.0005355360   0.0001393196
       -0.0002570033   0.0159589744   0.0030780704  -0.0152774030  -0.0234247268
       -0.0091933553   0.0217804438   0.0397758612   0.0569612551  -0.0327724060
       -0.0000305722  -0.0000571180   0.0000240911   0.0002153109   0.0000946064
       -0.0000317697   0.0000000128  -0.0000007551   0.0000011642  -0.0000008365
        0.0000077733  -0.0000029063  -0.0000009797  -0.0000015057  -0.0000026623
       -0.0010064735   0.0001105709   0.0007588103  -0.0103377031  -0.0026793023
        0.0077771844   0.1167354241   0.0283178614  -0.1375468083  -0.0015599215
       -0.0001118258  -0.0006084541  -0.0006369965   0.0000266229   0.0005007804
       -0.0003327875  -0.0000414653  -0.0001090726   0.0000996357   0.0000461131
        0.0000453814   0.0000363961  -0.0000236942  -0.0000356487   0.0000323738
        0.0000232034  -0.0000256611  -0.0002386199  -0.0001359959  -0.0003025088
        0.0001229239   0.0000713523  -0.0001472804   0.0000190023  -0.0002850800
        0.0004108223   0.0202762570   0.0025787445  -0.0197146546   0.0102979516
        0.0048713838  -0.0092976413  -0.1330979382  -0.0327724060   0.1582661370
       -0.0002171030   0.0001589607   0.0000144951  -0.0001901114  -0.0001349067
        0.0000083671   0.0000089149  -0.0000051092  -0.0000035162   0.0000030053
       -0.0000169997   0.0000021378  -0.0000142300   0.0000019720   0.0000071304
       -0.0032067108  -0.0008862334   0.0031854830  -0.0011967068   0.0119201863
        0.0171435786   0.0005400927   0.0004758748   0.0012630010  -0.0359621821
       -0.0054052447  -0.0042290939  -0.0147659597  -0.0164524574  -0.0279796872
       -0.0017363955   0.0024126391  -0.0045729714   0.0006718887  -0.0003254293
        0.0002909996  -0.0016206876  -0.0003609817   0.0007799616  -0.0002049448
       -0.0001025659  -0.0001923690  -0.0000957103   0.0007772733   0.0012000851
       -0.0000501464  -0.0002497566  -0.0000916959   0.0005394351   0.0003203434
       -0.0002528313  -0.0009145750  -0.0004479006  -0.0001883505  -0.0000591353
        0.0000662448  -0.0000185307   0.0001057036  -0.0000305722  -0.0002171030
        0.0563286725   0.0097416942   0.0145669450   0.0017816359  -0.0013966496
       -0.0006311798  -0.0003607250   0.0000561464  -0.0001970932   0.0000852949
       -0.0001300664   0.0000287799   0.0001211558   0.0000174555   0.0001120722
       -0.0002263348   0.0007912676  -0.0000377265   0.0003714809   0.0024893871
        0.0021184051  -0.0000969284   0.0003036067   0.0003846443  -0.0074827006
       -0.1303049846  -0.1113036835  -0.0008115833   0.0057058157   0.0040257985
        0.0001811967  -0.0015679002  -0.0001924041  -0.0008846524   0.0009739944
        0.0000497582   0.0003827560   0.0001278270  -0.0001726187   0.0001365527
       -0.0000972696   0.0001831553  -0.0000047050   0.0001992728   0.0000012649
       -0.0001328669   0.0002881777   0.0001238775  -0.0002325948   0.0003074218
        0.0005531942   0.0001362951   0.0003411841   0.0000440312   0.0000448268
       -0.0003753329  -0.0001402555  -0.0000816513  -0.0000571180   0.0001589607
        0.0097416942   0.1430450454   0.1277829616  -0.0011799408  -0.0221694511
       -0.0236379663   0.0000805284  -0.0000231392   0.0000279050   0.0000195949
        0.0000321765  -0.0000067615   0.0000390324  -0.0000099814   0.0000374596
        0.0037811070   0.0011373139  -0.0026212878   0.0034226115  -0.0131467755
       -0.0191135409  -0.0012937089   0.0000839457   0.0009981656  -0.0051892599
       -0.1104905379  -0.1816811091  -0.0156871692  -0.0093392493  -0.0155750662
        0.0003869842   0.0026433646  -0.0028112789   0.0007820083  -0.0002866067
        0.0002875108  -0.0010503362  -0.0001350458   0.0005347922  -0.0000244627
        0.0001243959   0.0002792123   0.0001362635  -0.0008074502  -0.0011944499
       -0.0000132842   0.0002482895   0.0000895848  -0.0004161414  -0.0001863148
        0.0000117333   0.0003373688   0.0001320794   0.0003556311   0.0000857437
       -0.0000726901  -0.0000637678  -0.0002868936   0.0000240911   0.0000144951
        0.0145669450   0.1277829616   0.2154555778   0.0005017717   0.0022726526
        0.0050881710  -0.0001946750   0.0000548850  -0.0001054812   0.0000359617
       -0.0000816394  -0.0000064376   0.0001191658   0.0000423303   0.0000575452
        0.0006730824  -0.0005639100  -0.0007585387  -0.0023319265  -0.0208841065
        0.0083275565   0.0006033455  -0.0005910923   0.0005445251  -0.0389974060
       -0.0088467926   0.0035046553  -0.0138007538   0.0302698050  -0.0157637018
        0.0002024063   0.0026928756  -0.0012907624  -0.0006380306  -0.0009423041
        0.0006249287   0.0003620042  -0.0003055198   0.0003355322  -0.0001126383
        0.0001271312  -0.0001277614   0.0000679608  -0.0000063582  -0.0002788412
        0.0000233870   0.0004341364   0.0002238813  -0.0033483989  -0.0011312531
        0.0031594097  -0.0000200854   0.0000339973   0.0000350491  -0.0005554777
        0.0003341751  -0.0001159804   0.0001526865   0.0002153109  -0.0001901114
        0.0017816359  -0.0011799408   0.0005017717   0.0555863661   0.0006528990
        0.0010128032   0.0000557598  -0.0000631909   0.0000450320   0.0001654235
       -0.0001699605   0.0001279360   0.0001306594  -0.0000759018   0.0000826165
        0.0007997104   0.0012777211  -0.0009841370  -0.0033489486  -0.0084949725
        0.0047897734   0.0003838776   0.0004951095  -0.0004608364  -0.0047452241
       -0.2490123328   0.0575458318   0.0118139733  -0.0123682781   0.0091803014
       -0.0016021487  -0.0000696756  -0.0005641503  -0.0015527631   0.0006412574
       -0.0011297340   0.0002115568  -0.0003493578   0.0001800139  -0.0000015451
       -0.0001451714   0.0000104417   0.0001587666  -0.0000881005  -0.0003104067
        0.0000329994   0.0003561173   0.0001030968  -0.0011365761   0.0002080490
        0.0009102933   0.0000420975  -0.0002776063  -0.0000047567  -0.0003491223
        0.0003713792  -0.0000338471   0.0002131727   0.0000946064  -0.0001349067
       -0.0013966496  -0.0221694511   0.0022726526   0.0006528990   0.2894675451
       -0.0712776059  -0.0000471608   0.0000041413  -0.0000284117  -0.0000532173
        0.0000526751  -0.0000299309  -0.0000756975   0.0000063446  -0.0000336813
       -0.0003321330   0.0010504601   0.0007141386   0.0032706318   0.0193987464
       -0.0070992652  -0.0005908409  -0.0003227160   0.0003692305   0.0033483685
        0.0547887194  -0.0592466819  -0.0105895157   0.0179970361  -0.0079881623
       -0.0000045783   0.0024058385   0.0010419224   0.0007501149  -0.0010579293
       -0.0007395524   0.0001690175  -0.0001412069   0.0001266674  -0.0001286329
        0.0001200630  -0.0001938063  -0.0001836180  -0.0001107985   0.0001820255
        0.0004695312  -0.0005108896  -0.0002467127   0.0032188597   0.0016124343
       -0.0025075557   0.0000856874  -0.0000892495  -0.0000710604  -0.0000398750
       -0.0000451637   0.0002132052  -0.0000363785  -0.0000317697   0.0000083671
       -0.0006311798  -0.0236379663   0.0050881710   0.0010128032  -0.0712776059
        0.0702562282   0.0000882274  -0.0000389869   0.0000468713   0.0000832216
       -0.0000884907   0.0000453577   0.0000402890  -0.0000205248   0.0000006121
       -0.0000343514  -0.0000111232   0.0000667813   0.0001933920  -0.0000008663
        0.0000845775  -0.0000048348   0.0000052981  -0.0000371499  -0.0002151165
       -0.0008455651  -0.0014582281  -0.0036983499   0.0008523815  -0.0021807788
       -0.0266926908  -0.0015741027   0.0130232428   0.0020230031  -0.0016982403
       -0.0011030779  -0.1940930251  -0.0388254111   0.1174159802   0.0000175226
       -0.0000108248  -0.0000931452   0.0000034590  -0.0000065150  -0.0000411620
        0.0000136062  -0.0000277420  -0.0000035595   0.0000369953   0.0000632005
       -0.0000071048   0.0000092043  -0.0000002890   0.0000013253   0.0000094855
        0.0000009449   0.0000033843   0.0000326150   0.0000000128   0.0000089149
       -0.0003607250   0.0000805284  -0.0001946750   0.0000557598  -0.0000471608
        0.0000882274   0.2236768883   0.0445425687  -0.1306747088  -0.0030084822
       -0.0030202505   0.0034289719   0.0020356445   0.0005231559   0.0016721845
        0.0000613038   0.0000297266  -0.0000467732  -0.0000127890  -0.0000416623
        0.0000271747   0.0000137158   0.0000161968  -0.0000199093  -0.0000489634
        0.0002882344   0.0001792316   0.0011362578   0.0003537371   0.0004115850
        0.0054474849   0.0036778944  -0.0078540507  -0.0001849496  -0.0013761414
        0.0017020755  -0.0372152145  -0.0514864180   0.0303715470  -0.0000265571
       -0.0000475839   0.0000277637   0.0000180367  -0.0000003827   0.0000029203
       -0.0000258465   0.0000158499  -0.0000019532   0.0000150489   0.0000002878
        0.0000127391  -0.0000096244  -0.0000035684  -0.0000009260  -0.0000089870
       -0.0000005729   0.0000002337   0.0000058123  -0.0000007551  -0.0000051092
        0.0000561464  -0.0000231392   0.0000548850  -0.0000631909   0.0000041413
       -0.0000389869   0.0445425687   0.0536029518  -0.0334209241  -0.0245220874
       -0.0083228904   0.0184199697   0.0108218345   0.0033140940  -0.0098214927
       -0.0000470849  -0.0000025312   0.0000060180   0.0000529134  -0.0000057678
        0.0000416224  -0.0000168712   0.0000113637  -0.0000081003  -0.0006668392
       -0.0003643138  -0.0010844531  -0.0016321394   0.0000190998  -0.0011490358
       -0.0092578229  -0.0008749167   0.0078186645   0.0000209253  -0.0010087728
       -0.0004613450   0.1139341941   0.0299985780  -0.1190511739  -0.0000047249
        0.0000186995  -0.0000307966   0.0000006459  -0.0000049569  -0.0000063646
        0.0000191059  -0.0000146638   0.0000084540  -0.0000076445   0.0000031073
       -0.0000105116   0.0000007417   0.0000083386   0.0000142071   0.0000019776
       -0.0000130472   0.0000084849   0.0000109924   0.0000011642  -0.0000035162
       -0.0001970932   0.0000279050  -0.0001054812   0.0000450320  -0.0000284117
        0.0000468713  -0.1306747088  -0.0334209241   0.1379250162   0.0048697881
        0.0024721522  -0.0030882548   0.0235486126   0.0031778976  -0.0208703052
       -0.0000541804  -0.0000530253   0.0000196281   0.0000372069   0.0000493036
       -0.0000136372   0.0000529038  -0.0000368625  -0.0000002515  -0.0000548673
        0.0001356253  -0.0000979269   0.0004362402   0.0006468774   0.0006402973
        0.0036452137   0.0220123555  -0.0024804472  -0.0061673278   0.0061324673
       -0.0048738671  -0.0445633755  -0.0253394437   0.0038917612  -0.0000165689
        0.0001288071   0.0000408997   0.0000174078  -0.0000076786  -0.0000042736
        0.0000623753  -0.0000367401   0.0000125280  -0.0000863779  -0.0000560046
        0.0000056290   0.0000021652   0.0000042639   0.0000005971   0.0000237679
       -0.0000161626   0.0000151591   0.0000240251  -0.0000008365   0.0000030053
        0.0000852949   0.0000195949   0.0000359617   0.0001654235  -0.0000532173
        0.0000832216  -0.0030084822  -0.0245220874   0.0048697881   0.0489526080
        0.0246816259  -0.0026157698   0.0004465477  -0.0036888626   0.0004676972
        0.0000274315   0.0000328720   0.0000442002  -0.0001256493   0.0000245811
        0.0000265647  -0.0000957441   0.0000143793   0.0000055323  -0.0005074010
        0.0001169103  -0.0002961360  -0.0003086787   0.0007845875  -0.0005527436
        0.0016738859  -0.0147842750   0.0035854372   0.0034135055  -0.0018997923
        0.0022700039  -0.0231112645  -0.2862523835   0.0361090424   0.0000858154
       -0.0001085045  -0.0000764505  -0.0000435987   0.0000117550  -0.0000191101
       -0.0000624025  -0.0000033766  -0.0000237317   0.0000265324   0.0000773427
       -0.0000098553  -0.0000097460   0.0000173033   0.0000111183  -0.0000148114
       -0.0000163651   0.0000001933  -0.0000180519   0.0000077733  -0.0000169997
       -0.0001300664   0.0000321765  -0.0000816394  -0.0001699605   0.0000526751
       -0.0000884907  -0.0030202505  -0.0083228904   0.0024721522   0.0246816259
        0.3280013803  -0.0431092168  -0.0022911712  -0.0177861490  -0.0002498707
        0.0000337680  -0.0000196120   0.0000051417   0.0000388461   0.0000134460
        0.0000249893   0.0000406585  -0.0000101273  -0.0000232318   0.0000239370
        0.0000474997   0.0001944930   0.0006131439  -0.0000810984  -0.0005646499
        0.0018371988   0.0130336714  -0.0020215079  -0.0044519938   0.0035923439
       -0.0007894144   0.0033894273   0.0350266372  -0.0479886356  -0.0000226262
       -0.0000384490   0.0000084666   0.0000161004  -0.0000128795  -0.0000085229
        0.0000025530   0.0000166049  -0.0000248324  -0.0000045162  -0.0000004988
        0.0000338027  -0.0000122161  -0.0000084640  -0.0000188559   0.0000034977
        0.0000075069  -0.0000025211   0.0000248958  -0.0000029063   0.0000021378
        0.0000287799  -0.0000067615  -0.0000064376   0.0001279360  -0.0000299309
        0.0000453577   0.0034289719   0.0184199697  -0.0030882548  -0.0026157698
       -0.0431092168   0.0512948186  -0.0025025922  -0.0268377350   0.0029276568
       -0.0000352822   0.0000759900  -0.0000350551  -0.0003067312   0.0000335075
       -0.0002463867  -0.0001159684   0.0000015504   0.0001247968  -0.0017034903
       -0.0004359620   0.0006178534  -0.0040095349   0.0009733231  -0.0016829768
       -0.0059127906  -0.0085378838  -0.0248871649   0.0001017839  -0.0018034968
        0.0020973090  -0.0382249864  -0.0144250889  -0.0278366045  -0.0001356512
       -0.0000725634   0.0000456017   0.0000588484   0.0000011597   0.0000136839
        0.0000019570  -0.0000062646  -0.0000118352   0.0000097103   0.0000073519
       -0.0000350874   0.0000293607   0.0000193214   0.0000318413   0.0000147239
       -0.0000160011  -0.0000001262  -0.0000346649  -0.0000009797  -0.0000142300
        0.0001211558   0.0000390324   0.0001191658   0.0001306594  -0.0000756975
        0.0000402890   0.0020356445   0.0108218345   0.0235486126   0.0004465477
       -0.0022911712  -0.0025025922   0.0475287085   0.0156920379   0.0306129056
       -0.0000188781  -0.0000005962  -0.0000404160   0.0000656109  -0.0000446207
        0.0000417057   0.0000317099   0.0000109181  -0.0000148003   0.0003664687
        0.0001935665  -0.0002719350   0.0012003652   0.0005074587   0.0005438083
       -0.0028535161   0.0062103544   0.0066262487   0.0010202273  -0.0014303106
       -0.0004618546  -0.0122785765  -0.0997568810  -0.1025293558  -0.0000456151
        0.0000698954   0.0000220503   0.0000169620   0.0000054766   0.0000094258
        0.0000226378  -0.0000097153   0.0000377155  -0.0000079805  -0.0000256847
       -0.0000107507   0.0000056820  -0.0000032366   0.0000074882   0.0000017115
       -0.0000041936   0.0000049846   0.0000053060  -0.0000015057   0.0000019720
        0.0000174555  -0.0000099814   0.0000423303  -0.0000759018   0.0000063446
       -0.0000205248   0.0005231559   0.0033140940   0.0031778976  -0.0036888626
       -0.0177861490  -0.0268377350   0.0156920379   0.1087547665   0.1196717452
        0.0000110131   0.0000062301  -0.0000170027  -0.0001597443   0.0000521648
       -0.0001725813  -0.0000436058  -0.0000233607   0.0000860702  -0.0002056113
       -0.0003307749   0.0006549943  -0.0024683043   0.0005129536  -0.0011541182
       -0.0048293128  -0.0064729765  -0.0156767936   0.0002815133   0.0002686418
        0.0018489426  -0.0254833442  -0.1036217583  -0.2274663557  -0.0001167768
       -0.0000268715   0.0000833827   0.0000515983   0.0000055956   0.0000252320
       -0.0000080934   0.0000240224  -0.0000188572   0.0000116917  -0.0000043755
       -0.0000174158   0.0000249894  -0.0000015443  -0.0000020215   0.0000135164
        0.0000105554  -0.0000093638  -0.0000270053  -0.0000026623   0.0000071304
        0.0001120722   0.0000374596   0.0000575452   0.0000826165  -0.0000336813
        0.0000006121   0.0016721845  -0.0098214927  -0.0208703052   0.0004676972
       -0.0002498707   0.0029276568   0.0306129056   0.1196717452   0.2597132486
