$hessian                                                                        
        0.5288148951  -0.0080716107   0.0006646065  -0.0522972170  -0.0132514150
       -0.0156302039  -0.0046076607   0.0162765825   0.0121510346  -0.0004830273
        0.0026124989   0.0027843917  -0.0038043976   0.0070225517   0.0033572649
       -0.0010691990   0.0014327217   0.0006182678  -0.0023469200  -0.0018137904
       -0.0000410794  -0.2692686608   0.0533848203   0.0229957684  -0.0826515431
        0.0338426088  -0.0785572028  -0.1120150835  -0.0915419367   0.0516110875
        0.0000917641   0.0001269010   0.0000452772  -0.0002791529  -0.0001164078
       -0.0000988334  -0.0000837973   0.0000964757   0.0000996209
       -0.0080716107   0.4364739134  -0.0615031993  -0.0108257615  -0.1231907776
       -0.0712861563   0.0140698972  -0.0262412318  -0.0088827316   0.0001189979
       -0.0003821199  -0.0033377632   0.0038634075  -0.0002166574  -0.0008958392
       -0.0007957820  -0.0005227283   0.0007259707   0.0040078034   0.0027989241
       -0.0001249960   0.0582149682  -0.0524880958  -0.0025852215   0.0328361835
       -0.0698940057   0.0719059413  -0.0934268464  -0.1666893235   0.0758099893
       -0.0003670150   0.0000702688   0.0001630787   0.0004893535   0.0004185898
        0.0001905924  -0.0001135956  -0.0001367560  -0.0001796653
        0.0006646065  -0.0615031993   0.4440428103  -0.0131478048  -0.0727694112
       -0.1132167498   0.0126223356  -0.0130317008  -0.0091609871  -0.0011796113
        0.0009148924   0.0001063585   0.0009172862   0.0001584288   0.0029372965
        0.0003934456  -0.0009413303   0.0009717977   0.0024061933   0.0017737271
       -0.0003818855   0.0269920671  -0.0035153423  -0.0414026702  -0.0807203827
        0.0767796739  -0.2053359995   0.0509128633   0.0718334838  -0.0787414154
       -0.0001019382   0.0000404832  -0.0000251231   0.0002661114   0.0003316119
        0.0001943099  -0.0000251720  -0.0000713172   0.0000122575
       -0.0522972170  -0.0108257615  -0.0131478048   0.2565488086  -0.0611284327
        0.0136934710  -0.1539005810   0.0558412786  -0.0060361005  -0.0216756111
        0.0142380288  -0.0062164136   0.0025548385  -0.0012469967  -0.0004414871
       -0.0307424407  -0.0035325382   0.0053770815  -0.0032132024   0.0018367797
        0.0049803512   0.0008737170   0.0225486187   0.0192593246   0.0004317528
       -0.0077319281  -0.0072711549   0.0018669290  -0.0105075666  -0.0102336859
        0.0001339863   0.0004528335   0.0005117511   0.0009610423   0.0008226355
        0.0003037161  -0.0015420223  -0.0007669508  -0.0007790488
       -0.0132514150  -0.1231907776  -0.0727694112  -0.0611284327   0.2569169370
        0.1323883056   0.0537137002  -0.0667428349  -0.0052441276   0.0176056454
       -0.0033686073   0.0029677963   0.0214631113  -0.0204707898  -0.0137014144
       -0.0121006406   0.0038805936   0.0022341842  -0.0031020895  -0.0003899656
        0.0005900815   0.0031858536  -0.0137175267  -0.0130350497  -0.0017882892
       -0.0000661707  -0.0085451913  -0.0034527869  -0.0316078401  -0.0244650697
       -0.0000554279  -0.0000226505  -0.0003609149  -0.0006095527  -0.0010970726
       -0.0001280585  -0.0004796760  -0.0001232947   0.0000688698
       -0.0156302039  -0.0712861563  -0.1132167498   0.0136934710   0.1323883056
        0.2020377716   0.0004804483  -0.0077899229  -0.0470288254  -0.0259425629
        0.0125813863  -0.0036353436   0.0180787381  -0.0215172030  -0.0072808455
        0.0125022797  -0.0000331875   0.0042282704   0.0002875623  -0.0013999468
       -0.0017438795   0.0024264989  -0.0092754129  -0.0074454818  -0.0029744705
       -0.0287107326  -0.0291623528  -0.0035475794  -0.0050120993   0.0034827484
        0.0001427983  -0.0002862114  -0.0002228314  -0.0002660606  -0.0000825742
       -0.0003060734   0.0007490806   0.0004237548   0.0002935928
       -0.0046076607   0.0140698972   0.0126223356  -0.1539005810   0.0537137002
        0.0004804483   0.4253958731   0.0118483977   0.1633542764  -0.1106559554
        0.0362255868  -0.1405809243  -0.0614091079  -0.0544839007  -0.0535211612
       -0.0756644267  -0.0418573584   0.0201017441  -0.0175898375  -0.0124320035
        0.0003022581  -0.0015066743   0.0005481041  -0.0000192859   0.0019939562
       -0.0007067473  -0.0022946678   0.0011524964  -0.0032630841  -0.0004440336
       -0.0010996470  -0.0003992959   0.0000253436  -0.0003679391  -0.0018116454
       -0.0006653463  -0.0017404960  -0.0014516506   0.0006390130
        0.0162765825  -0.0262412318  -0.0130317008   0.0558412786  -0.0667428349
       -0.0077899229   0.0118483977   0.5857529715   0.1062011731   0.0380644607
       -0.0815902899   0.0903223194  -0.0541046294  -0.2923624319  -0.2133186653
       -0.0477266434  -0.0997379010   0.0443663854  -0.0226600158  -0.0189102452
       -0.0056420052   0.0007668048  -0.0015247512  -0.0012599146   0.0002977133
        0.0010536917  -0.0005438899   0.0009734534  -0.0011411678  -0.0002313934
       -0.0014547406  -0.0019145617   0.0004726422  -0.0003603737   0.0026179065
        0.0000812853   0.0022377119   0.0007408456   0.0003736867
        0.0121510346  -0.0088827316  -0.0091609871  -0.0060361005  -0.0052441276
       -0.0470288254   0.1633542764   0.1062011731   0.7897571782  -0.1429194146
        0.0888338795  -0.3946530789  -0.0554045264  -0.2184242347  -0.2554349553
        0.0287881588   0.0493752798  -0.0841695042   0.0047286604  -0.0020685825
        0.0039865810   0.0005190370  -0.0026890904  -0.0015147416   0.0019867913
       -0.0025200970  -0.0019537335   0.0003269024  -0.0000767743   0.0008183123
       -0.0025055361  -0.0009874821  -0.0006363777  -0.0043229897  -0.0030563371
       -0.0000252557  -0.0006662937  -0.0004608753   0.0000153880
       -0.0004830273   0.0001189979  -0.0011796113  -0.0216756111   0.0176056454
       -0.0259425629  -0.1106559554   0.0380644607  -0.1429194146   0.1271442184
       -0.0416218192   0.1641041265   0.0044164494   0.0023255254  -0.0104646543
        0.0037438790  -0.0101632475   0.0110232182  -0.0024078046  -0.0049909772
        0.0035742152   0.0005339518  -0.0000394261  -0.0003688170  -0.0003128640
       -0.0011515063  -0.0002408660  -0.0002659123  -0.0000097892  -0.0003065562
        0.0002215556  -0.0000033863   0.0007156240  -0.0007615559  -0.0001482419
        0.0022758445   0.0005026763   0.0000137642  -0.0002705461
        0.0026124989  -0.0003821199   0.0009148924   0.0142380288  -0.0033686073
        0.0125813863   0.0362255868  -0.0815902899   0.0888338795  -0.0416218192
        0.0910792975  -0.1081638918  -0.0097854114   0.0051753378  -0.0267442679
       -0.0011418090  -0.0084679379   0.0266663744  -0.0009798557  -0.0016829159
        0.0022259973  -0.0001579560   0.0001518283   0.0006423611  -0.0004915743
       -0.0002736107   0.0011300534  -0.0001680747   0.0006901509  -0.0000765903
        0.0002136539   0.0004391117   0.0005303888   0.0006585792  -0.0015066445
        0.0009288777   0.0003981528  -0.0002636000   0.0005305392
        0.0027843917  -0.0033377632   0.0001063585  -0.0062164136   0.0029677963
       -0.0036353436  -0.1405809243   0.0903223194  -0.3946530789   0.1641041265
       -0.1081638918   0.4475265732  -0.0142447930   0.0039886917  -0.0273502867
       -0.0040615418   0.0162121442  -0.0233650580  -0.0029160216  -0.0022867921
        0.0020188187   0.0003586331   0.0000941795  -0.0001108638   0.0001160192
        0.0004187271   0.0008084494   0.0001802247  -0.0000919241  -0.0003595572
       -0.0000518177  -0.0003391997  -0.0005234957   0.0009039777   0.0001911084
       -0.0001738474  -0.0003758610   0.0000246043  -0.0002886684
       -0.0038043976   0.0038634075   0.0009172862   0.0025548385   0.0214631113
        0.0180787381  -0.0614091079  -0.0541046294  -0.0554045264   0.0044164494
       -0.0097854114  -0.0142447930   0.0652595173   0.0616812701   0.0573298177
       -0.0050600545  -0.0200133261  -0.0074328204  -0.0005114159  -0.0047614020
       -0.0001424651   0.0001826122   0.0010435125   0.0008413322  -0.0003746878
        0.0001669463   0.0001687154  -0.0003652102   0.0004582902   0.0001548281
       -0.0010820420  -0.0005654116  -0.0003385046  -0.0001851414   0.0002737260
        0.0001682157   0.0003786398   0.0002799167  -0.0000958239
        0.0070225517  -0.0002166574   0.0001584288  -0.0012469967  -0.0204707898
       -0.0215172030  -0.0544839007  -0.2923624319  -0.2184242347   0.0023255254
        0.0051753378   0.0039886917   0.0616812701   0.3310360488   0.2497501173
       -0.0162390887  -0.0162687593  -0.0139828866   0.0024507563  -0.0064777684
        0.0006363881  -0.0002770226  -0.0012740905  -0.0010347203  -0.0003731897
        0.0003660399   0.0007034902  -0.0002230580   0.0005745503  -0.0000344855
       -0.0020012235  -0.0004520365  -0.0010432538   0.0006817444   0.0002922076
        0.0003828236   0.0006826320   0.0000783493   0.0004168443
        0.0033572649  -0.0008958392   0.0029372965  -0.0004414871  -0.0137014144
       -0.0072808455  -0.0535211612  -0.2133186653  -0.2554349553  -0.0104646543
       -0.0267442679  -0.0273502867   0.0573298177   0.2497501173   0.2786492272
        0.0014734617   0.0031424395   0.0067700604   0.0019277069   0.0004618163
        0.0011942746  -0.0002104942  -0.0005493814  -0.0003660005  -0.0005921656
        0.0005135318   0.0007737277  -0.0001527173   0.0002085635  -0.0000094073
        0.0001060147   0.0001882020  -0.0000003743   0.0010184164   0.0006867824
        0.0001228231   0.0001699974   0.0002581154  -0.0000055400
       -0.0010691990  -0.0007957820   0.0003934456  -0.0307424407  -0.0121006406
        0.0125022797  -0.0756644267  -0.0477266434   0.0287881588   0.0037438790
       -0.0011418090  -0.0040615418  -0.0050600545  -0.0162390887   0.0014734617
        0.3064377738   0.1328136783   0.0627082111  -0.1400968169  -0.0295249351
       -0.0635550402   0.0003892538  -0.0001275448   0.0001948698   0.0002000860
       -0.0005835376  -0.0004797263   0.0007497509  -0.0005470927  -0.0008379681
       -0.0116971429  -0.0105967539  -0.0090879113  -0.0120769761  -0.0040047167
       -0.0123458358  -0.0351136866  -0.0094251336  -0.0156924032
        0.0014327217  -0.0005227283  -0.0009413303  -0.0035325382   0.0038805936
       -0.0000331875  -0.0418573584  -0.0997379010   0.0493752798  -0.0101632475
       -0.0084679379   0.0162121442  -0.0200133261  -0.0162687593   0.0031424395
        0.1328136783   0.1706185941  -0.0456847870  -0.0316948092  -0.0468756693
       -0.0102285497   0.0002328579   0.0000802623   0.0001215958   0.0002849824
       -0.0007423720  -0.0001112609   0.0001205245   0.0006558305   0.0000525268
       -0.0291069096  -0.0095528383  -0.0146067277   0.0008145699   0.0008895523
       -0.0000831186   0.0006688544   0.0060433732   0.0027849756
        0.0006182678   0.0007259707   0.0009717977   0.0053770815   0.0022341842
        0.0042282704   0.0201017441   0.0443663854  -0.0841695042   0.0110232182
        0.0266663744  -0.0233650580  -0.0074328204  -0.0139828866   0.0067700604
        0.0627082111  -0.0456847870   0.1953029277  -0.0624379572  -0.0085647188
       -0.0866167276  -0.0001739033   0.0003282187  -0.0000155396  -0.0003375903
        0.0002788977   0.0002263152  -0.0001788628   0.0003880850  -0.0001893589
       -0.0011404943  -0.0024301724  -0.0000293845  -0.0306781626  -0.0089653101
       -0.0194313744   0.0025512681   0.0046397589   0.0063175756
       -0.0023469200   0.0040078034   0.0024061933  -0.0032132024  -0.0031020895
        0.0002875623  -0.0175898375  -0.0226600158   0.0047286604  -0.0024078046
       -0.0009798557  -0.0029160216  -0.0005114159   0.0024507563   0.0019277069
       -0.1400968169  -0.0316948092  -0.0624379572   0.4154238829  -0.0297327657
       -0.0514119876  -0.0001402940  -0.0001009592   0.0000087522  -0.0003314627
        0.0004588016   0.0005273493  -0.0003216696   0.0006643207   0.0003697259
       -0.0386004828  -0.0001844258   0.0043585698  -0.0390559409   0.0006137896
        0.0099623256  -0.1708080356   0.0802594493   0.0921891206
       -0.0018137904   0.0027989241   0.0017737271   0.0018367797  -0.0003899656
       -0.0013999468  -0.0124320035  -0.0189102452  -0.0020685825  -0.0049909772
       -0.0016829159  -0.0022867921  -0.0047614020  -0.0064777684   0.0004618163
       -0.0295249351  -0.0468756693  -0.0085647188  -0.0297327657   0.5023888961
       -0.0312832671  -0.0000024019  -0.0000598944  -0.0000306542  -0.0001793521
        0.0000736377   0.0002850734   0.0002268681   0.0002234517  -0.0000194607
        0.0041524238  -0.2781205535   0.0268164732  -0.0010772852  -0.0628111157
        0.0661192093   0.0782988415  -0.0901567816  -0.0498028771
       -0.0000410794  -0.0001249960  -0.0003818855   0.0049803512   0.0005900815
       -0.0017438795   0.0003022581  -0.0056420052   0.0039865810   0.0035742152
        0.0022259973   0.0020188187  -0.0001424651   0.0006363881   0.0011942746
       -0.0635550402  -0.0102285497  -0.0866167276  -0.0514119876  -0.0312832671
        0.4799462893  -0.0000541821  -0.0000239665   0.0000176917   0.0001152271
        0.0002098821  -0.0000168399  -0.0001408187  -0.0000376690   0.0001372106
        0.0020027860   0.0246562837  -0.0418615598   0.0158104146   0.0699021049
       -0.2580813856   0.0885603209  -0.0508802842  -0.0985985881
       -0.2692686608   0.0582149682   0.0269920671   0.0008737170   0.0031858536
        0.0024264989  -0.0015066743   0.0007668048   0.0005190370   0.0005339518
       -0.0001579560   0.0003586331   0.0001826122  -0.0002770226  -0.0002104942
        0.0003892538   0.0002328579  -0.0001739033  -0.0001402940  -0.0000024019
       -0.0000541821   0.3018906975  -0.0676745893  -0.0318466168  -0.0141552195
        0.0034667741  -0.0003701119  -0.0187319412   0.0021025004   0.0022040073
       -0.0000254324   0.0001079288  -0.0000236498  -0.0000124825  -0.0000294895
        0.0000976874  -0.0000295275   0.0000637713   0.0000810274
        0.0533848203  -0.0524880958  -0.0035153423   0.0225486187  -0.0137175267
       -0.0092754129   0.0005481041  -0.0015247512  -0.0026890904  -0.0000394261
        0.0001518283   0.0000941795   0.0010435125  -0.0012740905  -0.0005493814
       -0.0001275448   0.0000802623   0.0003282187  -0.0001009592  -0.0000598944
       -0.0000239665  -0.0676745893   0.0657720058   0.0115889502   0.0118725596
       -0.0021900936   0.0007017031  -0.0214398419   0.0051535439   0.0033373557
        0.0000040691   0.0000802303  -0.0000558483  -0.0000264755  -0.0001046394
        0.0000262526   0.0000071527   0.0001212211   0.0000323819
        0.0229957684  -0.0025852215  -0.0414026702   0.0192593246  -0.0130350497
       -0.0074454818  -0.0000192859  -0.0012599146  -0.0015147416  -0.0003688170
        0.0006423611  -0.0001108638   0.0008413322  -0.0010347203  -0.0003660005
        0.0001948698   0.0001215958  -0.0000155396   0.0000087522  -0.0000306542
        0.0000176917  -0.0318466168   0.0115889502   0.0495791879  -0.0247433865
        0.0068239545   0.0022559812   0.0136113196  -0.0011555958  -0.0011077563
        0.0000150239   0.0000022171  -0.0000114154   0.0000009004  -0.0000361312
       -0.0000021794   0.0000508152  -0.0000417912   0.0001237875
       -0.0826515431   0.0328361835  -0.0807203827   0.0004317528  -0.0017882892
       -0.0029744705   0.0019939562   0.0002977133   0.0019867913  -0.0003128640
       -0.0004915743   0.0001160192  -0.0003746878  -0.0003731897  -0.0005921656
        0.0002000860   0.0002849824  -0.0003375903  -0.0003314627  -0.0001793521
        0.0001152271  -0.0141552195   0.0118725596  -0.0247433865   0.0894354736
       -0.0358798224   0.0932479838   0.0062223735  -0.0066338104   0.0136519578
       -0.0000193041  -0.0000223179   0.0000600234  -0.0004153501   0.0000548428
        0.0001670961  -0.0000232107   0.0000220745   0.0000228968
        0.0338426088  -0.0698940057   0.0767796739  -0.0077319281  -0.0000661707
       -0.0287107326  -0.0007067473   0.0010536917  -0.0025200970  -0.0011515063
       -0.0002736107   0.0004187271   0.0001669463   0.0003660399   0.0005135318
       -0.0005835376  -0.0007423720   0.0002788977   0.0004588016   0.0000736377
        0.0002098821   0.0034667741  -0.0021900936   0.0068239545  -0.0358798224
        0.0808058241  -0.0743160096   0.0081808022  -0.0091838686   0.0204547189
       -0.0000339914  -0.0000842972   0.0001834985  -0.0000136794   0.0001521666
       -0.0000197169  -0.0000147205  -0.0000169415  -0.0000963285
       -0.0785572028   0.0719059413  -0.2053359995  -0.0072711549  -0.0085451913
       -0.0291623528  -0.0022946678  -0.0005438899  -0.0019537335  -0.0002408660
        0.0011300534   0.0008084494   0.0001687154   0.0007034902   0.0007737277
       -0.0004797263  -0.0001112609   0.0002263152   0.0005273493   0.0002850734
       -0.0000168399  -0.0003701119   0.0007017031   0.0022559812   0.0932479838
       -0.0743160096   0.2447527889  -0.0050322765   0.0087907920  -0.0124605423
        0.0000081315   0.0000676806  -0.0001005769   0.0003090877  -0.0000821199
        0.0001296584  -0.0000152615   0.0000137375   0.0000831242
       -0.1120150835  -0.0934268464   0.0509128633   0.0018669290  -0.0034527869
       -0.0035475794   0.0011524964   0.0009734534   0.0003269024  -0.0002659123
       -0.0001680747   0.0001802247  -0.0003652102  -0.0002230580  -0.0001527173
        0.0007497509   0.0001205245  -0.0001788628  -0.0003216696   0.0002268681
       -0.0001408187  -0.0187319412  -0.0214398419   0.0136113196   0.0062223735
        0.0081808022  -0.0050322765   0.1224261834   0.1092263772  -0.0560033877
       -0.0004674252  -0.0001862749   0.0001749697  -0.0001964105   0.0002020853
       -0.0001349119  -0.0000540806  -0.0000332279  -0.0000157253
       -0.0915419367  -0.1666893235   0.0718334838  -0.0105075666  -0.0316078401
       -0.0050120993  -0.0032630841  -0.0011411678  -0.0000767743  -0.0000097892
        0.0006901509  -0.0000919241   0.0004582902   0.0005745503   0.0002085635
       -0.0005470927   0.0006558305   0.0003880850   0.0006643207   0.0002234517
       -0.0000376690   0.0021025004   0.0051535439  -0.0011555958  -0.0066338104
       -0.0091838686   0.0087907920   0.1092263772   0.2014408262  -0.0749666455
       -0.0000279779   0.0001470284  -0.0000703031   0.0001856087  -0.0002381824
        0.0000960476  -0.0001058395  -0.0000249994   0.0000940391
        0.0516110875   0.0758099893  -0.0787414154  -0.0102336859  -0.0244650697
        0.0034827484  -0.0004440336  -0.0002313934   0.0008183123  -0.0003065562
       -0.0000765903  -0.0003595572   0.0001548281  -0.0000344855  -0.0000094073
       -0.0008379681   0.0000525268  -0.0001893589   0.0003697259  -0.0000194607
        0.0001372106   0.0022040073   0.0033373557  -0.0011077563   0.0136519578
        0.0204547189  -0.0124605423  -0.0560033877  -0.0749666455   0.0886324688
        0.0000716777  -0.0000289117   0.0000955674  -0.0001716658   0.0002650121
       -0.0001730348  -0.0000659870  -0.0000970461  -0.0001252354
        0.0000917641  -0.0003670150  -0.0001019382   0.0001339863  -0.0000554279
        0.0001427983  -0.0010996470  -0.0014547406  -0.0025055361   0.0002215556
        0.0002136539  -0.0000518177  -0.0010820420  -0.0020012235   0.0001060147
       -0.0116971429  -0.0291069096  -0.0011404943  -0.0386004828   0.0041524238
        0.0020027860  -0.0000254324   0.0000040691   0.0000150239  -0.0000193041
       -0.0000339914   0.0000081315  -0.0004674252  -0.0000279779   0.0000716777
        0.0515373114   0.0070874618   0.0015509425   0.0012299110  -0.0015430771
        0.0012929627  -0.0002230521   0.0231327544  -0.0013905510
        0.0001269010   0.0000702688   0.0000404832   0.0004528335  -0.0000226505
       -0.0002862114  -0.0003992959  -0.0019145617  -0.0009874821  -0.0000033863
        0.0004391117  -0.0003391997  -0.0005654116  -0.0004520365   0.0001882020
       -0.0105967539  -0.0095528383  -0.0024301724  -0.0001844258  -0.2781205535
        0.0246562837   0.0001079288   0.0000802303   0.0000022171  -0.0000223179
       -0.0000842972   0.0000676806  -0.0001862749   0.0001470284  -0.0000289117
        0.0070874618   0.3170162124  -0.0253090765   0.0008934788  -0.0109999345
        0.0031145366   0.0032892623  -0.0166059792   0.0013116505
        0.0000452772   0.0001630787  -0.0000251231   0.0005117511  -0.0003609149
       -0.0002228314   0.0000253436   0.0004726422  -0.0006363777   0.0007156240
        0.0005303888  -0.0005234957  -0.0003385046  -0.0010432538  -0.0000003743
       -0.0090879113  -0.0146067277  -0.0000293845   0.0043585698   0.0268164732
       -0.0418615598  -0.0000236498  -0.0000558483  -0.0000114154   0.0000600234
        0.0001834985  -0.0001005769   0.0001749697  -0.0000703031   0.0000955674
        0.0015509425  -0.0253090765   0.0457152414  -0.0001328840   0.0291659177
       -0.0039274918   0.0021404484  -0.0158858746   0.0015278219
       -0.0002791529   0.0004893535   0.0002661114   0.0009610423  -0.0006095527
       -0.0002660606  -0.0003679391  -0.0003603737  -0.0043229897  -0.0007615559
        0.0006585792   0.0009039777  -0.0001851414   0.0006817444   0.0010184164
       -0.0120769761   0.0008145699  -0.0306781626  -0.0390559409  -0.0010772852
        0.0158104146  -0.0000124825  -0.0000264755   0.0000009004  -0.0004153501
       -0.0000136794   0.0003090877  -0.0001964105   0.0001856087  -0.0001716658
        0.0012299110   0.0008934788  -0.0001328840   0.0526390457   0.0038292203
       -0.0053883771  -0.0014790495  -0.0054651884   0.0226512315
       -0.0001164078   0.0004185898   0.0003316119   0.0008226355  -0.0010970726
       -0.0000825742  -0.0018116454   0.0026179065  -0.0030563371  -0.0001482419
       -0.0015066445   0.0001911084   0.0002737260   0.0002922076   0.0006867824
       -0.0040047167   0.0008895523  -0.0089653101   0.0006137896  -0.0628111157
        0.0699021049  -0.0000294895  -0.0001046394  -0.0000361312   0.0000548428
        0.0001521666  -0.0000821199   0.0002020853  -0.0002381824   0.0002650121
       -0.0015430771  -0.0109999345   0.0291659177   0.0038292203   0.0682497672
       -0.0751488125   0.0018572790   0.0041373993  -0.0131712523
       -0.0000988334   0.0001905924   0.0001943099   0.0003037161  -0.0001280585
       -0.0003060734  -0.0006653463   0.0000812853  -0.0000252557   0.0022758445
        0.0009288777  -0.0001738474   0.0001682157   0.0003828236   0.0001228231
       -0.0123458358  -0.0000831186  -0.0194313744   0.0099623256   0.0661192093
       -0.2580813856   0.0000976874   0.0000262526  -0.0000021794   0.0001670961
       -0.0000197169   0.0001296584  -0.0001349119   0.0000960476  -0.0001730348
        0.0012929627   0.0031145366  -0.0039274918  -0.0053883771  -0.0751488125
        0.2992443769   0.0043654565   0.0044400815  -0.0175705258
       -0.0000837973  -0.0001135956  -0.0000251720  -0.0015420223  -0.0004796760
        0.0007490806  -0.0017404960   0.0022377119  -0.0006662937   0.0005026763
        0.0003981528  -0.0003758610   0.0003786398   0.0006826320   0.0001699974
       -0.0351136866   0.0006688544   0.0025512681  -0.1708080356   0.0782988415
        0.0885603209  -0.0000295275   0.0000071527   0.0000508152  -0.0000232107
       -0.0000147205  -0.0000152615  -0.0000540806  -0.0001058395  -0.0000659870
       -0.0002230521   0.0032892623   0.0021404484  -0.0014790495   0.0018572790
        0.0043654565   0.2102156420  -0.0867260548  -0.0974388119
        0.0000964757  -0.0001367560  -0.0000713172  -0.0007669508  -0.0001232947
        0.0004237548  -0.0014516506   0.0007408456  -0.0004608753   0.0000137642
       -0.0002636000   0.0000246043   0.0002799167   0.0000783493   0.0002581154
       -0.0094251336   0.0060433732   0.0046397589   0.0802594493  -0.0901567816
       -0.0508802842   0.0000637713   0.0001212211  -0.0000417912   0.0000220745
       -0.0000169415   0.0000137375  -0.0000332279  -0.0000249994  -0.0000970461
        0.0231327544  -0.0166059792  -0.0158858746  -0.0054651884   0.0041373993
        0.0044400815  -0.0867260548   0.0962071638   0.0576371361
        0.0000996209  -0.0001796653   0.0000122575  -0.0007790488   0.0000688698
        0.0002935928   0.0006390130   0.0003736867   0.0000153880  -0.0002705461
        0.0005305392  -0.0002886684  -0.0000958239   0.0004168443  -0.0000055400
       -0.0156924032   0.0027849756   0.0063175756   0.0921891206  -0.0498028771
       -0.0985985881   0.0000810274   0.0000323819   0.0001237875   0.0000228968
       -0.0000963285   0.0000831242  -0.0000157253   0.0000940391  -0.0001252354
       -0.0013905510   0.0013116505   0.0015278219   0.0226512315  -0.0131712523
       -0.0175705258  -0.0974388119   0.0576371361   0.1082150103
