           1           2   1.02019651537135     
           2           3   1.00645096274127     
           3           4  0.983796669131386     
           4           5  0.965525942742335     
           4           6   1.00280461910317     
           4           7  0.982549606029537     
           1           8  0.988068528721066     
           1           9  0.987407725951371     
           1          10  0.984263357848588     
           2          11  0.979565528481741     
           2          12  0.973086863695048     
           3          13  0.976733322443478     
           3          14  0.976671728042543     
           6          15  0.980908744754550     
           6          16  0.985372921358673     
           6          17  0.985054968402450     
           7          18  0.868221829504860     
