$coord
         12.130814809956         -0.843727008980         -0.488475025363     c 
          9.538125601429         -1.356400831358          0.654051459430     c 
          7.507844711241          0.347289211180         -0.485322247407     c 
          4.908159177513         -0.138169117660          0.666936157839     c 
          2.882101146788          1.563852551601         -0.481962733433     c 
          0.285091688747          1.077619444947          0.674823131478     c 
         -1.739945198514          2.775332480273         -0.482327005510     c 
         -4.332987348512          2.344579984975          0.660890340602     c 
         -5.633895604660         -1.025511565822         -0.125535987506     br
         12.102047098547         -1.172106838075         -2.517521264425     h 
         12.690657858389          1.106761155421         -0.159056756709     h 
         13.547601678878         -2.075306786425          0.347839440417     h 
          9.616004951724         -1.052439911723          2.694635129446     h 
          9.026439470018         -3.330894700955          0.336361043935     h 
          8.030143100820          2.322407682635         -0.183900638701     h 
          7.419917796354          0.030412332344         -2.523703122844     h 
          4.387313872482         -2.113457027613          0.369403531059     h 
          4.995012358997          0.182661866649          2.705037772787     h 
          2.793505642892          1.236751418419         -2.518510925432     h 
          3.404365915875          3.540794816278         -0.189788070258     h 
         -0.226728958459         -0.899965648373          0.376781350733     h 
          0.371779696467          1.405488043647          2.712966413750     h 
         -1.822040990197          2.462266165972         -2.521965075748     h 
         -1.240683392744          4.757657066934         -0.169450275131     h 
         -4.287920284405          2.468249076122          2.715773242977     h 
         -5.723212943239          3.666172651674         -0.086317758061     h 
$end
