           1           2  0.905479552613443     
           2           3   1.08430291724226     
           3           4  0.931770974501120     
           4           5  0.981936483528452     
           4           6  0.978985782453008     
           3           7  0.920428851161183     
           3           8  0.885629051649266     
           1           9  0.980007363339346     
           1          10  0.976930186189560     
           1          11  0.970975956450722     
           4          12  0.956207362725962     
