           1           2   1.01884702194969     
           2           3  0.990572355896549     
           3           4  0.960946656911531     
           3           5  0.978160252996817     
           5           6   1.01036110445195     
           5           7   1.00961373897904     
           3           8  0.975021090171042     
           1           9  0.982558101457329     
           1          10  0.986689516572650     
           1          11  0.986199460786163     
           2          12  0.974210136616899     
           2          13  0.974686936626680     
           5          14  0.965595759989586     
           6          15  0.985700092256931     
           6          16  0.984107896807164     
           6          17  0.986008298653970     
           7          18  0.981703118392526     
           7          19  0.985891313300240     
           7          20  0.985985753188962     
           8          21  0.864304523429327     
