$hessian                                                                        
        0.5109383924   0.0231012041   0.0097904834  -0.0896461763   0.0466644422
        0.0237838937  -0.0149514307   0.0159892459   0.0141394501  -0.0001685443
       -0.0001209407   0.0005589939  -0.0007457846   0.0007411235   0.0005704360
       -0.0000789362   0.0000486724   0.0001100400  -0.0731776560   0.0518965341
       -0.0575891770  -0.1493843640  -0.0750764781  -0.0916497298  -0.1820763766
       -0.0606560351   0.1023067950   0.0074272905  -0.0136175527  -0.0080770661
       -0.0052029518   0.0111009606   0.0040383002  -0.0036678414  -0.0006068200
        0.0029281913   0.0008568436   0.0004475833  -0.0008516864  -0.0000800453
        0.0000742950  -0.0001314215  -0.0000227444   0.0000258095   0.0000411586
       -0.0000196749  -0.0000120441   0.0000313386
        0.0231012041   0.4875456208  -0.0226071015   0.0458413468  -0.1530335373
       -0.0484601346   0.0008165612   0.0047048181   0.0004234748   0.0003177217
       -0.0007483938   0.0002227730  -0.0005794545   0.0011833905   0.0002988635
       -0.0004168083   0.0000689739  -0.0000252781   0.0521135691  -0.1411022473
        0.1057492125  -0.0755478248  -0.0971196102  -0.0636512103  -0.0602243494
       -0.0680022423   0.0450452662   0.0055146154  -0.0147392241  -0.0103010080
        0.0117572126  -0.0206479266  -0.0081744581  -0.0016794799   0.0006280837
        0.0013277139  -0.0008951560   0.0010994986   0.0003368363  -0.0000564418
        0.0000492140  -0.0000244458  -0.0000808059   0.0000260350  -0.0000964449
        0.0000180898   0.0000875469  -0.0000640591
        0.0097904834  -0.0226071015   0.5089165959   0.0226615880  -0.0486799290
       -0.0940016597   0.0125694542  -0.0104706738  -0.0103619454  -0.0009576791
       -0.0003630986  -0.0006355933   0.0003952457   0.0002650261   0.0000538106
        0.0000687144  -0.0002635702   0.0000577570  -0.0571280050   0.1051341551
       -0.1566512692  -0.0926870086  -0.0640337919  -0.1244074733   0.1022161084
        0.0454405755  -0.1198397725   0.0069352695  -0.0183531674  -0.0106852503
       -0.0074610123   0.0147503196   0.0082206825   0.0032528426   0.0004588862
       -0.0014605233   0.0001384873  -0.0011342257   0.0006124020   0.0000089200
       -0.0000319325   0.0000682200   0.0001909657  -0.0000465158   0.0000556233
        0.0000056257  -0.0000649562   0.0000583957
       -0.0896461763   0.0458413468   0.0226615880   0.4689875425  -0.0002310827
        0.0480137722  -0.1290066794  -0.0247334859   0.0588305093  -0.0282758514
       -0.0142882642   0.0025409493   0.0002678169   0.0028946143  -0.0010618737
        0.0013533417  -0.0002589105  -0.0019254456  -0.0061243823   0.0115563000
        0.0043579965   0.0086299145  -0.0146116391  -0.0083291811  -0.0125508581
        0.0178435147   0.0125809932  -0.1432270514  -0.0657843255  -0.0971516548
       -0.0625719068   0.0441779678  -0.0501571542  -0.0114616884  -0.0020717930
        0.0099637853   0.0039889217  -0.0000294866  -0.0003043610   0.0003737419
       -0.0005619706   0.0003137261  -0.0008070227  -0.0000166143  -0.0000592583
        0.0000703376   0.0002738288  -0.0002743911
        0.0466644422  -0.1530335373  -0.0486799290  -0.0002310827   0.4916293720
       -0.0103570851  -0.0281993043  -0.0706482821   0.0258721921  -0.0135695458
       -0.0060858378   0.0024284360   0.0013333310   0.0010742225  -0.0025188288
        0.0002160844  -0.0007719928   0.0001976612   0.0115724513  -0.0210045827
       -0.0073400694   0.0053098844  -0.0154298732  -0.0106613011  -0.0026055626
        0.0055289597   0.0028775372  -0.0661277812  -0.0856723286  -0.0593609515
        0.0439627555  -0.1424874650   0.1048274410   0.0169336138   0.0051792592
       -0.0121962496  -0.0164864076  -0.0082694675   0.0146395692   0.0001516691
       -0.0000535492   0.0002960955   0.0009395338  -0.0000429543   0.0000052253
        0.0001359188   0.0000880571  -0.0000297428
        0.0237838937  -0.0484601346  -0.0940016597   0.0480137722  -0.0103570851
        0.4991770858   0.0399833104   0.0181876588  -0.0951369894  -0.0032434468
        0.0022151908   0.0160026857   0.0002318400  -0.0048365049  -0.0041852350
        0.0000620774   0.0015950006  -0.0028142626  -0.0082837661   0.0152674385
        0.0086338875   0.0069121570  -0.0176436391  -0.0107768085   0.0098048984
       -0.0134590954  -0.0093817467  -0.0976280470  -0.0597075685  -0.1297921966
       -0.0495951074   0.1044254503  -0.1536130074   0.0151934879   0.0029948249
       -0.0101430224   0.0162191304   0.0097531212  -0.0133853680   0.0001042363
       -0.0003039160   0.0000577027  -0.0013548394   0.0001595969  -0.0003220798
       -0.0002035970   0.0001696615  -0.0003189857
       -0.0149514307   0.0008165612   0.0125694542  -0.1290066794  -0.0281993043
        0.0399833104   0.4199576923  -0.0486451639   0.0221955866  -0.1201837881
       -0.0121173877  -0.0422210970   0.0019186649  -0.0234724980  -0.0170250510
       -0.0146786588   0.0012364518  -0.0188502731   0.0003116740  -0.0006515167
       -0.0001173175   0.0005279507  -0.0005799121  -0.0003060839  -0.0013483251
        0.0028371500   0.0018306878  -0.0243943062  -0.0107158440   0.0129693343
        0.0035506364  -0.0001073104  -0.0007192487  -0.0614322373   0.0654916395
        0.0368542644  -0.0580902557   0.0519795977  -0.0435202800   0.0004851313
       -0.0007744413  -0.0002970536  -0.0008055273   0.0000667548  -0.0011395310
       -0.0018605413   0.0028352235  -0.0022067019
        0.0159892459   0.0047048181  -0.0104706738  -0.0247334859  -0.0706482821
        0.0181876588  -0.0486451639   0.5448308265   0.0049032415  -0.0133250297
       -0.0688936693  -0.0128182954  -0.0368895086  -0.0370645047  -0.0322030603
        0.0125303822   0.0050171652   0.0084581003   0.0005522621   0.0008502686
       -0.0009941413   0.0000291844   0.0008034067   0.0002556647   0.0029107921
       -0.0025864582  -0.0027874572  -0.0124643369  -0.0045239593   0.0067465453
       -0.0156385073  -0.0077850392   0.0133188014   0.0643325706  -0.1899059480
       -0.0964259101   0.0517256339  -0.1730703653   0.1020743116   0.0002584823
       -0.0003934603   0.0002196867   0.0000325086   0.0007196390  -0.0000005665
        0.0033349702  -0.0020544377   0.0015360942
        0.0141394501   0.0004234748  -0.0103619454   0.0588305093   0.0258721921
       -0.0951369894   0.0221955866   0.0049032415   0.4685847654  -0.0580625075
       -0.0204896726  -0.1157656941  -0.0175187029  -0.0192759485   0.0027915859
       -0.0176535622  -0.0015950329  -0.0023417011  -0.0008227006   0.0003825342
        0.0006444641   0.0000190335   0.0008272533   0.0006521549   0.0015390066
       -0.0021814626  -0.0010571736  -0.0096319182  -0.0042345099   0.0069373174
        0.0165388561   0.0089982785  -0.0136883114   0.0365422753  -0.0974187321
       -0.1085631771  -0.0428450258   0.1027750972  -0.1322440250  -0.0017261521
        0.0011536497  -0.0013610498   0.0010552417  -0.0011902362   0.0006321872
       -0.0025993899   0.0010498735   0.0002775918
       -0.0001685443   0.0003177217  -0.0009576791  -0.0282758514  -0.0135695458
       -0.0032434468  -0.1201837881  -0.0133250297  -0.0580625075   0.3700472065
        0.0284527569   0.1252375355  -0.0784650303  -0.0655657288  -0.0232315538
       -0.1192410977   0.0441572552  -0.0358945033  -0.0003337285   0.0001302984
        0.0001467561  -0.0007987145   0.0006312555   0.0011568115   0.0005845466
       -0.0001076913  -0.0004486008  -0.0019828137  -0.0007482131   0.0016711613
        0.0009912956   0.0004540078  -0.0009043896   0.0067973472   0.0010651290
        0.0078284280  -0.0112231834  -0.0003752015  -0.0087403910  -0.0130994020
        0.0166433710  -0.0033223899   0.0104727414  -0.0096211091   0.0087658696
       -0.0151209835   0.0114607237  -0.0100011003
       -0.0001209407  -0.0007483938  -0.0003630986  -0.0142882642  -0.0060858378
        0.0022151908  -0.0121173877  -0.0688936693  -0.0204896726   0.0284527569
        0.8336460595   0.0964241784  -0.0633082466  -0.6214206445  -0.1170834147
        0.0453267429  -0.1081700447   0.0378549371   0.0005022497  -0.0000820957
        0.0004379742   0.0015394500   0.0006031800  -0.0017493405   0.0001670332
       -0.0006098206  -0.0000250542  -0.0001034537   0.0007900708  -0.0001542020
       -0.0008301330  -0.0002881581   0.0002096881  -0.0149743162  -0.0118748468
       -0.0145324808   0.0152374680   0.0066057816   0.0162756378   0.0085511482
       -0.0102999245  -0.0010385318   0.0100686445  -0.0222819758   0.0060839951
       -0.0041027516   0.0091103197  -0.0040658065
        0.0005589939   0.0002227730  -0.0006355933   0.0025409493   0.0024284360
        0.0160026857  -0.0422210970  -0.0128182954  -0.1157656941   0.1252375355
        0.0964241784   0.3138612857  -0.0242317232  -0.1164648283  -0.0898092458
       -0.0313925904   0.0300295617  -0.0914416648  -0.0002425256  -0.0000731378
       -0.0000415568   0.0011815279  -0.0004128057  -0.0003506183   0.0007536044
       -0.0003851585  -0.0003876049   0.0054470502   0.0025627461  -0.0023280962
        0.0010238065   0.0011664328   0.0002108199  -0.0112462533  -0.0087790367
       -0.0092708435  -0.0183218909  -0.0036172167  -0.0132442850   0.0145113958
       -0.0147673392   0.0070213146  -0.0056148139   0.0086758126  -0.0029130905
       -0.0179839693   0.0158078776  -0.0109078126
       -0.0007457846  -0.0005794545   0.0003952457   0.0002678169   0.0013333310
        0.0002318400   0.0019186649  -0.0368895086  -0.0175187029  -0.0784650303
       -0.0633082466  -0.0242317232   0.0696746003   0.0721181083   0.0461090791
        0.0137863294   0.0278118775  -0.0019175803   0.0001984147  -0.0001065442
       -0.0000885639  -0.0006839198   0.0001227981  -0.0003515324  -0.0000553360
       -0.0001446289   0.0001779674  -0.0001156811   0.0000917951  -0.0000542881
       -0.0000568214  -0.0001578216   0.0002269528  -0.0048686320  -0.0035573003
       -0.0051469069   0.0012493057  -0.0002901334   0.0018473008  -0.0005144528
       -0.0001628959   0.0001345435  -0.0026720703   0.0047633963  -0.0018472260
        0.0010825965  -0.0010447722   0.0020335944
        0.0007411235   0.0011833905   0.0002650261   0.0028946143   0.0010742225
       -0.0048365049  -0.0234724980  -0.0370645047  -0.0192759485  -0.0655657288
       -0.6214206445  -0.1164648283   0.0721181083   0.7317114446   0.1418001640
        0.0135765595  -0.0666100412  -0.0030619483  -0.0002981266  -0.0001012306
       -0.0003700282  -0.0005994847  -0.0001278117   0.0010425783   0.0000348377
        0.0002057676   0.0000177817  -0.0017551919  -0.0010285142   0.0011791893
        0.0001115666  -0.0005176870   0.0000656123  -0.0042764020  -0.0015620913
       -0.0051457846   0.0012591838   0.0006221535  -0.0007611033   0.0020764479
       -0.0031688009   0.0021186419   0.0054515804  -0.0048362722   0.0036518343
       -0.0022965900   0.0016406195  -0.0002246817
        0.0005704360   0.0002988635   0.0000538106  -0.0010618737  -0.0025188288
       -0.0041852350  -0.0170250510  -0.0322030603   0.0027915859  -0.0232315538
       -0.1170834147  -0.0898092458   0.0461090791   0.1418001640   0.0724585057
       -0.0040662824   0.0087250851   0.0171448017   0.0001650333   0.0000582136
        0.0000016223  -0.0001504792   0.0001599702   0.0002879107  -0.0001414960
        0.0000230088  -0.0000429434  -0.0017280145  -0.0006702454   0.0011120495
        0.0000117193  -0.0002055235  -0.0000895968  -0.0026108132  -0.0023062160
       -0.0023130738   0.0026880041   0.0003177415   0.0015543308  -0.0018844524
        0.0036967592  -0.0003957336   0.0003415923   0.0008616303   0.0006205025
        0.0020141520  -0.0009541475   0.0008107087
       -0.0000789362  -0.0004168083   0.0000687144   0.0013533417   0.0002160844
        0.0000620774  -0.0146786588   0.0125303822  -0.0176535622  -0.1192410977
        0.0453267429  -0.0313925904   0.0137863294   0.0135765595  -0.0040662824
        0.4787896333   0.0430569304   0.0125710833   0.0000202258   0.0001119360
        0.0000056262   0.0000660823   0.0000047924  -0.0001593508  -0.0001675580
        0.0000636896   0.0000914230  -0.0003005037   0.0000825631  -0.0000667687
       -0.0006979920   0.0005785410  -0.0002437309  -0.0008479332   0.0009879378
       -0.0003575304  -0.0033424014  -0.0012653682  -0.0034091243  -0.1302185138
        0.0471199965   0.1062984728  -0.1084408249  -0.1085230610   0.0382852175
       -0.1160011927  -0.0534509185  -0.1000336749
        0.0000486724   0.0000689739  -0.0002635702  -0.0002589105  -0.0007719928
        0.0015950006   0.0012364518   0.0050171652  -0.0015950329   0.0441572552
       -0.1081700447   0.0300295617   0.0278118775  -0.0666100412   0.0087250851
        0.0430569304   0.4989924688   0.0220832526  -0.0000806588   0.0000070847
        0.0000045219  -0.0001401143  -0.0000707098   0.0002685719   0.0001482612
        0.0000144793  -0.0000920071   0.0004857478   0.0001929663  -0.0000542140
       -0.0006411047   0.0003600138  -0.0002733963  -0.0003889334   0.0004244962
        0.0002639514  -0.0014649773   0.0002815533  -0.0010033094   0.0442731793
       -0.0568494004  -0.0542385358  -0.1049358856  -0.1906923045   0.0631960133
       -0.0533077910  -0.0821947080  -0.0686458931
        0.0001100400  -0.0000252781   0.0000577570  -0.0019254456   0.0001976612
       -0.0028142626  -0.0188502731   0.0084581003  -0.0023417011  -0.0358945033
        0.0378549371  -0.0914416648  -0.0019175803  -0.0030619483   0.0171448017
        0.0125710833   0.0220832526   0.4953578874   0.0000653042  -0.0000798205
        0.0000587807  -0.0000269005   0.0001186442  -0.0000180738  -0.0001360744
        0.0000377581   0.0001398543  -0.0008573805  -0.0005137407   0.0006123562
        0.0005366968  -0.0003380511  -0.0000692571   0.0003533657   0.0012025617
        0.0011365191  -0.0032319544  -0.0002025754  -0.0010643257   0.1113318390
       -0.0601345995  -0.1695325673   0.0375375393   0.0639629092  -0.0672853286
       -0.0996657563  -0.0695598108  -0.1799407753
       -0.0731776560   0.0521135691  -0.0571280050  -0.0061243823   0.0115724513
       -0.0082837661   0.0003116740   0.0005522621  -0.0008227006  -0.0003337285
        0.0005022497  -0.0002425256   0.0001984147  -0.0002981266   0.0001650333
        0.0000202258  -0.0000806588   0.0000653042   0.0819711260  -0.0636479554
        0.0658326337  -0.0097889277   0.0134423475  -0.0195342008   0.0072613766
       -0.0158592617   0.0178769869   0.0004901217  -0.0008121039  -0.0000305630
       -0.0007854031   0.0029140762   0.0013487734   0.0001446426  -0.0002379120
        0.0000045723  -0.0003110453  -0.0000375710   0.0006704280   0.0000158843
       -0.0000152290   0.0000214250   0.0000464212  -0.0000778213   0.0000296985
        0.0000612560  -0.0000303162   0.0000269057
        0.0518965341  -0.1411022473   0.1051341551   0.0115563000  -0.0210045827
        0.0152674385  -0.0006515167   0.0008502686   0.0003825342   0.0001302984
       -0.0000820957  -0.0000731378  -0.0001065442  -0.0001012306   0.0000582136
        0.0001119360   0.0000070847  -0.0000798205  -0.0636479554   0.1655342956
       -0.1214239250  -0.0046188541   0.0087964912  -0.0089210689   0.0025358847
       -0.0087967262   0.0115879671  -0.0001232504   0.0003101116   0.0007278784
        0.0030120343  -0.0049333303  -0.0024641265  -0.0002873986   0.0001137834
        0.0001184750   0.0003328360   0.0003649638  -0.0003010647  -0.0000068275
        0.0000039780  -0.0000087622  -0.0001222193   0.0000136158  -0.0000071309
       -0.0000112572   0.0000256198   0.0000023746
       -0.0575891770   0.1057492125  -0.1566512692   0.0043579965  -0.0073400694
        0.0086338875  -0.0001173175  -0.0009941413   0.0006444641   0.0001467561
        0.0004379742  -0.0000415568  -0.0000885639  -0.0003700282   0.0000016223
        0.0000056262   0.0000045219   0.0000587807   0.0658326337  -0.1214239250
        0.1800489102  -0.0096898477   0.0122300130  -0.0171546700  -0.0048879817
        0.0142572935  -0.0162446341   0.0003565359  -0.0001558647   0.0007913658
        0.0015951944  -0.0023729489  -0.0000006027   0.0000075783  -0.0000203857
       -0.0000603783   0.0000215728   0.0000357225   0.0000131587  -0.0000042145
       -0.0000041056   0.0000253943   0.0000201249  -0.0000496847  -0.0000423068
        0.0000330835   0.0000164158  -0.0000221657
       -0.1493843640  -0.0755478248  -0.0926870086   0.0086299145   0.0053098844
        0.0069121570   0.0005279507   0.0000291844   0.0000190335  -0.0007987145
        0.0015394500   0.0011815279  -0.0006839198  -0.0005994847  -0.0001504792
        0.0000660823  -0.0001401143  -0.0000269005  -0.0097889277  -0.0046188541
       -0.0096898477   0.1727567773   0.0859658619   0.1064358287  -0.0215278540
       -0.0139746206  -0.0138594182  -0.0000120230   0.0023080071   0.0018452592
        0.0003423538  -0.0002065558   0.0002585097  -0.0000814830   0.0000044243
       -0.0001138592  -0.0000457036  -0.0000301225  -0.0001022224   0.0000439179
       -0.0000457355   0.0000088931   0.0000467566   0.0000054362   0.0000155707
       -0.0000907634   0.0000010640  -0.0000470440
       -0.0750764781  -0.0971196102  -0.0640337919  -0.0146116391  -0.0154298732
       -0.0176436391  -0.0005799121   0.0008034067   0.0008272533   0.0006312555
        0.0006031800  -0.0004128057   0.0001227981  -0.0001278117   0.0001599702
        0.0000047924  -0.0000707098   0.0001186442   0.0134423475   0.0087964912
        0.0122300130   0.0859658619   0.1131224688   0.0778995828  -0.0112016297
       -0.0061147951  -0.0062078018   0.0020897270  -0.0045987568  -0.0031350869
       -0.0006217187   0.0003194702  -0.0000931735  -0.0002242134   0.0000566168
        0.0002165800   0.0000663833  -0.0000451139   0.0000387023  -0.0000764456
       -0.0000089251   0.0000369915   0.0000005326  -0.0002284723  -0.0000327978
        0.0000683383   0.0000424345   0.0000313595
       -0.0916497298  -0.0636512103  -0.1244074733  -0.0083291811  -0.0106613011
       -0.0107768085  -0.0003060839   0.0002556647   0.0006521549   0.0011568115
       -0.0017493405  -0.0003506183  -0.0003515324   0.0010425783   0.0002879107
       -0.0001593508   0.0002685719  -0.0000180738  -0.0195342008  -0.0089210689
       -0.0171546700   0.1064358287   0.0778995828   0.1429414238   0.0118345665
        0.0081451648   0.0097073486   0.0014214537  -0.0035340297  -0.0011489340
       -0.0000179028   0.0006281392   0.0005321066  -0.0001896294   0.0002191995
        0.0001514631  -0.0002008105   0.0000209239  -0.0003420201  -0.0000537948
        0.0000117864  -0.0000328822  -0.0000287481  -0.0000284277  -0.0000407551
       -0.0000276959   0.0000537666  -0.0000001726
       -0.1820763766  -0.0602243494   0.1022161084  -0.0125508581  -0.0026055626
        0.0098048984  -0.0013483251   0.0029107921   0.0015390066   0.0005845466
        0.0001670332   0.0007536044  -0.0000553360   0.0000348377  -0.0001414960
       -0.0001675580   0.0001482612  -0.0001360744   0.0072613766   0.0025358847
       -0.0048879817  -0.0215278540  -0.0112016297   0.0118345665   0.2103049447
        0.0686942416  -0.1209769790   0.0004744921  -0.0002723001  -0.0001495829
       -0.0001516286  -0.0002220002  -0.0001534093  -0.0008516452  -0.0001327582
        0.0005878017   0.0000913746   0.0001866004  -0.0002881100   0.0000404817
       -0.0000098831  -0.0000282374  -0.0000409545  -0.0000011588   0.0000352250
        0.0000133198  -0.0000080087  -0.0000093407
       -0.0606560351  -0.0680022423   0.0454405755   0.0178435147   0.0055289597
       -0.0134590954   0.0028371500  -0.0025864582  -0.0021814626  -0.0001076913
       -0.0006098206  -0.0003851585  -0.0001446289   0.0002057676   0.0000230088
        0.0000636896   0.0000144793   0.0000377581  -0.0158592617  -0.0087967262
        0.0142572935  -0.0139746206  -0.0061147951   0.0081451648   0.0686942416
        0.0791141652  -0.0508007904   0.0001924524   0.0004343514   0.0000658782
        0.0002594267   0.0006405162  -0.0002817102   0.0009501400   0.0002234448
       -0.0007446867  -0.0000772162  -0.0000976993  -0.0001126377  -0.0000140754
        0.0000099272   0.0000240544   0.0000002033   0.0000280263  -0.0000307725
       -0.0000072891   0.0000081040   0.0000025805
        0.1023067950   0.0450452662  -0.1198397725   0.0125809932   0.0028775372
       -0.0093817467   0.0018306878  -0.0027874572  -0.0010571736  -0.0004486008
       -0.0000250542  -0.0003876049   0.0001779674   0.0000177817  -0.0000429434
        0.0000914230  -0.0000920071   0.0001398543   0.0178769869   0.0115879671
       -0.0162446341  -0.0138594182  -0.0062078018   0.0097073486  -0.1209769790
       -0.0508007904   0.1369617750   0.0000580306   0.0002273944  -0.0002555906
       -0.0002982638   0.0003146547   0.0005594727   0.0008570685   0.0000490875
       -0.0004487946  -0.0001791648  -0.0002169202   0.0002425188  -0.0000374504
        0.0000261612   0.0000056674   0.0000104110  -0.0000192572   0.0000086886
        0.0000095137   0.0000034379   0.0000329351
        0.0074272905   0.0055146154   0.0069352695  -0.1432270514  -0.0661277812
       -0.0976280470  -0.0243943062  -0.0124643369  -0.0096319182  -0.0019828137
       -0.0001034537   0.0054470502  -0.0001156811  -0.0017551919  -0.0017280145
       -0.0003005037   0.0004857478  -0.0008573805   0.0004901217  -0.0001232504
        0.0003565359  -0.0000120230   0.0020897270   0.0014214537   0.0004744921
        0.0001924524   0.0000580306   0.1691256795   0.0756264922   0.1068792567
       -0.0081934811  -0.0033933824  -0.0103382453   0.0000826675   0.0000643360
       -0.0004680514   0.0005926448   0.0001387077  -0.0002706547   0.0000809381
       -0.0001942735   0.0000560650  -0.0001442671  -0.0001207515  -0.0001556783
        0.0000962931   0.0001703429  -0.0000756718
       -0.0136175527  -0.0147392241  -0.0183531674  -0.0657843255  -0.0856723286
       -0.0597075685  -0.0107158440  -0.0045239593  -0.0042345099  -0.0007482131
        0.0007900708   0.0025627461   0.0000917951  -0.0010285142  -0.0006702454
        0.0000825631   0.0001929663  -0.0005137407  -0.0008121039   0.0003101116
       -0.0001558647   0.0023080071  -0.0045987568  -0.0035340297  -0.0002723001
        0.0004343514   0.0002273944   0.0756264922   0.1006093164   0.0716668089
        0.0132232872   0.0076875090   0.0132137514   0.0008202659   0.0006141101
       -0.0000717353  -0.0001548164  -0.0002291998  -0.0002936934   0.0001252860
       -0.0000169241   0.0000165648  -0.0001594729   0.0001219977  -0.0000637533
       -0.0000130682   0.0000484738  -0.0000889574
       -0.0080770661  -0.0103010080  -0.0106852503  -0.0971516548  -0.0593609515
       -0.1297921966   0.0129693343   0.0067465453   0.0069373174   0.0016711613
       -0.0001542020  -0.0023280962  -0.0000542881   0.0011791893   0.0011120495
       -0.0000667687  -0.0000542140   0.0006123562  -0.0000305630   0.0007278784
        0.0007913658   0.0018452592  -0.0031350869  -0.0011489340  -0.0001495829
        0.0000658782  -0.0002555906   0.1068792567   0.0716668089   0.1514308423
       -0.0182746043  -0.0074440630  -0.0177991111   0.0001429452   0.0003430592
        0.0006323596   0.0001605435  -0.0000631761   0.0003896037  -0.0001041678
        0.0000019570   0.0000175691   0.0001287155  -0.0001892075  -0.0000211383
        0.0001114798  -0.0000294073   0.0001068535
       -0.0052029518   0.0117572126  -0.0074610123  -0.0625719068   0.0439627555
       -0.0495951074   0.0035506364  -0.0156385073   0.0165388561   0.0009912956
       -0.0008301330   0.0010238065  -0.0000568214   0.0001115666   0.0000117193
       -0.0006979920  -0.0006411047   0.0005366968  -0.0007854031   0.0030120343
        0.0015951944   0.0003423538  -0.0006217187  -0.0000179028  -0.0001516286
        0.0002594267  -0.0002982638  -0.0081934811   0.0132232872  -0.0182746043
        0.0764240430  -0.0532151644   0.0533114299   0.0004270287  -0.0001076046
       -0.0001319634  -0.0033481065  -0.0020981551   0.0031444730   0.0000454274
        0.0000987424   0.0000035921  -0.0009583430   0.0005998546  -0.0003060418
        0.0001858495   0.0001275080  -0.0000808724
        0.0111009606  -0.0206479266   0.0147503196   0.0441779678  -0.1424874650
        0.1044254503  -0.0001073104  -0.0077850392   0.0089982785   0.0004540078
       -0.0002881581   0.0011664328  -0.0001578216  -0.0005176870  -0.0002055235
        0.0005785410   0.0003600138  -0.0003380511   0.0029140762  -0.0049333303
       -0.0023729489  -0.0002065558   0.0003194702   0.0006281392  -0.0002220002
        0.0006405162   0.0003146547  -0.0033933824   0.0076875090  -0.0074440630
       -0.0532151644   0.1672882196  -0.1214653754   0.0001842553   0.0003131320
       -0.0003307377  -0.0018597101  -0.0004233016   0.0019315848   0.0001132825
       -0.0000402262  -0.0000462360  -0.0002379556   0.0006061105  -0.0000369356
       -0.0001231908  -0.0000918373   0.0000250113
        0.0040383002  -0.0081744581   0.0082206825  -0.0501571542   0.1048274410
       -0.1536130074  -0.0007192487   0.0133188014  -0.0136883114  -0.0009043896
        0.0002096881   0.0002108199   0.0002269528   0.0000656123  -0.0000895968
       -0.0002437309  -0.0002733963  -0.0000692571   0.0013487734  -0.0024641265
       -0.0000006027   0.0002585097  -0.0000931735   0.0005321066  -0.0001534093
       -0.0002817102   0.0005594727  -0.0103382453   0.0132137514  -0.0177991111
        0.0533114299  -0.1214653754   0.1774026716  -0.0002280949   0.0000573505
       -0.0001641533   0.0033585537   0.0012862042  -0.0019760201   0.0000826986
       -0.0000004270  -0.0000408708   0.0001956653  -0.0001390580   0.0005799305
       -0.0000766106  -0.0000871238  -0.0000647532
       -0.0036678414  -0.0016794799   0.0032528426  -0.0114616884   0.0169336138
        0.0151934879  -0.0614322373   0.0643325706   0.0365422753   0.0067973472
       -0.0149743162  -0.0112462533  -0.0048686320  -0.0042764020  -0.0026108132
       -0.0008479332  -0.0003889334   0.0003533657   0.0001446426  -0.0002873986
        0.0000075783  -0.0000814830  -0.0002242134  -0.0001896294  -0.0008516452
        0.0009501400   0.0008570685   0.0000826675   0.0008202659   0.0001429452
        0.0004270287   0.0001842553  -0.0002280949   0.0790289434  -0.0702612479
       -0.0456849548  -0.0027565741   0.0091417115   0.0041518205  -0.0009335578
       -0.0000757973  -0.0006217500   0.0003477681  -0.0001035093  -0.0000800684
        0.0000731949  -0.0000912591   0.0001601801
       -0.0006068200   0.0006280837   0.0004588862  -0.0020717930   0.0051792592
        0.0029948249   0.0654916395  -0.1899059480  -0.0974187321   0.0010651290
       -0.0118748468  -0.0087790367  -0.0035573003  -0.0015620913  -0.0023062160
        0.0009879378   0.0004244962   0.0012025617  -0.0002379120   0.0001137834
       -0.0000203857   0.0000044243   0.0000566168   0.0002191995  -0.0001327582
        0.0002234448   0.0000490875   0.0000643360   0.0006141101   0.0003430592
       -0.0001076046   0.0003131320   0.0000573505  -0.0702612479   0.2175920890
        0.1131654094   0.0093503255  -0.0221509423  -0.0105376249  -0.0002083315
        0.0003107627   0.0001413811   0.0000224116   0.0001262276   0.0000854308
        0.0001975638  -0.0000881772   0.0003448045
        0.0029281913   0.0013277139  -0.0014605233   0.0099637853  -0.0121962496
       -0.0101430224   0.0368542644  -0.0964259101  -0.1085631771   0.0078284280
       -0.0145324808  -0.0092708435  -0.0051469069  -0.0051457846  -0.0023130738
       -0.0003575304   0.0002639514   0.0011365191   0.0000045723   0.0001184750
       -0.0000603783  -0.0001138592   0.0002165800   0.0001514631   0.0005878017
       -0.0007446867  -0.0004487946  -0.0004680514  -0.0000717353   0.0006323596
       -0.0001319634  -0.0003307377  -0.0001641533  -0.0456849548   0.1131654094
        0.1222972490  -0.0058944971   0.0141471064   0.0087696146  -0.0007660684
       -0.0000449817  -0.0000100434   0.0000984472   0.0001864952  -0.0008086368
        0.0002983411   0.0000668351   0.0002554411
        0.0008568436  -0.0008951560   0.0001384873   0.0039889217  -0.0164864076
        0.0162191304  -0.0580902557   0.0517256339  -0.0428450258  -0.0112231834
        0.0152374680  -0.0183218909   0.0012493057   0.0012591838   0.0026880041
       -0.0033424014  -0.0014649773  -0.0032319544  -0.0003110453   0.0003328360
        0.0000215728  -0.0000457036   0.0000663833  -0.0002008105   0.0000913746
       -0.0000772162  -0.0001791648   0.0005926448  -0.0001548164   0.0001605435
       -0.0033481065  -0.0018597101   0.0033585537  -0.0027565741   0.0093503255
       -0.0058944971   0.0732903215  -0.0573356817   0.0483635367   0.0000575414
        0.0000131857  -0.0001474295   0.0000590886  -0.0004384814   0.0003400916
       -0.0010687718   0.0007274304  -0.0004691472
        0.0004475833   0.0010994986  -0.0011342257  -0.0000294866  -0.0082694675
        0.0097531212   0.0519795977  -0.1730703653   0.1027750972  -0.0003752015
        0.0066057816  -0.0036172167  -0.0002901334   0.0006221535   0.0003177415
       -0.0012653682   0.0002815533  -0.0002025754  -0.0000375710   0.0003649638
        0.0000357225  -0.0000301225  -0.0000451139   0.0000209239   0.0001866004
       -0.0000976993  -0.0002169202   0.0001387077  -0.0002291998  -0.0000631761
       -0.0020981551  -0.0004233016   0.0012862042   0.0091417115  -0.0221509423
        0.0141471064  -0.0573356817   0.1950327966  -0.1227656586  -0.0002839660
       -0.0000127769  -0.0000709733   0.0000418153   0.0000756215  -0.0001769666
       -0.0001903299   0.0002164978  -0.0000882043
       -0.0008516864   0.0003368363   0.0006124020  -0.0003043610   0.0146395692
       -0.0133853680  -0.0435202800   0.1020743116  -0.1322440250  -0.0087403910
        0.0162756378  -0.0132442850   0.0018473008  -0.0007611033   0.0015543308
       -0.0034091243  -0.0010033094  -0.0010643257   0.0006704280  -0.0003010647
        0.0000131587  -0.0001022224   0.0000387023  -0.0003420201  -0.0002881100
       -0.0001126377   0.0002425188  -0.0002706547  -0.0002936934   0.0003896037
        0.0031444730   0.0019315848  -0.0019760201   0.0041518205  -0.0105376249
        0.0087696146   0.0483635367  -0.1227656586   0.1510803742  -0.0002724345
        0.0001255756  -0.0002205298   0.0003023543  -0.0003238775   0.0000424142
       -0.0007206491   0.0006767517  -0.0002278432
       -0.0000800453  -0.0000564418   0.0000089200   0.0003737419   0.0001516691
        0.0001042363   0.0004851313   0.0002584823  -0.0017261521  -0.0130994020
        0.0085511482   0.0145113958  -0.0005144528   0.0020764479  -0.0018844524
       -0.1302185138   0.0442731793   0.1113318390   0.0000158843  -0.0000068275
       -0.0000042145   0.0000439179  -0.0000764456  -0.0000537948   0.0000404817
       -0.0000140754  -0.0000374504   0.0000809381   0.0001252860  -0.0001041678
        0.0000454274   0.0001132825   0.0000826986  -0.0009335578  -0.0002083315
       -0.0007660684   0.0000575414  -0.0002839660  -0.0002724345   0.1463805077
       -0.0522888424  -0.1257155616  -0.0124357343   0.0024067189   0.0159710484
        0.0097581344  -0.0050212840  -0.0114458415
        0.0000742950   0.0000492140  -0.0000319325  -0.0005619706  -0.0000535492
       -0.0003039160  -0.0007744413  -0.0003934603   0.0011536497   0.0166433710
       -0.0102999245  -0.0147673392  -0.0001628959  -0.0031688009   0.0036967592
        0.0471199965  -0.0568494004  -0.0601345995  -0.0000152290   0.0000039780
       -0.0000041056  -0.0000457355  -0.0000089251   0.0000117864  -0.0000098831
        0.0000099272   0.0000261612  -0.0001942735  -0.0000169241   0.0000019570
        0.0000987424  -0.0000402262  -0.0000004270  -0.0000757973   0.0003107627
       -0.0000449817   0.0000131857  -0.0000127769   0.0001255756  -0.0522888424
        0.0674526387   0.0639684188  -0.0162838800   0.0066715902   0.0178526338
        0.0064633581  -0.0036541234  -0.0115496402
       -0.0001314215  -0.0000244458   0.0000682200   0.0003137261   0.0002960955
        0.0000577027  -0.0002970536   0.0002196867  -0.0013610498  -0.0033223899
       -0.0010385318   0.0070213146   0.0001345435   0.0021186419  -0.0003957336
        0.1062984728  -0.0542385358  -0.1695325673   0.0000214250  -0.0000087622
        0.0000253943   0.0000088931   0.0000369915  -0.0000328822  -0.0000282374
        0.0000240544   0.0000056674   0.0000560650   0.0000165648   0.0000175691
        0.0000035921  -0.0000462360  -0.0000408708  -0.0006217500   0.0001413811
       -0.0000100434  -0.0001474295  -0.0000709733  -0.0002205298  -0.1257155616
        0.0639684188   0.1954714422   0.0100650267  -0.0018375908  -0.0096187387
        0.0133620992  -0.0095567591  -0.0214548948
       -0.0000227444  -0.0000808059   0.0001909657  -0.0008070227   0.0009395338
       -0.0013548394  -0.0008055273   0.0000325086   0.0010552417   0.0104727414
        0.0100686445  -0.0056148139  -0.0026720703   0.0054515804   0.0003415923
       -0.1084408249  -0.1049358856   0.0375375393   0.0000464212  -0.0001222193
        0.0000201249   0.0000467566   0.0000005326  -0.0000287481  -0.0000409545
        0.0000002033   0.0000104110  -0.0001442671  -0.0001594729   0.0001287155
       -0.0009583430  -0.0002379556   0.0001956653   0.0003477681   0.0000224116
        0.0000984472   0.0000590886   0.0000418153   0.0003023543  -0.0124357343
       -0.0162838800   0.0100650267   0.1259380470   0.1201731140  -0.0471361926
       -0.0105833343  -0.0149101250   0.0041885100
        0.0000258095   0.0000260350  -0.0000465158  -0.0000166143  -0.0000429543
        0.0001595969   0.0000667548   0.0007196390  -0.0011902362  -0.0096211091
       -0.0222819758   0.0086758126   0.0047633963  -0.0048362722   0.0008616303
       -0.1085230610  -0.1906923045   0.0639629092  -0.0000778213   0.0000136158
       -0.0000496847   0.0000054362  -0.0002284723  -0.0000284277  -0.0000011588
        0.0000280263  -0.0000192572  -0.0001207515   0.0001219977  -0.0001892075
        0.0005998546   0.0006061105  -0.0001390580  -0.0001035093   0.0001262276
        0.0001864952  -0.0004384814   0.0000756215  -0.0003238775   0.0024067189
        0.0066715902  -0.0018375908   0.1201731140   0.2208872940  -0.0725096438
       -0.0091385777  -0.0111941783   0.0024870549
        0.0000411586  -0.0000964449   0.0000556233  -0.0000592583   0.0000052253
       -0.0003220798  -0.0011395310  -0.0000005665   0.0006321872   0.0087658696
        0.0060839951  -0.0029130905  -0.0018472260   0.0036518343   0.0006205025
        0.0382852175   0.0631960133  -0.0672853286   0.0000296985  -0.0000071309
       -0.0000423068   0.0000155707  -0.0000327978  -0.0000407551   0.0000352250
       -0.0000307725   0.0000086886  -0.0001556783  -0.0000637533  -0.0000211383
       -0.0003060418  -0.0000369356   0.0005799305  -0.0000800684   0.0000854308
       -0.0008086368   0.0003400916  -0.0001769666   0.0000424142   0.0159710484
        0.0178526338  -0.0096187387  -0.0471361926  -0.0725096438   0.0726090034
       -0.0127598837  -0.0179201207   0.0065037252
       -0.0000196749   0.0000180898   0.0000056257   0.0000703376   0.0001359188
       -0.0002035970  -0.0018605413   0.0033349702  -0.0025993899  -0.0151209835
       -0.0041027516  -0.0179839693   0.0010825965  -0.0022965900   0.0020141520
       -0.1160011927  -0.0533077910  -0.0996657563   0.0000612560  -0.0000112572
        0.0000330835  -0.0000907634   0.0000683383  -0.0000276959   0.0000133198
       -0.0000072891   0.0000095137   0.0000962931  -0.0000130682   0.0001114798
        0.0001858495  -0.0001231908  -0.0000766106   0.0000731949   0.0001975638
        0.0002983411  -0.0010687718  -0.0001903299  -0.0007206491   0.0097581344
        0.0064633581   0.0133620992  -0.0105833343  -0.0091385777  -0.0127598837
        0.1334042801   0.0589726066   0.1182032570
       -0.0000120441   0.0000875469  -0.0000649562   0.0002738288   0.0000880571
        0.0001696615   0.0028352235  -0.0020544377   0.0010498735   0.0114607237
        0.0091103197   0.0158078776  -0.0010447722   0.0016406195  -0.0009541475
       -0.0534509185  -0.0821947080  -0.0695598108  -0.0000303162   0.0000256198
        0.0000164158   0.0000010640   0.0000424345   0.0000537666  -0.0000080087
        0.0000081040   0.0000034379   0.0001703429   0.0000484738  -0.0000294073
        0.0001275080  -0.0000918373  -0.0000871238  -0.0000912591  -0.0000881772
        0.0000668351   0.0007274304   0.0002164978   0.0006767517  -0.0050212840
       -0.0036541234  -0.0095567591  -0.0149101250  -0.0111941783  -0.0179201207
        0.0589726066   0.0880097888   0.0803277057
        0.0000313386  -0.0000640591   0.0000583957  -0.0002743911  -0.0000297428
       -0.0003189857  -0.0022067019   0.0015360942   0.0002775918  -0.0100011003
       -0.0040658065  -0.0109078126   0.0020335944  -0.0002246817   0.0008107087
       -0.1000336749  -0.0686458931  -0.1799407753   0.0000269057   0.0000023746
       -0.0000221657  -0.0000470440   0.0000313595  -0.0000001726  -0.0000093407
        0.0000025805   0.0000329351  -0.0000756718  -0.0000889574   0.0001068535
       -0.0000808724   0.0000250113  -0.0000647532   0.0001601801   0.0003448045
        0.0002554411  -0.0004691472  -0.0000882043  -0.0002278432  -0.0114458415
       -0.0115496402  -0.0214548948   0.0041885100   0.0024870549   0.0065037252
        0.1182032570   0.0803277057   0.2048917519
