           1           2   1.46134623593719     
           2           3   1.39591594471889     
           1           4  0.101452467393124     
           3           4   1.39592354809619     
           2           5  0.101452628859591     
           4           5   1.46133884073144     
           1           6   1.34309841013178     
           5           6   1.34310356034499     
           6           7   1.16356446843943     
           3           8  0.956982228173425     
           1           9  0.967575911006967     
           2          10  0.968086139692934     
           4          11  0.968086039391023     
           5          12  0.967575937407300     
           7          13  0.954453912712829     
           7          14  0.954453124359043     
