           1           2   1.02583679247833     
           2           3   1.40043575057745     
           3           4   1.46459694404166     
           2           5  0.107639190241636     
           4           5   1.38377535266651     
           5           6   1.41503167689683     
           2           7   1.40275485897984     
           4           7  0.113648513131777     
           6           7   1.43921150918788     
           5           8   1.02249917885710     
           1           9  0.967516846557038     
           1          10  0.979596586431249     
           1          11  0.983365618395490     
           3          12  0.968932905117518     
           4          13  0.969633595380611     
           7          14  0.962034607696548     
           8          15  0.968332696363864     
           8          16  0.984011296844497     
           8          17  0.973346653794159     
