$coord
         -6.502751272041         -2.213054601401         -0.000209556813     c 
         -3.872729605199         -1.164945345157         -0.000382016982     c 
         -3.528040357970          1.474545968207         -0.000350012395     c 
         -1.182708816702          2.566394399865          0.000092626051     c 
          0.997112486844          0.995192102170          0.000224913860     c 
          3.480583183223          1.964484616932          0.000063157098     c 
          5.529181241650          0.388736916435         -0.000336178845     c 
          5.201316524448         -2.239780181786         -0.000272621881     c 
          2.822004913817         -3.241828748461          0.000330108478     c 
          0.670861268680         -1.668611538410          0.000463088493     c 
         -1.788991435308         -2.693742192361          0.000307798185     c 
         -0.925510414223          5.388816914960          0.000201749410     c 
         -7.526370019377         -1.575121043561          1.668784388997     h 
         -7.533921160747         -1.557185091816         -1.657425868791     h 
         -6.477672272425         -4.267100478581         -0.011098188157     h 
         -5.191150172628          2.663418688664         -0.000714639741     h 
          3.768479777835          3.983329138898          0.000003640935     h 
          7.418473903811          1.163552883017         -0.001512932169     h 
          6.838976250038         -3.459113996886         -0.001383436998     h 
          2.548420611460         -5.266451160997          0.000224632857     h 
         -1.997623731602         -4.726429977736          0.000644275417     h 
          0.102203031551          6.026125547798         -1.666086675380     h 
         -2.778133168081          6.277548662238         -0.001413359864     h 
          0.099240440528          6.026028852033          1.668392570573     h 
$end
