           1           2  0.993924908505513     
           2           3  0.941431572507602     
           2           4  0.989868171019836     
           4           5   1.29252804517323     
           5           6   1.56484609700699     
           6           7   1.26921246471284     
           7           8   1.30805519145845     
           8           9   1.44715367280054     
           9          10   1.27003735540232     
           8          11  0.114529140872906     
          10          11   1.55732193832761     
           7          12   1.23781179520815     
          11          12   1.27967964926670     
           4          13   1.51559133706999     
           6          13  0.114855416725043     
          12          13   1.28814547931187     
           9          14   1.06508455405447     
          14          15  0.984649827136972     
           2          16  0.943793293119757     
          16          17   1.80232135332603     
          16          18   1.11623784893417     
          17          18  0.161311288508995     
           1          19  0.985507853835517     
           1          20  0.986917833922011     
           1          21  0.982056739831744     
           5          22  0.968273439761686     
           6          23  0.967889071388485     
           8          24  0.965636748174098     
          10          25  0.965463518471961     
          11          26  0.967897246791236     
          13          27  0.965423139684322     
          15          28  0.979371518561838     
          15          29  0.976656003068699     
          15          30  0.976600268539845     
          18          31  0.868481760681797     
