           1           2   1.01872584726450     
           2           3  0.988025459266819     
           3           4   1.01321093178514     
           4           5   1.41139765450729     
           5           6   1.44622548638055     
           4           7  0.109748392011205     
           6           7   1.43797564349467     
           5           8  0.110786749279150     
           7           8   1.43791862800981     
           4           9   1.41130963315047     
           6           9  0.110807654845392     
           8           9   1.44630608137753     
           1          10  0.987499000445366     
           1          11  0.987496621926999     
           1          12  0.986305421141342     
           2          13  0.978962796803647     
           2          14  0.978974532347293     
           3          15  0.972800519032656     
           3          16  0.972744320631512     
           5          17  0.969253942727944     
           6          18  0.971036637628978     
           7          19  0.971452513723696     
           8          20  0.971034537130277     
           9          21  0.969256202486238     
