$coord
         -6.676601435406         -0.562738894147          0.000284978421     c 
         -5.406039568858         -2.872870676642         -0.000417977900     c 
         -2.812222343984         -2.947879230298         -0.000607298394     c 
         -1.363757736680         -0.724308677210         -0.000148906058     c 
         -2.664486918429          1.612476304632          0.000215222022     c 
         -5.317729740692          1.642632975763          0.000538315082     c 
         -1.276799653485          3.918376678355          0.000108286399     c 
          1.276802028492          3.918377380389         -0.000311574235     c 
          2.664487039938          1.612467620207         -0.000282278003     c 
          1.363757714192         -0.724310167070         -0.000062218282     c 
          2.812221608880         -2.947885791049          0.000381063238     c 
          5.406035791107         -2.872871629253          0.000479025875     c 
          6.676599251638         -0.562739897213          0.000072177138     c 
          5.317733546033          1.642633882454         -0.000298741295     c 
         -8.717353438052         -0.522854666506          0.000559193719     h 
         -6.473651546176         -4.613141911654         -0.000777453287     h 
         -1.890524254954         -4.765794134653         -0.001169692930     h 
         -6.274823286624          3.447539013109          0.000939050556     h 
         -2.325389494250          5.671548812018          0.000289738641     h 
          2.325406469658          5.671545831353         -0.000529016307     h 
          1.890509771527         -4.765795910618          0.000753487404     h 
          6.473660096241         -4.613139270762          0.000947447175     h 
          8.717344690889         -0.522846661627          0.000136081622     h 
          6.274825961720          3.447542027789         -0.000553879621     h 
$end
