$hessian                                                                        
        0.5248205186  -0.0038236801  -0.0028206854  -0.0658581218  -0.0020424040
       -0.0002977259  -0.0051436929  -0.0164384081   0.0191190672   0.0014912477
       -0.0005010429   0.0005218368   0.0006650623   0.0004607215   0.0008906925
       -0.0006737605  -0.0001033395   0.0001185817   0.0001279119  -0.0000394684
       -0.0000656967  -0.1921947201  -0.0158486825  -0.1137782124  -0.2154609744
        0.0203511426   0.1086521557  -0.0453480816   0.0033643227   0.0012176794
        0.0007879786  -0.0005915663   0.0003241492  -0.0002644019   0.0165934129
       -0.0173299243   0.0007712438  -0.0009012118  -0.0004488858  -0.0036126483
       -0.0004169704   0.0038926435  -0.0000670377  -0.0000047255   0.0000272135
       -0.0000178572  -0.0000603407  -0.0000638979  -0.0000226666   0.0000022407
        0.0000410091
       -0.0038236801   0.4891784606   0.0315006516  -0.0014902333  -0.1391389690
        0.0675376571  -0.0047999453  -0.0005035152   0.0029811794   0.0001883366
        0.0007059492   0.0005075760   0.0002504784  -0.0010327072  -0.0003272529
        0.0001515530   0.0008216299   0.0001349339   0.0001390417  -0.0000673712
       -0.0000125014  -0.0154661713  -0.0456338788  -0.0134656071   0.0198423550
       -0.0449882084  -0.0141393582   0.0035379736  -0.2361145027  -0.0949489297
       -0.0008440001  -0.0252174532   0.0193854003   0.0010353970  -0.0002512684
        0.0023795946   0.0006498995   0.0013575118  -0.0009241592   0.0006495596
        0.0008436124  -0.0006259798   0.0000407751   0.0000298028   0.0000249021
        0.0000042498   0.0000190086   0.0000051078  -0.0000655894  -0.0000081012
       -0.0000132145
       -0.0028206854   0.0315006516   0.4922024285  -0.0006876845   0.0674585214
       -0.1316990219   0.0079663411   0.0132515553  -0.0177148421  -0.0004833276
       -0.0001935256   0.0001703484  -0.0012130603   0.0003035213   0.0002981389
        0.0002028834  -0.0001593903   0.0000012620   0.0002088198   0.0000227612
       -0.0001088444  -0.1140494115  -0.0139947957  -0.1317965196   0.1090236608
       -0.0145335492  -0.1113269341   0.0014081595  -0.0943965795  -0.0892323582
        0.0001211581  -0.0058355831   0.0070472094  -0.0022483079   0.0154309366
       -0.0166861012  -0.0007031812   0.0008061330   0.0005976934   0.0032524798
        0.0002946815  -0.0017549521   0.0000146788  -0.0000408984   0.0000063814
        0.0000564189   0.0000444319   0.0000035899  -0.0000489419   0.0000411277
       -0.0000074783
       -0.0658581218  -0.0014902333  -0.0006876845   0.4891784482   0.0064589263
        0.0412561897  -0.1340533369   0.0118975869   0.0614347037  -0.0419330744
        0.0006063620   0.0043384291  -0.0019244237  -0.0034962366   0.0005965352
        0.0002248748   0.0003427274   0.0005814560  -0.0001114135   0.0007736040
       -0.0014531301   0.0000769243   0.0175758994  -0.0181971928  -0.0025127898
       -0.0178124633   0.0189339878   0.0002104866  -0.0001470069   0.0001354353
       -0.0435548502  -0.0015657449  -0.0021646511  -0.1923029481  -0.0158903386
       -0.1135412120  -0.0048036615   0.0033302547   0.0050105200  -0.0025242654
       -0.0006803305   0.0038447230   0.0000367560   0.0001441648   0.0000665802
        0.0001787565   0.0000137727   0.0000667434  -0.0003273611  -0.0000609440
       -0.0002214329
       -0.0020424040  -0.1391389690   0.0674585214   0.0064589263   0.5097973665
        0.0288727258   0.0126817567  -0.0682600059  -0.0092189419  -0.0080209117
        0.0047117144   0.0010442120   0.0016210640  -0.0031266601   0.0000050578
        0.0000908987   0.0012346882   0.0010091448  -0.0002083192   0.0000741157
       -0.0004148406   0.0018968541   0.0002782342   0.0020051400  -0.0007548442
        0.0004990416   0.0004406822  -0.0008749799  -0.0267822860   0.0195320435
       -0.0024582685  -0.2309138854  -0.0939921968  -0.0149493018  -0.0446436086
       -0.0136476175   0.0216767420  -0.0044157376  -0.0168123709  -0.0150702343
        0.0007095655   0.0137564198  -0.0000213009   0.0000469518   0.0000058147
       -0.0000028674  -0.0000359784  -0.0000003302  -0.0000228099  -0.0000345470
       -0.0000434641
       -0.0002977259   0.0675376571  -0.1316990219   0.0412561897   0.0288727258
        0.4909799096   0.0609354688  -0.0095167478  -0.1085127698  -0.0148230811
        0.0021859895   0.0110986450  -0.0014903187  -0.0026555093  -0.0007218937
        0.0001978243   0.0011559930   0.0011355255  -0.0000356610   0.0005543511
       -0.0011748608  -0.0025712351   0.0156498463  -0.0178404043   0.0028806637
        0.0130950672  -0.0143912853   0.0000887292  -0.0060811263   0.0080706378
       -0.0031507572  -0.0939389057  -0.0885862898  -0.1126439274  -0.0135205302
       -0.1251050470   0.0116390138  -0.0033661516  -0.0078756316   0.0181327404
        0.0000468422  -0.0152890341   0.0000011203   0.0000028165   0.0000243684
        0.0001033309   0.0000041307   0.0000613338  -0.0002223747  -0.0000264483
       -0.0001741818
       -0.0051436929  -0.0047999453   0.0079663411  -0.1340533369   0.0126817567
        0.0609354688   0.3923957844  -0.0254410212  -0.0271199986  -0.1145744652
       -0.0240096954  -0.0475614170  -0.0353259086   0.0133463658  -0.0170313141
       -0.0007123754  -0.0021041205   0.0002611264   0.0021503419   0.0026276245
       -0.0016826723   0.0001774610  -0.0000090653  -0.0006478998   0.0007445166
       -0.0004217739   0.0002636102   0.0006054498   0.0003126503  -0.0001928430
       -0.0043243577   0.0029335148   0.0038641484  -0.0233949738   0.0023755260
        0.0109960758  -0.0409228108   0.0193931797   0.0096012421  -0.0357786846
        0.0029231673   0.0013571428  -0.0000560490   0.0004905695   0.0000517169
       -0.0000914319   0.0001241447  -0.0006217645  -0.0016954668  -0.0004228776
       -0.0004389634
       -0.0164384081  -0.0005035152   0.0132515553   0.0118975869  -0.0682600059
       -0.0095167478  -0.0254410212   0.5414279230  -0.0202908626  -0.0362741352
       -0.0897347838  -0.0315844779   0.0149257947   0.0148918835   0.0136410448
        0.0037415309  -0.0021718410   0.0026223386   0.0043114508  -0.0015116846
       -0.0000999394  -0.0002643549   0.0006366645  -0.0002854282  -0.0009038314
       -0.0027206504   0.0039764495  -0.0011255927   0.0008917262   0.0009892263
        0.0232427552  -0.0050751637  -0.0176246636  -0.0024847282   0.0004938317
        0.0012041534   0.0232246397  -0.2353101240  -0.0711142506   0.0005278119
       -0.1535978345   0.1140506245  -0.0001327907   0.0001099035  -0.0000751372
        0.0009305966   0.0003015792   0.0005637730   0.0002626959   0.0001320914
        0.0002923419
        0.0191190672   0.0029811794  -0.0177148421   0.0614347037  -0.0092189419
       -0.1085127698  -0.0271199986  -0.0202908626   0.4613782642  -0.0481330470
       -0.0257027137  -0.0941561705  -0.0181547428   0.0153788604  -0.0082507754
        0.0018313355  -0.0024722410  -0.0019658067  -0.0020040918  -0.0008478240
        0.0060680946   0.0003759949  -0.0004136543   0.0002139103   0.0006384321
        0.0034704509  -0.0034929371  -0.0003853160  -0.0008473250   0.0010304444
        0.0144962635  -0.0047712951  -0.0104641016  -0.0129247572   0.0012142748
        0.0069900361   0.0099539130  -0.0747036257  -0.0713951875   0.0018285584
        0.1157482439  -0.1594410318  -0.0001441941   0.0003515178   0.0002211597
       -0.0012488927  -0.0000810577  -0.0012511464   0.0004367718   0.0002050136
        0.0007428597
        0.0014912477   0.0001883366  -0.0004833276  -0.0419330744  -0.0080209117
       -0.0148230811  -0.1145744652  -0.0362741352  -0.0481330470   0.3701841278
       -0.0925749721   0.1439710404  -0.1415709453   0.0813321951  -0.0281493842
        0.0018915286   0.0445233162   0.0004142366  -0.0423296700   0.0198033371
       -0.0234573281   0.0005394604   0.0004437987  -0.0000609555  -0.0000622875
        0.0004026636  -0.0002592085  -0.0003130583  -0.0002329413  -0.0006342688
        0.0028878483  -0.0001703348  -0.0010598290  -0.0076016238   0.0006960433
        0.0037377196  -0.0099122258  -0.0098201284  -0.0111677078  -0.0122137363
        0.0017356163  -0.0159222300   0.0003075246   0.0001733947   0.0007297796
       -0.0032767017  -0.0011259162  -0.0019382909  -0.0035139492  -0.0010793617
       -0.0027641178
       -0.0005010429   0.0007059492  -0.0001935256   0.0006063620   0.0047117144
        0.0021859895  -0.0240096954  -0.0897347838  -0.0257027137  -0.0925749721
        0.3576388578   0.0353510431   0.0723809300  -0.1694796282   0.0062250562
        0.0465345198  -0.1056436250  -0.0129987222   0.0078884223   0.0060007987
        0.0037057661  -0.0005177970  -0.0004529694   0.0003051250   0.0002021592
       -0.0000720170  -0.0001591345   0.0001802216  -0.0000669840   0.0000128681
        0.0001207702  -0.0001746499   0.0006372220   0.0014599696   0.0004034767
       -0.0001638462  -0.0267632708  -0.0111941190  -0.0212467513   0.0174291190
        0.0058218837   0.0124305835  -0.0007126292   0.0006830480   0.0001658440
       -0.0007850214   0.0003349375  -0.0000220253  -0.0009380449   0.0005181106
       -0.0005327788
        0.0005218368   0.0005075760   0.0001703484   0.0043384291   0.0010442120
        0.0110986450  -0.0475614170  -0.0315844779  -0.0941561705   0.1439710404
        0.0353510431   0.1663024896  -0.0312883928   0.0099365819  -0.0633869648
        0.0012848176  -0.0128174336   0.0204056690  -0.0269797223   0.0110227357
       -0.0054844935   0.0009186270  -0.0000937801   0.0004600433  -0.0000028960
       -0.0001011510   0.0002942569   0.0000547590  -0.0000411597  -0.0002730075
       -0.0002399998   0.0009409513   0.0008238663   0.0029509204   0.0000795123
       -0.0005101186  -0.0183539431  -0.0109904990  -0.0135829541  -0.0257491387
       -0.0029473608  -0.0185430294   0.0005869835   0.0006816921  -0.0003947830
       -0.0024879671  -0.0004593334  -0.0015422839  -0.0019639370  -0.0005291089
       -0.0016815133
        0.0006650623   0.0002504784  -0.0012130603  -0.0019244237   0.0016210640
       -0.0014903187  -0.0353259086   0.0149257947  -0.0181547428  -0.1415709453
        0.0723809300  -0.0312883928   0.4142890891   0.0188786170   0.1400514549
       -0.0793578184  -0.0712065337  -0.0315666785  -0.1302124060  -0.0333961372
       -0.0459019466  -0.0000862651  -0.0005073312   0.0017406209   0.0007303388
       -0.0001469471  -0.0002014699  -0.0003608553  -0.0003870340   0.0002884118
       -0.0004393335  -0.0000115662  -0.0001658474  -0.0000766508  -0.0000159901
        0.0008092101   0.0004024365   0.0015479198   0.0002654242  -0.0011567871
       -0.0002503094   0.0006736650   0.0047579295  -0.0006392529   0.0029911762
       -0.0264213371  -0.0063352132  -0.0130406414  -0.0039121254   0.0032915110
       -0.0037968648
        0.0004607215  -0.0010327072   0.0003035213  -0.0034962366  -0.0031266601
       -0.0026555093   0.0133463658   0.0148918835   0.0153788604   0.0813321951
       -0.1694796282   0.0099365819   0.0188786170   0.7861702468   0.1983335820
       -0.0583801826  -0.5438759439  -0.1857284643  -0.0352030284  -0.0784276598
       -0.0231820877   0.0003225436   0.0014871180   0.0000520006  -0.0000660595
       -0.0000306244   0.0001822190  -0.0008427779  -0.0004828949  -0.0006178010
        0.0007070637  -0.0001803267  -0.0003068849  -0.0020041397   0.0001361430
        0.0002650984  -0.0023878057   0.0001191627  -0.0026938607  -0.0019308691
       -0.0014278740  -0.0026700484  -0.0195124326  -0.0138782822  -0.0159661079
       -0.0009685559   0.0025712885  -0.0001320340   0.0097445816   0.0065667590
        0.0095009344
        0.0008906925  -0.0003272529   0.0002981389   0.0005965352   0.0000050578
       -0.0007218937  -0.0170313141   0.0136410448  -0.0082507754  -0.0281493842
        0.0062250562  -0.0633869648   0.1400514549   0.1983335820   0.3375312994
       -0.0275059711  -0.1938626198  -0.1420990600  -0.0457841411  -0.0219234500
       -0.1064188506   0.0001619351   0.0001753949  -0.0004572398   0.0000253217
        0.0000115022  -0.0003493936  -0.0002724554   0.0000338869   0.0001337657
        0.0002411632  -0.0003674392  -0.0002713891  -0.0002376733   0.0001316261
        0.0000924379  -0.0016012291   0.0005228243   0.0007179388  -0.0046743451
        0.0001140802  -0.0034369851  -0.0037249125  -0.0049551638  -0.0040327943
        0.0096003535   0.0073276022   0.0086184239  -0.0225860302  -0.0050857317
       -0.0179666581
       -0.0006737605   0.0001515530   0.0002028834   0.0002248748   0.0000908987
        0.0001978243  -0.0007123754   0.0037415309   0.0018313355   0.0018915286
        0.0465345198   0.0012848176  -0.0793578184  -0.0583801826  -0.0275059711
        0.0825087253   0.0410131301   0.0465372789  -0.0006152276  -0.0320118352
       -0.0193601766  -0.0000564845  -0.0001455239  -0.0003661411  -0.0002815720
        0.0001109249   0.0001207995   0.0004389124   0.0002822319   0.0000317737
       -0.0000905091   0.0000825853   0.0001691535   0.0000802351  -0.0001068059
       -0.0000899748  -0.0008888764   0.0012575398   0.0008055850   0.0005163007
        0.0007713616   0.0008439609  -0.0048397766  -0.0028757066  -0.0049364390
        0.0020004493   0.0004831639   0.0002346471  -0.0001446258  -0.0009993857
       -0.0000013568
       -0.0001033395   0.0008216299  -0.0001593903   0.0003427274   0.0012346882
        0.0011559930  -0.0021041205  -0.0021718410  -0.0024722410   0.0445233162
       -0.1056436250  -0.0128174336  -0.0712065337  -0.5438759439  -0.1938626198
        0.0410131301   0.6813715216   0.2307188270  -0.0122624594  -0.0286277810
       -0.0207696894   0.0000056396  -0.0008169567  -0.0001467701  -0.0000573905
       -0.0000013675  -0.0001779852   0.0004590918   0.0001599897   0.0003063878
       -0.0004458840   0.0002378935   0.0002615132   0.0005994878   0.0000338446
       -0.0000390282   0.0007678916   0.0005149576   0.0012710171   0.0003615908
        0.0009808383   0.0004450713  -0.0054013230  -0.0016378470  -0.0043517273
        0.0018533639  -0.0011828748   0.0011168168   0.0016548116  -0.0013971263
       -0.0004787413
        0.0001185817   0.0001349339   0.0000012620   0.0005814560   0.0010091448
        0.0011355255   0.0002611264   0.0026223386  -0.0019658067   0.0004142366
       -0.0129987222   0.0204056690  -0.0315666785  -0.1857284643  -0.1420990600
        0.0465372789   0.2307188270   0.1268316089  -0.0131499173  -0.0327077019
       -0.0034710753  -0.0000676218   0.0000383306   0.0000722249   0.0000130154
       -0.0000517858  -0.0000443141  -0.0000267014  -0.0000159058  -0.0001249088
       -0.0003496139   0.0000717850   0.0002246559   0.0004669545  -0.0000654219
       -0.0000839273   0.0006396819   0.0013763202  -0.0003759405   0.0003721168
        0.0000872889   0.0004148154  -0.0057188126  -0.0028471933  -0.0023787470
       -0.0006057541  -0.0017740580  -0.0005704501   0.0020806515   0.0001302843
        0.0020284683
        0.0001279119   0.0001390417   0.0002088198  -0.0001114135  -0.0002083192
       -0.0000356610   0.0021503419   0.0043114508  -0.0020040918  -0.0423296700
        0.0078884223  -0.0269797223  -0.1302124060  -0.0352030284  -0.0457841411
       -0.0006152276  -0.0122624594  -0.0131499173   0.4744310307  -0.0299654654
       -0.0162268753  -0.0001058094   0.0000449729  -0.0002795187  -0.0001808986
       -0.0000051850   0.0000561018   0.0000708374   0.0000175929  -0.0000764973
        0.0000936939  -0.0000654731  -0.0000194268  -0.0002603241  -0.0000177127
        0.0000355101   0.0002818965  -0.0001781030   0.0001386070  -0.0016208214
       -0.0003706206  -0.0013006621  -0.0486541480   0.0374664892   0.0090815186
       -0.2174433802   0.0205527556   0.1094459712  -0.0356216137   0.0078556413
       -0.0131100149
       -0.0000394684  -0.0000673712   0.0000227612   0.0007736040   0.0000741157
        0.0005543511   0.0026276245  -0.0015116846  -0.0008478240   0.0198033371
        0.0060007987   0.0110227357  -0.0333961372  -0.0784276598  -0.0219234500
       -0.0320118352  -0.0286277810  -0.0327077019  -0.0299654654   0.5416155435
       -0.0002829887  -0.0000560481  -0.0000134039  -0.0000434103  -0.0000215496
        0.0000414000   0.0000083749   0.0000878257   0.0000437743   0.0000050179
       -0.0000583026   0.0001036454   0.0000836818   0.0003295683   0.0000107661
       -0.0001839128   0.0003109492  -0.0003434921   0.0001298091   0.0002103406
        0.0000975244   0.0000668544   0.0395326471  -0.2739567359  -0.0552252980
        0.0217438948  -0.0441486729  -0.0155966767   0.0101290154  -0.1208907666
        0.1149176762
       -0.0000656967  -0.0000125014  -0.0001088444  -0.0014531301  -0.0004148406
       -0.0011748608  -0.0016826723  -0.0000999394   0.0060680946  -0.0234573281
        0.0037057661  -0.0054844935  -0.0459019466  -0.0231820877  -0.1064188506
       -0.0193601766  -0.0207696894  -0.0034710753  -0.0162268753  -0.0002829887
        0.4777718159  -0.0000335798  -0.0000139094   0.0000891229  -0.0000430460
       -0.0000156980   0.0001278225   0.0000822868   0.0000396664  -0.0000225124
        0.0000348716   0.0000637860  -0.0000744342  -0.0005228299   0.0000007354
        0.0002930853   0.0003642823  -0.0002353684   0.0001580833   0.0005950517
        0.0001289510   0.0005101107   0.0098447381  -0.0564671686  -0.0562233110
        0.1130387791  -0.0159437642  -0.1031591605  -0.0152127283   0.1134990508
       -0.2088805926
       -0.1921947201  -0.0154661713  -0.1140494115   0.0000769243   0.0018968541
       -0.0025712351   0.0001774610  -0.0002643549   0.0003759949   0.0005394604
       -0.0005177970   0.0009186270  -0.0000862651   0.0003225436   0.0001619351
       -0.0000564845   0.0000056396  -0.0000676218  -0.0001058094  -0.0000560481
       -0.0000335798   0.2212622121   0.0182728124   0.1337051439  -0.0286703448
       -0.0030184411  -0.0162909892  -0.0014080742  -0.0017528597  -0.0018920480
        0.0000927829   0.0001267762   0.0001253089   0.0007739988   0.0005532273
       -0.0001007343  -0.0000951737   0.0000181552  -0.0000900773  -0.0001921071
       -0.0001174234  -0.0000463749  -0.0000088060  -0.0000795508  -0.0000313162
        0.0000236201   0.0000276800  -0.0000002689  -0.0001286748   0.0000489579
       -0.0001133528
       -0.0158486825  -0.0456338788  -0.0139947957   0.0175758994   0.0002782342
        0.0156498463  -0.0000090653   0.0006366645  -0.0004136543   0.0004437987
       -0.0004529694  -0.0000937801  -0.0005073312   0.0014871180   0.0001753949
       -0.0001455239  -0.0008169567   0.0000383306   0.0000449729  -0.0000134039
       -0.0000139094   0.0182728124   0.0516223127   0.0122502066   0.0032422776
        0.0009895234   0.0016446115  -0.0240613881  -0.0055285834  -0.0195948873
        0.0006832773   0.0006033042   0.0003033341   0.0003495903  -0.0029183983
        0.0043328265  -0.0000721380  -0.0001482233  -0.0001158095   0.0000731787
       -0.0000203479  -0.0001869956  -0.0001192005  -0.0001214634   0.0000128234
        0.0000234664  -0.0000368528  -0.0000173435   0.0000540558   0.0000739211
        0.0000238015
       -0.1137782124  -0.0134656071  -0.1317965196  -0.0181971928   0.0020051400
       -0.0178404043  -0.0006478998  -0.0002854282   0.0002139103  -0.0000609555
        0.0003051250   0.0004600433   0.0017406209   0.0000520006  -0.0004572398
       -0.0003661411  -0.0001467701   0.0000722249  -0.0002795187  -0.0000434103
        0.0000891229   0.1337051439   0.0122502066   0.1535592993   0.0126575168
        0.0011704205   0.0096236823  -0.0143479214  -0.0051326383  -0.0112015343
        0.0001189921  -0.0006239846   0.0007491534  -0.0002283599   0.0041823173
       -0.0035791665  -0.0001511112  -0.0000071851  -0.0002131859  -0.0001463655
       -0.0002670878   0.0002718095   0.0000205347   0.0000508908   0.0000121310
       -0.0000807896  -0.0000292739  -0.0000378104   0.0000416593  -0.0000147154
        0.0000744839
       -0.2154609744   0.0198423550   0.1090236608  -0.0025127898  -0.0007548442
        0.0028806637   0.0007445166  -0.0009038314   0.0006384321  -0.0000622875
        0.0002021592  -0.0000028960   0.0007303388  -0.0000660595   0.0000253217
       -0.0002815720  -0.0000573905   0.0000130154  -0.0001808986  -0.0000215496
       -0.0000430460  -0.0286703448   0.0032422776   0.0126575168   0.2475915637
       -0.0234190749  -0.1270282044  -0.0024418961   0.0019921118   0.0022328098
       -0.0000498802  -0.0001560472  -0.0001724344   0.0006084288   0.0002910562
       -0.0002729920   0.0001319439  -0.0001458552  -0.0002090399  -0.0002297560
       -0.0000463878   0.0001891220   0.0000154742   0.0000357095   0.0000173592
        0.0000063568  -0.0000159767   0.0000013060   0.0000617766  -0.0000186523
        0.0000494051
        0.0203511426  -0.0449882084  -0.0145335492  -0.0178124633   0.0004990416
        0.0130950672  -0.0004217739  -0.0027206504   0.0034704509   0.0004026636
       -0.0000720170  -0.0001011510  -0.0001469471  -0.0000306244   0.0000115022
        0.0001109249  -0.0000013675  -0.0000517858  -0.0000051850   0.0000414000
       -0.0000156980  -0.0030184411   0.0009895234   0.0011704205  -0.0234190749
        0.0512370075   0.0133600944   0.0255092276  -0.0056720730  -0.0171823331
       -0.0004753745   0.0002931569   0.0001876834  -0.0001807693   0.0004704161
       -0.0003542393   0.0000523154  -0.0001450902   0.0000626728  -0.0009596004
        0.0000830464   0.0008629344   0.0000033963   0.0000118332   0.0000175924
        0.0000127957  -0.0000004508   0.0000070196  -0.0000028365   0.0000050567
       -0.0000066813
        0.1086521557  -0.0141393582  -0.1113269341   0.0189339878   0.0004406822
       -0.0143912853   0.0002636102   0.0039764495  -0.0034929371  -0.0002592085
       -0.0001591345   0.0002942569  -0.0002014699   0.0001822190  -0.0003493936
        0.0001207995  -0.0001779852  -0.0000443141   0.0000561018   0.0000083749
        0.0001278225  -0.0162909892   0.0016446115   0.0096236823  -0.1270282044
        0.0133600944   0.1292027735   0.0145309755  -0.0048056613  -0.0093777984
        0.0000358689  -0.0003103795   0.0005015101   0.0003891699  -0.0004386707
       -0.0000028237  -0.0003034526   0.0002614112   0.0001837278   0.0011229163
        0.0001507147  -0.0009707132  -0.0000036266   0.0000262953  -0.0000017136
       -0.0000355747  -0.0000061690  -0.0000079407   0.0000169401  -0.0000134943
        0.0000320807
       -0.0453480816   0.0035379736   0.0014081595   0.0002104866  -0.0008749799
        0.0000887292   0.0006054498  -0.0011255927  -0.0003853160  -0.0003130583
        0.0001802216   0.0000547590  -0.0003608553  -0.0008427779  -0.0002724554
        0.0004389124   0.0004590918  -0.0000267014   0.0000708374   0.0000878257
        0.0000822868  -0.0014080742  -0.0240613881  -0.0143479214  -0.0024418961
        0.0255092276   0.0145309755   0.0478054696  -0.0034863940  -0.0017948105
        0.0007438260  -0.0001457764   0.0001369084   0.0000343002   0.0006518411
        0.0000792717  -0.0000171560  -0.0000679742   0.0004168212  -0.0000784419
        0.0001186769   0.0000076412   0.0000533651   0.0000490049   0.0000129715
        0.0000009941   0.0000247203   0.0000240530   0.0000039222  -0.0000137003
       -0.0000153725
        0.0033643227  -0.2361145027  -0.0943965795  -0.0001470069  -0.0267822860
       -0.0060811263   0.0003126503   0.0008917262  -0.0008473250  -0.0002329413
       -0.0000669840  -0.0000411597  -0.0003870340  -0.0004828949   0.0000338869
        0.0002822319   0.0001599897  -0.0000159058   0.0000175929   0.0000437743
        0.0000396664  -0.0017528597  -0.0055285834  -0.0051326383   0.0019921118
       -0.0056720730  -0.0048056613  -0.0034863940   0.2765418636   0.1073419626
        0.0001237151  -0.0041221248   0.0041273045   0.0000806255   0.0005193528
       -0.0005273154  -0.0005475744   0.0002737385   0.0005171053   0.0003119734
        0.0003283424  -0.0001956934   0.0000344412  -0.0000016431  -0.0000120225
        0.0000252465   0.0000148079   0.0000183080   0.0000088990  -0.0000025035
       -0.0000228067
        0.0012176794  -0.0949489297  -0.0892323582   0.0001354353   0.0195320435
        0.0080706378  -0.0001928430   0.0009892263   0.0010304444  -0.0006342688
        0.0000128681  -0.0002730075   0.0002884118  -0.0006178010   0.0001337657
        0.0000317737   0.0003063878  -0.0001249088  -0.0000764973   0.0000050179
       -0.0000225124  -0.0018920480  -0.0195948873  -0.0112015343   0.0022328098
       -0.0171823331  -0.0093777984  -0.0017948105   0.1073419626   0.1026861467
        0.0004253057   0.0040903837  -0.0022794403   0.0001703296   0.0002596737
        0.0007076221   0.0001717151  -0.0001049223  -0.0001266796  -0.0000969429
       -0.0000838996   0.0000508307   0.0000212270   0.0000286369  -0.0000232080
       -0.0000024835   0.0000038457   0.0000125089  -0.0000047933  -0.0000372733
       -0.0000305090
        0.0007879786  -0.0008440001   0.0001211581  -0.0435548502  -0.0024582685
       -0.0031507572  -0.0043243577   0.0232427552   0.0144962635   0.0028878483
        0.0001207702  -0.0002399998  -0.0004393335   0.0007070637   0.0002411632
       -0.0000905091  -0.0004458840  -0.0003496139   0.0000936939  -0.0000583026
        0.0000348716   0.0000927829   0.0006832773   0.0001189921  -0.0000498802
       -0.0004753745   0.0000358689   0.0007438260   0.0001237151   0.0004253057
        0.0490804261   0.0011039448  -0.0012561714  -0.0016735410  -0.0228410671
       -0.0136301990  -0.0040317340   0.0008420059   0.0034903196   0.0005009514
        0.0003368500  -0.0003337845  -0.0000798879  -0.0000283788  -0.0000132197
        0.0000448825  -0.0000120865  -0.0000101161   0.0000117039   0.0000029800
        0.0000199189
       -0.0005915663  -0.0252174532  -0.0058355831  -0.0015657449  -0.2309138854
       -0.0939389057   0.0029335148  -0.0050751637  -0.0047712951  -0.0001703348
       -0.0001746499   0.0009409513  -0.0000115662  -0.0001803267  -0.0003674392
        0.0000825853   0.0002378935   0.0000717850  -0.0000654731   0.0001036454
        0.0000637860   0.0001267762   0.0006033042  -0.0006239846  -0.0001560472
        0.0002931569  -0.0003103795  -0.0001457764  -0.0041221248   0.0040903837
        0.0011039448   0.2684853107   0.1060175823  -0.0019369367  -0.0050392478
       -0.0044651683   0.0006992582   0.0005960735  -0.0010142324  -0.0002917122
        0.0003503582   0.0001357693   0.0000424583   0.0000820061   0.0000110467
       -0.0000502624  -0.0000009015  -0.0000099205  -0.0000031175  -0.0000279955
        0.0000056042
        0.0003241492   0.0193854003   0.0070472094  -0.0021646511  -0.0939921968
       -0.0885862898   0.0038641484  -0.0176246636  -0.0104641016  -0.0010598290
        0.0006372220   0.0008238663  -0.0001658474  -0.0003068849  -0.0002713891
        0.0001691535   0.0002615132   0.0002246559  -0.0000194268   0.0000836818
       -0.0000744342   0.0001253089   0.0003033341   0.0007491534  -0.0001724344
        0.0001876834   0.0005015101   0.0001369084   0.0041273045  -0.0022794403
       -0.0012561714   0.1060175823   0.1044534270  -0.0029494166  -0.0185303299
       -0.0101913257   0.0033759053  -0.0000749378  -0.0018257446  -0.0001707383
       -0.0004862711  -0.0001137940   0.0000014589   0.0000166531   0.0000398992
       -0.0000020941  -0.0000121016  -0.0000153359  -0.0000364237   0.0000070110
       -0.0000178662
       -0.0002644019   0.0010353970  -0.0022483079  -0.1923029481  -0.0149493018
       -0.1126439274  -0.0233949738  -0.0024847282  -0.0129247572  -0.0076016238
        0.0014599696   0.0029509204  -0.0000766508  -0.0020041397  -0.0002376733
        0.0000802351   0.0005994878   0.0004669545  -0.0002603241   0.0003295683
       -0.0005228299   0.0007739988   0.0003495903  -0.0002283599   0.0006084288
       -0.0001807693   0.0003891699   0.0000343002   0.0000806255   0.0001703296
       -0.0016735410  -0.0019369367  -0.0029494166   0.2238213519   0.0179008429
        0.1286681027   0.0001773206   0.0000475886  -0.0004132038   0.0000293646
       -0.0002855376  -0.0004951632   0.0000703747   0.0000774697   0.0000487628
        0.0000541690  -0.0000007819   0.0000249922  -0.0000750800  -0.0000383444
       -0.0000555927
        0.0165934129  -0.0002512684   0.0154309366  -0.0158903386  -0.0446436086
       -0.0135205302   0.0023755260   0.0004938317   0.0012142748   0.0006960433
        0.0004034767   0.0000795123  -0.0000159901   0.0001361430   0.0001316261
       -0.0001068059   0.0000338446  -0.0000654219  -0.0000177127   0.0000107661
        0.0000007354   0.0005532273  -0.0029183983   0.0041823173   0.0002910562
        0.0004704161  -0.0004386707   0.0006518411   0.0005193528   0.0002596737
       -0.0228410671  -0.0050392478  -0.0185303299   0.0179008429   0.0506954754
        0.0110895461   0.0002991064   0.0000126614   0.0000874457  -0.0004833398
        0.0000691964   0.0000789738   0.0000228393   0.0000063586   0.0000062273
       -0.0000160289   0.0000053705  -0.0000083613  -0.0000126123  -0.0000043701
        0.0000020450
       -0.0173299243   0.0023795946  -0.0166861012  -0.1135412120  -0.0136476175
       -0.1251050470   0.0109960758   0.0012041534   0.0069900361   0.0037377196
       -0.0001638462  -0.0005101186   0.0008092101   0.0002650984   0.0000924379
       -0.0000899748  -0.0000390282  -0.0000839273   0.0000355101  -0.0001839128
        0.0002930853  -0.0001007343   0.0043328265  -0.0035791665  -0.0002729920
       -0.0003542393  -0.0000028237   0.0000792717  -0.0005273154   0.0007076221
       -0.0136301990  -0.0044651683  -0.0101913257   0.1286681027   0.0110895461
        0.1471969906   0.0000649819   0.0001953500   0.0002403874   0.0004675100
       -0.0000614806   0.0006105399   0.0000215890  -0.0000091117  -0.0000322411
       -0.0000235529  -0.0000014932   0.0000122554   0.0001086184  -0.0000133560
        0.0000473965
        0.0007712438   0.0006498995  -0.0007031812  -0.0048036615   0.0216767420
        0.0116390138  -0.0409228108   0.0232246397   0.0099539130  -0.0099122258
       -0.0267632708  -0.0183539431   0.0004024365  -0.0023878057  -0.0016012291
       -0.0008888764   0.0007678916   0.0006396819   0.0002818965   0.0003109492
        0.0003642823  -0.0000951737  -0.0000721380  -0.0001511112   0.0001319439
        0.0000523154  -0.0003034526  -0.0000171560  -0.0005475744   0.0001717151
       -0.0040317340   0.0006992582   0.0033759053   0.0001773206   0.0002991064
        0.0000649819   0.0569481124  -0.0185292804  -0.0057635578   0.0016778092
        0.0003446475   0.0003733587   0.0001375359   0.0001523539   0.0001516823
        0.0000378234   0.0000548315   0.0000506580   0.0001055160   0.0000674344
        0.0000912826
       -0.0009012118   0.0013575118   0.0008061330   0.0033302547  -0.0044157376
       -0.0033661516   0.0193931797  -0.2353101240  -0.0747036257  -0.0098201284
       -0.0111941190  -0.0109904990   0.0015479198   0.0001191627   0.0005228243
        0.0012575398   0.0005149576   0.0013763202  -0.0001781030  -0.0003434921
       -0.0002353684   0.0000181552  -0.0001482233  -0.0000071851  -0.0001458552
       -0.0001450902   0.0002614112  -0.0000679742   0.0002737385  -0.0001049223
        0.0008420059   0.0005960735  -0.0000749378   0.0000475886   0.0000126614
        0.0001953500  -0.0185292804   0.2723762877   0.0911533065   0.0030555098
       -0.0237533943  -0.0049451083   0.0000428670   0.0000520558   0.0000390946
        0.0000369889   0.0000014804   0.0000284942   0.0000705435   0.0000062511
        0.0000448642
       -0.0004488858  -0.0009241592   0.0005976934   0.0050105200  -0.0168123709
       -0.0078756316   0.0096012421  -0.0711142506  -0.0713951875  -0.0111677078
       -0.0212467513  -0.0135829541   0.0002654242  -0.0026938607   0.0007179388
        0.0008055850   0.0012710171  -0.0003759405   0.0001386070   0.0001298091
        0.0001580833  -0.0000900773  -0.0001158095  -0.0002131859  -0.0002090399
        0.0000626728   0.0001837278   0.0004168212   0.0005171053  -0.0001266796
        0.0034903196  -0.0010142324  -0.0018257446  -0.0004132038   0.0000874457
        0.0002403874  -0.0057635578   0.0911533065   0.0864374636  -0.0018633853
        0.0205269664   0.0069025804   0.0000885046   0.0001033880   0.0000758944
        0.0000846660   0.0000395919   0.0000652415   0.0000541680   0.0000301319
        0.0000163134
       -0.0036126483   0.0006495596   0.0032524798  -0.0025242654  -0.0150702343
        0.0181327404  -0.0357786846   0.0005278119   0.0018285584  -0.0122137363
        0.0174291190  -0.0257491387  -0.0011567871  -0.0019308691  -0.0046743451
        0.0005163007   0.0003615908   0.0003721168  -0.0016208214   0.0002103406
        0.0005950517  -0.0001921071   0.0000731787  -0.0001463655  -0.0002297560
       -0.0009596004   0.0011229163  -0.0000784419   0.0003119734  -0.0000969429
        0.0005009514  -0.0002917122  -0.0001707383   0.0000293646  -0.0004833398
        0.0004675100   0.0016778092   0.0030555098  -0.0018633853   0.0548257226
       -0.0039316386   0.0069829376   0.0000769835   0.0001200657   0.0000530262
       -0.0003211473  -0.0000488542  -0.0002182271   0.0001012636  -0.0000229009
        0.0001118058
       -0.0004169704   0.0008436124   0.0002946815  -0.0006803305   0.0007095655
        0.0000468422   0.0029231673  -0.1535978345   0.1157482439   0.0017356163
        0.0058218837  -0.0029473608  -0.0002503094  -0.0014278740   0.0001140802
        0.0007713616   0.0009808383   0.0000872889  -0.0003706206   0.0000975244
        0.0001289510  -0.0001174234  -0.0000203479  -0.0002670878  -0.0000463878
        0.0000830464   0.0001507147   0.0001186769   0.0003283424  -0.0000838996
        0.0003368500   0.0003503582  -0.0004862711  -0.0002855376   0.0000691964
       -0.0000614806   0.0003446475  -0.0237533943   0.0205269664  -0.0039316386
        0.1695115657  -0.1331925192  -0.0000206723   0.0000313510   0.0000145787
       -0.0000683360  -0.0000200139  -0.0000339469  -0.0000420928  -0.0000078196
       -0.0000397817
        0.0038926435  -0.0006259798  -0.0017549521   0.0038447230   0.0137564198
       -0.0152890341   0.0013571428   0.1140506245  -0.1594410318  -0.0159222300
        0.0124305835  -0.0185430294   0.0006736650  -0.0026700484  -0.0034369851
        0.0008439609   0.0004450713   0.0004148154  -0.0013006621   0.0000668544
        0.0005101107  -0.0000463749  -0.0001869956   0.0002718095   0.0001891220
        0.0008629344  -0.0009707132   0.0000076412  -0.0001956934   0.0000508307
       -0.0003337845   0.0001357693  -0.0001137940  -0.0004951632   0.0000789738
        0.0006105399   0.0003733587  -0.0049451083   0.0069025804   0.0069829376
       -0.1331925192   0.1908606550   0.0000355756   0.0000970800   0.0000127151
       -0.0002215961  -0.0000618179  -0.0001525116   0.0001190407  -0.0000461483
        0.0000679946
       -0.0000670377   0.0000407751   0.0000146788   0.0000367560  -0.0000213009
        0.0000011203  -0.0000560490  -0.0001327907  -0.0001441941   0.0003075246
       -0.0007126292   0.0005869835   0.0047579295  -0.0195124326  -0.0037249125
       -0.0048397766  -0.0054013230  -0.0057188126  -0.0486541480   0.0395326471
        0.0098447381  -0.0000088060  -0.0001192005   0.0000205347   0.0000154742
        0.0000033963  -0.0000036266   0.0000533651   0.0000344412   0.0000212270
       -0.0000798879   0.0000424583   0.0000014589   0.0000703747   0.0000228393
        0.0000215890   0.0001375359   0.0000428670   0.0000885046   0.0000769835
       -0.0000206723   0.0000355756   0.0530649179  -0.0415913482  -0.0090223484
       -0.0052356143   0.0255732273   0.0075086991   0.0004204581   0.0022190459
        0.0004687843
       -0.0000047255   0.0000298028  -0.0000408984   0.0001441648   0.0000469518
        0.0000028165   0.0004905695   0.0001099035   0.0003515178   0.0001733947
        0.0006830480   0.0006816921  -0.0006392529  -0.0138782822  -0.0049551638
       -0.0028757066  -0.0016378470  -0.0028471933   0.0374664892  -0.2739567359
       -0.0564671686  -0.0000795508  -0.0001214634   0.0000508908   0.0000357095
        0.0000118332   0.0000262953   0.0000490049  -0.0000016431   0.0000286369
       -0.0000283788   0.0000820061   0.0000166531   0.0000774697   0.0000063586
       -0.0000091117   0.0001523539   0.0000520558   0.0001033880   0.0001200657
        0.0000313510   0.0000970800  -0.0415913482   0.3136378776   0.0670013285
        0.0029355305  -0.0050109610  -0.0022153637   0.0035742104  -0.0200842558
       -0.0018253993
        0.0000272135   0.0000249021   0.0000063814   0.0000665802   0.0000058147
        0.0000243684   0.0000517169  -0.0000751372   0.0002211597   0.0007297796
        0.0001658440  -0.0003947830   0.0029911762  -0.0159661079  -0.0040327943
       -0.0049364390  -0.0043517273  -0.0023787470   0.0090815186  -0.0552252980
       -0.0562233110  -0.0000313162   0.0000128234   0.0000121310   0.0000173592
        0.0000175924  -0.0000017136   0.0000129715  -0.0000120225  -0.0000232080
       -0.0000132197   0.0000110467   0.0000398992   0.0000487628   0.0000062273
       -0.0000322411   0.0001516823   0.0000390946   0.0000758944   0.0000530262
        0.0000145787   0.0000127151  -0.0090223484   0.0670013285   0.0616380770
        0.0045039551  -0.0162718622  -0.0041968206  -0.0037324190   0.0246029025
        0.0052529922
       -0.0000178572   0.0000042498   0.0000564189   0.0001787565  -0.0000028674
        0.0001033309  -0.0000914319   0.0009305966  -0.0012488927  -0.0032767017
       -0.0007850214  -0.0024879671  -0.0264213371  -0.0009685559   0.0096003535
        0.0020004493   0.0018533639  -0.0006057541  -0.2174433802   0.0217438948
        0.1130387791   0.0000236201   0.0000234664  -0.0000807896   0.0000063568
        0.0000127957  -0.0000355747   0.0000009941   0.0000252465  -0.0000024835
        0.0000448825  -0.0000502624  -0.0000020941   0.0000541690  -0.0000160289
       -0.0000235529   0.0000378234   0.0000369889   0.0000846660  -0.0003211473
       -0.0000683360  -0.0002215961  -0.0052356143   0.0029355305   0.0045039551
        0.2501954044  -0.0249766959  -0.1256562932   0.0002650136  -0.0006983654
        0.0029774945
       -0.0000603407   0.0000190086   0.0000444319   0.0000137727  -0.0000359784
        0.0000041307   0.0001241447   0.0003015792  -0.0000810577  -0.0011259162
        0.0003349375  -0.0004593334  -0.0063352132   0.0025712885   0.0073276022
        0.0004831639  -0.0011828748  -0.0017740580   0.0205527556  -0.0441486729
       -0.0159437642   0.0000276800  -0.0000368528  -0.0000292739  -0.0000159767
       -0.0000004508  -0.0000061690   0.0000247203   0.0000148079   0.0000038457
       -0.0000120865  -0.0000009015  -0.0000121016  -0.0000007819   0.0000053705
       -0.0000014932   0.0000548315   0.0000014804   0.0000395919  -0.0000488542
       -0.0000200139  -0.0000618179   0.0255732273  -0.0050109610  -0.0162718622
       -0.0249766959   0.0453854109   0.0161970434  -0.0142784308   0.0018028226
        0.0110242852
       -0.0000638979   0.0000051078   0.0000035899   0.0000667434  -0.0000003302
        0.0000613338  -0.0006217645   0.0005637730  -0.0012511464  -0.0019382909
       -0.0000220253  -0.0015422839  -0.0130406414  -0.0001320340   0.0086184239
        0.0002346471   0.0011168168  -0.0005704501   0.1094459712  -0.0155966767
       -0.1031591605  -0.0000002689  -0.0000173435  -0.0000378104   0.0000013060
        0.0000070196  -0.0000079407   0.0000240530   0.0000183080   0.0000125089
       -0.0000101161  -0.0000099205  -0.0000153359   0.0000249922  -0.0000083613
        0.0000122554   0.0000506580   0.0000284942   0.0000652415  -0.0002182271
       -0.0000339469  -0.0001525116   0.0075086991  -0.0022153637  -0.0041968206
       -0.1256562932   0.0161970434   0.1197346212   0.0241924300   0.0000994394
       -0.0175745144
       -0.0000226666  -0.0000655894  -0.0000489419  -0.0003273611  -0.0000228099
       -0.0002223747  -0.0016954668   0.0002626959   0.0004367718  -0.0035139492
       -0.0009380449  -0.0019639370  -0.0039121254   0.0097445816  -0.0225860302
       -0.0001446258   0.0016548116   0.0020806515  -0.0356216137   0.0101290154
       -0.0152127283  -0.0001286748   0.0000540558   0.0000416593   0.0000617766
       -0.0000028365   0.0000169401   0.0000039222   0.0000088990  -0.0000047933
        0.0000117039  -0.0000031175  -0.0000364237  -0.0000750800  -0.0000126123
        0.0001086184   0.0001055160   0.0000705435   0.0000541680   0.0001012636
       -0.0000420928   0.0001190407   0.0004204581   0.0035742104  -0.0037324190
        0.0002650136  -0.0142784308   0.0241924300   0.0444719096  -0.0101332791
        0.0167573684
        0.0000022407  -0.0000081012   0.0000411277  -0.0000609440  -0.0000345470
       -0.0000264483  -0.0004228776   0.0001320914   0.0002050136  -0.0010793617
        0.0005181106  -0.0005291089   0.0032915110   0.0065667590  -0.0050857317
       -0.0009993857  -0.0013971263   0.0001302843   0.0078556413  -0.1208907666
        0.1134990508   0.0000489579   0.0000739211  -0.0000147154  -0.0000186523
        0.0000050567  -0.0000134943  -0.0000137003  -0.0000025035  -0.0000372733
        0.0000029800  -0.0000279955   0.0000070110  -0.0000383444  -0.0000043701
       -0.0000133560   0.0000674344   0.0000062511   0.0000301319  -0.0000229009
       -0.0000078196  -0.0000461483   0.0022190459  -0.0200842558   0.0246029025
       -0.0006983654   0.0018028226   0.0000994394  -0.0101332791   0.1333524732
       -0.1328486850
        0.0000410091  -0.0000132145  -0.0000074783  -0.0002214329  -0.0000434641
       -0.0001741818  -0.0004389634   0.0002923419   0.0007428597  -0.0027641178
       -0.0005327788  -0.0016815133  -0.0037968648   0.0095009344  -0.0179666581
       -0.0000013568  -0.0004787413   0.0020284683  -0.0131100149   0.1149176762
       -0.2088805926  -0.0001133528   0.0000238015   0.0000744839   0.0000494051
       -0.0000066813   0.0000320807  -0.0000153725  -0.0000228067  -0.0000305090
        0.0000199189   0.0000056042  -0.0000178662  -0.0000555927   0.0000020450
        0.0000473965   0.0000912826   0.0000448642   0.0000163134   0.0001118058
       -0.0000397817   0.0000679946   0.0004687843  -0.0018253993   0.0052529922
        0.0029774945   0.0110242852  -0.0175745144   0.0167573684  -0.1328486850
        0.2380707244
