           1           2   1.00890314465988     
           2           3   1.00964980715850     
           2           4  0.993410003760285     
           4           5  0.993408054064007     
           5           6   1.00890598042206     
           5           7   1.00964988889836     
           1           8  0.986983655304197     
           1           9  0.986321392907793     
           1          10  0.982491284617144     
           2          11  0.969088130615710     
           3          12  0.985932871486584     
           3          13  0.986405228491986     
           3          14  0.982191395399495     
           4          15  0.976358382173668     
           4          16  0.976363509209180     
           5          17  0.969088958239095     
           6          18  0.986980726792761     
           6          19  0.986324238790606     
           6          20  0.982494002390780     
           7          21  0.982188768745184     
           7          22  0.985932306108955     
           7          23  0.986404514943429     
