           1           2   1.42837743368326     
           2           3   1.46076374818975     
           3           4   1.35068535628233     
           2           5  0.104282620964908     
           4           5   1.35067605038951     
           1           6   1.42837002776808     
           3           6  0.104280819492357     
           5           6   1.46077358482491     
           4           7   1.14905608664838     
           1           8  0.972201279602360     
           2           9  0.971585411915628     
           3          10  0.969012274104185     
           5          11  0.969012193054036     
           6          12  0.971585081521541     
           7          13  0.956380502940382     
           7          14  0.956382008687487     
