           1           2   1.02175257849182     
           2           3  0.978124438355597     
           3           4  0.996641252852747     
           4           5   1.80848955723364     
           4           6   1.02237587698177     
           1           7  0.987197353348499     
           1           8  0.986975100281355     
           1           9  0.985875003101463     
           2          10  0.974838440173943     
           2          11  0.975412914434036     
           3          12  0.973288953543540     
           3          13  0.957168700289110     
           6          14  0.949958429602574     
           6          15  0.951434097477912     
           6          16  0.982765694859712     
