           1           2   1.01962140211396     
           2           3   1.00803261910354     
           3           4  0.983781754710508     
           4           5  0.965646452789666     
           4           6   1.00201715967312     
           4           7  0.980761442156967     
           1           8  0.986294722418781     
           1           9  0.981763470153897     
           1          10  0.986583461226555     
           2          11  0.977576040509305     
           2          12  0.976134800347326     
           3          13  0.975246719818592     
           3          14  0.976708973997530     
           6          15  0.984604345932242     
           6          16  0.981686394809179     
           6          17  0.985785560976750     
           7          18  0.866201841086129     
