           1           2  0.984458253537416     
           2           3  0.986510593690608     
           3           4  0.992142827290226     
           4           5   1.02935575615323     
           1           6  0.979223028664510     
           1           7  0.977911297521183     
           1           8  0.977573700251890     
           3           9  0.968727044637416     
           3          10  0.965757117028067     
           4          11  0.966525867603920     
           4          12  0.971946768045416     
           5          13  0.957910993255089     
           5          14  0.959759925842897     
