$hessian                                                                        
        0.4316041926  -0.0227255819  -0.0295570243  -0.1465217602   0.0135838115
       -0.0414549085  -0.0221418951   0.0063555496  -0.0041671580  -0.0011339260
        0.0018448026   0.0012332323  -0.0174314635  -0.0080372313  -0.0031215073
       -0.1115817457  -0.0816535748   0.0396344111  -0.0415708669   0.0039794979
        0.0050774764  -0.0897241791   0.0842858870   0.0424248230  -0.0032494323
        0.0007524375  -0.0035081557   0.0006178187  -0.0004455155  -0.0006185347
        0.0005462894  -0.0003077292  -0.0000626158  -0.0004259714   0.0001461391
        0.0001132775  -0.0023954282  -0.0012448839  -0.0010565694   0.0034083678
        0.0034663915  -0.0049367467
       -0.0227255819   0.4839583731   0.0270888988   0.0204114061  -0.0594495730
        0.0035069165   0.0151884373   0.0010549670   0.0071944450   0.0068164819
       -0.0039715929  -0.0015311839  -0.0331464914  -0.0076390652  -0.0069170157
       -0.0623859984  -0.1575898261   0.0227545123   0.0024463657  -0.0423370071
        0.0114601171   0.0881694389  -0.1831754198  -0.0744256860   0.0034667948
        0.0011251425   0.0022362932  -0.0001484162   0.0006039742   0.0004175047
        0.0003976871  -0.0003882558   0.0003651940  -0.0000540787   0.0000744542
       -0.0000907563  -0.0021625693  -0.0034430602  -0.0004189586  -0.0162734759
       -0.0288231108   0.0083597188
       -0.0295570243   0.0270888988   0.5060817698  -0.0415942302   0.0032139458
       -0.0851475039   0.0059059731   0.0004607352   0.0034376821   0.0046458353
       -0.0016029572   0.0003686878   0.0057848318  -0.0006618033   0.0046133312
        0.0463399673   0.0403275133  -0.0773161407   0.0052599599   0.0088404390
       -0.2574301275   0.0428944858  -0.0715275641  -0.0824672766  -0.0288031051
        0.0029627646  -0.0170996255   0.0015603988  -0.0004057499   0.0006722968
       -0.0000682275   0.0001841727   0.0002366120  -0.0000624092   0.0000041465
       -0.0001429224   0.0006456905   0.0012038934   0.0000650249  -0.0129521460
       -0.0100884349   0.0041281921
       -0.1465217602   0.0204114061  -0.0415942302   0.4643954027  -0.0048635080
       -0.0031033701  -0.0790516992   0.0331256983   0.0272047980  -0.0452829488
        0.0237137383   0.0055548724  -0.0897297184  -0.0305009636   0.0089994548
       -0.0234131648  -0.0142694224  -0.0006356741  -0.0034043476   0.0011625512
       -0.0049233072  -0.0207568957   0.0068684009  -0.0066179754  -0.0439357118
        0.0017932895   0.0065359064  -0.0026422571   0.0037864571   0.0052424639
        0.0055787356  -0.0068996419  -0.0032244888   0.0005630034  -0.0003686550
       -0.0000189277  -0.0163966567  -0.0336191746   0.0064873002   0.0005980186
       -0.0003401762   0.0000931779
        0.0135838115  -0.0594495730   0.0032139458  -0.0048635080   0.4304547004
       -0.0116474416   0.0445986845  -0.1068486722  -0.0347242697   0.0079286453
       -0.0030894045  -0.0001145462  -0.0586514890  -0.1917840334   0.0336014767
       -0.0301519249  -0.0065548400  -0.0050496503   0.0024935190   0.0010647764
        0.0011431460   0.0236115115  -0.0043173834   0.0081869002   0.0017224042
       -0.0387295981   0.0183487748  -0.0002031935   0.0018000415  -0.0006648567
        0.0099898257  -0.0220976778  -0.0109754878   0.0004389611   0.0001728075
        0.0006285783  -0.0089794946  -0.0000862977  -0.0011517593  -0.0015177527
       -0.0005348457  -0.0007948102
       -0.0414549085   0.0035069165  -0.0851475039  -0.0031033701  -0.0116474416
        0.4927762694   0.0318372466  -0.0346979607  -0.0926435879  -0.0108490907
        0.0066178198   0.0058206666   0.0095239558   0.0264928044  -0.0572859411
        0.0108871955   0.0032998727   0.0045673388  -0.0290828127   0.0032543908
       -0.0185243935   0.0094564042  -0.0022254947   0.0044762203   0.0085330093
        0.0226195883  -0.2370081498   0.0165699783  -0.0216024896  -0.0195184617
       -0.0023121495   0.0049704455   0.0021938054  -0.0009886993   0.0013632120
        0.0015132643   0.0016454918  -0.0012163483  -0.0014111897  -0.0006622507
       -0.0007353151   0.0001916629
       -0.0221418951   0.0151884373   0.0059059731  -0.0790516992   0.0445986845
        0.0318372466   0.4207555235   0.0384655598  -0.0135238252  -0.2094578129
       -0.0120529860  -0.0517515378   0.0038305353  -0.0135938745  -0.0036654777
        0.0014319450   0.0013767536   0.0002760196   0.0009640056   0.0003480717
        0.0015330237  -0.0033391125   0.0004281040  -0.0011820353  -0.0013719109
        0.0032697047   0.0021859978  -0.0400004900  -0.0042425703   0.0177195998
       -0.0659057870  -0.0732888033   0.0195005792  -0.0048149083   0.0014040572
       -0.0076894589  -0.0004950278  -0.0020051394  -0.0007388485  -0.0004033658
        0.0001040007  -0.0004072565
        0.0063555496   0.0010549670   0.0004607352   0.0331256983  -0.1068486722
       -0.0346979607   0.0384655598   0.4790074844  -0.0395401501  -0.0161952047
       -0.0470982428   0.0058796670   0.0073423295  -0.0483410389  -0.0109133385
       -0.0008417547  -0.0014286153   0.0005622724  -0.0006967885   0.0001466498
       -0.0002684664  -0.0010060927   0.0004210707  -0.0004034800   0.0012410187
        0.0011122447  -0.0016396301  -0.0056656209  -0.0526393587   0.0383882814
       -0.0730252078  -0.2213653403   0.0416427923   0.0096714318  -0.0027615674
        0.0005351926   0.0016447150  -0.0015217874   0.0004236164  -0.0004156333
        0.0002622064  -0.0004295315
       -0.0041671580   0.0071944450   0.0034376821   0.0272047980  -0.0347242697
       -0.0926435879  -0.0135238252  -0.0395401501   0.5134370209  -0.0262184850
        0.0089254830  -0.0828680154  -0.0027707320   0.0027369659   0.0050387869
       -0.0007943622  -0.0004499238   0.0005758699  -0.0015684217   0.0007698249
        0.0009208672  -0.0026631043   0.0007732374  -0.0001336179   0.0178189360
       -0.0214357324  -0.0196898634   0.0230551907   0.0396321400  -0.2621742601
        0.0170677956   0.0389784990  -0.0541623283  -0.0341012491  -0.0020413345
       -0.0131257846   0.0001002375  -0.0008373034   0.0014330881   0.0005603796
        0.0000181186  -0.0000458574
       -0.0011339260   0.0068164819   0.0046458353  -0.0452829488   0.0079286453
       -0.0108490907  -0.2094578129  -0.0161952047  -0.0262184850   0.3375576572
        0.0181519061   0.0621513352  -0.0000816891  -0.0022926504   0.0001062292
       -0.0009596253  -0.0009552038  -0.0001523022   0.0004334303  -0.0001758905
        0.0001725128  -0.0027288057   0.0005357733  -0.0007630254   0.0013941979
       -0.0013695247  -0.0003595020  -0.0079994535   0.0013716528  -0.0101258000
       -0.0360875429  -0.0112497979  -0.0108440094  -0.0384271563  -0.0017306819
       -0.0077802353   0.0020708992  -0.0011638816  -0.0003447473   0.0007027760
        0.0003283761   0.0003612849
        0.0018448026  -0.0039715929  -0.0016029572   0.0237137383  -0.0030894045
        0.0066178198  -0.0120529860  -0.0470982428   0.0089254830   0.0181519061
        0.0942858805  -0.1349070966   0.0061664265   0.0030456477  -0.0002228025
        0.0002009916   0.0008502190  -0.0003724164  -0.0000109058  -0.0001081878
       -0.0001386895   0.0011911626  -0.0000804626   0.0004624564  -0.0007645411
        0.0003250315   0.0008627733   0.0069943627   0.0011357286   0.0037448922
       -0.0299556368  -0.0009994110  -0.0097584126  -0.0122523476  -0.0483069933
        0.1267315855  -0.0034181055   0.0039795504  -0.0005662091   0.0001911326
        0.0000322370   0.0002235737
        0.0012332323  -0.0015311839   0.0003686878   0.0055548724  -0.0001145462
        0.0058206666  -0.0517515378   0.0058796670  -0.0828680154   0.0621513352
       -0.1349070966   0.4743514415   0.0005067759   0.0010922923   0.0011219899
        0.0000299862   0.0000775054  -0.0001026881   0.0002922995  -0.0001129129
       -0.0000628599   0.0001412478   0.0000444855   0.0002138438   0.0002660938
        0.0002141982   0.0013774538  -0.0357116752  -0.0002036711  -0.0180816402
       -0.0025556159  -0.0032708769   0.0026653274   0.0189980779   0.1320977390
       -0.3836021381   0.0007697358   0.0006348085  -0.0012260106   0.0000751722
        0.0000995917   0.0000239416
       -0.0174314635  -0.0331464914   0.0057848318  -0.0897297184  -0.0586514890
        0.0095239558   0.0038305353   0.0073423295  -0.0027707320  -0.0000816891
        0.0061664265   0.0005067759   0.5152895745   0.0173215973  -0.0112354451
       -0.0116049185  -0.0038237755  -0.0022973443   0.0014456558   0.0005859699
        0.0000271931   0.0015475059  -0.0000913668   0.0008902757  -0.0014153026
       -0.0115803627   0.0082746840   0.0001063019  -0.0002247462  -0.0005734234
       -0.0009277041   0.0020886192   0.0007366530   0.0000007337   0.0001285844
        0.0001293479  -0.4010173747   0.0736059335  -0.0089103398  -0.0000121362
        0.0002787711  -0.0000864326
       -0.0080372313  -0.0076390652  -0.0006618033  -0.0305009636  -0.1917840334
        0.0264928044  -0.0135938745  -0.0483410389   0.0027369659  -0.0022926504
        0.0030456477   0.0010922923   0.0173215973   0.3223071941  -0.0532868076
       -0.0031848813  -0.0006190452  -0.0006771365   0.0008726097   0.0003311869
       -0.0004789500   0.0003536850   0.0004925257   0.0004383469  -0.0113340264
       -0.0248793009   0.0186560215  -0.0011746120   0.0022413169   0.0014390051
        0.0046113484  -0.0084649381  -0.0040584403  -0.0005425085  -0.0000071121
       -0.0004787398   0.0471511929  -0.0471137675   0.0083537523   0.0003503147
        0.0004304299   0.0004326890
       -0.0031215073  -0.0069170157   0.0046133312   0.0089994548   0.0336014767
       -0.0572859411  -0.0036654777  -0.0109133385   0.0050387869   0.0001062292
       -0.0002228025   0.0011219899  -0.0112354451  -0.0532868076   0.0537509711
       -0.0019811862  -0.0009665862   0.0007508831   0.0012061792   0.0002489653
        0.0015363004   0.0000943522  -0.0001435942  -0.0003661919   0.0155696246
        0.0326498428  -0.0067917325  -0.0010089118   0.0006648244   0.0014873862
        0.0011542458  -0.0029614571  -0.0000121276   0.0001272226  -0.0004658681
       -0.0000430702  -0.0061391856   0.0085761701  -0.0036356698  -0.0001055947
        0.0001361906  -0.0001649158
       -0.1115817457  -0.0623859984   0.0463399673  -0.0234131648  -0.0301519249
        0.0108871955   0.0014319450  -0.0008417547  -0.0007943622  -0.0009596253
        0.0002009916   0.0000299862  -0.0116049185  -0.0031848813  -0.0019811862
        0.1930346087   0.0431454488  -0.1366409117  -0.0058463067  -0.0124762867
        0.0090546242   0.0069656331   0.0024767931  -0.0034601302   0.0023193054
        0.0005533056   0.0012139954   0.0000912441  -0.0003543217   0.0001380221
       -0.0003445885  -0.0003505425  -0.0002723709   0.0004132983  -0.0000723984
       -0.0000182095  -0.0006350919  -0.0016992565  -0.0005100053  -0.0498705931
        0.0651408258   0.0760133854
       -0.0816535748  -0.1575898261   0.0403275133  -0.0142694224  -0.0065548400
        0.0032998727   0.0013767536  -0.0014286153  -0.0004499238  -0.0009552038
        0.0008502190   0.0000775054  -0.0038237755  -0.0006190452  -0.0009665862
        0.0431454488   0.4805048797   0.1344712233  -0.0112096723  -0.0149619705
        0.0136294163  -0.0167954276  -0.0351148014   0.0060175865   0.0005333236
        0.0002331549  -0.0010059162   0.0001741232  -0.0003868485  -0.0000339939
        0.0000923113   0.0006892633  -0.0000223013   0.0000420239  -0.0001048030
       -0.0000982863  -0.0005143976  -0.0005999775  -0.0002976672   0.0838574897
       -0.2649167895  -0.1949484425
        0.0396344111   0.0227545123  -0.0773161407  -0.0006356741  -0.0050496503
        0.0045673388   0.0002760196   0.0005622724   0.0005758699  -0.0001523022
       -0.0003724164  -0.0001026881  -0.0022973443  -0.0006771365   0.0007508831
       -0.1366409117   0.1344712233   0.2352296202   0.0216828121   0.0315376446
       -0.0134896411  -0.0067459842  -0.0101201464   0.0045514682   0.0011278842
       -0.0002693536   0.0012938356  -0.0004228150  -0.0000270281   0.0000648872
        0.0004199190  -0.0004190841  -0.0003106754   0.0001197530   0.0000087710
        0.0001696178  -0.0002570759  -0.0002264962  -0.0000157945   0.0838913085
       -0.1721731121  -0.1559685808
       -0.0415708669   0.0024463657   0.0052599599  -0.0034043476   0.0024935190
       -0.0290828127   0.0009640056  -0.0006967885  -0.0015684217   0.0004334303
       -0.0000109058   0.0002922995   0.0014456558   0.0008726097   0.0012061792
       -0.0058463067  -0.0112096723   0.0216828121   0.0530235283   0.0041377626
       -0.0102944721  -0.0000401563   0.0016150095   0.0156431024  -0.0054979354
        0.0002666688  -0.0030380127  -0.0005024573   0.0001695181   0.0003084691
       -0.0000398643  -0.0000214255   0.0000464448   0.0000532988  -0.0000489229
        0.0001594997   0.0000408243   0.0000426638  -0.0001767629   0.0009411916
       -0.0000564023  -0.0004382847
        0.0039794979  -0.0423370071   0.0088404390   0.0011625512   0.0010647764
        0.0032543908   0.0003480717   0.0001466498   0.0007698249  -0.0001758905
       -0.0001081878  -0.0001129129   0.0005859699   0.0003311869   0.0002489653
       -0.0124762867  -0.0149619705   0.0315376446   0.0041377626   0.0550848963
       -0.0220957078   0.0021549389   0.0001879830  -0.0253831612   0.0002518143
        0.0001570078   0.0008059118   0.0002726624   0.0001267967  -0.0000832230
       -0.0001038066  -0.0002048181   0.0001064124   0.0000492322  -0.0000038537
       -0.0000432957  -0.0001226348   0.0000858076  -0.0001099754  -0.0000638827
        0.0004307327   0.0022646870
        0.0050774764   0.0114601171  -0.2574301275  -0.0049233072   0.0011431460
       -0.0185243935   0.0015330237  -0.0002684664   0.0009208672   0.0001725128
       -0.0001386895  -0.0000628599   0.0000271931  -0.0004789500   0.0015363004
        0.0090546242   0.0136294163  -0.0134896411  -0.0102944721  -0.0220957078
        0.3026717337   0.0020894102  -0.0025947805  -0.0173029523  -0.0032490010
        0.0003690859  -0.0011984040  -0.0004560368   0.0001353512   0.0003352705
        0.0000685100   0.0000342975  -0.0001149311   0.0001239022  -0.0001160678
        0.0001585891   0.0004829356  -0.0000827919  -0.0002499323   0.0002932289
       -0.0009959600   0.0027504808
       -0.0897241791   0.0881694389   0.0428944858  -0.0207568957   0.0236115115
        0.0094564042  -0.0033391125  -0.0010060927  -0.0026631043  -0.0027288057
        0.0011911626   0.0001412478   0.0015475059   0.0003536850   0.0000943522
        0.0069656331  -0.0167954276  -0.0067459842  -0.0000401563   0.0021549389
        0.0020894102   0.1065497837  -0.0938868115  -0.0465764674   0.0008539904
        0.0002564955   0.0005536110   0.0001388514  -0.0001127574  -0.0002783455
        0.0000067785  -0.0002600011   0.0000086424   0.0000645522   0.0000583786
        0.0000856021   0.0007210665  -0.0000865456   0.0000792855  -0.0002590121
       -0.0036479750   0.0008608605
        0.0842858870  -0.1831754198  -0.0715275641   0.0068684009  -0.0043173834
       -0.0022254947   0.0004281040   0.0004210707   0.0007732374   0.0005357733
       -0.0000804626   0.0000444855  -0.0000913668   0.0004925257  -0.0001435942
        0.0024767931  -0.0351148014  -0.0101201464   0.0016150095   0.0001879830
       -0.0025947805  -0.0938868115   0.2261923686   0.0829216837  -0.0001827935
       -0.0000964248   0.0000486818  -0.0001286240   0.0000398773   0.0001030642
       -0.0001929134   0.0000243974  -0.0000811689  -0.0000196957  -0.0000303424
       -0.0000485273  -0.0004800297   0.0000459566   0.0000032275  -0.0012277334
       -0.0045893450   0.0028468960
        0.0424248230  -0.0744256860  -0.0824672766  -0.0066179754   0.0081869002
        0.0044762203  -0.0011820353  -0.0004034800  -0.0001336179  -0.0007630254
        0.0004624564   0.0002138438   0.0008902757   0.0004383469  -0.0003661919
       -0.0034601302   0.0060175865   0.0045514682   0.0156431024  -0.0253831612
       -0.0173029523  -0.0465764674   0.0829216837   0.0895762818  -0.0004766825
        0.0004997924   0.0002480167  -0.0002598357   0.0000723132   0.0001288290
        0.0000191267   0.0001658816  -0.0001014382   0.0000162135  -0.0000549844
        0.0000674470  -0.0001019183   0.0000403565   0.0000337423   0.0004445288
        0.0014619941   0.0010756278
       -0.0032494323   0.0034667948  -0.0288031051  -0.0439357118   0.0017224042
        0.0085330093  -0.0013719109   0.0012410187   0.0178189360   0.0013941979
       -0.0007645411   0.0002660938  -0.0014153026  -0.0113340264   0.0155696246
        0.0023193054   0.0005333236   0.0011278842  -0.0054979354   0.0002518143
       -0.0032490010   0.0008539904  -0.0001827935  -0.0004766825   0.0531662639
        0.0033136703  -0.0128753283  -0.0017381009   0.0024391499   0.0015849253
        0.0002194112  -0.0004970059  -0.0001719403  -0.0003083788   0.0003150619
       -0.0003986138  -0.0002605569  -0.0007567740   0.0011143065  -0.0001758391
        0.0002519032  -0.0000401086
        0.0007524375   0.0011251425   0.0029627646   0.0017932895  -0.0387295981
        0.0226195883   0.0032697047   0.0011122447  -0.0214357324  -0.0013695247
        0.0003250315   0.0002141982  -0.0115803627  -0.0248793009   0.0326498428
        0.0005533056   0.0002331549  -0.0002693536   0.0002666688   0.0001570078
        0.0003690859   0.0002564955  -0.0000964248   0.0004997924   0.0033136703
        0.0627558490  -0.0357343451   0.0028517207  -0.0027257422  -0.0025763801
       -0.0000509648   0.0005208857  -0.0005027273   0.0001831744   0.0002109779
        0.0003095044  -0.0000908609   0.0000927103   0.0011261630  -0.0001487540
       -0.0001019383  -0.0002324011
       -0.0035081557   0.0022362932  -0.0170996255   0.0065359064   0.0183487748
       -0.2370081498   0.0021859978  -0.0016396301  -0.0196898634  -0.0003595020
        0.0008627733   0.0013774538   0.0082746840   0.0186560215  -0.0067917325
        0.0012139954  -0.0010059162   0.0012938356  -0.0030380127   0.0008059118
       -0.0011984040   0.0005536110   0.0000486818   0.0002480167  -0.0128753283
       -0.0357343451   0.2805491281   0.0017812709  -0.0028159115  -0.0016165732
       -0.0002492816   0.0001827578   0.0000310003   0.0003345373  -0.0002767300
        0.0001815504  -0.0005384412   0.0000283970  -0.0001186379  -0.0003112812
        0.0003029217  -0.0001579986
        0.0006178187  -0.0001484162   0.0015603988  -0.0026422571  -0.0002031935
        0.0165699783  -0.0400004900  -0.0056656209   0.0230551907  -0.0079994535
        0.0069943627  -0.0357116752   0.0001063019  -0.0011746120  -0.0010089118
        0.0000912441   0.0001741232  -0.0004228150  -0.0005024573   0.0002726624
       -0.0004560368   0.0001388514  -0.0001286240  -0.0002598357  -0.0017381009
        0.0028517207   0.0017812709   0.0568223527   0.0018896725  -0.0130510359
       -0.0000272957  -0.0032907245   0.0114663653  -0.0047389422  -0.0010054471
       -0.0035396427   0.0001462437  -0.0003119677  -0.0003320026  -0.0002738158
       -0.0002539355   0.0003487517
       -0.0004455155   0.0006039742  -0.0004057499   0.0037864571   0.0018000415
       -0.0216024896  -0.0042425703  -0.0526393587   0.0396321400   0.0013716528
        0.0011357286  -0.0002036711  -0.0002247462   0.0022413169   0.0006648244
       -0.0003543217  -0.0003868485  -0.0000270281   0.0001695181   0.0001267967
        0.0001353512  -0.0001127574   0.0000398773   0.0000723132   0.0024391499
       -0.0027257422  -0.0028159115   0.0018896725   0.0557095061  -0.0434868490
       -0.0040100597  -0.0070923508   0.0284370367   0.0000845250   0.0014333788
       -0.0002289087  -0.0002122349  -0.0002884784  -0.0005041009  -0.0001387698
        0.0000421586   0.0003330432
       -0.0006185347   0.0004175047   0.0006722968   0.0052424639  -0.0006648567
       -0.0195184617   0.0177195998   0.0383882814  -0.2621742601  -0.0101258000
        0.0037448922  -0.0180816402  -0.0005734234   0.0014390051   0.0014873862
        0.0001380221  -0.0000339939   0.0000648872   0.0003084691  -0.0000832230
        0.0003352705  -0.0002783455   0.0001030642   0.0001288290   0.0015849253
       -0.0025763801  -0.0016165732  -0.0130510359  -0.0434868490   0.3087747415
        0.0024169134   0.0040328187  -0.0091267218  -0.0026228648  -0.0012009932
       -0.0004780298  -0.0002953612  -0.0002932314  -0.0003975490   0.0001549720
        0.0002139610  -0.0000701753
        0.0005462894   0.0003976871  -0.0000682275   0.0055787356   0.0099898257
       -0.0023121495  -0.0659057870  -0.0730252078   0.0170677956  -0.0360875429
       -0.0299556368  -0.0025556159  -0.0009277041   0.0046113484   0.0011542458
       -0.0003445885   0.0000923113   0.0004199190  -0.0000398643  -0.0001038066
        0.0000685100   0.0000067785  -0.0001929134   0.0000191267   0.0002194112
       -0.0000509648  -0.0002492816  -0.0000272957  -0.0040100597   0.0024169134
        0.0972053986   0.0924419230  -0.0155192089   0.0008516352  -0.0001987352
        0.0001927494  -0.0001756207  -0.0000005331  -0.0000417086  -0.0008998453
        0.0000047620  -0.0005930680
       -0.0003077292  -0.0003882558   0.0001841727  -0.0068996419  -0.0220976778
        0.0049704455  -0.0732888033  -0.2213653403   0.0389784990  -0.0112497979
       -0.0009994110  -0.0032708769   0.0020886192  -0.0084649381  -0.0029614571
       -0.0003505425   0.0006892633  -0.0004190841  -0.0000214255  -0.0002048181
        0.0000342975  -0.0002600011   0.0000243974   0.0001658816  -0.0004970059
        0.0005208857   0.0001827578  -0.0032907245  -0.0070923508   0.0040328187
        0.0924419230   0.2560586913  -0.0427552461   0.0005082968   0.0020602744
        0.0004728952   0.0002954634   0.0006059587   0.0000523772   0.0008313694
        0.0006533213   0.0003325189
       -0.0000626158   0.0003651940   0.0002366120  -0.0032244888  -0.0109754878
        0.0021938054   0.0195005792   0.0416427923  -0.0541623283  -0.0108440094
       -0.0097584126   0.0026653274   0.0007366530  -0.0040584403  -0.0000121276
       -0.0002723709  -0.0000223013  -0.0003106754   0.0000464448   0.0001064124
       -0.0001149311   0.0000086424  -0.0000811689  -0.0001014382  -0.0001719403
       -0.0005027273   0.0000310003   0.0114663653   0.0284370367  -0.0091267218
       -0.0155192089  -0.0427552461   0.0572115347  -0.0012095067  -0.0023501310
        0.0009342659  -0.0001856106   0.0000210644  -0.0000979257  -0.0002689332
       -0.0000685846   0.0006536024
       -0.0004259714  -0.0000540787  -0.0000624092   0.0005630034   0.0004389611
       -0.0009886993  -0.0048149083   0.0096714318  -0.0341012491  -0.0384271563
       -0.0122523476   0.0189980779   0.0000007337  -0.0005425085   0.0001272226
        0.0004132983   0.0000420239   0.0001197530   0.0000532988   0.0000492322
        0.0001239022   0.0000645522  -0.0000196957   0.0000162135  -0.0003083788
        0.0001831744   0.0003345373  -0.0047389422   0.0000845250  -0.0026228648
        0.0008516352   0.0005082968  -0.0012095067   0.0467390779   0.0014869329
        0.0190857751   0.0001874812   0.0004077732   0.0002674489  -0.0001577238
       -0.0000037209  -0.0000882013
        0.0001461391   0.0000744542   0.0000041465  -0.0003686550   0.0001728075
        0.0013632120   0.0014040572  -0.0027615674  -0.0020413345  -0.0017306819
       -0.0483069933   0.1320977390   0.0001285844  -0.0000071121  -0.0004658681
       -0.0000723984  -0.0001048030   0.0000087710  -0.0000489229  -0.0000038537
       -0.0001160678   0.0000583786  -0.0000303424  -0.0000549844   0.0003150619
        0.0002109779  -0.0002767300  -0.0010054471   0.0014333788  -0.0012009932
       -0.0001987352   0.0020602744  -0.0023501310   0.0014869329   0.0479538593
       -0.1280171460  -0.0000924337  -0.0006691441   0.0011025244  -0.0000218800
       -0.0000219360  -0.0000531378
        0.0001132775  -0.0000907563  -0.0001429224  -0.0000189277   0.0006285783
        0.0015132643  -0.0076894589   0.0005351926  -0.0131257846  -0.0077802353
        0.1267315855  -0.3836021381   0.0001293479  -0.0004787398  -0.0000430702
       -0.0000182095  -0.0000982863   0.0001696178   0.0001594997  -0.0000432957
        0.0001585891   0.0000856021  -0.0000485273   0.0000674470  -0.0003986138
        0.0003095044   0.0001815504  -0.0035396427  -0.0002289087  -0.0004780298
        0.0001927494   0.0004728952   0.0009342659   0.0190857751  -0.1280171460
        0.3948666081  -0.0002447346   0.0002714036  -0.0003338727  -0.0000764292
        0.0000565006  -0.0001655247
       -0.0023954282  -0.0021625693   0.0006456905  -0.0163966567  -0.0089794946
        0.0016454918  -0.0004950278   0.0016447150   0.0001002375   0.0020708992
       -0.0034181055   0.0007697358  -0.4010173747   0.0471511929  -0.0061391856
       -0.0006350919  -0.0005143976  -0.0002570759   0.0000408243  -0.0001226348
        0.0004829356   0.0007210665  -0.0004800297  -0.0001019183  -0.0002605569
       -0.0000908609  -0.0005384412   0.0001462437  -0.0002122349  -0.0002953612
       -0.0001756207   0.0002954634  -0.0001856106   0.0001874812  -0.0000924337
       -0.0002447346   0.4183199353  -0.0330219495   0.0041255914  -0.0001106933
        0.0000033393  -0.0000073552
       -0.0012448839  -0.0034430602   0.0012038934  -0.0336191746  -0.0000862977
       -0.0012163483  -0.0020051394  -0.0015217874  -0.0008373034  -0.0011638816
        0.0039795504   0.0006348085   0.0736059335  -0.0471137675   0.0085761701
       -0.0016992565  -0.0005999775  -0.0002264962   0.0000426638   0.0000858076
       -0.0000827919  -0.0000865456   0.0000459566   0.0000403565  -0.0007567740
        0.0000927103   0.0000283970  -0.0003119677  -0.0002884784  -0.0002932314
       -0.0000005331   0.0006059587   0.0000210644   0.0004077732  -0.0006691441
        0.0002714036  -0.0330219495   0.0489323160  -0.0080026613  -0.0001462647
       -0.0000197868  -0.0001172610
       -0.0010565694  -0.0004189586   0.0000650249   0.0064873002  -0.0011517593
       -0.0014111897  -0.0007388485   0.0004236164   0.0014330881  -0.0003447473
       -0.0005662091  -0.0012260106  -0.0089103398   0.0083537523  -0.0036356698
       -0.0005100053  -0.0002976672  -0.0000157945  -0.0001767629  -0.0001099754
       -0.0002499323   0.0000792855   0.0000032275   0.0000337423   0.0011143065
        0.0011261630  -0.0001186379  -0.0003320026  -0.0005041009  -0.0003975490
       -0.0000417086   0.0000523772  -0.0000979257   0.0002674489   0.0011025244
       -0.0003338727   0.0041255914  -0.0080026613   0.0059323891   0.0000370520
       -0.0000103290   0.0000223378
        0.0034083678  -0.0162734759  -0.0129521460   0.0005980186  -0.0015177527
       -0.0006622507  -0.0004033658  -0.0004156333   0.0005603796   0.0007027760
        0.0001911326   0.0000751722  -0.0000121362   0.0003503147  -0.0001055947
       -0.0498705931   0.0838574897   0.0838913085   0.0009411916  -0.0000638827
        0.0002932289  -0.0002590121  -0.0012277334   0.0004445288  -0.0001758391
       -0.0001487540  -0.0003112812  -0.0002738158  -0.0001387698   0.0001549720
       -0.0008998453   0.0008313694  -0.0002689332  -0.0001577238  -0.0000218800
       -0.0000764292  -0.0001106933  -0.0001462647   0.0000370520   0.0465126705
       -0.0652761598  -0.0710800070
        0.0034663915  -0.0288231108  -0.0100884349  -0.0003401762  -0.0005348457
       -0.0007353151   0.0001040007   0.0002622064   0.0000181186   0.0003283761
        0.0000322370   0.0000995917   0.0002787711   0.0004304299   0.0001361906
        0.0651408258  -0.2649167895  -0.1721731121  -0.0000564023   0.0004307327
       -0.0009959600  -0.0036479750  -0.0045893450   0.0014619941   0.0002519032
       -0.0001019383   0.0003029217  -0.0002539355   0.0000421586   0.0002139610
        0.0000047620   0.0006533213  -0.0000685846  -0.0000037209  -0.0000219360
        0.0000565006   0.0000033393  -0.0000197868  -0.0000103290  -0.0652761598
        0.2971566660   0.1817824574
       -0.0049367467   0.0083597188   0.0041281921   0.0000931779  -0.0007948102
        0.0001916629  -0.0004072565  -0.0004295315  -0.0000458574   0.0003612849
        0.0002235737   0.0000239416  -0.0000864326   0.0004326890  -0.0001649158
        0.0760133854  -0.1949484425  -0.1559685808  -0.0004382847   0.0022646870
        0.0027504808   0.0008608605   0.0028468960   0.0010756278  -0.0000401086
       -0.0002324011  -0.0001579986   0.0003487517   0.0003330432  -0.0000701753
       -0.0005930680   0.0003325189   0.0006536024  -0.0000882013  -0.0000531378
       -0.0001655247  -0.0000073552  -0.0001172610   0.0000223378  -0.0710800070
        0.1817824574   0.1477272075
