           1           2  0.980298830776581     
           2           3  0.980578949420903     
           3           4  0.997894924622033     
           2           5  0.991726425870764     
           1           6   1.00715518785347     
           1           7  0.968870752856720     
           1           8  0.971303969350656     
           2           9  0.960423585468223     
           3          10  0.967859139300450     
           3          11  0.969804722012099     
           4          12  0.847894256761093     
           5          13  0.852916924385820     
           6          14  0.855853627108828     
