$coord
          4.343472865973         -0.700922212341         -0.634068252101     c 
          1.975810843043         -0.463795102231          1.007803501987     c 
          2.406593373646         -1.177554721456          2.907904761818     h 
          0.957350321138          2.249112691842          1.083640020548     c 
         -0.951382532197          2.249569765904         -1.079902184761     c 
         -1.971717915279         -0.463121709349         -1.006343974607     c 
         -2.390336777699         -1.179093302120         -2.908483384188     h 
         -0.002440694069         -1.981396696638          0.009685800747     o 
         -4.350305954568         -0.696637007229          0.619797392465     c 
          5.910467983639          0.306381829030          0.231600263209     h 
          4.846098511867         -2.682223627674         -0.827376406159     h 
          3.996695953639          0.068282853273         -2.507058516082     h 
          0.009744520012          2.609892145403          2.877338622790     h 
          2.451656429454          3.638278226468          0.835083112037     h 
         -2.445364361651          3.638733791773         -0.830259863585     h 
         -0.003764216739          2.612405593543         -2.873272175943     h 
         -5.911257680082          0.309640451670         -0.258258306300     h 
         -4.015362717589          0.075871195221          2.493645725442     h 
         -4.854890633056         -2.677639025154          0.813511369517     h 
$end
