           1           2  0.997231584137027     
           2           3  0.931372687395819     
           3           4   1.11023646662405     
           3           5  0.157114272626625     
           4           5   1.72151913881711     
           4           6   1.00716242809554     
           2           7  0.939038433498918     
           7           8   1.11171918945642     
           7           9  0.156305136831265     
           8           9   1.71706161708761     
           8          10   1.00849067465875     
           1          11  0.978945073600360     
           1          12  0.976040909906139     
           1          13  0.977785046937213     
           2          14  0.948428578201460     
           6          15  0.968601923858147     
           6          16  0.968620102589419     
           6          17  0.937205728775955     
          10          18  0.972323285858865     
          10          19  0.963070862573972     
          10          20  0.935778691523079     
