           1           2   1.02011398216364     
           2           3  0.980892475056105     
           3           4   1.70334735158616     
           3           5   1.15401133677724     
           4           5  0.167275206162989     
           5           6  0.920400254864417     
           6           7   1.01372877025199     
           1           8  0.986582930858612     
           1           9  0.984868532306858     
           1          10  0.986611464048316     
           2          11  0.948176903371374     
           2          12  0.947931723511385     
           6          13  0.970304238362689     
           6          14  0.969248869814173     
           7          15  0.980295753438952     
           7          16  0.984569561140117     
           7          17  0.985793814250863     
