$coord
         -8.898793729534         -1.747905067198         -0.528230482542     c 
         -7.366981357816          0.278251812446         -1.364026371995     o 
         -4.579798642708          0.654248512871         -0.208348828141     p 
         -4.585613357989          0.759993609136          3.489664688917     s 
         -4.015476555247          3.128023561141         -1.797514016381     o 
         -2.942551648194          5.346934883219         -0.744835593087     c 
         -2.743470556917         -2.515300739113         -1.950916367608     s 
         -0.800078834264         -3.470767703624          0.731084711388     c 
          1.741163577588         -2.563933822478          0.493515895978     n 
          2.114053499956          0.026747543914          0.330795591632     c 
          0.325169372546          1.475357665029          0.374682968614     o 
          4.763614743007          0.720581119642          0.099700983372     c 
          5.555403971252          3.232297131400         -0.027322553127     c 
          8.092353902169          3.764497043202         -0.252126838368     c 
          9.866752365927          1.813406725943         -0.353114905202     c 
          9.120939165640         -0.673816542117         -0.226931060303     c 
          6.550166302120         -1.250941862279          0.002828317490     c 
          5.808528385744         -3.734235179342          0.128661718004     n 
          3.555355594078         -4.316630105572          0.355453528181     n 
        -10.786146367854         -1.391966254181         -1.265384718346     h 
         -8.951152489432         -1.811474903513          1.536441561378     h 
         -8.192129282917         -3.548180004938         -1.251264908851     h 
         -2.675264268347          5.141799226596          1.290387169320     h 
         -4.233952637723          6.906319524010         -1.129653882897     h 
         -1.123014977628          5.693087439547         -1.643819257086     h 
         -0.743333459567         -5.525914429505          0.789994371640     h 
         -1.687598510941         -2.673796690735          2.433714396571     h 
          4.150528648000          4.708142659229          0.063765334323     h 
          8.720204595148          5.702787370909         -0.350177905793     h 
         11.847273702577          2.270769288159         -0.530297461762     h 
         10.458958158935         -2.208405696609         -0.296708457956     h 
$end
