           1           2   1.01910484561356     
           2           3  0.998523043958684     
           3           4   1.81771266638387     
           3           5  0.998573703492973     
           5           6   1.01915358382475     
           1           7  0.986025341731024     
           1           8  0.987474887112588     
           1           9  0.986530796015728     
           2          10  0.955461738101539     
           2          11  0.940316853443550     
           5          12  0.955258844912197     
           5          13  0.940419583581148     
           6          14  0.986026657920908     
           6          15  0.986538338175852     
           6          16  0.987466275076747     
