           1           2   1.01914383906008     
           2           3  0.988473555490829     
           3           4  0.962877358173376     
           3           5  0.973093397788055     
           5           6   1.00915822848751     
           5           7   1.00890528327093     
           3           8  0.982951984568460     
           1           9  0.986837225420970     
           1          10  0.988110133161415     
           1          11  0.986023141340870     
           2          12  0.976029090319864     
           2          13  0.973566643057070     
           5          14  0.967683607879528     
           6          15  0.984433462570956     
           6          16  0.984384660310519     
           6          17  0.986677115848353     
           7          18  0.986848113569051     
           7          19  0.986455265325563     
           7          20  0.984247991812318     
           8          21  0.870146735610164     
