   79
        178          1        178
         32        179        210
         90        211        300
         83        301        383
        117        384        500
          7        501        507
         96        508        603
         52        604        655
        102        656        757
         47        758        804
         83        805        887
         32        888        919
         47        920        966
          1        967        967
         53        968       1020
         14       1021       1034
         14       1035       1048
         24       1049       1072
         47       1073       1119
         29       1120       1148
         14       1149       1162
         61       1163       1223
          1       1224       1224
          1       1225       1225
         66       1226       1291
          6       1292       1297
          2       1298       1299
          7       1300       1306
         27       1307       1333
         24       1334       1357
         31       1358       1388
         19       1389       1407
         36       1408       1443
         22       1444       1465
          1       1466       1466
         16       1467       1482
         13       1483       1495
         17       1496       1512
          1       1513       1513
          3       1514       1516
          1       1517       1517
         14       1518       1531
         11       1532       1542
          2       1543       1544
          6       1545       1550
          8       1551       1558
          1       1559       1559
          1       1560       1560
         10       1561       1570
          5       1571       1575
          1       1576       1576
          6       1577       1582
          3       1583       1585
         30       1586       1615
          2       1616       1617
          4       1618       1621
         12       1622       1633
         15       1634       1648
          6       1649       1654
         20       1655       1674
          9       1675       1683
          6       1684       1689
         15       1690       1704
          5       1705       1709
         20       1710       1729
          2       1730       1731
          1       1732       1732
         10       1733       1742
          3       1743       1745
          4       1746       1749
         12       1750       1761
          5       1762       1766
          6       1767       1772
          2       1773       1774
          1       1775       1775
          3       1776       1778
          1       1779       1779
          5       1780       1784
          2       1785       1786
