$hessian                                                                        
        0.5022372342  -0.0327654004  -0.0031852794  -0.0974701914  -0.0575029588
       -0.0090890894  -0.0146927312  -0.0196462457   0.0028718430  -0.0006694970
       -0.0002543758   0.0004151286  -0.0003034142   0.0000777637  -0.0001832680
        0.0003071513   0.0002611974  -0.0003076779  -0.1286848010   0.1125611532
       -0.0304714661  -0.0712186517  -0.0052018661  -0.0749190600  -0.1874950352
        0.0020590413   0.1159112147   0.0075603775   0.0141049329   0.0018397138
       -0.0061820702  -0.0115038273  -0.0034654350   0.0011623554  -0.0006071547
       -0.0013980883  -0.0029813780  -0.0011676870   0.0019649382  -0.0000630320
       -0.0000662375  -0.0001845238  -0.0000808896   0.0000095073   0.0000508172
       -0.0011318436  -0.0000893054   0.0001314287  -0.0001440780  -0.0001106871
       -0.0001286856  -0.0001495053  -0.0001578497   0.0001474893
       -0.0327654004   0.4821043765  -0.0061296383  -0.0548991735  -0.1694858274
       -0.0132847889  -0.0060909094  -0.0034660443   0.0034848121   0.0000506980
       -0.0002487103   0.0000525467  -0.0001507903  -0.0002414838  -0.0001085290
       -0.0007951916  -0.0004279496   0.0001124711   0.1134131831  -0.1887786825
        0.0398731294  -0.0053573673  -0.0447104752  -0.0183644642   0.0017998709
       -0.0424231541   0.0000537515  -0.0110345958  -0.0286675000  -0.0023190441
       -0.0048417240  -0.0058550928  -0.0027926473   0.0008126612   0.0007246982
       -0.0006835622  -0.0008680728   0.0007424366   0.0000170135   0.0000348222
        0.0000580385   0.0000138299   0.0000687087   0.0002005326  -0.0000336311
        0.0007228585   0.0002685144   0.0002250334   0.0000843933   0.0001517831
       -0.0001332610  -0.0001839705   0.0000545401   0.0000169784
       -0.0031852794  -0.0061296383   0.5199748008  -0.0097041204  -0.0134720892
       -0.0674939420   0.0099317065   0.0136567383  -0.0014429791  -0.0001128397
        0.0005201878  -0.0004803741   0.0003253242  -0.0001495004   0.0003008554
        0.0001810103   0.0000228601  -0.0004950714  -0.0307218359   0.0403001056
       -0.0557460494  -0.0748639873  -0.0178266450  -0.2526446248   0.1159768745
       -0.0003168597  -0.1384995200   0.0024825392   0.0060549745   0.0017511789
       -0.0145516432  -0.0256690264  -0.0052498218   0.0011455481   0.0015074018
        0.0014666518   0.0032602743   0.0013090858  -0.0019853661   0.0001195167
        0.0000461597   0.0001796545   0.0000316033   0.0000395774  -0.0000525211
       -0.0003229932  -0.0000524539  -0.0000060417  -0.0000194959   0.0001229539
        0.0002538648   0.0000277978   0.0000361678   0.0001693054
       -0.0974701914  -0.0548991735  -0.0097041204   0.4734141578  -0.0231400338
        0.0358344152  -0.1282147853  -0.0072952434   0.0614331134  -0.0312349124
        0.0003564662   0.0094934809  -0.0004257588   0.0025900810   0.0005303795
        0.0005696277  -0.0006582595  -0.0000540740   0.0088550359   0.0139975412
        0.0019015754  -0.0071495590  -0.0115945781  -0.0038453792  -0.0150544434
       -0.0219339807  -0.0004731292  -0.1321668624   0.1095075897  -0.0328158999
       -0.0650471943  -0.0051082868  -0.0692709076   0.0013510524   0.0001544420
        0.0021054931  -0.0076041962  -0.0020816643   0.0064141948   0.0004595778
       -0.0006089889  -0.0022128175  -0.0003430508   0.0003049012   0.0007679747
       -0.0001258437   0.0003105568  -0.0000537802  -0.0000170874   0.0001135188
        0.0000798647   0.0002044336  -0.0000148879  -0.0001303838
       -0.0575029588  -0.1694858274  -0.0134720892  -0.0231400338   0.4854586738
       -0.0030085372  -0.0014026830  -0.0639970707   0.0027979002   0.0061167972
        0.0013436291  -0.0059278129   0.0007364754   0.0000964375   0.0002196761
       -0.0008250827  -0.0001968414   0.0003276413  -0.0104406578  -0.0266480645
       -0.0014426860  -0.0044831175  -0.0058892470  -0.0038589466  -0.0030688594
       -0.0028937116   0.0005568693   0.1094739697  -0.1693553780   0.0359504605
       -0.0051653785  -0.0456625074  -0.0207883683   0.0099690811   0.0014381539
       -0.0101921543  -0.0205164862  -0.0044145406   0.0182886639  -0.0001686780
        0.0002918258   0.0004373280   0.0000265535   0.0000999700  -0.0000813377
        0.0002973460  -0.0001720446   0.0003463253   0.0002690041  -0.0000956986
       -0.0001743036  -0.0001752912   0.0000822417   0.0000213712
       -0.0090890894  -0.0132847889  -0.0674939420   0.0358344152  -0.0030085372
        0.5040881760   0.0522576837   0.0064057027  -0.1104198400  -0.0016869431
       -0.0027767729   0.0093959910  -0.0023624830  -0.0001475772  -0.0012911387
        0.0000511472  -0.0000004185  -0.0003408912   0.0030468216   0.0053939831
        0.0009716986  -0.0152895791  -0.0254389959  -0.0058083006   0.0106041848
        0.0156896942   0.0010992296  -0.0328559187   0.0355689805  -0.0553701317
       -0.0692462200  -0.0197979020  -0.2468747056   0.0205295740  -0.0006504649
       -0.0214608384   0.0089519603   0.0020977652  -0.0058303797  -0.0002394359
       -0.0003056356  -0.0009737326  -0.0001669841  -0.0000668074   0.0002369674
       -0.0002650038   0.0003157446   0.0002384612   0.0000759801  -0.0000253861
       -0.0001530548  -0.0001501098   0.0000314164  -0.0000135685
       -0.0146927312  -0.0060909094   0.0099317065  -0.1282147853  -0.0014026830
        0.0522576837   0.4425694131   0.0147487757   0.0264250867  -0.1584692996
        0.0351078752  -0.0508398647  -0.0325001475  -0.0007688947  -0.0157133733
       -0.0038900781   0.0054710297  -0.0033266717   0.0005743732   0.0004073205
       -0.0001711514   0.0005538958   0.0007178326   0.0005933584  -0.0012131580
       -0.0030239913  -0.0000224001  -0.0215506139   0.0009716640   0.0153124964
        0.0034560673   0.0004236654  -0.0005151680  -0.0447180634  -0.0212023516
       -0.0346689082  -0.0421442715  -0.0240781525   0.0044930516  -0.0003727195
       -0.0026739291  -0.0048704717  -0.0001493475   0.0018741324   0.0016905568
       -0.0002583278  -0.0000217093  -0.0002342527   0.0002840926  -0.0007334467
        0.0000397661   0.0007357013   0.0002737719  -0.0003814446
       -0.0196462457  -0.0034660443   0.0136567383  -0.0072952434  -0.0639970707
        0.0064057027   0.0147487757   0.5318068630   0.0108647331   0.0399803804
       -0.0801456835   0.0207241447  -0.0143234942   0.0039708800  -0.0062667192
        0.0225996708  -0.0124389553   0.0103645751  -0.0001058088   0.0009069998
        0.0003143207  -0.0000655451   0.0005432487   0.0008254658  -0.0036342838
       -0.0040400788   0.0001858721   0.0156793652  -0.0002926240  -0.0116375491
        0.0026948326   0.0013266737  -0.0025619909  -0.0230293796  -0.1138179615
       -0.1018622066  -0.0239922925  -0.2555786899   0.0577591215  -0.0043385947
       -0.0012064735   0.0002788239  -0.0015654688   0.0010323663  -0.0017063793
        0.0003134336   0.0001596519   0.0000644298   0.0008181738   0.0007621283
        0.0008018325   0.0011617245  -0.0055252303   0.0017890849
        0.0028718430   0.0034848121  -0.0014429791   0.0614331134   0.0027979002
       -0.1104198400   0.0264250867   0.0108647331   0.4711655069  -0.0588550782
        0.0204816045  -0.0897170293  -0.0125386638   0.0007663189  -0.0042386123
       -0.0068045933   0.0039462073  -0.0030548706   0.0001103696  -0.0001243862
        0.0003151803  -0.0012937191  -0.0004086047   0.0009900798  -0.0003753352
       -0.0002271882   0.0007209892  -0.0005055735   0.0009405193   0.0023009525
        0.0225013818   0.0005736165  -0.0214960569  -0.0355951857  -0.1017598260
       -0.1922278293   0.0047624204   0.0576657331  -0.0611452434  -0.0051127156
        0.0007574844   0.0102390897   0.0024319428   0.0001524136  -0.0034149023
        0.0002670172  -0.0001406347   0.0001281317   0.0004318364  -0.0006575407
        0.0005628235  -0.0001541472   0.0008868375   0.0007346097
       -0.0006694970   0.0000506980  -0.0001128397  -0.0312349124   0.0061167972
       -0.0016869431  -0.1584692996   0.0399803804  -0.0588550782   0.6174206157
        0.1764072082   0.1776128270  -0.3172621871  -0.2252661229  -0.0961404917
       -0.0668048405   0.0148479272  -0.0042925219   0.0002713816  -0.0004392853
        0.0002487112  -0.0000880528   0.0000973892   0.0000692309   0.0002615289
       -0.0002196388   0.0001090763  -0.0027410966  -0.0001338688   0.0016877623
        0.0007869398   0.0002426517  -0.0010281006  -0.0107388083  -0.0007383470
       -0.0076382863  -0.0014535862   0.0035922082  -0.0008457972  -0.0255659881
       -0.0155254114  -0.0084224162   0.0011649107   0.0004814472   0.0008360264
        0.0013916177  -0.0193249678   0.0046624967   0.0004412985  -0.0089836077
        0.0002920007  -0.0067100241   0.0288145424  -0.0064956567
       -0.0002543758  -0.0002487103   0.0005201878   0.0003564662   0.0013436291
       -0.0027767729   0.0351078752  -0.0801456835   0.0204816045   0.1764072082
        0.6470353243   0.0112821185  -0.2260149447  -0.2779950504  -0.0680660248
        0.0197565755  -0.2087219485   0.0254336654  -0.0004221588  -0.0005025691
        0.0001540144  -0.0000330563  -0.0000085801  -0.0001093683  -0.0001154401
       -0.0003124617   0.0001043729   0.0000619349   0.0006239029   0.0000322905
        0.0003301247   0.0008797565  -0.0000583036  -0.0134177716   0.0048492389
       -0.0088299603   0.0245695412  -0.0155799797   0.0153975890   0.0063998051
        0.0046717977   0.0014098397  -0.0208843065  -0.0267037079  -0.0054614631
       -0.0046486180  -0.0157730638   0.0065560554  -0.0024247714  -0.0233943946
       -0.0005187099   0.0052259120  -0.0100174997   0.0044488649
        0.0004151286   0.0000525467  -0.0004803741   0.0094934809  -0.0059278129
        0.0093959910  -0.0508398647   0.0207241447  -0.0897170293   0.1776128270
        0.0112821185   0.2414691460  -0.0955305445  -0.0670544186  -0.0655656785
       -0.0049949328   0.0275388618  -0.0670847761  -0.0000686091  -0.0000601072
        0.0001054802   0.0000067693   0.0000351490  -0.0000355401   0.0002966982
        0.0002860769  -0.0000193054   0.0039407344  -0.0006440548  -0.0021304063
        0.0015850367  -0.0005538519   0.0004517291  -0.0241384123   0.0054362165
       -0.0137794902  -0.0084140759   0.0055496130  -0.0038145678  -0.0112230829
       -0.0076718247  -0.0057640286   0.0040522276   0.0035864358  -0.0005697044
       -0.0009095470   0.0238795718  -0.0044768415   0.0017781440  -0.0244107554
        0.0039808740  -0.0030619773   0.0079520908  -0.0019654779
       -0.0003034142  -0.0001507903   0.0003253242  -0.0004257588   0.0007364754
       -0.0023624830  -0.0325001475  -0.0143234942  -0.0125386638  -0.3172621871
       -0.2260149447  -0.0955305445   0.6272239187   0.1482104993   0.2189025055
       -0.0008648844  -0.0061748260   0.0004817753  -0.0001139984   0.0000891111
       -0.0000551808   0.0000234091   0.0000305195   0.0001110234  -0.0000736906
       -0.0001445447  -0.0000390225  -0.0005105650  -0.0000663893   0.0004183837
        0.0001630076   0.0000066140  -0.0001427172  -0.0025821084   0.0009863355
       -0.0015427594   0.0001620236  -0.0018091393   0.0006866573  -0.2309338212
        0.0678945753  -0.0980205737  -0.0448983883   0.0260903664  -0.0103171435
        0.0009388767   0.0012545923  -0.0007940692   0.0007298853   0.0016862788
        0.0003510956   0.0012278430   0.0016987608   0.0000663926
        0.0000777637  -0.0002414838  -0.0001495004   0.0025900810   0.0000964375
       -0.0001475772  -0.0007688947   0.0039708800   0.0007663189  -0.2252661229
       -0.2779950504  -0.0670544186   0.1482104993   0.6733945636  -0.0114138162
       -0.0217766936  -0.0344967124  -0.0043448255   0.0000438171   0.0000155487
       -0.0000446782  -0.0000142461   0.0000149038   0.0000730623   0.0000694283
        0.0001111037  -0.0000988572   0.0002672376  -0.0000516679   0.0000018910
       -0.0001770076   0.0000692717   0.0000777089   0.0018874018   0.0001444263
        0.0012135918   0.0023881111   0.0013678873   0.0005916376   0.0660881251
       -0.0683311163   0.0340375538   0.0280051412  -0.2918506754   0.0470184451
        0.0000527942  -0.0024622483  -0.0002862496   0.0002836306  -0.0045861578
        0.0006899784  -0.0019610660   0.0008300896  -0.0009302649
       -0.0001832680  -0.0001085290   0.0003008554   0.0005303795   0.0002196761
       -0.0012911387  -0.0157133733  -0.0062667192  -0.0042386123  -0.0961404917
       -0.0680660248  -0.0655656785   0.2189025055  -0.0114138162   0.1890494136
        0.0021635576   0.0025319756   0.0028314475  -0.0000672260   0.0000427810
       -0.0000705777   0.0000948976   0.0000583738   0.0000727355  -0.0000771498
       -0.0000797596   0.0000151235  -0.0002113325  -0.0000471376   0.0002957736
        0.0000251394  -0.0000518094   0.0002743788  -0.0021727709   0.0003599568
       -0.0014268845   0.0000152981  -0.0012722183   0.0000269256  -0.0977676898
        0.0349351932  -0.0785627442  -0.0103920507   0.0462154429  -0.0410744794
        0.0002648457   0.0017397879  -0.0004913457  -0.0000084624   0.0003867953
       -0.0000292429   0.0007371917   0.0008160315  -0.0001159493
        0.0003071513  -0.0007951916   0.0001810103   0.0005696277  -0.0008250827
        0.0000511472  -0.0038900781   0.0225996708  -0.0068045933  -0.0668048405
        0.0197565755  -0.0049949328  -0.0008648844  -0.0217766936   0.0021635576
        0.5202836000   0.0040011060   0.0138578468  -0.0013550019   0.0007146553
       -0.0004026389  -0.0001797733   0.0002193628  -0.0000245227  -0.0002901389
        0.0002920114  -0.0000530957   0.0000459173   0.0000922134   0.0000319627
       -0.0000886028   0.0000723192  -0.0000877105   0.0004535818   0.0006974712
        0.0006269391  -0.0037604734   0.0026517143  -0.0026978039   0.0004967964
       -0.0016216133   0.0022443438  -0.0002409140  -0.0040220791  -0.0046862142
       -0.1230334463  -0.0368475686   0.1070122636  -0.0608244857  -0.0322886352
       -0.0530025794  -0.2608240351   0.0470797643  -0.0534149795
        0.0002611974  -0.0004279496   0.0000228601  -0.0006582595  -0.0001968414
       -0.0000004185   0.0054710297  -0.0124389553   0.0039462073   0.0148479272
       -0.2087219485   0.0275388618  -0.0061748260  -0.0344967124   0.0025319756
        0.0040011060   0.4672601781   0.0102659882  -0.0002138351   0.0001973078
       -0.0001114687   0.0000172561   0.0000573098   0.0000218171   0.0000180817
        0.0000302034   0.0000060059   0.0001438573   0.0001670209  -0.0000664902
        0.0000621095   0.0000660011   0.0001078255  -0.0007728185   0.0005828984
       -0.0005203688   0.0015060432  -0.0002317950   0.0006020414   0.0016640964
        0.0009319526   0.0003380033  -0.0027609359  -0.0015037235   0.0003343855
       -0.0333433106  -0.0533151142   0.0461406099  -0.0314462101  -0.1048631770
       -0.1009062469   0.0473774912  -0.0530966552   0.0097484115
       -0.0003076779   0.0001124711  -0.0004950714  -0.0000540740   0.0003276413
       -0.0003408912  -0.0033266717   0.0103645751  -0.0030548706  -0.0042925219
        0.0254336654  -0.0670847761   0.0004817753  -0.0043448255   0.0028314475
        0.0138578468   0.0102659882   0.4948949627   0.0004407993   0.0000551377
        0.0005754527  -0.0000361836   0.0001516700   0.0000173053  -0.0000462313
        0.0000392334   0.0000468640  -0.0001847076  -0.0000712324   0.0002259280
        0.0000552707  -0.0001090705   0.0002498786   0.0000862714   0.0008254985
        0.0006960014  -0.0024519698   0.0014577433  -0.0001342081   0.0020928436
       -0.0013002784  -0.0035355490  -0.0052510911  -0.0000957657   0.0104645996
        0.1062027919   0.0493830911  -0.1806309808  -0.0536845646  -0.1027550449
       -0.1974695693  -0.0535819056   0.0102595023  -0.0572565233
       -0.1286848010   0.1134131831  -0.0307218359   0.0088550359  -0.0104406578
        0.0030468216   0.0005743732  -0.0001058088   0.0001103696   0.0002713816
       -0.0004221588  -0.0000686091  -0.0001139984   0.0000438171  -0.0000672260
       -0.0013550019  -0.0002138351   0.0004407993   0.1504335369  -0.1303569035
        0.0363492515  -0.0082776491   0.0096378664  -0.0047740371  -0.0197977987
        0.0213722012  -0.0036586527  -0.0002640797  -0.0035536615  -0.0000770775
        0.0004266578   0.0000881938   0.0003272498   0.0000819715   0.0000456379
       -0.0000136775  -0.0000772772   0.0000562469  -0.0000336683   0.0000102580
        0.0000132237   0.0000058927   0.0000460038   0.0001145207  -0.0000058521
       -0.0014412352   0.0000063417  -0.0013212439  -0.0005564025   0.0001686117
        0.0005930155  -0.0001309749   0.0001331814  -0.0001315200
        0.1125611532  -0.1887786825   0.0403001056   0.0139975412  -0.0266480645
        0.0053939831   0.0004073205   0.0009069998  -0.0001243862  -0.0004392853
       -0.0005025691  -0.0000601072   0.0000891111   0.0000155487   0.0000427810
        0.0007146553   0.0001973078   0.0000551377  -0.1303569035   0.2205598986
       -0.0461652118   0.0013153839   0.0004605781   0.0015768962   0.0039269949
       -0.0018115423  -0.0002770465  -0.0029670949  -0.0064095808  -0.0008208867
        0.0005954174   0.0007443902   0.0001625560  -0.0000286091  -0.0000139976
        0.0003586653   0.0001900900   0.0003381667  -0.0000210256   0.0000070842
        0.0000390394   0.0000074495   0.0000437690  -0.0000034896   0.0000153047
       -0.0003868313   0.0006343096  -0.0004542698   0.0000027343   0.0002476789
        0.0000565760   0.0003274691   0.0000240087  -0.0000465212
       -0.0304714661   0.0398731294  -0.0557460494   0.0019015754  -0.0014426860
        0.0009716986  -0.0001711514   0.0003143207   0.0003151803   0.0002487112
        0.0001540144   0.0001054802  -0.0000551808  -0.0000446782  -0.0000705777
       -0.0004026389  -0.0001114687   0.0005754527   0.0363492515  -0.0461652118
        0.0606442285  -0.0216490799   0.0244419249  -0.0105349295   0.0143833207
       -0.0157291192   0.0036230230  -0.0002057397  -0.0006173795   0.0008946581
        0.0003616577  -0.0006081539   0.0002328390  -0.0000482530   0.0002550256
       -0.0004210222  -0.0000735311  -0.0001420360  -0.0001229081  -0.0000379327
       -0.0000218567  -0.0000278186  -0.0000246014  -0.0000080789   0.0000216054
       -0.0005675638   0.0000770905   0.0001291540   0.0005289558  -0.0001760142
       -0.0003777113  -0.0000663335  -0.0000488227  -0.0002123032
       -0.0712186517  -0.0053573673  -0.0748639873  -0.0071495590  -0.0044831175
       -0.0152895791   0.0005538958  -0.0000655451  -0.0012937191  -0.0000880528
       -0.0000330563   0.0000067693   0.0000234091  -0.0000142461   0.0000948976
       -0.0001797733   0.0000172561  -0.0000361836  -0.0082776491   0.0013153839
       -0.0216490799   0.0805937231   0.0095550181   0.0878876256   0.0070558657
        0.0018552424   0.0247680861   0.0005000280   0.0006570160   0.0004227238
       -0.0013208434  -0.0035836211  -0.0008617499  -0.0007158819  -0.0001256102
        0.0007100612   0.0001125205   0.0001640246  -0.0000011210   0.0000625039
        0.0000210328  -0.0000126901   0.0000179034   0.0000171737  -0.0000060039
        0.0001241333  -0.0000246243   0.0000495741  -0.0001224796   0.0001039005
       -0.0000176753   0.0000289079  -0.0000188599   0.0000920516
       -0.0052018661  -0.0447104752  -0.0178266450  -0.0115945781  -0.0058892470
       -0.0254389959   0.0007178326   0.0005432487  -0.0004086047   0.0000973892
       -0.0000085801   0.0000351490   0.0000305195   0.0000149038   0.0000583738
        0.0002193628   0.0000573098   0.0001516700   0.0096378664   0.0004605781
        0.0244419249   0.0095550181   0.0530478084   0.0227564933   0.0002357748
        0.0006553442  -0.0013230240  -0.0000629733   0.0006527866  -0.0007195623
       -0.0035494165  -0.0051401540  -0.0016454105  -0.0002217105   0.0003690979
        0.0002673224   0.0001684922   0.0000058137  -0.0002103262   0.0000251776
        0.0000026745  -0.0000057871  -0.0000053108  -0.0000029128  -0.0000109728
       -0.0001593353  -0.0000610634  -0.0001110660   0.0000339693   0.0000132025
        0.0000787144   0.0000737882  -0.0000103357  -0.0000892536
       -0.0749190600  -0.0183644642  -0.2526446248  -0.0038453792  -0.0038589466
       -0.0058083006   0.0005933584   0.0008254658   0.0009900798   0.0000692309
       -0.0001093683  -0.0000355401   0.0001110234   0.0000730623   0.0000727355
       -0.0000245227   0.0000218171   0.0000173053  -0.0047740371   0.0015768962
       -0.0105349295   0.0878876256   0.0227564933   0.2926759713  -0.0047817503
       -0.0013661793  -0.0258328152   0.0003690978   0.0000724760   0.0003128926
       -0.0005786845  -0.0018126365   0.0004791655  -0.0002061514   0.0000834391
        0.0003383058   0.0001308593   0.0001115392  -0.0000215834  -0.0000084951
        0.0000126126  -0.0000191661   0.0000101832  -0.0000333041  -0.0000063241
        0.0000391332  -0.0000655955  -0.0000552684  -0.0000998111   0.0000657458
        0.0000480882   0.0000273798   0.0000109471   0.0000240083
       -0.1874950352   0.0017998709   0.1159768745  -0.0150544434  -0.0030688594
        0.0106041848  -0.0012131580  -0.0036342838  -0.0003753352   0.0002615289
       -0.0001154401   0.0002966982  -0.0000736906   0.0000694283  -0.0000771498
       -0.0002901389   0.0000180817  -0.0000462313  -0.0197977987   0.0039269949
        0.0143833207   0.0070558657   0.0002357748  -0.0047817503   0.2169882624
        0.0008196290  -0.1361488712   0.0006303471   0.0002994210   0.0000826040
       -0.0001705019   0.0003230221  -0.0000486810   0.0001244278  -0.0001502235
       -0.0004612461  -0.0008525387  -0.0004028384   0.0005910144  -0.0000505260
        0.0000119039  -0.0000761519   0.0000102114  -0.0000091922   0.0000309493
       -0.0001222278   0.0000234488   0.0002359577   0.0001095554  -0.0000927717
       -0.0001691359  -0.0000601395  -0.0000539661  -0.0000170509
        0.0020590413  -0.0424231541  -0.0003168597  -0.0219339807  -0.0028937116
        0.0156896942  -0.0030239913  -0.0040400788  -0.0002271882  -0.0002196388
       -0.0003124617   0.0002860769  -0.0001445447   0.0001111037  -0.0000797596
        0.0002920114   0.0000302034   0.0000392334   0.0213722012  -0.0018115423
       -0.0157291192   0.0018552424   0.0006553442  -0.0013661793   0.0008196290
        0.0501902264   0.0004304019  -0.0003292586   0.0004191955   0.0004866102
        0.0000688083   0.0005678418   0.0002707353   0.0001593910  -0.0001932029
       -0.0001551261  -0.0009307913  -0.0003502599   0.0007854951  -0.0000023549
       -0.0000048187  -0.0000875382   0.0000033596   0.0000307194   0.0000467687
       -0.0000232756  -0.0000361624  -0.0002281586  -0.0001027080   0.0000151973
        0.0001612200   0.0000808598   0.0000455608  -0.0000063067
        0.1159112147   0.0000537515  -0.1384995200  -0.0004731292   0.0005568693
        0.0010992296  -0.0000224001   0.0001858721   0.0007209892   0.0001090763
        0.0001043729  -0.0000193054  -0.0000390225  -0.0000988572   0.0000151235
       -0.0000530957   0.0000060059   0.0000468640  -0.0036586527  -0.0002770465
        0.0036230230   0.0247680861  -0.0013230240  -0.0258328152  -0.1361488712
        0.0004304019   0.1580983167  -0.0000561533   0.0002679081  -0.0001511759
       -0.0003641456  -0.0001877981   0.0004954445  -0.0000913687   0.0001054657
        0.0002603895   0.0000329665   0.0000915469   0.0001157052   0.0000515460
       -0.0000052119   0.0000236893  -0.0000007433   0.0000342226  -0.0000019266
        0.0000969369   0.0000027386  -0.0000002706  -0.0000569727   0.0000629110
       -0.0000305345  -0.0000052715  -0.0000101290   0.0000367738
        0.0075603775  -0.0110345958   0.0024825392  -0.1321668624   0.1094739697
       -0.0328559187  -0.0215506139   0.0156793652  -0.0005055735  -0.0027410966
        0.0000619349   0.0039407344  -0.0005105650   0.0002672376  -0.0002113325
        0.0000459173   0.0001438573  -0.0001847076  -0.0002640797  -0.0029670949
       -0.0002057397   0.0005000280  -0.0000629733   0.0003690978   0.0006303471
       -0.0003292586  -0.0000561533   0.1580198260  -0.1213728649   0.0338257797
       -0.0083710797   0.0101188237  -0.0063497425  -0.0006150545   0.0000407094
        0.0003199493  -0.0003867286   0.0004533320  -0.0001754762   0.0000855123
       -0.0002148448  -0.0005417434  -0.0001340784  -0.0000260546   0.0001857622
       -0.0000553984  -0.0001319439   0.0000145188  -0.0000547058  -0.0000925613
        0.0000133858   0.0000082547  -0.0000070378  -0.0000653797
        0.0141049329  -0.0286675000   0.0060549745   0.1095075897  -0.1693553780
        0.0355689805   0.0009716640  -0.0002926240   0.0009405193  -0.0001338688
        0.0006239029  -0.0006440548  -0.0000663893  -0.0000516679  -0.0000471376
        0.0000922134   0.0001670209  -0.0000712324  -0.0035536615  -0.0064095808
       -0.0006173795   0.0006570160   0.0006527866   0.0000724760   0.0002994210
        0.0004191955   0.0002679081  -0.1213728649   0.2009557018  -0.0435641324
        0.0011459239   0.0006432032   0.0015897226   0.0001414049  -0.0001780989
       -0.0001593593  -0.0016178142   0.0014993658   0.0005535582  -0.0000034658
        0.0000005307   0.0000596255   0.0000021698   0.0000454982   0.0000197387
       -0.0001149901  -0.0000332006  -0.0000923186  -0.0000853734  -0.0000363681
        0.0000513821   0.0000260924   0.0000172126   0.0000167288
        0.0018397138  -0.0023190441   0.0017511789  -0.0328158999   0.0359504605
       -0.0553701317   0.0153124964  -0.0116375491   0.0023009525   0.0016877623
        0.0000322905  -0.0021304063   0.0004183837   0.0000018910   0.0002957736
        0.0000319627  -0.0000664902   0.0002259280  -0.0000770775  -0.0008208867
        0.0008946581   0.0004227238  -0.0007195623   0.0003128926   0.0000826040
        0.0004866102  -0.0001511759   0.0338257797  -0.0435641324   0.0624930514
       -0.0218983298   0.0237630054  -0.0112001105   0.0004032326  -0.0000791000
       -0.0007495681   0.0007704741  -0.0007488182   0.0009896483  -0.0000072146
        0.0000753018   0.0002942687  -0.0000289058  -0.0000826641  -0.0000927119
        0.0000395369  -0.0002058057   0.0000656219  -0.0000170499  -0.0000157953
        0.0000132126   0.0000098073  -0.0000497110   0.0000569179
       -0.0061820702  -0.0048417240  -0.0145516432  -0.0650471943  -0.0051653785
       -0.0692462200   0.0034560673   0.0026948326   0.0225013818   0.0007869398
        0.0003301247   0.0015850367   0.0001630076  -0.0001770076   0.0000251394
       -0.0000886028   0.0000621095   0.0000552707   0.0004266578   0.0005954174
        0.0003616577  -0.0013208434  -0.0035494165  -0.0005786845  -0.0001705019
        0.0000688083  -0.0003641456  -0.0083710797   0.0011459239  -0.0218983298
        0.0796957016   0.0090539634   0.0779690765  -0.0030377620  -0.0001100588
        0.0037419463  -0.0005405660  -0.0001944840   0.0005215376   0.0000747952
        0.0000501158  -0.0000361818   0.0000459585  -0.0000352252   0.0000220528
        0.0000944153   0.0002508484  -0.0000462259   0.0000160448  -0.0001393784
       -0.0000424450  -0.0000009675  -0.0000394711  -0.0000192238
       -0.0115038273  -0.0058550928  -0.0256690264  -0.0051082868  -0.0456625074
       -0.0197979020   0.0004236654   0.0013266737   0.0005736165   0.0002426517
        0.0008797565  -0.0005538519   0.0000066140   0.0000692717  -0.0000518094
        0.0000723192   0.0000660011  -0.0001090705   0.0000881938   0.0007443902
       -0.0006081539  -0.0035836211  -0.0051401540  -0.0018126365   0.0003230221
        0.0005678418  -0.0001877981   0.0101188237   0.0006432032   0.0237630054
        0.0090539634   0.0535811786   0.0249204077   0.0000876998  -0.0000535488
       -0.0006736520  -0.0001873253  -0.0002644882   0.0000041742   0.0000111424
       -0.0000473337   0.0000098627  -0.0000503949  -0.0001869522   0.0000349234
        0.0001980165  -0.0005672788   0.0000539932  -0.0000697308  -0.0000786865
        0.0000075585  -0.0001229257  -0.0000222743   0.0000963590
       -0.0034654350  -0.0027926473  -0.0052498218  -0.0692709076  -0.0207883683
       -0.2468747056  -0.0005151680  -0.0025619909  -0.0214960569  -0.0010281006
       -0.0000583036   0.0004517291  -0.0001427172   0.0000777089   0.0002743788
       -0.0000877105   0.0001078255   0.0002498786   0.0003272498   0.0001625560
        0.0002328390  -0.0008617499  -0.0016454105   0.0004791655  -0.0000486810
        0.0002707353   0.0004954445  -0.0063497425   0.0015897226  -0.0112001105
        0.0779690765   0.0249204077   0.2868760124   0.0030442494   0.0007984113
       -0.0031877635   0.0003830524   0.0000928925  -0.0008987727   0.0000759860
       -0.0000428009  -0.0002643962  -0.0000177661   0.0001378612  -0.0000031569
        0.0000647465  -0.0003402483   0.0001996242  -0.0000552980   0.0000731726
       -0.0000698347  -0.0000210844  -0.0000015239  -0.0000144531
        0.0011623554   0.0008126612   0.0011455481   0.0013510524   0.0099690811
        0.0205295740  -0.0447180634  -0.0230293796  -0.0355951857  -0.0107388083
       -0.0134177716  -0.0241384123  -0.0025821084   0.0018874018  -0.0021727709
        0.0004535818  -0.0007728185   0.0000862714   0.0000819715  -0.0000286091
       -0.0000482530  -0.0007158819  -0.0002217105  -0.0002061514   0.0001244278
        0.0001593910  -0.0000913687  -0.0006150545   0.0001414049   0.0004032326
       -0.0030377620   0.0000876998   0.0030442494   0.0603691903   0.0269573511
        0.0386208501   0.0004798669  -0.0029790865  -0.0028408754  -0.0018698886
       -0.0001884854   0.0015210543   0.0002429138   0.0002288523  -0.0006190383
       -0.0000392623  -0.0000484698   0.0001660594  -0.0000105108   0.0006580881
        0.0000051899   0.0000619804  -0.0002156002   0.0001900267
       -0.0006071547   0.0007246982   0.0015074018   0.0001544420   0.0014381539
       -0.0006504649  -0.0212023516  -0.1138179615  -0.1017598260  -0.0007383470
        0.0048492389   0.0054362165   0.0009863355   0.0001444263   0.0003599568
        0.0006974712   0.0005828984   0.0008254985   0.0000456379  -0.0000139976
        0.0002550256  -0.0001256102   0.0003690979   0.0000834391  -0.0001502235
       -0.0001932029   0.0001054657   0.0000407094  -0.0001780989  -0.0000791000
       -0.0001100588  -0.0000535488   0.0007984113   0.0269573511   0.1296524075
        0.1187892314  -0.0067541858  -0.0234012532  -0.0256000196   0.0002737444
        0.0002839615  -0.0002380427   0.0001292496   0.0000859020   0.0000352543
        0.0000219924  -0.0000293330   0.0000484028   0.0004215666  -0.0003349385
        0.0001534328  -0.0000405684  -0.0001084504  -0.0000702834
       -0.0013980883  -0.0006835622   0.0014666518   0.0021054931  -0.0101921543
       -0.0214608384  -0.0346689082  -0.1018622066  -0.1922278293  -0.0076382863
       -0.0088299603  -0.0137794902  -0.0015427594   0.0012135918  -0.0014268845
        0.0006269391  -0.0005203688   0.0006960014  -0.0000136775   0.0003586653
       -0.0004210222   0.0007100612   0.0002673224   0.0003383058  -0.0004612461
       -0.0001551261   0.0002603895   0.0003199493  -0.0001593593  -0.0007495681
        0.0037419463  -0.0006736520  -0.0031877635   0.0386208501   0.1187892314
        0.2247718498   0.0007109853   0.0019924498   0.0050454562  -0.0011111160
       -0.0002516102   0.0008849844   0.0001332284   0.0001200244  -0.0003430392
        0.0000015486  -0.0000372953  -0.0002441883  -0.0003373806   0.0007223743
        0.0002115730   0.0002004613  -0.0000983643   0.0001654119
       -0.0029813780  -0.0008680728   0.0032602743  -0.0076041962  -0.0205164862
        0.0089519603  -0.0421442715  -0.0239922925   0.0047624204  -0.0014535862
        0.0245695412  -0.0084140759   0.0001620236   0.0023881111   0.0000152981
       -0.0037604734   0.0015060432  -0.0024519698  -0.0000772772   0.0001900900
       -0.0000735311   0.0001125205   0.0001684922   0.0001308593  -0.0008525387
       -0.0009307913   0.0000329665  -0.0003867286  -0.0016178142   0.0007704741
       -0.0005405660  -0.0001873253   0.0003830524   0.0004798669  -0.0067541858
        0.0007109853   0.0601029687   0.0258279392  -0.0074718057   0.0003033206
       -0.0000751928   0.0002033390  -0.0008078421  -0.0007482236  -0.0004555103
       -0.0000909813   0.0000202689   0.0000361580  -0.0001231721  -0.0002802943
       -0.0000670469  -0.0003376890   0.0013001929  -0.0003238481
       -0.0011676870   0.0007424366   0.0013090858  -0.0020816643  -0.0044145406
        0.0020977652  -0.0240781525  -0.2555786899   0.0576657331   0.0035922082
       -0.0155799797   0.0055496130  -0.0018091393   0.0013678873  -0.0012722183
        0.0026517143  -0.0002317950   0.0014577433   0.0000562469   0.0003381667
       -0.0001420360   0.0001640246   0.0000058137   0.0001115392  -0.0004028384
       -0.0003502599   0.0000915469   0.0004533320   0.0014993658  -0.0007488182
       -0.0001944840  -0.0002644882   0.0000928925  -0.0029790865  -0.0234012532
        0.0019924498   0.0258279392   0.2956757796  -0.0683482778  -0.0003119378
        0.0000357376  -0.0002910143   0.0000059729   0.0006692481   0.0000990396
       -0.0000033605   0.0000070694  -0.0001481165  -0.0000714726   0.0003238906
        0.0001231221   0.0003483848  -0.0008443887   0.0003599505
        0.0019649382   0.0000170135  -0.0019853661   0.0064141948   0.0182886639
       -0.0058303797   0.0044930516   0.0577591215  -0.0611452434  -0.0008457972
        0.0153975890  -0.0038145678   0.0006866573   0.0005916376   0.0000269256
       -0.0026978039   0.0006020414  -0.0001342081  -0.0000336683  -0.0000210256
       -0.0001229081  -0.0000011210  -0.0002103262  -0.0000215834   0.0005910144
        0.0007854951   0.0001157052  -0.0001754762   0.0005535582   0.0009896483
        0.0005215376   0.0000041742  -0.0008987727  -0.0028408754  -0.0256000196
        0.0050454562  -0.0074718057  -0.0683482778   0.0678442434   0.0002276559
       -0.0000980598   0.0001970604  -0.0006142174  -0.0005020483  -0.0002272289
        0.0000482599  -0.0001729735   0.0000478850  -0.0000608996   0.0000268971
       -0.0000144154  -0.0002056448   0.0009265391  -0.0000722505
       -0.0000630320   0.0000348222   0.0001195167   0.0004595778  -0.0001686780
       -0.0002394359  -0.0003727195  -0.0043385947  -0.0051127156  -0.0255659881
        0.0063998051  -0.0112230829  -0.2309338212   0.0660881251  -0.0977676898
        0.0004967964   0.0016640964   0.0020928436   0.0000102580   0.0000070842
       -0.0000379327   0.0000625039   0.0000251776  -0.0000084951  -0.0000505260
       -0.0000023549   0.0000515460   0.0000855123  -0.0000034658  -0.0000072146
        0.0000747952   0.0000111424   0.0000759860  -0.0018698886   0.0002737444
       -0.0011111160   0.0003033206  -0.0003119378   0.0002276559   0.2611063438
       -0.0713579070   0.1158184740  -0.0041601550   0.0022463742  -0.0030292911
       -0.0001082524  -0.0002477302   0.0000134442   0.0001583575   0.0005480415
        0.0000775173   0.0003669174  -0.0008677446   0.0000599899
       -0.0000662375   0.0000580385   0.0000461597  -0.0006089889   0.0002918258
       -0.0003056356  -0.0026739291  -0.0012064735   0.0007574844  -0.0155254114
        0.0046717977  -0.0076718247   0.0678945753  -0.0683311163   0.0349351932
       -0.0016216133   0.0009319526  -0.0013002784   0.0000132237   0.0000390394
       -0.0000218567   0.0000210328   0.0000026745   0.0000126126   0.0000119039
       -0.0000048187  -0.0000052119  -0.0002148448   0.0000005307   0.0000753018
        0.0000501158  -0.0000473337  -0.0000428009  -0.0001884854   0.0002839615
       -0.0002516102  -0.0000751928   0.0000357376  -0.0000980598  -0.0713579070
        0.0753156667  -0.0386489375   0.0242507517  -0.0110587900   0.0125880173
        0.0000426806   0.0000419566   0.0000004240   0.0000930841  -0.0001851594
        0.0000701135  -0.0000447578  -0.0008394901  -0.0001390907
       -0.0001845238   0.0000138299   0.0001796545  -0.0022128175   0.0004373280
       -0.0009737326  -0.0048704717   0.0002788239   0.0102390897  -0.0084224162
        0.0014098397  -0.0057640286  -0.0980205737   0.0340375538  -0.0785627442
        0.0022443438   0.0003380033  -0.0035355490   0.0000058927   0.0000074495
       -0.0000278186  -0.0000126901  -0.0000057871  -0.0000191661  -0.0000761519
       -0.0000875382   0.0000236893  -0.0005417434   0.0000596255   0.0002942687
       -0.0000361818   0.0000098627  -0.0002643962   0.0015210543  -0.0002380427
        0.0008849844   0.0002033390  -0.0002910143   0.0001970604   0.1158184740
       -0.0386489375   0.0783436485  -0.0058768789   0.0026967395  -0.0010249955
        0.0002036105   0.0009190840  -0.0002045310  -0.0000858734  -0.0004671884
        0.0000551724   0.0003436080  -0.0004696315   0.0001593939
       -0.0000808896   0.0000687087   0.0000316033  -0.0003430508   0.0000265535
       -0.0001669841  -0.0001493475  -0.0015654688   0.0024319428   0.0011649107
       -0.0208843065   0.0040522276  -0.0448983883   0.0280051412  -0.0103920507
       -0.0002409140  -0.0027609359  -0.0052510911   0.0000460038   0.0000437690
       -0.0000246014   0.0000179034  -0.0000053108   0.0000101832   0.0000102114
        0.0000033596  -0.0000007433  -0.0001340784   0.0000021698  -0.0000289058
        0.0000459585  -0.0000503949  -0.0000177661   0.0002429138   0.0001292496
        0.0001332284  -0.0008078421   0.0000059729  -0.0006142174  -0.0041601550
        0.0242507517  -0.0058768789   0.0489924444  -0.0259679982   0.0157057474
        0.0001278365   0.0005955713  -0.0000999209   0.0001213307  -0.0018004506
        0.0001457303   0.0000451525  -0.0000963817  -0.0000375031
        0.0000095073   0.0002005326   0.0000395774   0.0003049012   0.0000999700
       -0.0000668074   0.0018741324   0.0010323663   0.0001524136   0.0004814472
       -0.0267037079   0.0035864358   0.0260903664  -0.2918506754   0.0462154429
       -0.0040220791  -0.0015037235  -0.0000957657   0.0001145207  -0.0000034896
       -0.0000080789   0.0000171737  -0.0000029128  -0.0000333041  -0.0000091922
        0.0000307194   0.0000342226  -0.0000260546   0.0000454982  -0.0000826641
       -0.0000352252  -0.0001869522   0.0001378612   0.0002288523   0.0000859020
        0.0001200244  -0.0007482236   0.0006692481  -0.0005020483   0.0022463742
       -0.0110587900   0.0026967395  -0.0259679982   0.3306138952  -0.0523017066
       -0.0000572756  -0.0010788833   0.0001247606  -0.0001671890  -0.0009347453
        0.0001370878  -0.0003340382   0.0005457483  -0.0001541907
        0.0000508172  -0.0000336311  -0.0000525211   0.0007679747  -0.0000813377
        0.0002369674   0.0016905568  -0.0017063793  -0.0034149023   0.0008360264
       -0.0054614631  -0.0005697044  -0.0103171435   0.0470184451  -0.0410744794
       -0.0046862142   0.0003343855   0.0104645996  -0.0000058521   0.0000153047
        0.0000216054  -0.0000060039  -0.0000109728  -0.0000063241   0.0000309493
        0.0000467687  -0.0000019266   0.0001857622   0.0000197387  -0.0000927119
        0.0000220528   0.0000349234  -0.0000031569  -0.0006190383   0.0000352543
       -0.0003430392  -0.0004555103   0.0000990396  -0.0002272289  -0.0030292911
        0.0125880173  -0.0010249955   0.0157057474  -0.0523017066   0.0357018391
       -0.0001843160  -0.0027215980   0.0005180359   0.0001601692   0.0019748939
        0.0000054326  -0.0001466866   0.0001503175  -0.0001374896
       -0.0011318436   0.0007228585  -0.0003229932  -0.0001258437   0.0002973460
       -0.0002650038  -0.0002583278   0.0003134336   0.0002670172   0.0013916177
       -0.0046486180  -0.0009095470   0.0009388767   0.0000527942   0.0002648457
       -0.1230334463  -0.0333433106   0.1062027919  -0.0014412352  -0.0003868313
       -0.0005675638   0.0001241333  -0.0001593353   0.0000391332  -0.0001222278
       -0.0000232756   0.0000969369  -0.0000553984  -0.0001149901   0.0000395369
        0.0000944153   0.0001980165   0.0000647465  -0.0000392623   0.0000219924
        0.0000015486  -0.0000909813  -0.0000033605   0.0000482599  -0.0001082524
        0.0000426806   0.0002036105   0.0001278365  -0.0000572756  -0.0001843160
        0.1434141997   0.0422551507  -0.1246767816   0.0046435321   0.0016575558
       -0.0049885977  -0.0243277925  -0.0068248314   0.0246863759
       -0.0000893054   0.0002685144  -0.0000524539   0.0003105568  -0.0001720446
        0.0003157446  -0.0000217093   0.0001596519  -0.0001406347  -0.0193249678
       -0.0157730638   0.0238795718   0.0012545923  -0.0024622483   0.0017397879
       -0.0368475686  -0.0533151142   0.0493830911   0.0000063417   0.0006343096
        0.0000770905  -0.0000246243  -0.0000610634  -0.0000655955   0.0000234488
       -0.0000361624   0.0000027386  -0.0001319439  -0.0000332006  -0.0002058057
        0.0002508484  -0.0005672788  -0.0003402483  -0.0000484698  -0.0000293330
       -0.0000372953   0.0000202689   0.0000070694  -0.0001729735  -0.0002477302
        0.0000419566   0.0009190840   0.0005955713  -0.0010788833  -0.0027215980
        0.0422551507   0.0656716734  -0.0551522992   0.0089010530   0.0044056833
       -0.0133434017   0.0031184875   0.0023395339  -0.0040848028
        0.0001314287   0.0002250334  -0.0000060417  -0.0000537802   0.0003463253
        0.0002384612  -0.0002342527   0.0000644298   0.0001281317   0.0046624967
        0.0065560554  -0.0044768415  -0.0007940692  -0.0002862496  -0.0004913457
        0.1070122636   0.0461406099  -0.1806309808  -0.0013212439  -0.0004542698
        0.0001291540   0.0000495741  -0.0001110660  -0.0000552684   0.0002359577
       -0.0002281586  -0.0000002706   0.0000145188  -0.0000923186   0.0000656219
       -0.0000462259   0.0000539932   0.0001996242   0.0001660594   0.0000484028
       -0.0002441883   0.0000361580  -0.0001481165   0.0000478850   0.0000134442
        0.0000004240  -0.0002045310  -0.0000999209   0.0001247606   0.0005180359
       -0.1246767816  -0.0551522992   0.2075772503   0.0169977891   0.0043385477
       -0.0272125850  -0.0020934158  -0.0014261037   0.0044178890
       -0.0001440780   0.0000843933  -0.0000194959  -0.0000170874   0.0002690041
        0.0000759801   0.0002840926   0.0008181738   0.0004318364   0.0004412985
       -0.0024247714   0.0017781440   0.0007298853   0.0002836306  -0.0000084624
       -0.0608244857  -0.0314462101  -0.0536845646  -0.0005564025   0.0000027343
        0.0005289558  -0.0001224796   0.0000339693  -0.0000998111   0.0001095554
       -0.0001027080  -0.0000569727  -0.0000547058  -0.0000853734  -0.0000170499
        0.0000160448  -0.0000697308  -0.0000552980  -0.0000105108   0.0004215666
       -0.0003373806  -0.0001231721  -0.0000714726  -0.0000608996   0.0001583575
        0.0000930841  -0.0000858734   0.0001213307  -0.0001671890   0.0001601692
        0.0046435321   0.0089010530   0.0169977891   0.0673945155   0.0389004602
        0.0616794716  -0.0120456904  -0.0154406141  -0.0272265380
       -0.0001106871   0.0001517831   0.0001229539   0.0001135188  -0.0000956986
       -0.0000253861  -0.0007334467   0.0007621283  -0.0006575407  -0.0089836077
       -0.0233943946  -0.0244107554   0.0016862788  -0.0045861578   0.0003867953
       -0.0322886352  -0.1048631770  -0.1027550449   0.0001686117   0.0002476789
       -0.0001760142   0.0001039005   0.0000132025   0.0000657458  -0.0000927717
        0.0000151973   0.0000629110  -0.0000925613  -0.0000363681  -0.0000157953
       -0.0001393784  -0.0000786865   0.0000731726   0.0006580881  -0.0003349385
        0.0007223743  -0.0002802943   0.0003238906   0.0000268971   0.0005480415
       -0.0001851594  -0.0004671884  -0.0018004506  -0.0009347453   0.0019748939
        0.0016575558   0.0044056833   0.0043385477   0.0389004602   0.1254218504
        0.1172614342   0.0006853776   0.0031679115   0.0034719994
       -0.0001286856  -0.0001332610   0.0002538648   0.0000798647  -0.0001743036
       -0.0001530548   0.0000397661   0.0008018325   0.0005628235   0.0002920007
       -0.0005187099   0.0039808740   0.0003510956   0.0006899784  -0.0000292429
       -0.0530025794  -0.1009062469  -0.1974695693   0.0005930155   0.0000565760
       -0.0003777113  -0.0000176753   0.0000787144   0.0000480882  -0.0001691359
        0.0001612200  -0.0000305345   0.0000133858   0.0000513821   0.0000132126
       -0.0000424450   0.0000075585  -0.0000698347   0.0000051899   0.0001534328
        0.0002115730  -0.0000670469   0.0001231221  -0.0000144154   0.0000775173
        0.0000701135   0.0000551724   0.0001457303   0.0001370878   0.0000054326
       -0.0049885977  -0.0133434017  -0.0272125850   0.0616794716   0.1172614342
        0.2286033533  -0.0048608718  -0.0045165292  -0.0083774464
       -0.0001495053  -0.0001839705   0.0000277978   0.0002044336  -0.0001752912
       -0.0001501098   0.0007357013   0.0011617245  -0.0001541472  -0.0067100241
        0.0052259120  -0.0030619773   0.0012278430  -0.0019610660   0.0007371917
       -0.2608240351   0.0473774912  -0.0535819056  -0.0001309749   0.0003274691
       -0.0000663335   0.0000289079   0.0000737882   0.0000273798  -0.0000601395
        0.0000808598  -0.0000052715   0.0000082547   0.0000260924   0.0000098073
       -0.0000009675  -0.0001229257  -0.0000210844   0.0000619804  -0.0000405684
        0.0002004613  -0.0003376890   0.0003483848  -0.0002056448   0.0003669174
       -0.0000447578   0.0003436080   0.0000451525  -0.0003340382  -0.0001466866
       -0.0243277925   0.0031184875  -0.0020934158  -0.0120456904   0.0006853776
       -0.0048608718   0.3019076276  -0.0555629693   0.0630012022
       -0.0001578497   0.0000545401   0.0000361678  -0.0000148879   0.0000822417
        0.0000314164   0.0002737719  -0.0055252303   0.0008868375   0.0288145424
       -0.0100174997   0.0079520908   0.0016987608   0.0008300896   0.0008160315
        0.0470797643  -0.0530966552   0.0102595023   0.0001331814   0.0000240087
       -0.0000488227  -0.0000188599  -0.0000103357   0.0000109471  -0.0000539661
        0.0000455608  -0.0000101290  -0.0000070378   0.0000172126  -0.0000497110
       -0.0000394711  -0.0000222743  -0.0000015239  -0.0002156002  -0.0001084504
       -0.0000983643   0.0013001929  -0.0008443887   0.0009265391  -0.0008677446
       -0.0008394901  -0.0004696315  -0.0000963817   0.0005457483   0.0001503175
       -0.0068248314   0.0023395339  -0.0014261037  -0.0154406141   0.0031679115
       -0.0045165292  -0.0555629693   0.0633574773  -0.0144490348
        0.0001474893   0.0000169784   0.0001693054  -0.0001303838   0.0000213712
       -0.0000135685  -0.0003814446   0.0017890849   0.0007346097  -0.0064956567
        0.0044488649  -0.0019654779   0.0000663926  -0.0009302649  -0.0001159493
       -0.0534149795   0.0097484115  -0.0572565233  -0.0001315200  -0.0000465212
       -0.0002123032   0.0000920516  -0.0000892536   0.0000240083  -0.0000170509
       -0.0000063067   0.0000367738  -0.0000653797   0.0000167288   0.0000569179
       -0.0000192238   0.0000963590  -0.0000144531   0.0001900267  -0.0000702834
        0.0001654119  -0.0003238481   0.0003599505  -0.0000722505   0.0000599899
       -0.0001390907   0.0001593939  -0.0000375031  -0.0001541907  -0.0001374896
        0.0246863759  -0.0040848028   0.0044178890  -0.0272265380   0.0034719994
       -0.0083774464   0.0630012022  -0.0144490348   0.0624011519
