           1           2   1.01095518150162     
           2           3   1.01000802293343     
           2           4  0.969862940996148     
           4           5   1.01940528309873     
           5           6   1.35388989998076     
           6           7   1.46457391931574     
           5           8  0.118882372538879     
           7           8   1.42557144468542     
           6           9  0.125010569412835     
           8           9   1.41477229662812     
           5          10   1.41464123474783     
           9          10   1.43816543954016     
           1          11  0.985662197620328     
           1          12  0.985114841441066     
           1          13  0.985219207905197     
           2          14  0.969904220876864     
           3          15  0.986170619236165     
           3          16  0.984633003887586     
           3          17  0.986101276484672     
           4          18  0.954571766181437     
           4          19  0.971553577683667     
           6          20  0.959860630479033     
           8          21  0.962810631810725     
           9          22  0.961658284189683     
