$hessian                                                                        
        0.5190804328   0.0323989699   0.0056880040  -0.0782472569   0.0425257195
        0.0179782823  -0.0006960740   0.0053355416   0.0031096433  -0.0110561871
        0.0229013536   0.0058865148   0.0007114881  -0.0002645721   0.0001542444
        0.0000097378  -0.0001992879   0.0000385420   0.0004004582  -0.0003984840
       -0.0000451827   0.0053339305  -0.0254341704  -0.0075516076  -0.1459119375
       -0.1153500171   0.0394881047  -0.0464943886  -0.0020829139   0.0253035717
       -0.2351393074   0.0409078301  -0.0888476843  -0.0044036898   0.0027353870
       -0.0020918808   0.0008771285  -0.0003698743   0.0009640283  -0.0005524405
        0.0003983098  -0.0000958724  -0.0000432764   0.0000643994   0.0000753691
       -0.0000133087   0.0000658515  -0.0000546492  -0.0001005663  -0.0000293233
        0.0000026742  -0.0009382443   0.0005089056  -0.0003631293  -0.0002521632
        0.0001552587   0.0000241379  -0.0001553248   0.0000496046   0.0000363868
       -0.0024090105  -0.0039184882   0.0003005029
        0.0323989699   0.4784576741  -0.0242561403   0.0373495545  -0.1586382049
       -0.0403747152   0.0021515698  -0.0030479982  -0.0034401537   0.0085472354
       -0.0119493432  -0.0019157341  -0.0001856829  -0.0003179479  -0.0001288259
        0.0001987115  -0.0000145257  -0.0000113363   0.0004639569  -0.0004580119
        0.0001268838  -0.0014236508  -0.0366057355  -0.0084864650  -0.1167827649
       -0.1690196947   0.0440071029  -0.0019908340  -0.0442024384   0.0148902074
        0.0416207079  -0.0507591180   0.0199130038   0.0015965883  -0.0003979559
        0.0005916210  -0.0007682187   0.0005615912  -0.0006676721  -0.0002151066
        0.0004012030   0.0001088625  -0.0000135919   0.0000306690  -0.0000510824
       -0.0000130181   0.0000575036   0.0000830383   0.0000547380   0.0000069404
       -0.0000051058  -0.0003157713   0.0002455269  -0.0003754359  -0.0000111501
        0.0000393060   0.0000139031   0.0000082079  -0.0000071925  -0.0000173277
       -0.0026704507  -0.0043822473  -0.0000046285
        0.0056880040  -0.0242561403   0.5163240978   0.0158934763  -0.0418640437
       -0.0874230486   0.0109954398  -0.0271729890  -0.0152588966  -0.0032535888
        0.0089059970   0.0038429155   0.0001549266   0.0001209162  -0.0004276583
       -0.0000975746  -0.0001625460   0.0000047198   0.0002988158  -0.0000840565
       -0.0005954809  -0.0022108573   0.0020906828   0.0054342839   0.0394178971
        0.0433831928  -0.0573621434   0.0248334213   0.0152149301  -0.2814924064
       -0.0885039937   0.0195569642  -0.0854893689  -0.0023196405   0.0019047985
       -0.0002140496  -0.0006725584   0.0009639270   0.0011954071   0.0002149023
       -0.0002663641   0.0001477926   0.0000608971  -0.0000083745   0.0000341704
       -0.0000785795   0.0001343575   0.0000707294  -0.0000715927  -0.0000083764
        0.0000425646  -0.0006252695   0.0000972444   0.0004479697  -0.0001132451
        0.0001044908   0.0000695710  -0.0001875381   0.0001695807   0.0001388621
        0.0005766580   0.0011758085   0.0005099688
       -0.0782472569   0.0373495545   0.0158934763   0.4334781875  -0.0285862107
       -0.0141170365  -0.0416949017   0.0027727371   0.0197421264  -0.1281742527
        0.0409460087  -0.0436089928  -0.0228888013  -0.0009547565  -0.0037678628
       -0.0018896065  -0.0008257419  -0.0000486582  -0.0005217307   0.0001387614
       -0.0004454881  -0.1478955016  -0.0723922387   0.0306115036   0.0047081958
       -0.0174584740  -0.0058444354  -0.0015525005   0.0042903126   0.0036665883
       -0.0127698219   0.0264255359   0.0086258507  -0.0097415628   0.0065567365
       -0.0046055111   0.0009164161  -0.0005627802  -0.0016345829  -0.0003854690
        0.0010316692  -0.0014481193   0.0000199068  -0.0002596837   0.0002753626
       -0.0000916896  -0.0002289043  -0.0001759289  -0.0001956279   0.0004006758
        0.0001457718   0.0001609762  -0.0001936250   0.0000732645   0.0003288989
        0.0000686944  -0.0000509893  -0.0001130910  -0.0001982977   0.0001559896
        0.0065492328   0.0016800265  -0.0034423284
        0.0425257195  -0.1586382049  -0.0418640437  -0.0285862107   0.4552796725
        0.0074010850   0.0023561932  -0.0406857375   0.0072093410   0.0330036692
       -0.0752179527   0.0175981787  -0.0125807230   0.0035426177  -0.0056505883
       -0.0013383640  -0.0008695768   0.0003063420  -0.0006611287  -0.0009279149
        0.0002737771  -0.0470802037  -0.1113013191   0.0080760556   0.0040632792
       -0.0207730136  -0.0063911732   0.0010511840  -0.0010235643  -0.0040286394
        0.0064193572  -0.0099919321  -0.0023780897   0.0247072176  -0.0147422990
        0.0121661614   0.0024372828  -0.0000830060   0.0025094377  -0.0014828459
        0.0005122976  -0.0003622193  -0.0001129090   0.0000949704  -0.0000769015
        0.0000683972   0.0001199559   0.0000595518  -0.0005268435   0.0002970458
        0.0001393467  -0.0001769513  -0.0001965962  -0.0002640562  -0.0001904086
       -0.0003380946  -0.0002245960  -0.0000421992  -0.0000491431  -0.0000442242
       -0.0238535121  -0.0250082052   0.0055452545
        0.0179782823  -0.0403747152  -0.0874230486  -0.0141170365   0.0074010850
        0.4968999788   0.0227120202   0.0092136615  -0.2320105255  -0.0415067434
        0.0196315838  -0.0929058106   0.0022540637  -0.0027341372   0.0021156175
        0.0016785612   0.0010892278  -0.0005954273   0.0000527268  -0.0000170435
       -0.0004674536   0.0321033236   0.0145681709  -0.0604675027  -0.0020441275
        0.0063782258   0.0021999064   0.0111364547  -0.0284512708  -0.0166583014
       -0.0044066990   0.0101543778   0.0044251469   0.0063203945  -0.0035490389
        0.0046065735  -0.0260746876   0.0111599309  -0.0202702213   0.0021433502
        0.0008274662   0.0009855215   0.0000020381  -0.0000870183  -0.0000694399
        0.0001000906  -0.0001665834   0.0000797025   0.0008360498  -0.0001103626
       -0.0001316717  -0.0000588862  -0.0004293644  -0.0001895021   0.0003378122
        0.0001707543   0.0001505266  -0.0000595918   0.0000091541   0.0001178988
       -0.0093873960  -0.0046841035  -0.0003919679
       -0.0006960740   0.0021515698   0.0109954398  -0.0416949017   0.0023561932
        0.0227120202   0.0631226419   0.0051809860  -0.0340768134  -0.0012103616
        0.0026770288  -0.0249878163   0.0008810317   0.0010195065  -0.0015463511
       -0.0000260636  -0.0000512412  -0.0000232992  -0.0000495430  -0.0001704658
        0.0000799464  -0.0172726389  -0.0157249403   0.0284178638   0.0002847817
       -0.0004019449  -0.0004005102  -0.0001884311   0.0019476863   0.0010560367
       -0.0001482088  -0.0000373060   0.0004267859   0.0006597476  -0.0003182629
       -0.0000187060  -0.0040891314   0.0018152180  -0.0032022514  -0.0004306062
       -0.0006634702   0.0001821023   0.0001169266  -0.0000599466   0.0000753523
       -0.0000663782   0.0001419922   0.0000713147   0.0000281785  -0.0000295590
        0.0000276856  -0.0000230123   0.0001011088   0.0000453743  -0.0000190984
        0.0000124075   0.0000741353   0.0000498045  -0.0000187187   0.0001708587
        0.0007713365   0.0000721585  -0.0000791686
        0.0053355416  -0.0030479982  -0.0271729890   0.0027727371  -0.0406857375
        0.0092136615   0.0051809860   0.0586562289  -0.0168621549   0.0015536308
       -0.0000901796   0.0116737300  -0.0001895172   0.0005797431  -0.0007114387
       -0.0000488052   0.0000236392   0.0000915319  -0.0000990408   0.0000138348
       -0.0000363568  -0.0174692617  -0.0107927732   0.0241435665   0.0000716368
        0.0005353780  -0.0004620739   0.0023165691  -0.0048925532  -0.0031442645
       -0.0003363081   0.0005921341  -0.0001220813  -0.0001007485  -0.0000751283
        0.0004689983   0.0017711099  -0.0003986201   0.0014791566  -0.0004671505
       -0.0000824250  -0.0001003505  -0.0000015758  -0.0000799635   0.0000125190
        0.0000705202  -0.0000646678  -0.0000278149  -0.0000479809  -0.0000103806
       -0.0000261508   0.0001233353  -0.0000116098  -0.0000255225  -0.0000115303
       -0.0000061361  -0.0000301392  -0.0000158499  -0.0000534876   0.0000523232
       -0.0004082977  -0.0001092977   0.0015858502
        0.0031096433  -0.0034401537  -0.0152588966   0.0197421264   0.0072093410
       -0.2320105255  -0.0340768134  -0.0168621549   0.2764110500  -0.0031731776
        0.0019517027  -0.0208026763   0.0009670134   0.0003986048   0.0001363858
        0.0001536368  -0.0001029695   0.0002226431  -0.0001204327  -0.0001346003
        0.0003649359   0.0154953500   0.0128146693  -0.0088519859  -0.0003111732
        0.0002138214   0.0002068578   0.0013934246  -0.0031304998  -0.0009998003
        0.0000608446   0.0004679206   0.0003237940   0.0007216512  -0.0000748968
        0.0004541897  -0.0033168593   0.0020579951  -0.0020981165  -0.0006640834
       -0.0007181376   0.0003549491   0.0001126608  -0.0000390274  -0.0000065525
       -0.0000740984   0.0001098202   0.0000298107  -0.0000034678  -0.0000469839
       -0.0000122752   0.0001087927   0.0000707248  -0.0001129782  -0.0000724331
       -0.0000742675   0.0000580383   0.0001876103   0.0000190539   0.0000793376
       -0.0002402155  -0.0006899626   0.0015118148
       -0.0110561871   0.0085472354  -0.0032535888  -0.1281742527   0.0330036692
       -0.0415067434  -0.0012103616   0.0015536308  -0.0031731776   0.4443993260
       -0.0050784796  -0.0205271791  -0.1299686056  -0.0501874934   0.0182825372
       -0.0274573158  -0.0113663037   0.0073862545  -0.0083255244  -0.0091284777
       -0.0007166555  -0.0421683001  -0.0057902814  -0.0104851762   0.0002017409
       -0.0001468075  -0.0001845895   0.0004070103  -0.0007135081  -0.0004622329
       -0.0004126752   0.0014789353   0.0004358114  -0.0477849265   0.0392331656
        0.0147052020  -0.0474451663  -0.0000588920   0.0354618320   0.0000324923
       -0.0017355629   0.0019909496   0.0009715001  -0.0010232654   0.0002465884
        0.0005831363  -0.0007594060  -0.0005393655  -0.0050512349   0.0022340594
        0.0012638043   0.0004527010   0.0005989377   0.0002908667  -0.0000734086
       -0.0013466209  -0.0010248169   0.0004278753   0.0003092283   0.0007878411
        0.0016521765   0.0003762370   0.0010218382
        0.0229013536  -0.0119493432   0.0089059970   0.0409460087  -0.0752179527
        0.0196315838   0.0026770288  -0.0000901796   0.0019517027  -0.0050784796
        0.4948367360   0.0212710922  -0.0537039724  -0.1039165516   0.0172877594
        0.0071641309   0.0057872684  -0.0028122668  -0.0169499182  -0.0152755095
       -0.0001128429  -0.0280868144  -0.0009371805  -0.0066239449   0.0000415235
        0.0003622098   0.0003279358  -0.0002272959   0.0010047067   0.0008544623
        0.0024214245  -0.0049379997  -0.0014717594   0.0403086415  -0.2357744247
       -0.0699348302  -0.0006262419  -0.0435554367   0.0074243329  -0.0139060847
       -0.0110413445   0.0069543099   0.0004696343   0.0006624493  -0.0001575694
        0.0010255172   0.0005521500  -0.0003270208   0.0030216298  -0.0007806612
       -0.0008868107  -0.0004831170   0.0004825688   0.0005205684  -0.0015220985
       -0.0023053281  -0.0031761508   0.0006079485   0.0006165807   0.0006910640
       -0.0010008184   0.0014772423  -0.0003176124
        0.0058865148  -0.0019157341   0.0038429155  -0.0436089928   0.0175981787
       -0.0929058106  -0.0249878163   0.0116737300  -0.0208026763  -0.0205271791
        0.0212710922   0.5188423237   0.0198369295   0.0167256736  -0.0720065689
        0.0057846398   0.0018145614  -0.0011675649  -0.0144062164  -0.0112727250
        0.0022935387   0.0035142106  -0.0011758594   0.0058380035   0.0001473611
        0.0001193831   0.0000456767   0.0010918483  -0.0007737384   0.0010862891
        0.0014278001  -0.0022029907   0.0000694883   0.0146613826  -0.0705407613
       -0.0701661685   0.0359657588   0.0072319134  -0.2680626123   0.0176497552
        0.0162393954  -0.0071133874  -0.0005824825  -0.0001662687   0.0005756176
        0.0005685038   0.0005649454   0.0001463031   0.0008039632  -0.0008930019
        0.0007114065  -0.0002517466  -0.0000256299   0.0006725661  -0.0018087936
       -0.0033496639  -0.0026787537  -0.0009014932  -0.0008134116   0.0007601433
       -0.0002639473  -0.0001090883   0.0000192706
        0.0007114881  -0.0001856829   0.0001549266  -0.0228888013  -0.0125807230
        0.0022540637   0.0008810317  -0.0001895172   0.0009670134  -0.1299686056
       -0.0537039724   0.0198369295   0.4631285910  -0.0094338219   0.0159257378
       -0.1447812465   0.0602505664   0.0190067966  -0.0687702021  -0.0148078022
       -0.0218475849  -0.0060234600   0.0001450116  -0.0016932005  -0.0004371046
        0.0002406298  -0.0000069747  -0.0002503137   0.0000194386   0.0001487828
        0.0001970404  -0.0001821735  -0.0000012021  -0.0000331241  -0.0017737760
       -0.0007041192  -0.0055402393  -0.0050031956   0.0037578067  -0.0495152640
        0.0233564275  -0.0355069455  -0.0083961248   0.0075816734  -0.0015109366
        0.0018959847  -0.0006788559   0.0005404478  -0.0240557607   0.0119031888
        0.0056402531   0.0036167026   0.0145812986   0.0180979558  -0.0074804901
       -0.0156144901  -0.0169855120  -0.0022681935  -0.0042748128  -0.0079801649
       -0.0000219082   0.0003505887  -0.0000940734
       -0.0002645721  -0.0003179479   0.0001209162  -0.0009547565   0.0035426177
       -0.0027341372   0.0010195065   0.0005797431   0.0003986048  -0.0501874934
       -0.1039165516   0.0167256736  -0.0094338219   0.4852499064  -0.0274944165
        0.0606601841  -0.1074624056  -0.0117855012  -0.0163005016  -0.1107572587
       -0.0591020116   0.0039541043   0.0020315436   0.0008330992   0.0007660329
       -0.0003248166  -0.0000634124   0.0000650302  -0.0000078535  -0.0000569449
        0.0001697115  -0.0000485613  -0.0000750280  -0.0207722954  -0.0201441321
        0.0041866731  -0.0046391615  -0.0026314574   0.0029945840   0.0230776194
       -0.1098222965   0.0990178641   0.0171749421  -0.0136816889  -0.0005089217
        0.0140955956  -0.0127055929  -0.0059085552  -0.0127058877   0.0083184382
        0.0028443602  -0.0015913638  -0.0129945717  -0.0150524687  -0.0069279284
       -0.0135441277  -0.0146029417   0.0029194848   0.0087022651   0.0103037274
       -0.0001244291  -0.0000652515  -0.0000411633
        0.0001542444  -0.0001288259  -0.0004276583  -0.0037678628  -0.0056505883
        0.0021156175  -0.0015463511  -0.0007114387   0.0001363858   0.0182825372
        0.0172877594  -0.0720065689   0.0159257378  -0.0274944165   0.5111691939
        0.0180019198  -0.0114577920  -0.0701510739  -0.0224488865  -0.0586642157
       -0.1448948008  -0.0049769597  -0.0010329103  -0.0004018586  -0.0003187442
        0.0001560320   0.0005609146   0.0002656386   0.0002088780  -0.0001785529
       -0.0001552414  -0.0000027693  -0.0000134728  -0.0059982661  -0.0061916490
        0.0024823251   0.0221249265   0.0164811085  -0.0087358439  -0.0346166336
        0.0996825306  -0.1852389005  -0.0190927995   0.0143192032   0.0030478565
        0.0189799170  -0.0158137022  -0.0067925078   0.0060107308  -0.0032493790
       -0.0012323451   0.0002053445  -0.0067565372  -0.0070731414   0.0002213946
        0.0023174490   0.0038660778  -0.0073609783  -0.0134573543  -0.0262355245
        0.0001103319   0.0001586178   0.0000038780
        0.0000097378   0.0001987115  -0.0000975746  -0.0018896065  -0.0013383640
        0.0016785612  -0.0000260636  -0.0000488052   0.0001536368  -0.0274573158
        0.0071641309   0.0057846398  -0.1447812465   0.0606601841   0.0180019198
        0.4770885691   0.0341095633   0.0110839807   0.0007832034   0.0012383780
        0.0022173809  -0.0017766084  -0.0004559567  -0.0003674202  -0.0000607746
       -0.0000781935  -0.0000203974  -0.0000751251  -0.0000113653  -0.0000790903
       -0.0000221061   0.0000545456   0.0000523412  -0.0001180417   0.0020927668
        0.0004709538  -0.0013060601  -0.0003767465   0.0004162637  -0.0088920590
        0.0086748035   0.0005287160  -0.0527343803   0.0268105544  -0.0376696249
       -0.0504429585  -0.0254010540  -0.0347459361  -0.1904063574  -0.1112954943
        0.0344852908   0.0006580958  -0.0008590973  -0.0008648421   0.0008057638
       -0.0005915341  -0.0006931417   0.0005191366  -0.0006348181  -0.0003254840
        0.0001241969   0.0000877910  -0.0000101736
       -0.0001992879  -0.0000145257  -0.0001625460  -0.0008257419  -0.0008695768
        0.0010892278  -0.0000512412   0.0000236392  -0.0001029695  -0.0113663037
        0.0057872684   0.0018145614   0.0602505664  -0.1074624056  -0.0114577920
        0.0341095633   0.5022310685  -0.0058205693   0.0147211284  -0.0157100985
       -0.0095390066  -0.0012834177  -0.0001164287  -0.0002931606  -0.0000118512
        0.0001773597  -0.0000392918   0.0000147872  -0.0000104647   0.0000450215
       -0.0000490894   0.0001595418  -0.0000157753  -0.0022317184   0.0012584527
        0.0005925537  -0.0009811844  -0.0002597299   0.0004442186   0.0173345483
       -0.0131783817  -0.0013224260   0.0264995904  -0.1244870724   0.1089721518
       -0.0257593314  -0.1202474915  -0.1082095386  -0.1110362355  -0.1261733450
        0.0264770121  -0.0003347862  -0.0024379365  -0.0034112964   0.0010272539
        0.0003518810   0.0000608960  -0.0000126622   0.0009828397   0.0008507018
        0.0001854135  -0.0000045937   0.0000280274
        0.0000385420  -0.0000113363   0.0000047198  -0.0000486582   0.0003063420
       -0.0005954273  -0.0000232992   0.0000915319   0.0002226431   0.0073862545
       -0.0028122668  -0.0011675649   0.0190067966  -0.0117855012  -0.0701510739
        0.0110839807  -0.0058205693   0.5211395982   0.0172091534  -0.0174806152
       -0.0091459214   0.0002362102   0.0000384170   0.0002360782   0.0000672775
       -0.0001383805  -0.0001140628  -0.0000701882  -0.0000562384   0.0000566202
       -0.0000022806  -0.0000457425   0.0000243486  -0.0005088810  -0.0005883436
        0.0010980706   0.0005704945   0.0002047207  -0.0002087977  -0.0182307087
        0.0148170214   0.0031377743  -0.0378418114   0.1091178622  -0.1917322061
       -0.0351370293  -0.1080736416  -0.1976014660   0.0345833269   0.0266851837
       -0.0529408772  -0.0000403801  -0.0040364660  -0.0036967312   0.0005713950
        0.0003876999   0.0003772425   0.0011427431  -0.0007829394   0.0010939776
        0.0000070619  -0.0000167381  -0.0000369446
        0.0004004582   0.0004639569   0.0002988158  -0.0005217307  -0.0006611287
        0.0000527268  -0.0000495430  -0.0000990408  -0.0001204327  -0.0083255244
       -0.0169499182  -0.0144062164  -0.0687702021  -0.0163005016  -0.0224488865
        0.0007832034   0.0147211284   0.0172091534   0.5236001985  -0.0132972437
       -0.0161463225  -0.0009616698  -0.0003830076  -0.0001405324  -0.0008427033
       -0.0001720587  -0.0004788640  -0.0001470504  -0.0001005215  -0.0001768692
       -0.0000371481  -0.0001240869  -0.0000457630  -0.0026698605  -0.0024684458
       -0.0002338629   0.0009028000  -0.0001283207  -0.0013554138  -0.0006637904
       -0.0040852748  -0.0070199384   0.0006204207  -0.0000878095   0.0007965532
       -0.0033133348   0.0039652894   0.0021890214   0.0009198236   0.0010354217
        0.0005861302  -0.1981900581   0.1085799523   0.0439469431  -0.1824162658
       -0.1074910434   0.0458541079  -0.0602970704   0.0334315005  -0.0484483060
       -0.0000209526   0.0001511526   0.0000879562
       -0.0003984840  -0.0004580119  -0.0000840565   0.0001387614  -0.0009279149
       -0.0000170435  -0.0001704658   0.0000138348  -0.0001346003  -0.0091284777
       -0.0152755095  -0.0112727250  -0.0148078022  -0.1107572587  -0.0586642157
        0.0012383780  -0.0157100985  -0.0174806152  -0.0132972437   0.5001664727
       -0.0299462237  -0.0005943182   0.0001076602  -0.0001532476   0.0002751115
        0.0001539042   0.0003250206   0.0001622175   0.0001354899  -0.0001558102
       -0.0000488426   0.0000293115  -0.0001075365  -0.0026699379  -0.0022264245
       -0.0003361827   0.0003203869   0.0005952207  -0.0017557991   0.0022758680
        0.0077214157   0.0101885383  -0.0008062803   0.0005110693  -0.0007975487
        0.0028982745  -0.0024627957  -0.0016316817  -0.0007719819   0.0005980140
        0.0002253955   0.1094930626  -0.1194546013  -0.0293488452  -0.1077883378
       -0.1280482514   0.0371306101   0.0336443536  -0.1147117635   0.1040119696
        0.0000357582   0.0000002370   0.0000045975
       -0.0000451827   0.0001268838  -0.0005954809  -0.0004454881   0.0002737771
       -0.0004674536   0.0000799464  -0.0000363568   0.0003649359  -0.0007166555
       -0.0001128429   0.0022935387  -0.0218475849  -0.0591020116  -0.1448948008
        0.0022173809  -0.0095390066  -0.0091459214  -0.0161463225  -0.0299462237
        0.4812442179   0.0001603352  -0.0000917406   0.0002852480  -0.0003461287
       -0.0000943991   0.0001917270  -0.0000312155   0.0001145728   0.0000624119
       -0.0001287122  -0.0001328891   0.0000612138   0.0005812283   0.0013262976
        0.0002663623   0.0012423499   0.0010094640   0.0012494321  -0.0067495045
       -0.0151782848  -0.0253112397  -0.0004432276   0.0008027870   0.0011611994
        0.0014264850  -0.0010919358   0.0001946218  -0.0005549270  -0.0000183221
        0.0001590892   0.0444161364  -0.0291233700  -0.0550168952   0.0458803472
        0.0366289713  -0.0584659254  -0.0485329037   0.1041893459  -0.1935132952
       -0.0000163567  -0.0000047163  -0.0001229858
        0.0053339305  -0.0014236508  -0.0022108573  -0.1478955016  -0.0470802037
        0.0321033236  -0.0172726389  -0.0174692617   0.0154953500  -0.0421683001
       -0.0280868144   0.0035142106  -0.0060234600   0.0039541043  -0.0049769597
       -0.0017766084  -0.0012834177   0.0002362102  -0.0009616698  -0.0005943182
        0.0001603352   0.2802171348  -0.0065180146  -0.0982728502   0.0004387202
        0.0017005499   0.0002942892  -0.0000296499   0.0005718357  -0.0002045753
        0.0007462129   0.0002067080   0.0001656535   0.0019835843  -0.0009279129
        0.0011738124   0.0021166239  -0.0002129491   0.0006323799   0.0006544909
        0.0004231476  -0.0000005945   0.0000754571   0.0000569289  -0.0001034726
        0.0002092100  -0.0000275968   0.0000203395  -0.0007764458   0.0001024646
        0.0002328900   0.0000420807   0.0001313293   0.0000774516  -0.0003042719
       -0.0003739072  -0.0001549292   0.0000113470   0.0001071925  -0.0000502581
       -0.0746202459   0.0967437864   0.0518682512
       -0.0254341704  -0.0366057355   0.0020906828  -0.0723922387  -0.1113013191
        0.0145681709  -0.0157249403  -0.0107927732   0.0128146693  -0.0057902814
       -0.0009371805  -0.0011758594   0.0001450116   0.0020315436  -0.0010329103
       -0.0004559567  -0.0001164287   0.0000384170  -0.0003830076   0.0001076602
       -0.0000917406  -0.0065180146   0.5048678369   0.1031768093   0.0017247236
       -0.0079254206  -0.0028095139  -0.0002857512   0.0016597003  -0.0000797979
       -0.0002614687   0.0018934465   0.0010456338   0.0016101111   0.0014256129
        0.0009836849   0.0001396238  -0.0000732434  -0.0007379363   0.0006972825
        0.0000469314   0.0002107912  -0.0000235766  -0.0000260508  -0.0001172075
        0.0000657293  -0.0001205366   0.0000869320  -0.0001127252  -0.0000285757
        0.0000380302   0.0001998462  -0.0001026731   0.0001308203   0.0000396953
       -0.0001009726  -0.0000042446  -0.0000263035   0.0001066118  -0.0000941865
        0.1227864116  -0.3440084336  -0.1290412446
       -0.0075516076  -0.0084864650   0.0054342839   0.0306115036   0.0080760556
       -0.0604675027   0.0284178638   0.0241435665  -0.0088519859  -0.0104851762
       -0.0066239449   0.0058380035  -0.0016932005   0.0008330992  -0.0004018586
       -0.0003674202  -0.0002931606   0.0002360782  -0.0001405324  -0.0001532476
        0.0002852480  -0.0982728502   0.1031768093   0.1084837486   0.0001588596
       -0.0028158326  -0.0002265399  -0.0003439892   0.0008466488   0.0009749871
        0.0001236449  -0.0001096274  -0.0001471378   0.0004953468  -0.0002801399
       -0.0003387129   0.0011493296  -0.0001582598   0.0016504282  -0.0003017432
       -0.0003539896   0.0000490431   0.0001169376  -0.0000867394   0.0000798751
       -0.0000660168   0.0000617471  -0.0000279327  -0.0002210791   0.0000213433
        0.0000328108   0.0000541210   0.0000968341  -0.0000540885  -0.0001200537
       -0.0001311663  -0.0000313751   0.0001369750  -0.0000015665   0.0001209945
        0.0582990872  -0.1177619643  -0.0526383669
       -0.1459119375  -0.1167827649   0.0394178971   0.0047081958   0.0040632792
       -0.0020441275   0.0002847817   0.0000716368  -0.0003111732   0.0002017409
        0.0000415235   0.0001473611  -0.0004371046   0.0007660329  -0.0003187442
       -0.0000607746  -0.0000118512   0.0000672775  -0.0008427033   0.0002751115
       -0.0003461287   0.0004387202   0.0017247236   0.0001588596   0.1693742688
        0.1342988004  -0.0449407482  -0.0030854811  -0.0033979621   0.0023394841
       -0.0239643514  -0.0214604143   0.0060693197  -0.0000801735  -0.0000225802
        0.0000575052  -0.0000439636  -0.0000749031  -0.0000097714  -0.0003908631
        0.0003859753   0.0005689218   0.0000468982  -0.0000622576   0.0000214725
        0.0000265592  -0.0000495195  -0.0000240792  -0.0000156446   0.0000032802
        0.0000044933  -0.0004674357   0.0000001505  -0.0009223269  -0.0002140946
       -0.0000563523   0.0000324771   0.0000663698  -0.0000727347   0.0000204461
        0.0003669931   0.0003608260   0.0000115841
       -0.1153500171  -0.1690196947   0.0433831928  -0.0174584740  -0.0207730136
        0.0063782258  -0.0004019449   0.0005353780   0.0002138214  -0.0001468075
        0.0003622098   0.0001193831   0.0002406298  -0.0003248166   0.0001560320
       -0.0000781935   0.0001773597  -0.0001383805  -0.0001720587   0.0001539042
       -0.0000943991   0.0017005499  -0.0079254206  -0.0028158326   0.1342988004
        0.1959456494  -0.0488156470  -0.0032363640  -0.0023882150   0.0029107210
        0.0015230460   0.0038276192  -0.0011508028  -0.0003482131   0.0001609411
       -0.0000298060  -0.0001272368  -0.0001629664  -0.0000092537   0.0007094581
        0.0000446211  -0.0006888754  -0.0000778372   0.0000256576  -0.0000039017
       -0.0000212755  -0.0000487304  -0.0000252851   0.0000020000   0.0000481095
       -0.0000053316   0.0002703185   0.0005147368   0.0005110514  -0.0001358075
        0.0000365715   0.0000222737  -0.0000604734   0.0000129117  -0.0000418781
       -0.0011300994  -0.0012028123   0.0001246923
        0.0394881047   0.0440071029  -0.0573621434  -0.0058444354  -0.0063911732
        0.0021999064  -0.0004005102  -0.0004620739   0.0002068578  -0.0001845895
        0.0003279358   0.0000456767  -0.0000069747  -0.0000634124   0.0005609146
       -0.0000203974  -0.0000392918  -0.0001140628  -0.0004788640   0.0003250206
        0.0001917270   0.0002942892  -0.0028095139  -0.0002265399  -0.0449407482
       -0.0488156470   0.0637497001   0.0223420293   0.0238442784  -0.0111701356
       -0.0095357243  -0.0088253777   0.0032290027  -0.0000301286  -0.0000579529
       -0.0001281914   0.0001258462   0.0001194893  -0.0001582367   0.0003393937
       -0.0001558989  -0.0000534802  -0.0000259297   0.0000445829  -0.0000270487
        0.0000358509  -0.0000757382  -0.0000522516   0.0000010390  -0.0000011272
        0.0000101789  -0.0011089776  -0.0001017695  -0.0009583732   0.0001273707
       -0.0001221060  -0.0000428570   0.0001627628  -0.0001283814  -0.0001314756
       -0.0003394068  -0.0006189456   0.0002308319
       -0.0464943886  -0.0019908340   0.0248334213  -0.0015525005   0.0010511840
        0.0111364547  -0.0001884311   0.0023165691   0.0013934246   0.0004070103
       -0.0002272959   0.0010918483  -0.0002503137   0.0000650302   0.0002656386
       -0.0000751251   0.0000147872  -0.0000701882  -0.0001470504   0.0001622175
       -0.0000312155  -0.0000296499  -0.0002857512  -0.0003439892  -0.0030854811
       -0.0032363640   0.0223420293   0.0510856361  -0.0001621023  -0.0296023956
        0.0007160831   0.0026530069  -0.0302210495   0.0000659971  -0.0001538263
       -0.0001718556  -0.0001129566   0.0004909910  -0.0002833064   0.0001226052
       -0.0000090807  -0.0000488002  -0.0000039328   0.0000113393  -0.0000073171
        0.0000450050  -0.0000624226  -0.0000424115   0.0000368233  -0.0000071267
       -0.0000038893  -0.0007328091  -0.0005094446  -0.0000072592   0.0002103467
       -0.0000314918  -0.0000671472  -0.0000351753   0.0000257644  -0.0000867267
        0.0000183074  -0.0001151495  -0.0000752656
       -0.0020829139  -0.0442024384   0.0152149301   0.0042903126  -0.0010235643
       -0.0284512708   0.0019476863  -0.0048925532  -0.0031304998  -0.0007135081
        0.0010047067  -0.0007737384   0.0000194386  -0.0000078535   0.0002088780
       -0.0000113653  -0.0000104647  -0.0000562384  -0.0001005215   0.0001354899
        0.0001145728   0.0005718357   0.0016597003   0.0008466488  -0.0033979621
       -0.0023882150   0.0238442784  -0.0001621023   0.0494438872  -0.0147493029
       -0.0001710293   0.0002437997   0.0066205569  -0.0002190876   0.0001702797
        0.0000677498   0.0003194674  -0.0001621292   0.0002786707  -0.0000338971
       -0.0001256713  -0.0000367250  -0.0000065399   0.0000160675  -0.0000026953
       -0.0000147853  -0.0000205785  -0.0000256806  -0.0000297257   0.0000036401
        0.0000120803  -0.0003332958   0.0000583819   0.0000095211   0.0000636015
       -0.0000836325  -0.0000157529   0.0000921688  -0.0000418433  -0.0000140060
       -0.0000277769   0.0002229907   0.0000380233
        0.0253035717   0.0148902074  -0.2814924064   0.0036665883  -0.0040286394
       -0.0166583014   0.0010560367  -0.0031442645  -0.0009998003  -0.0004622329
        0.0008544623   0.0010862891   0.0001487828  -0.0000569449  -0.0001785529
       -0.0000790903   0.0000450215   0.0000566202  -0.0001768692  -0.0001558102
        0.0000624119  -0.0002045753  -0.0000797979   0.0009749871   0.0023394841
        0.0029107210  -0.0111701356  -0.0296023956  -0.0147493029   0.3261320068
       -0.0016844525   0.0023351312  -0.0186151582  -0.0002931820   0.0002702327
        0.0000532407   0.0002766917  -0.0001643097   0.0004215521  -0.0000862761
       -0.0000677979  -0.0001220590  -0.0000074470  -0.0000198078   0.0000440984
       -0.0000415792   0.0000150975  -0.0000215483  -0.0000065964   0.0000238596
       -0.0000145081   0.0002877459   0.0002439388   0.0002224326  -0.0001154082
        0.0000293869  -0.0000021935  -0.0000574585   0.0000470858   0.0000459987
       -0.0002613381   0.0008015305   0.0001750262
       -0.2351393074   0.0416207079  -0.0885039937  -0.0127698219   0.0064193572
       -0.0044066990  -0.0001482088  -0.0003363081   0.0000608446  -0.0004126752
        0.0024214245   0.0014278001   0.0001970404   0.0001697115  -0.0001552414
       -0.0000221061  -0.0000490894  -0.0000022806  -0.0000371481  -0.0000488426
       -0.0001287122   0.0007462129  -0.0002614687   0.0001236449  -0.0239643514
        0.0015230460  -0.0095357243   0.0007160831  -0.0001710293  -0.0016844525
        0.2712399919  -0.0509817439   0.1029075892  -0.0006232858   0.0004367780
       -0.0002763954   0.0001541300  -0.0001443124   0.0003148439   0.0000659941
       -0.0000738934  -0.0001574936   0.0000320324  -0.0000110655   0.0000136932
        0.0000243085   0.0000215948  -0.0000073467  -0.0000105690  -0.0000344120
       -0.0000028859  -0.0001955267   0.0001677551   0.0001695474  -0.0000023005
        0.0000406651   0.0000295002  -0.0000005550   0.0000433327   0.0000806110
        0.0001500627  -0.0007522071  -0.0002668492
        0.0409078301  -0.0507591180   0.0195569642   0.0264255359  -0.0099919321
        0.0101543778  -0.0000373060   0.0005921341   0.0004679206   0.0014789353
       -0.0049379997  -0.0022029907  -0.0001821735  -0.0000485613  -0.0000027693
        0.0000545456   0.0001595418  -0.0000457425  -0.0001240869   0.0000293115
       -0.0001328891   0.0002067080   0.0018934465  -0.0001096274  -0.0214604143
        0.0038276192  -0.0088253777   0.0026530069   0.0002437997   0.0023351312
       -0.0509817439   0.0593589487  -0.0218936919   0.0013408533  -0.0008868178
        0.0005660006  -0.0002265461   0.0000036136  -0.0001970208   0.0000499455
       -0.0000786599  -0.0001326603  -0.0000572053   0.0000022072  -0.0000102263
       -0.0000407702  -0.0000065376   0.0000291115   0.0000286119   0.0000306759
       -0.0000066150   0.0000523465   0.0000150689   0.0001865523  -0.0000145227
        0.0000290982  -0.0000141750  -0.0000834732   0.0000286335   0.0000166345
        0.0000099231   0.0004955278   0.0002610932
       -0.0888476843   0.0199130038  -0.0854893689   0.0086258507  -0.0023780897
        0.0044251469   0.0004267859  -0.0001220813   0.0003237940   0.0004358114
       -0.0014717594   0.0000694883  -0.0000012021  -0.0000750280  -0.0000134728
        0.0000523412  -0.0000157753   0.0000243486  -0.0000457630  -0.0001075365
        0.0000612138   0.0001656535   0.0010456338  -0.0001471378   0.0060693197
       -0.0011508028   0.0032290027  -0.0302210495   0.0066205569  -0.0186151582
        0.1029075892  -0.0218936919   0.0958759218   0.0003144248  -0.0002396615
        0.0003418382   0.0000595980  -0.0001631345   0.0000882471  -0.0000943600
        0.0000657505  -0.0000328171  -0.0000010788   0.0000010973  -0.0000212483
       -0.0000102763   0.0000160537   0.0000227030  -0.0000138805  -0.0000008729
       -0.0000025577   0.0000126684   0.0001863613  -0.0000804780  -0.0000691263
        0.0000220325   0.0000288705   0.0000575118  -0.0000373529   0.0000084966
        0.0001768663  -0.0002147033  -0.0000968325
       -0.0044036898   0.0015965883  -0.0023196405  -0.0097415628   0.0247072176
        0.0063203945   0.0006597476  -0.0001007485   0.0007216512  -0.0477849265
        0.0403086415   0.0146613826  -0.0000331241  -0.0207722954  -0.0059982661
       -0.0001180417  -0.0022317184  -0.0005088810  -0.0026698605  -0.0026699379
        0.0005812283   0.0019835843   0.0016101111   0.0004953468  -0.0000801735
       -0.0003482131  -0.0000301286   0.0000659971  -0.0002190876  -0.0002931820
       -0.0006232858   0.0013408533   0.0003144248   0.0662097357  -0.0453045267
       -0.0164076401   0.0002254375   0.0049235051   0.0029378688  -0.0009098606
       -0.0008760371   0.0002683258  -0.0005449968  -0.0001450654  -0.0005733707
       -0.0006107680  -0.0002979835   0.0009659378  -0.0000893237   0.0000667189
        0.0000037429  -0.0001111667   0.0000909332   0.0001053467  -0.0004547915
       -0.0007465802  -0.0008419005   0.0000075003   0.0000796815   0.0001008776
       -0.0009764303  -0.0010120569  -0.0005035186
        0.0027353870  -0.0003979559   0.0019047985   0.0065567365  -0.0147422990
       -0.0035490389  -0.0003182629  -0.0000751283  -0.0000748968   0.0392331656
       -0.2357744247  -0.0705407613  -0.0017737760  -0.0201441321  -0.0061916490
        0.0020927668   0.0012584527  -0.0005883436  -0.0024684458  -0.0022264245
        0.0013262976  -0.0009279129   0.0014256129  -0.0002801399  -0.0000225802
        0.0001609411  -0.0000579529  -0.0001538263   0.0001702797   0.0002702327
        0.0004367780  -0.0008868178  -0.0002396615  -0.0453045267   0.2739585644
        0.0814933276   0.0011327306  -0.0022958902  -0.0033788836  -0.0008441332
       -0.0011510792   0.0002102936  -0.0003939362   0.0002648786  -0.0002353353
       -0.0004144100   0.0004041071   0.0005588380   0.0006131591   0.0001542682
       -0.0001258091  -0.0000384929   0.0002104820   0.0001587443  -0.0004673393
       -0.0006853657  -0.0008244859   0.0000655131   0.0000523184   0.0001653549
        0.0002614059   0.0003196123  -0.0000009294
       -0.0020918808   0.0005916210  -0.0002140496  -0.0046055111   0.0121661614
        0.0046065735  -0.0000187060   0.0004689983   0.0004541897   0.0147052020
       -0.0699348302  -0.0701661685  -0.0007041192   0.0041866731   0.0024823251
        0.0004709538   0.0005925537   0.0010980706  -0.0002338629  -0.0003361827
        0.0002663623   0.0011738124   0.0009836849  -0.0003387129   0.0000575052
       -0.0000298060  -0.0001281914  -0.0001718556   0.0000677498   0.0000532407
       -0.0002763954   0.0005660006   0.0003418382  -0.0164076401   0.0814933276
        0.0781481140   0.0075752914  -0.0312802399  -0.0160976899   0.0004413612
        0.0004045804  -0.0006813788  -0.0004547567  -0.0000450102  -0.0002091979
        0.0005064416   0.0001762552  -0.0001777357   0.0000306700   0.0001409212
       -0.0000946316  -0.0000851019   0.0003065074  -0.0000350028  -0.0001608615
       -0.0000242715   0.0001055755   0.0001137904  -0.0001252733  -0.0000235093
        0.0001356632  -0.0003694208   0.0006099789
        0.0008771285  -0.0007682187  -0.0006725584   0.0009164161   0.0024372828
       -0.0260746876  -0.0040891314   0.0017711099  -0.0033168593  -0.0474451663
       -0.0006262419   0.0359657588  -0.0055402393  -0.0046391615   0.0221249265
       -0.0013060601  -0.0009811844   0.0005704945   0.0009028000   0.0003203869
        0.0012423499   0.0021166239   0.0001396238   0.0011493296  -0.0000439636
       -0.0001272368   0.0001258462  -0.0001129566   0.0003194674   0.0002766917
        0.0001541300  -0.0002265461   0.0000595980   0.0002254375   0.0011327306
        0.0075752914   0.0574793092   0.0028613659  -0.0389262241  -0.0028491701
       -0.0018891932   0.0011624942  -0.0000743482   0.0001613159  -0.0001082989
        0.0000266652  -0.0001143270  -0.0001661721  -0.0004820917   0.0003046631
       -0.0001482270   0.0001859162  -0.0001620459  -0.0000228621   0.0001522470
        0.0002647461   0.0000301582  -0.0007946783  -0.0001546014  -0.0005689134
       -0.0002988681  -0.0000239353  -0.0002781362
       -0.0003698743   0.0005615912   0.0009639270  -0.0005627802  -0.0000830060
        0.0111599309   0.0018152180  -0.0003986201   0.0020579951  -0.0000588920
       -0.0435554367   0.0072319134  -0.0050031956  -0.0026314574   0.0164811085
       -0.0003767465  -0.0002597299   0.0002047207  -0.0001283207   0.0005952207
        0.0010094640  -0.0002129491  -0.0000732434  -0.0001582598  -0.0000749031
       -0.0001629664   0.0001194893   0.0004909910  -0.0001621292  -0.0001643097
       -0.0001443124   0.0000036136  -0.0001631345   0.0049235051  -0.0022958902
       -0.0312802399   0.0028613659   0.0513669650  -0.0089272877  -0.0026071395
       -0.0023301411   0.0017877703   0.0002563174  -0.0000477960  -0.0000769162
       -0.0001015425  -0.0000567788   0.0001123229  -0.0002332633   0.0002021657
        0.0001607909  -0.0000078519  -0.0007642345   0.0002184313   0.0001622810
        0.0000311570  -0.0000201619  -0.0005801143   0.0001694497  -0.0001374561
       -0.0000477931  -0.0001087333  -0.0005800986
        0.0009640283  -0.0006676721   0.0011954071  -0.0016345829   0.0025094377
       -0.0202702213  -0.0032022514   0.0014791566  -0.0020981165   0.0354618320
        0.0074243329  -0.2680626123   0.0037578067   0.0029945840  -0.0087358439
        0.0004162637   0.0004442186  -0.0002087977  -0.0013554138  -0.0017557991
        0.0012494321   0.0006323799  -0.0007379363   0.0016504282  -0.0000097714
       -0.0000092537  -0.0001582367  -0.0002833064   0.0002786707   0.0004215521
        0.0003148439  -0.0001970208   0.0000882471   0.0029378688  -0.0033788836
       -0.0160976899  -0.0389262241  -0.0089272877   0.3114849798   0.0013421196
        0.0005951795  -0.0007740878   0.0001746953  -0.0000613484   0.0000699066
       -0.0001332415   0.0000921699   0.0000565144   0.0001605073  -0.0001333143
        0.0000768590  -0.0000727076   0.0003089790   0.0001823852  -0.0003811864
       -0.0003974814  -0.0000523538   0.0000146301   0.0000514922   0.0004578757
       -0.0001782901   0.0000877763  -0.0004756276
       -0.0005524405  -0.0002151066   0.0002149023  -0.0003854690  -0.0014828459
        0.0021433502  -0.0004306062  -0.0004671505  -0.0006640834   0.0000324923
       -0.0139060847   0.0176497552  -0.0495152640   0.0230776194  -0.0346166336
       -0.0088920590   0.0173345483  -0.0182307087  -0.0006637904   0.0022758680
       -0.0067495045   0.0006544909   0.0006972825  -0.0003017432  -0.0003908631
        0.0007094581   0.0003393937   0.0001226052  -0.0000338971  -0.0000862761
        0.0000659941   0.0000499455  -0.0000943600  -0.0009098606  -0.0008441332
        0.0004413612  -0.0028491701  -0.0026071395   0.0013421196   0.0670458558
       -0.0275625881   0.0405752719  -0.0043194927   0.0038554678   0.0003503804
        0.0006672023  -0.0003629455  -0.0002572252   0.0001887761   0.0000292672
       -0.0005644583   0.0000740322   0.0000316311   0.0004603380  -0.0001528792
        0.0001678593  -0.0004579359   0.0001288492  -0.0007365445  -0.0015430681
        0.0000815967  -0.0000105116   0.0000491244
        0.0003983098   0.0004012030  -0.0002663641   0.0010316692   0.0005122976
        0.0008274662  -0.0006634702  -0.0000824250  -0.0007181376  -0.0017355629
       -0.0110413445   0.0162393954   0.0233564275  -0.1098222965   0.0996825306
        0.0086748035  -0.0131783817   0.0148170214  -0.0040852748   0.0077214157
       -0.0151782848   0.0004231476   0.0000469314  -0.0003539896   0.0003859753
        0.0000446211  -0.0001558989  -0.0000090807  -0.0001256713  -0.0000677979
       -0.0000738934  -0.0000786599   0.0000657505  -0.0008760371  -0.0011510792
        0.0004045804  -0.0018891932  -0.0023301411   0.0005951795  -0.0275625881
        0.1312629715  -0.1122536559   0.0041787976  -0.0024913972  -0.0004664005
       -0.0002168737  -0.0001137161   0.0003686881  -0.0004659554   0.0005081328
       -0.0000245028  -0.0001277970   0.0005168152   0.0000667495   0.0001147312
        0.0006317940  -0.0002347882  -0.0008646348  -0.0012399977  -0.0034745523
        0.0000064995   0.0000089281   0.0001270109
       -0.0000958724   0.0001088625   0.0001477926  -0.0014481193  -0.0003622193
        0.0009855215   0.0001821023  -0.0001003505   0.0003549491   0.0019909496
        0.0069543099  -0.0071133874  -0.0355069455   0.0990178641  -0.1852389005
        0.0005287160  -0.0013224260   0.0031377743  -0.0070199384   0.0101885383
       -0.0253112397  -0.0000005945   0.0002107912   0.0000490431   0.0005689218
       -0.0006888754  -0.0000534802  -0.0000488002  -0.0000367250  -0.0001220590
       -0.0001574936  -0.0001326603  -0.0000328171   0.0002683258   0.0002102936
       -0.0006813788   0.0011624942   0.0017877703  -0.0007740878   0.0405752719
       -0.1122536559   0.2174255432   0.0004026667  -0.0004848105   0.0007332003
        0.0002589740  -0.0002107171   0.0006487633  -0.0002735495  -0.0002108034
        0.0001455906   0.0001690365   0.0004455375   0.0002578363  -0.0000376197
        0.0004102119   0.0006229148  -0.0014617824  -0.0034163731  -0.0051197724
       -0.0000567432  -0.0001145628  -0.0000618061
       -0.0000432764  -0.0000135919   0.0000608971   0.0000199068  -0.0001129090
        0.0000020381   0.0001169266  -0.0000015758   0.0001126608   0.0009715001
        0.0004696343  -0.0005824825  -0.0083961248   0.0171749421  -0.0190927995
       -0.0527343803   0.0264995904  -0.0378418114   0.0006204207  -0.0008062803
       -0.0004432276   0.0000754571  -0.0000235766   0.0001169376   0.0000468982
       -0.0000778372  -0.0000259297  -0.0000039328  -0.0000065399  -0.0000074470
        0.0000320324  -0.0000572053  -0.0000010788  -0.0005449968  -0.0003939362
       -0.0004547567  -0.0000743482   0.0002563174   0.0001746953  -0.0043194927
        0.0041787976   0.0004026667   0.0614835433  -0.0342068455   0.0440453318
       -0.0009432997   0.0033777038  -0.0072725275   0.0036163633  -0.0160941176
        0.0205326048   0.0000469922  -0.0001836487  -0.0000958326  -0.0001097340
       -0.0000506126   0.0001272050   0.0002056700   0.0000845650   0.0003041892
       -0.0000661249  -0.0000128742  -0.0000613333
        0.0000643994   0.0000306690  -0.0000083745  -0.0002596837   0.0000949704
       -0.0000870183  -0.0000599466  -0.0000799635  -0.0000390274  -0.0010232654
        0.0006624493  -0.0001662687   0.0075816734  -0.0136816889   0.0143192032
        0.0268105544  -0.1244870724   0.1091178622  -0.0000878095   0.0005110693
        0.0008027870   0.0000569289  -0.0000260508  -0.0000867394  -0.0000622576
        0.0000256576   0.0000445829   0.0000113393   0.0000160675  -0.0000198078
       -0.0000110655   0.0000022072   0.0000010973  -0.0001450654   0.0002648786
       -0.0000450102   0.0001613159  -0.0000477960  -0.0000613484   0.0038554678
       -0.0024913972  -0.0004848105  -0.0342068455   0.1439433159  -0.1275604039
       -0.0035501151   0.0097637954  -0.0139145756   0.0010325271  -0.0144219400
        0.0188586289  -0.0002464910   0.0002369391  -0.0000190299  -0.0000742428
       -0.0002023197   0.0001314246   0.0001902325  -0.0001475119  -0.0008050176
       -0.0000376508   0.0000337212   0.0000218462
        0.0000753691  -0.0000510824   0.0000341704   0.0002753626  -0.0000769015
       -0.0000694399   0.0000753523   0.0000125190  -0.0000065525   0.0002465884
       -0.0001575694   0.0005756176  -0.0015109366  -0.0005089217   0.0030478565
       -0.0376696249   0.1089721518  -0.1917322061   0.0007965532  -0.0007975487
        0.0011611994  -0.0001034726  -0.0001172075   0.0000798751   0.0000214725
       -0.0000039017  -0.0000270487  -0.0000073171  -0.0000026953   0.0000440984
        0.0000136932  -0.0000102263  -0.0000212483  -0.0005733707  -0.0002353353
       -0.0002091979  -0.0001082989  -0.0000769162   0.0000699066   0.0003503804
       -0.0004664005   0.0007332003   0.0440453318  -0.1275604039   0.2207855460
       -0.0061010857   0.0146400504  -0.0269652814   0.0000950446   0.0064256947
       -0.0072826095   0.0000572840  -0.0000415913  -0.0000975136  -0.0000281083
        0.0001018494  -0.0001726393   0.0000712286  -0.0000536955   0.0000888353
       -0.0000214460   0.0000081317  -0.0000365684
       -0.0000133087  -0.0000130181  -0.0000785795  -0.0000916896   0.0000683972
        0.0001000906  -0.0000663782   0.0000705202  -0.0000740984   0.0005831363
        0.0010255172   0.0005685038   0.0018959847   0.0140955956   0.0189799170
       -0.0504429585  -0.0257593314  -0.0351370293  -0.0033133348   0.0028982745
        0.0014264850   0.0002092100   0.0000657293  -0.0000660168   0.0000265592
       -0.0000212755   0.0000358509   0.0000450050  -0.0000147853  -0.0000415792
        0.0000243085  -0.0000407702  -0.0000102763  -0.0006107680  -0.0004144100
        0.0005064416   0.0000266652  -0.0001015425  -0.0001332415   0.0006672023
       -0.0002168737   0.0002589740  -0.0009432997  -0.0035501151  -0.0061010857
        0.0592270726   0.0279351346   0.0397049825  -0.0071393565  -0.0170304091
       -0.0209398180   0.0002472888   0.0010345174   0.0010511563  -0.0000975008
        0.0000799595  -0.0000953541  -0.0001359857  -0.0000545402   0.0000083005
       -0.0000978520  -0.0000565744   0.0000363765
        0.0000658515   0.0000575036   0.0001343575  -0.0002289043   0.0001199559
       -0.0001665834   0.0001419922  -0.0000646678   0.0001098202  -0.0007594060
        0.0005521500   0.0005649454  -0.0006788559  -0.0127055929  -0.0158137022
       -0.0254010540  -0.1202474915  -0.1080736416   0.0039652894  -0.0024627957
       -0.0010919358  -0.0000275968  -0.0001205366   0.0000617471  -0.0000495195
       -0.0000487304  -0.0000757382  -0.0000624226  -0.0000205785   0.0000150975
        0.0000215948  -0.0000065376   0.0000160537  -0.0002979835   0.0004041071
        0.0001762552  -0.0001143270  -0.0000567788   0.0000921699  -0.0003629455
       -0.0001137161  -0.0002107171   0.0033777038   0.0097637954   0.0146400504
        0.0279351346   0.1396015741   0.1277681890  -0.0076663807  -0.0140708520
       -0.0173200226   0.0000094905  -0.0008620123  -0.0011658612   0.0001065799
        0.0002123694   0.0001078082   0.0000643113  -0.0000229470   0.0002314342
       -0.0000385522   0.0000917817   0.0000002737
       -0.0000546492   0.0000830383   0.0000707294  -0.0001759289   0.0000595518
        0.0000797025   0.0000713147  -0.0000278149   0.0000298107  -0.0005393655
       -0.0003270208   0.0001463031   0.0005404478  -0.0059085552  -0.0067925078
       -0.0347459361  -0.1082095386  -0.1976014660   0.0021890214  -0.0016316817
        0.0001946218   0.0000203395   0.0000869320  -0.0000279327  -0.0000240792
       -0.0000252851  -0.0000522516  -0.0000424115  -0.0000256806  -0.0000215483
       -0.0000073467   0.0000291115   0.0000227030   0.0009659378   0.0005588380
       -0.0001777357  -0.0001661721   0.0001123229   0.0000565144  -0.0002572252
        0.0003686881   0.0006487633  -0.0072725275  -0.0139145756  -0.0269652814
        0.0397049825   0.1277681890   0.2272500143  -0.0003165995   0.0013451743
        0.0031426057  -0.0000267489  -0.0006220801  -0.0004166342   0.0000670017
        0.0001822356   0.0000066244   0.0000060068   0.0000714670   0.0003704958
        0.0000639383   0.0000266842   0.0000364695
       -0.0001005663   0.0000547380  -0.0000715927  -0.0001956279  -0.0005268435
        0.0008360498   0.0000281785  -0.0000479809  -0.0000034678  -0.0050512349
        0.0030216298   0.0008039632  -0.0240557607  -0.0127058877   0.0060107308
       -0.1904063574  -0.1110362355   0.0345833269   0.0009198236  -0.0007719819
       -0.0005549270  -0.0007764458  -0.0001127252  -0.0002210791  -0.0000156446
        0.0000020000   0.0000010390   0.0000368233  -0.0000297257  -0.0000065964
       -0.0000105690   0.0000286119  -0.0000138805  -0.0000893237   0.0006131591
        0.0000306700  -0.0004820917  -0.0002332633   0.0001605073   0.0001887761
       -0.0004659554  -0.0002735495   0.0036163633   0.0010325271   0.0000950446
       -0.0071393565  -0.0076663807  -0.0003165995   0.2230709417   0.1283272358
       -0.0412943991   0.0002134616  -0.0001938385  -0.0002197768   0.0002245979
        0.0006444210   0.0002712470  -0.0000963473  -0.0000009473   0.0001384263
        0.0001203598   0.0000674431   0.0000448634
       -0.0000293233   0.0000069404  -0.0000083764   0.0004006758   0.0002970458
       -0.0001103626  -0.0000295590  -0.0000103806  -0.0000469839   0.0022340594
       -0.0007806612  -0.0008930019   0.0119031888   0.0083184382  -0.0032493790
       -0.1112954943  -0.1261733450   0.0266851837   0.0010354217   0.0005980140
       -0.0000183221   0.0001024646  -0.0000285757   0.0000213433   0.0000032802
        0.0000481095  -0.0000011272  -0.0000071267   0.0000036401   0.0000238596
       -0.0000344120   0.0000306759  -0.0000008729   0.0000667189   0.0001542682
        0.0001409212   0.0003046631   0.0002021657  -0.0001333143   0.0000292672
        0.0005081328  -0.0002108034  -0.0160941176  -0.0144219400   0.0064256947
       -0.0170304091  -0.0140708520   0.0013451743   0.1283272358   0.1457425645
       -0.0299030820   0.0000209482  -0.0000196154   0.0000680196   0.0001924135
       -0.0002833650  -0.0003072301  -0.0001561804  -0.0001732560   0.0001366063
        0.0000562850   0.0000519956   0.0000360530
        0.0000026742  -0.0000051058   0.0000425646   0.0001457718   0.0001393467
       -0.0001316717   0.0000276856  -0.0000261508  -0.0000122752   0.0012638043
       -0.0008868107   0.0007114065   0.0056402531   0.0028443602  -0.0012323451
        0.0344852908   0.0264770121  -0.0529408772   0.0005861302   0.0002253955
        0.0001590892   0.0002328900   0.0000380302   0.0000328108   0.0000044933
       -0.0000053316   0.0000101789  -0.0000038893   0.0000120803  -0.0000145081
       -0.0000028859  -0.0000066150  -0.0000025577   0.0000037429  -0.0001258091
       -0.0000946316  -0.0001482270   0.0001607909   0.0000768590  -0.0005644583
       -0.0000245028   0.0001455906   0.0205326048   0.0188586289  -0.0072826095
       -0.0209398180  -0.0173200226   0.0031426057  -0.0412943991  -0.0299030820
        0.0577178500  -0.0002006317   0.0000526262  -0.0000262490   0.0001567213
       -0.0006852955  -0.0000483600   0.0000949863   0.0001786425  -0.0002532480
       -0.0000227393   0.0000018123   0.0000003777
       -0.0009382443  -0.0003157713  -0.0006252695   0.0001609762  -0.0001769513
       -0.0000588862  -0.0000230123   0.0001233353   0.0001087927   0.0004527010
       -0.0004831170  -0.0002517466   0.0036167026  -0.0015913638   0.0002053445
        0.0006580958  -0.0003347862  -0.0000403801  -0.1981900581   0.1094930626
        0.0444161364   0.0000420807   0.0001998462   0.0000541210  -0.0004674357
        0.0002703185  -0.0011089776  -0.0007328091  -0.0003332958   0.0002877459
       -0.0001955267   0.0000523465   0.0000126684  -0.0001111667  -0.0000384929
       -0.0000851019   0.0001859162  -0.0000078519  -0.0000727076   0.0000740322
       -0.0001277970   0.0001690365   0.0000469922  -0.0002464910   0.0000572840
        0.0002472888   0.0000094905  -0.0000267489   0.0002134616   0.0000209482
       -0.0002006317   0.2300923463  -0.1267729228  -0.0500546371  -0.0258583636
        0.0129430267   0.0069150541  -0.0092849074   0.0073367220   0.0003208397
        0.0000109303  -0.0000202554  -0.0000219361
        0.0005089056   0.0002455269   0.0000972444  -0.0001936250  -0.0001965962
       -0.0004293644   0.0001011088  -0.0000116098   0.0000707248   0.0005989377
        0.0004825688  -0.0000256299   0.0145812986  -0.0129945717  -0.0067565372
       -0.0008590973  -0.0024379365  -0.0040364660   0.1085799523  -0.1194546013
       -0.0291233700   0.0001313293  -0.0001026731   0.0000968341   0.0000001505
        0.0005147368  -0.0001017695  -0.0005094446   0.0000583819   0.0002439388
        0.0001677551   0.0000150689   0.0001863613   0.0000909332   0.0002104820
        0.0003065074  -0.0001620459  -0.0007642345   0.0003089790   0.0000316311
        0.0005168152   0.0004455375  -0.0001836487   0.0002369391  -0.0000415913
        0.0010345174  -0.0008620123  -0.0006220801  -0.0001938385  -0.0000196154
        0.0000526262  -0.1267729228   0.1374569353   0.0363597658  -0.0150488701
        0.0098160180   0.0042416705   0.0181506014  -0.0127706902  -0.0012617205
       -0.0000536282   0.0000610681  -0.0000116607
       -0.0003631293  -0.0003754359   0.0004479697   0.0000732645  -0.0002640562
       -0.0001895021   0.0000453743  -0.0000255225  -0.0001129782   0.0002908667
        0.0005205684   0.0006725661   0.0180979558  -0.0150524687  -0.0070731414
       -0.0008648421  -0.0034112964  -0.0036967312   0.0439469431  -0.0293488452
       -0.0550168952   0.0000774516   0.0001308203  -0.0000540885  -0.0009223269
        0.0005110514  -0.0009583732  -0.0000072592   0.0000095211   0.0002224326
        0.0001695474   0.0001865523  -0.0000804780   0.0001053467   0.0001587443
       -0.0000350028  -0.0000228621   0.0002184313   0.0001823852   0.0004603380
        0.0000667495   0.0002578363  -0.0000958326  -0.0000190299  -0.0000975136
        0.0010511563  -0.0011658612  -0.0004166342  -0.0002197768   0.0000680196
       -0.0000262490  -0.0500546371   0.0363597658   0.0635471852   0.0095207362
       -0.0042629746  -0.0017242905  -0.0212917172   0.0156085421   0.0041047056
        0.0000034026   0.0000867244   0.0000467972
       -0.0002521632  -0.0000111501  -0.0001132451   0.0003288989  -0.0001904086
        0.0003378122  -0.0000190984  -0.0000115303  -0.0000724331  -0.0000734086
       -0.0015220985  -0.0018087936  -0.0074804901  -0.0069279284   0.0002213946
        0.0008057638   0.0010272539   0.0005713950  -0.1824162658  -0.1077883378
        0.0458803472  -0.0003042719   0.0000396953  -0.0001200537  -0.0002140946
       -0.0001358075   0.0001273707   0.0002103467   0.0000636015  -0.0001154082
       -0.0000023005  -0.0000145227  -0.0000691263  -0.0004547915  -0.0004673393
       -0.0001608615   0.0001522470   0.0001622810  -0.0003811864  -0.0001528792
        0.0001147312  -0.0000376197  -0.0001097340  -0.0000742428  -0.0000281083
       -0.0000975008   0.0001065799   0.0000670017   0.0002245979   0.0001924135
        0.0001567213  -0.0258583636  -0.0150488701   0.0095207362   0.2106139066
        0.1272170696  -0.0531331602   0.0050109028   0.0032502347  -0.0008807197
        0.0000886984   0.0000183756   0.0000379368
        0.0001552587   0.0000393060   0.0001044908   0.0000686944  -0.0003380946
        0.0001707543   0.0000124075  -0.0000061361  -0.0000742675  -0.0013466209
       -0.0023053281  -0.0033496639  -0.0156144901  -0.0135441277   0.0023174490
       -0.0005915341   0.0003518810   0.0003876999  -0.1074910434  -0.1280482514
        0.0366289713  -0.0003739072  -0.0001009726  -0.0001311663  -0.0000563523
        0.0000365715  -0.0001221060  -0.0000314918  -0.0000836325   0.0000293869
        0.0000406651   0.0000290982   0.0000220325  -0.0007465802  -0.0006853657
       -0.0000242715   0.0002647461   0.0000311570  -0.0003974814   0.0001678593
        0.0006317940   0.0004102119  -0.0000506126  -0.0002023197   0.0001018494
        0.0000799595   0.0002123694   0.0001822356   0.0006444210  -0.0002833650
       -0.0006852955   0.0129430267   0.0098160180  -0.0042629746   0.1272170696
        0.1480442571  -0.0402854374  -0.0153232338  -0.0136698020   0.0089227831
        0.0000317584   0.0000749432   0.0000547993
        0.0000241379   0.0000139031   0.0000695710  -0.0000509893  -0.0002245960
        0.0001505266   0.0000741353  -0.0000301392   0.0000580383  -0.0010248169
       -0.0031761508  -0.0026787537  -0.0169855120  -0.0146029417   0.0038660778
       -0.0006931417   0.0000608960   0.0003772425   0.0458541079   0.0371306101
       -0.0584659254  -0.0001549292  -0.0000042446  -0.0000313751   0.0000324771
        0.0000222737  -0.0000428570  -0.0000671472  -0.0000157529  -0.0000021935
        0.0000295002  -0.0000141750   0.0000288705  -0.0008419005  -0.0008244859
        0.0001055755   0.0000301582  -0.0000201619  -0.0000523538  -0.0004579359
       -0.0002347882   0.0006229148   0.0001272050   0.0001314246  -0.0001726393
       -0.0000953541   0.0001078082   0.0000066244   0.0002712470  -0.0003072301
       -0.0000483600   0.0069150541   0.0042416705  -0.0017242905  -0.0531331602
       -0.0402854374   0.0673728938   0.0201664331   0.0179964562  -0.0094486326
       -0.0000195687   0.0000350615   0.0000090456
       -0.0001553248   0.0000082079  -0.0001875381  -0.0001130910  -0.0000421992
       -0.0000595918   0.0000498045  -0.0000158499   0.0001876103   0.0004278753
        0.0006079485  -0.0009014932  -0.0022681935   0.0029194848  -0.0073609783
        0.0005191366  -0.0000126622   0.0011427431  -0.0602970704   0.0336443536
       -0.0485329037   0.0000113470  -0.0000263035   0.0001369750   0.0000663698
       -0.0000604734   0.0001627628  -0.0000351753   0.0000921688  -0.0000574585
       -0.0000005550  -0.0000834732   0.0000575118   0.0000075003   0.0000655131
        0.0001137904  -0.0007946783  -0.0005801143   0.0000146301   0.0001288492
       -0.0008646348  -0.0014617824   0.0002056700   0.0001902325   0.0000712286
       -0.0001359857   0.0000643113   0.0000060068  -0.0000963473  -0.0001561804
        0.0000949863  -0.0092849074   0.0181506014  -0.0212917172   0.0050109028
       -0.0153232338   0.0201664331   0.0667727817  -0.0385504637   0.0577616847
       -0.0000189086  -0.0000272334  -0.0000628998
        0.0000496046  -0.0000071925   0.0001695807  -0.0001982977  -0.0000491431
        0.0000091541  -0.0000187187  -0.0000534876   0.0000190539   0.0003092283
        0.0006165807  -0.0008134116  -0.0042748128   0.0087022651  -0.0134573543
       -0.0006348181   0.0009828397  -0.0007829394   0.0334315005  -0.1147117635
        0.1041893459   0.0001071925   0.0001066118  -0.0000015665  -0.0000727347
        0.0000129117  -0.0001283814   0.0000257644  -0.0000418433   0.0000470858
        0.0000433327   0.0000286335  -0.0000373529   0.0000796815   0.0000523184
       -0.0001252733  -0.0001546014   0.0001694497   0.0000514922  -0.0007365445
       -0.0012399977  -0.0034163731   0.0000845650  -0.0001475119  -0.0000536955
       -0.0000545402  -0.0000229470   0.0000714670  -0.0000009473  -0.0001732560
        0.0001786425   0.0073367220  -0.0127706902   0.0156085421   0.0032502347
       -0.0136698020   0.0179964562  -0.0385504637   0.1322258043  -0.1195198677
       -0.0000213472  -0.0000097800  -0.0000046046
        0.0000363868  -0.0000173277   0.0001388621   0.0001559896  -0.0000442242
        0.0001178988   0.0001708587   0.0000523232   0.0000793376   0.0007878411
        0.0006910640   0.0007601433  -0.0079801649   0.0103037274  -0.0262355245
       -0.0003254840   0.0008507018   0.0010939776  -0.0484483060   0.1040119696
       -0.1935132952  -0.0000502581  -0.0000941865   0.0001209945   0.0000204461
       -0.0000418781  -0.0001314756  -0.0000867267  -0.0000140060   0.0000459987
        0.0000806110   0.0000166345   0.0000084966   0.0001008776   0.0001653549
       -0.0000235093  -0.0005689134  -0.0001374561   0.0004578757  -0.0015430681
       -0.0034745523  -0.0051197724   0.0003041892  -0.0008050176   0.0000888353
        0.0000083005   0.0002314342   0.0003704958   0.0001384263   0.0001366063
       -0.0002532480   0.0003208397  -0.0012617205   0.0041047056  -0.0008807197
        0.0089227831  -0.0094486326   0.0577616847  -0.1195198677   0.2273597582
       -0.0000028105   0.0000276377  -0.0000219221
       -0.0024090105  -0.0026704507   0.0005766580   0.0065492328  -0.0238535121
       -0.0093873960   0.0007713365  -0.0004082977  -0.0002402155   0.0016521765
       -0.0010008184  -0.0002639473  -0.0000219082  -0.0001244291   0.0001103319
        0.0001241969   0.0001854135   0.0000070619  -0.0000209526   0.0000357582
       -0.0000163567  -0.0746202459   0.1227864116   0.0582990872   0.0003669931
       -0.0011300994  -0.0003394068   0.0000183074  -0.0000277769  -0.0002613381
        0.0001500627   0.0000099231   0.0001768663  -0.0009764303   0.0002614059
        0.0001356632  -0.0002988681  -0.0000477931  -0.0001782901   0.0000815967
        0.0000064995  -0.0000567432  -0.0000661249  -0.0000376508  -0.0000214460
       -0.0000978520  -0.0000385522   0.0000639383   0.0001203598   0.0000562850
       -0.0000227393   0.0000109303  -0.0000536282   0.0000034026   0.0000886984
        0.0000317584  -0.0000195687  -0.0000189086  -0.0000213472  -0.0000028105
        0.0685964101  -0.0939590994  -0.0485627510
       -0.0039184882  -0.0043822473   0.0011758085   0.0016800265  -0.0250082052
       -0.0046841035   0.0000721585  -0.0001092977  -0.0006899626   0.0003762370
        0.0014772423  -0.0001090883   0.0003505887  -0.0000652515   0.0001586178
        0.0000877910  -0.0000045937  -0.0000167381   0.0001511526   0.0000002370
       -0.0000047163   0.0967437864  -0.3440084336  -0.1177619643   0.0003608260
       -0.0012028123  -0.0006189456  -0.0001151495   0.0002229907   0.0008015305
       -0.0007522071   0.0004955278  -0.0002147033  -0.0010120569   0.0003196123
       -0.0003694208  -0.0000239353  -0.0001087333   0.0000877763  -0.0000105116
        0.0000089281  -0.0001145628  -0.0000128742   0.0000337212   0.0000081317
       -0.0000565744   0.0000917817   0.0000266842   0.0000674431   0.0000519956
        0.0000018123  -0.0000202554   0.0000610681   0.0000867244   0.0000183756
        0.0000749432   0.0000350615  -0.0000272334  -0.0000097800   0.0000276377
       -0.0939590994   0.3720613067   0.1221744206
        0.0003005029  -0.0000046285   0.0005099688  -0.0034423284   0.0055452545
       -0.0003919679  -0.0000791686   0.0015858502   0.0015118148   0.0010218382
       -0.0003176124   0.0000192706  -0.0000940734  -0.0000411633   0.0000038780
       -0.0000101736   0.0000280274  -0.0000369446   0.0000879562   0.0000045975
       -0.0001229858   0.0518682512  -0.1290412446  -0.0526383669   0.0000115841
        0.0001246923   0.0002308319  -0.0000752656   0.0000380233   0.0001750262
       -0.0002668492   0.0002610932  -0.0000968325  -0.0005035186  -0.0000009294
        0.0006099789  -0.0002781362  -0.0005800986  -0.0004756276   0.0000491244
        0.0001270109  -0.0000618061  -0.0000613333   0.0000218462  -0.0000365684
        0.0000363765   0.0000002737   0.0000364695   0.0000448634   0.0000360530
        0.0000003777  -0.0000219361  -0.0000116607   0.0000467972   0.0000379368
        0.0000547993   0.0000090456  -0.0000628998  -0.0000046046  -0.0000219221
       -0.0485627510   0.1221744206   0.0507295627
