           1           2  0.973999148015086     
           2           3  0.987137657588631     
           3           4  0.999676777963242     
           2           5  0.992363671588194     
           1           6   1.00503805284545     
           1           7  0.970921054530468     
           1           8  0.967945197449327     
           2           9  0.959285241078864     
           3          10  0.968296550182008     
           3          11  0.970664719874500     
           4          12  0.848396027340522     
           5          13  0.850811064232760     
           6          14  0.859385799549680     
