$hessian                                                                        
        0.3826155685  -0.0194686291  -0.0136791959  -0.1866554866  -0.0331528159
       -0.0159900734  -0.0263944405   0.0278647372   0.0075872619  -0.0001196175
       -0.0015901439   0.0018534385  -0.0006478766  -0.0000931092  -0.0028321929
        0.0003805683   0.0038039448  -0.0004274273  -0.0035925883  -0.0050055846
        0.0026223686  -0.0673934228   0.0828429050   0.0257479084  -0.0452686950
       -0.0105744566  -0.0446898932  -0.0519271861  -0.0442973426   0.0393774407
       -0.0006642586  -0.0004518513   0.0004366568  -0.0002348282   0.0000333915
       -0.0000651911  -0.0000977365   0.0000889547   0.0000588989
       -0.0194686291   0.5244540370   0.0110635296  -0.0313270635  -0.0565429392
       -0.0069184101   0.0122353083  -0.0041379770   0.0018368945   0.0015359402
       -0.0006458541  -0.0006868765   0.0024611234  -0.0001785394   0.0002040176
        0.0072711791  -0.0015263217  -0.0011959715   0.0021113810   0.0018844137
       -0.0009963628   0.0763992816  -0.2352318026  -0.0588408058  -0.0096352982
       -0.0571378330  -0.0514204062  -0.0414323003  -0.1711074686   0.1070311136
        0.0000340183   0.0000724117  -0.0001126514  -0.0001513290   0.0000405751
        0.0000510307  -0.0000336118   0.0000572982  -0.0000151017
       -0.0136791959   0.0110635296   0.4983602855  -0.0169939655  -0.0069499617
       -0.0476861631   0.0039220458   0.0009526313  -0.0033212164   0.0003827444
        0.0005077942   0.0006827474   0.0020055844  -0.0010940685   0.0007641837
        0.0039826819  -0.0014984054   0.0009904497   0.0005165574   0.0004689208
       -0.0002884274   0.0234870838  -0.0588298119  -0.0589778350  -0.0396797147
       -0.0519025255  -0.2552165204   0.0361244352   0.1071852704  -0.1352720223
        0.0000679552  -0.0000554245  -0.0001514215  -0.0000453272   0.0001303240
        0.0000834023  -0.0000908848   0.0000217272   0.0000325374
       -0.1866554866  -0.0313270635  -0.0169939655   0.3646165523  -0.0201096760
       -0.0022088946  -0.0604995034   0.0394076567   0.0184298858   0.0009483836
        0.0050752677   0.0014029379   0.0021923328   0.0030322557   0.0003649769
       -0.0362173576   0.0149205538   0.0074897116  -0.0020047456   0.0019321456
       -0.0000388783  -0.0264738221   0.0010552958  -0.0010513879  -0.0278552813
       -0.0047037234  -0.0096897525  -0.0298786558  -0.0093119776   0.0027712234
        0.0005981953   0.0003855193  -0.0002834806   0.0007471781  -0.0000197212
       -0.0004722782   0.0004822103  -0.0003365329   0.0002799021
       -0.0331528159  -0.0565429392  -0.0069499617  -0.0201096760   0.2222263681
        0.0628337768   0.0382044528  -0.1296457498  -0.0393946456   0.0195720686
       -0.0335524746  -0.0016737515   0.0096114090  -0.0106676755  -0.0150728537
       -0.0067246702   0.0049881528   0.0021472879  -0.0011629551  -0.0003147282
        0.0005557388   0.0259312161   0.0040959886   0.0016860207  -0.0077970770
        0.0002466870  -0.0018526374  -0.0241148940  -0.0007731175  -0.0020388091
       -0.0003070195  -0.0008748521  -0.0002339082   0.0002989772   0.0007014838
        0.0001473039  -0.0002490159   0.0001128566  -0.0001535608
       -0.0159900734  -0.0069184101  -0.0476861631  -0.0022088946   0.0628337768
        0.1112768083   0.0155399641  -0.0375629081  -0.0591254588  -0.0058089197
        0.0142607063   0.0069523486   0.0139501494  -0.0307717734  -0.0205016984
       -0.0012808812   0.0010214302   0.0033364020   0.0007622937   0.0001897939
        0.0003522414   0.0080535868   0.0008839838   0.0014960830  -0.0311701015
       -0.0042799211  -0.0006465490   0.0188689919   0.0011775506   0.0044284538
       -0.0005032851  -0.0001801252   0.0004829828  -0.0002110568  -0.0003407003
       -0.0003298155  -0.0000017735  -0.0003134032  -0.0000356351
       -0.0263944405   0.0122353083   0.0039220458  -0.0604995034   0.0382044528
        0.0155399641   0.3992570707   0.0520955558   0.0650026731  -0.0518760102
       -0.0263653977   0.0196596376  -0.0731402586  -0.0179945292  -0.0929728137
       -0.1707051182  -0.0473063079  -0.0225200123  -0.0131991855  -0.0150714348
        0.0124292060  -0.0034530447   0.0005381258   0.0002130606  -0.0011874602
        0.0012349398  -0.0003861732  -0.0004347273   0.0005811786   0.0007679155
        0.0021693566   0.0002709912  -0.0015036857   0.0014196234   0.0026711250
       -0.0004900640  -0.0019563021  -0.0010940077   0.0003382462
        0.0278647372  -0.0041379770   0.0009526313   0.0394076567  -0.1296457498
       -0.0375629081   0.0520955558   0.5902260065  -0.1214468970  -0.0287535744
       -0.3091779424   0.2145869916  -0.0186073963  -0.0671325763  -0.0654812619
       -0.0452653342  -0.0585133390   0.0002615643  -0.0194768709  -0.0206745298
        0.0065976383  -0.0006334598  -0.0014882986  -0.0007397264  -0.0012424884
        0.0016326105  -0.0008338765  -0.0025067047   0.0006646997   0.0015879143
       -0.0007730675   0.0010077153   0.0012081793  -0.0014536322  -0.0015907086
        0.0000499963  -0.0006554214  -0.0011699104   0.0008197545
        0.0075872619   0.0018368945  -0.0033212164   0.0184298858  -0.0393946456
       -0.0591254588   0.0650026731  -0.1214468970   0.8040472570   0.0210307311
        0.2203692930  -0.2425679692  -0.0951038375  -0.0678293549  -0.4423257365
       -0.0288728136  -0.0011728978  -0.0534172386   0.0104315565   0.0013602647
       -0.0022753466  -0.0006099731  -0.0005326080   0.0004221637  -0.0031889809
        0.0011625271   0.0002191291   0.0007429924  -0.0002789280   0.0007272901
        0.0030454355   0.0028327357  -0.0015928717   0.0003764477   0.0002626932
        0.0006516661   0.0011286210   0.0028309233  -0.0014416681
       -0.0001196175   0.0015359402   0.0003827444   0.0009483836   0.0195720686
       -0.0058089197  -0.0518760102  -0.0287535744   0.0210307311   0.0502561248
        0.0341512263  -0.0265657462   0.0090381204   0.0040245194  -0.0089051904
       -0.0041423323  -0.0249244871   0.0201108207  -0.0051255994  -0.0030457257
       -0.0010206465   0.0002696160  -0.0000971812   0.0000668141   0.0001092624
       -0.0003636139   0.0004576161   0.0012763014  -0.0007185767  -0.0004324541
       -0.0001525825   0.0000988511  -0.0002283289  -0.0004479415  -0.0003661849
        0.0001744089  -0.0000337250  -0.0011132615   0.0007381503
       -0.0015901439  -0.0006458541   0.0005077942   0.0050752677  -0.0335524746
        0.0142607063  -0.0263653977  -0.3091779424   0.2203692930   0.0341512263
        0.3527250409  -0.2486314550  -0.0028128526   0.0035200649  -0.0006991239
       -0.0033463791  -0.0155902893   0.0160327616  -0.0052197076   0.0013318956
       -0.0016805541   0.0002979974   0.0006599639   0.0003110382  -0.0003717032
       -0.0001073559   0.0001408574  -0.0006080633   0.0007626773  -0.0004928625
        0.0006335189   0.0004597802  -0.0007867921   0.0002435311   0.0005553545
        0.0000850253  -0.0000872940  -0.0009408609   0.0005833117
        0.0018534385  -0.0006868765   0.0006827474   0.0014029379  -0.0016737515
        0.0069523486   0.0196596376   0.2145869916  -0.2425679692  -0.0265657462
       -0.2486314550   0.2644734417   0.0011399640   0.0305562677  -0.0309982598
        0.0021608331   0.0072022436  -0.0017663760   0.0011231755  -0.0002000771
        0.0032974047   0.0000704638  -0.0000993029  -0.0002192150   0.0006867607
       -0.0002831455   0.0000083331  -0.0004561944  -0.0001828715  -0.0003589143
       -0.0008047062  -0.0006987057   0.0006433673  -0.0001310121  -0.0000846580
       -0.0001147876  -0.0001395522   0.0001953407  -0.0000321210
       -0.0006478766   0.0024611234   0.0020055844   0.0021923328   0.0096114090
        0.0139501494  -0.0731402586  -0.0186073963  -0.0951038375   0.0090381204
       -0.0028128526   0.0011399640   0.0798789726   0.0222863077   0.1106695876
       -0.0182987708  -0.0131886195  -0.0301259517  -0.0010156453  -0.0008104197
       -0.0013918497   0.0004372585  -0.0000145625   0.0001193223   0.0012618196
       -0.0004732290   0.0005205200   0.0002172966   0.0000545150  -0.0005691294
       -0.0003135473   0.0012095010  -0.0005151867  -0.0002762321   0.0001440768
       -0.0002828332   0.0006665302   0.0001401467  -0.0004163394
       -0.0000931092  -0.0001785394  -0.0010940685   0.0030322557  -0.0106676755
       -0.0307717734  -0.0179945292  -0.0671325763  -0.0678293549   0.0040245194
        0.0035200649   0.0305562677   0.0222863077   0.0737794240   0.0818723369
       -0.0086051201   0.0005946518  -0.0104997099  -0.0026486593  -0.0002205186
       -0.0011813985  -0.0000833828   0.0004725554   0.0001093511  -0.0008812466
       -0.0004363279   0.0006937102   0.0000591203  -0.0001486541  -0.0003532973
        0.0005477749  -0.0004018020  -0.0011251681   0.0001911546   0.0006457509
        0.0001610824   0.0001649147   0.0001736469  -0.0005379777
       -0.0028321929   0.0002040176   0.0007641837   0.0003649769  -0.0150728537
       -0.0205016984  -0.0929728137  -0.0654812619  -0.4423257365  -0.0089051904
       -0.0006991239  -0.0309982598   0.1106695876   0.0818723369   0.5025330225
       -0.0091417360  -0.0042406075  -0.0103930174   0.0031511343   0.0027782038
        0.0007690908  -0.0002186738   0.0005823665  -0.0001704010   0.0001024678
        0.0004436230   0.0001858493  -0.0006019167   0.0000870124   0.0000368497
       -0.0000436403  -0.0004924730   0.0006852093   0.0000578418   0.0001048021
       -0.0002809244   0.0003701552  -0.0000860423  -0.0003041678
        0.0003805683   0.0072711791   0.0039826819  -0.0362173576  -0.0067246702
       -0.0012808812  -0.1707051182  -0.0452653342  -0.0288728136  -0.0041423323
       -0.0033463791   0.0021608331  -0.0182987708  -0.0086051201  -0.0091417360
        0.2805119992   0.0924133375   0.0092314110  -0.0502876045  -0.0149853475
        0.0092662698  -0.0017617104  -0.0005825939  -0.0001210085   0.0013796629
       -0.0005770769   0.0002210897   0.0006026717  -0.0000564692  -0.0003864989
        0.0022601306   0.0042457152  -0.0024081730   0.0041879952   0.0013911179
       -0.0037896288  -0.0079101340  -0.0251783584   0.0211384544
        0.0038039448  -0.0015263217  -0.0014984054   0.0149205538   0.0049881528
        0.0010214302  -0.0473063079  -0.0585133390  -0.0011728978  -0.0249244871
       -0.0155902893   0.0072022436  -0.0131886195   0.0005946518  -0.0042406075
        0.0924133375   0.2342433516  -0.1159497220  -0.0127405105  -0.1211367009
        0.0712629976   0.0008710302   0.0001140783   0.0000513248   0.0004712278
       -0.0004389771  -0.0000864656   0.0002887837  -0.0003735639  -0.0002030952
       -0.0004600117  -0.0029248578   0.0099180584  -0.0079237023  -0.0320768277
        0.0252006522  -0.0062252387  -0.0073593574   0.0084944867
       -0.0004274273  -0.0011959715   0.0009904497   0.0074897116   0.0021472879
        0.0033364020  -0.0225200123   0.0002615643  -0.0534172386   0.0201108207
        0.0160327616  -0.0017663760  -0.0301259517  -0.0104997099  -0.0103930174
        0.0092314110  -0.1159497220   0.2022895287   0.0068953050   0.0699492809
       -0.1110141073   0.0003186528   0.0001079571   0.0000541437   0.0001942273
       -0.0001318703  -0.0000346638  -0.0000012602   0.0000442963  -0.0000078026
        0.0069428775   0.0286572189  -0.0283026569  -0.0023023106   0.0048696244
        0.0028822067   0.0041939561   0.0057072823  -0.0046168682
       -0.0035925883   0.0021113810   0.0005165574  -0.0020047456  -0.0011629551
        0.0007622937  -0.0131991855  -0.0194768709   0.0104315565  -0.0051255994
       -0.0052197076   0.0011231755  -0.0010156453  -0.0026486593   0.0031511343
       -0.0502876045  -0.0127405105   0.0068953050   0.5218841017  -0.0203994346
        0.0255034979   0.0001284676   0.0000693994  -0.0000306346  -0.0003326423
        0.0001154415  -0.0000690833  -0.0002802445  -0.0000380643   0.0000929792
       -0.0812774378  -0.0214298991  -0.0826665070  -0.0797327015   0.0769327626
        0.0339024468  -0.2851641746   0.0038871169   0.0003872784
       -0.0050055846   0.0018844137   0.0004689208   0.0019321456  -0.0003147282
        0.0001897939  -0.0150714348  -0.0206745298   0.0013602647  -0.0030457257
        0.0013318956  -0.0002000771  -0.0008104197  -0.0002205186   0.0027782038
       -0.0149853475  -0.1211367009   0.0699492809  -0.0203994346   0.4366991708
        0.0613849409   0.0000544279   0.0001112840  -0.0000043425  -0.0004788155
        0.0002200970  -0.0000534338  -0.0001768646   0.0000883674   0.0001224114
       -0.0203396898  -0.0539393213  -0.0513563921   0.0797476537  -0.2051468469
       -0.0812005388  -0.0014209105  -0.0389025827  -0.0034390321
        0.0026223686  -0.0009963628  -0.0002884274  -0.0000388783   0.0005557388
        0.0003522414   0.0124292060   0.0065976383  -0.0022753466  -0.0010206465
       -0.0016805541   0.0032974047  -0.0013918497  -0.0011813985   0.0007690908
        0.0092662698   0.0712629976  -0.1110141073   0.0255034979   0.0613849409
        0.4452477047   0.0000195264  -0.0000723055   0.0000061280   0.0003336835
       -0.0001595319  -0.0000121713   0.0001012556  -0.0000863538  -0.0000333126
       -0.0863493771  -0.0563157170  -0.2237875983   0.0341561468  -0.0767680648
       -0.0739611882   0.0043687969  -0.0025410272  -0.0383004179
       -0.0673934228   0.0763992816   0.0234870838  -0.0264738221   0.0259312161
        0.0080535868  -0.0034530447  -0.0006334598  -0.0006099731   0.0002696160
        0.0002979974   0.0000704638   0.0004372585  -0.0000833828  -0.0002186738
       -0.0017617104   0.0008710302   0.0003186528   0.0001284676   0.0000544279
        0.0000195264   0.0904635658  -0.0935713559  -0.0285356496   0.0035355757
       -0.0039550237  -0.0006384022   0.0041935106  -0.0053718721  -0.0018785318
        0.0000308578   0.0000382631  -0.0000572119  -0.0000145023   0.0000694328
       -0.0000265674   0.0000376503  -0.0000465549   0.0000156962
        0.0828429050  -0.2352318026  -0.0588298119   0.0010552958   0.0040959886
        0.0008839838   0.0005381258  -0.0014882986  -0.0005326080  -0.0000971812
        0.0006599639  -0.0000993029  -0.0000145625   0.0004725554   0.0005823665
       -0.0005825939   0.0001140783   0.0001079571   0.0000693994   0.0001112840
       -0.0000723055  -0.0935713559   0.2617029356   0.0664515254   0.0023845010
       -0.0075753875  -0.0033355881   0.0073224449  -0.0229091390  -0.0051127652
        0.0000239681   0.0000032768  -0.0000207342   0.0000393386   0.0000361368
       -0.0000166152  -0.0000102850   0.0000084083  -0.0000061017
        0.0257479084  -0.0588408058  -0.0589778350  -0.0010513879   0.0016860207
        0.0014960830   0.0002130606  -0.0007397264   0.0004221637   0.0000668141
        0.0003110382  -0.0002192150   0.0001193223   0.0001093511  -0.0001704010
       -0.0001210085   0.0000513248   0.0000541437  -0.0000306346  -0.0000043425
        0.0000061280  -0.0285356496   0.0664515254   0.0624745856   0.0098135985
       -0.0267552966  -0.0096826478  -0.0062683979   0.0177475877   0.0045694208
        0.0000038784  -0.0000443399  -0.0000200432   0.0000583034   0.0000126047
        0.0000435535  -0.0000158071   0.0000150586   0.0000040635
       -0.0452686950  -0.0096352982  -0.0396797147  -0.0278552813  -0.0077970770
       -0.0311701015  -0.0011874602  -0.0012424884  -0.0031889809   0.0001092624
       -0.0003717032   0.0006867607   0.0012618196  -0.0008812466   0.0001024678
        0.0013796629   0.0004712278   0.0001942273  -0.0003326423  -0.0004788155
        0.0003336835   0.0035355757   0.0023845010   0.0098135985   0.0652470690
        0.0157895920   0.0565994131   0.0031553152   0.0016329274   0.0063366277
       -0.0001043197  -0.0000003410   0.0000514174   0.0000477224   0.0000765952
       -0.0000771753   0.0000119713   0.0000521265  -0.0000022234
       -0.0105744566  -0.0571378330  -0.0519025255  -0.0047037234   0.0002466870
       -0.0042799211   0.0012349398   0.0016326105   0.0011625271  -0.0003636139
       -0.0001073559  -0.0002831455  -0.0004732290  -0.0004363279   0.0004436230
       -0.0005770769  -0.0004389771  -0.0001318703   0.0001154415   0.0002200970
       -0.0001595319  -0.0039550237  -0.0075753875  -0.0267552966   0.0157895920
        0.0593618627   0.0593840007   0.0035353550   0.0042161846   0.0225289958
       -0.0000198209   0.0000890887   0.0000274527  -0.0000355332  -0.0000296313
       -0.0000635859   0.0000271493  -0.0000410178   0.0000292775
       -0.0446898932  -0.0514204062  -0.2552165204  -0.0096897525  -0.0018526374
       -0.0006465490  -0.0003861732  -0.0008338765   0.0002191291   0.0004576161
        0.0001408574   0.0000083331   0.0005205200   0.0006937102   0.0001858493
        0.0002210897  -0.0000864656  -0.0000346638  -0.0000690833  -0.0000534338
       -0.0000121713  -0.0006384022  -0.0033355881  -0.0096826478   0.0565994131
        0.0593840007   0.2881870393  -0.0023570880  -0.0026701619  -0.0230089816
        0.0000196788   0.0000141078   0.0000495478  -0.0000050438   0.0000205891
       -0.0000487639   0.0000171185  -0.0000006957   0.0000003991
       -0.0519271861  -0.0414323003   0.0361244352  -0.0298786558  -0.0241148940
        0.0188689919  -0.0004347273  -0.0025067047   0.0007429924   0.0012763014
       -0.0006080633  -0.0004561944   0.0002172966   0.0000591203  -0.0006019167
        0.0006026717   0.0002887837  -0.0000012602  -0.0002802445  -0.0001768646
        0.0001012556   0.0041935106   0.0073224449  -0.0062683979   0.0031553152
        0.0035353550  -0.0023570880   0.0729948094   0.0574425256  -0.0460180690
        0.0000256479  -0.0000059799  -0.0000475517   0.0000801024   0.0001189011
       -0.0000372426  -0.0000248414   0.0000776762  -0.0000499548
       -0.0442973426  -0.1711074686   0.1071852704  -0.0093119776  -0.0007731175
        0.0011775506   0.0005811786   0.0006646997  -0.0002789280  -0.0007185767
        0.0007626773  -0.0001828715   0.0000545150  -0.0001486541   0.0000870124
       -0.0000564692  -0.0003735639   0.0000442963  -0.0000380643   0.0000883674
       -0.0000863538  -0.0053718721  -0.0229091390   0.0177475877   0.0016329274
        0.0042161846  -0.0026701619   0.0574425256   0.1895511802  -0.1230296857
        0.0000243671  -0.0000105726  -0.0000316496   0.0000605312   0.0000330544
        0.0000232761  -0.0000017423   0.0000063520   0.0000146571
        0.0393774407   0.1070311136  -0.1352720223   0.0027712234  -0.0020388091
        0.0044284538   0.0007679155   0.0015879143   0.0007272901  -0.0004324541
       -0.0004928625  -0.0003589143  -0.0005691294  -0.0003532973   0.0000368497
       -0.0003864989  -0.0002030952  -0.0000078026   0.0000929792   0.0001224114
       -0.0000333126  -0.0018785318  -0.0051127652   0.0045694208   0.0063366277
        0.0225289958  -0.0230089816  -0.0460180690  -0.1230296857   0.1489021849
       -0.0000328583   0.0000346886   0.0000118300  -0.0000356870  -0.0000457578
       -0.0000172667   0.0000070420  -0.0000288509   0.0000222709
       -0.0006642586   0.0000340183   0.0000679552   0.0005981953  -0.0003070195
       -0.0005032851   0.0021693566  -0.0007730675   0.0030454355  -0.0001525825
        0.0006335189  -0.0008047062  -0.0003135473   0.0005477749  -0.0000436403
        0.0022601306  -0.0004600117   0.0069428775  -0.0812774378  -0.0203396898
       -0.0863493771   0.0000308578   0.0000239681   0.0000038784  -0.0001043197
       -0.0000198209   0.0000196788   0.0000256479   0.0000243671  -0.0000328583
        0.0867101591   0.0247210957   0.0945969587   0.0048954812   0.0036354334
        0.0101023969  -0.0141776826  -0.0077205670  -0.0270453140
       -0.0004518513   0.0000724117  -0.0000554245   0.0003855193  -0.0008748521
       -0.0001801252   0.0002709912   0.0010077153   0.0028327357   0.0000988511
        0.0004597802  -0.0006987057   0.0012095010  -0.0004018020  -0.0004924730
        0.0042457152  -0.0029248578   0.0286572189  -0.0214298991  -0.0539393213
       -0.0563157170   0.0000382631   0.0000032768  -0.0000443399  -0.0000003410
        0.0000890887   0.0000141078  -0.0000059799  -0.0000105726   0.0000346886
        0.0247210957   0.0630010725   0.0507214410  -0.0093432124  -0.0073914756
       -0.0238857658   0.0002613471   0.0009095362  -0.0005876408
        0.0004366568  -0.0001126514  -0.0001514215  -0.0002834806  -0.0002339082
        0.0004829828  -0.0015036857   0.0012081793  -0.0015928717  -0.0002283289
       -0.0007867921   0.0006433673  -0.0005151867  -0.0011251681   0.0006852093
       -0.0024081730   0.0099180584  -0.0283026569  -0.0826665070  -0.0513563921
       -0.2237875983  -0.0000572119  -0.0000207342  -0.0000200432   0.0000514174
        0.0000274527   0.0000495478  -0.0000475517  -0.0000316496   0.0000118300
        0.0945969587   0.0507214410   0.2643227095  -0.0054034198  -0.0068610225
       -0.0122490157  -0.0019714876  -0.0013468132  -0.0000920394
       -0.0002348282  -0.0001513290  -0.0000453272   0.0007471781   0.0002989772
       -0.0002110568   0.0014196234  -0.0014536322   0.0003764477  -0.0004479415
        0.0002435311  -0.0001310121  -0.0002762321   0.0001911546   0.0000578418
        0.0041879952  -0.0079237023  -0.0023023106  -0.0797327015   0.0797476537
        0.0341561468  -0.0000145023   0.0000393386   0.0000583034   0.0000477224
       -0.0000355332  -0.0000050438   0.0000801024   0.0000605312  -0.0000356870
        0.0048954812  -0.0093432124  -0.0054034198   0.0833164464  -0.0871666885
       -0.0389554095  -0.0139883435   0.0254929111   0.0124405270
        0.0000333915   0.0000405751   0.0001303240  -0.0000197212   0.0007014838
       -0.0003407003   0.0026711250  -0.0015907086   0.0002626932  -0.0003661849
        0.0005553545  -0.0000846580   0.0001440768   0.0006457509   0.0001048021
        0.0013911179  -0.0320768277   0.0048696244   0.0769327626  -0.2051468469
       -0.0767680648   0.0000694328   0.0000361368   0.0000126047   0.0000765952
       -0.0000296313   0.0000205891   0.0001189011   0.0000330544  -0.0000457578
        0.0036354334  -0.0073914756  -0.0068610225  -0.0871666885   0.2445558200
        0.0806334764   0.0024797582  -0.0003326852  -0.0019339104
       -0.0000651911   0.0000510307   0.0000834023  -0.0004722782   0.0001473039
       -0.0003298155  -0.0004900640   0.0000499963   0.0006516661   0.0001744089
        0.0000850253  -0.0001147876  -0.0002828332   0.0001610824  -0.0002809244
       -0.0037896288   0.0252006522   0.0028822067   0.0339024468  -0.0812005388
       -0.0739611882  -0.0000265674  -0.0000166152   0.0000435535  -0.0000771753
       -0.0000635859  -0.0000487639  -0.0000372426   0.0000232761  -0.0000172667
        0.0101023969  -0.0238857658  -0.0122490157  -0.0389554095   0.0806334764
        0.0829305840   0.0000171377  -0.0011853375   0.0004103493
       -0.0000977365  -0.0000336118  -0.0000908848   0.0004822103  -0.0002490159
       -0.0000017735  -0.0019563021  -0.0006554214   0.0011286210  -0.0000337250
       -0.0000872940  -0.0001395522   0.0006665302   0.0001649147   0.0003701552
       -0.0079101340  -0.0062252387   0.0041939561  -0.2851641746  -0.0014209105
        0.0043687969   0.0000376503  -0.0000102850  -0.0000158071   0.0000119713
        0.0000271493   0.0000171185  -0.0000248414  -0.0000017423   0.0000070420
       -0.0141776826   0.0002613471  -0.0019714876  -0.0139883435   0.0024797582
        0.0000171377   0.3221545777   0.0057503503  -0.0078833221
        0.0000889547   0.0000572982   0.0000217272  -0.0003365329   0.0001128566
       -0.0003134032  -0.0010940077  -0.0011699104   0.0028309233  -0.0011132615
       -0.0009408609   0.0001953407   0.0001401467   0.0001736469  -0.0000860423
       -0.0251783584  -0.0073593574   0.0057072823   0.0038871169  -0.0389025827
       -0.0025410272  -0.0000465549   0.0000084083   0.0000150586   0.0000521265
       -0.0000410178  -0.0000006957   0.0000776762   0.0000063520  -0.0000288509
       -0.0077205670   0.0009095362  -0.0013468132   0.0254929111  -0.0003326852
       -0.0011853375   0.0057503503   0.0474783161  -0.0032681622
        0.0000588989  -0.0000151017   0.0000325374   0.0002799021  -0.0001535608
       -0.0000356351   0.0003382462   0.0008197545  -0.0014416681   0.0007381503
        0.0005833117  -0.0000321210  -0.0004163394  -0.0005379777  -0.0003041678
        0.0211384544   0.0084944867  -0.0046168682   0.0003872784  -0.0034390321
       -0.0383004179   0.0000156962  -0.0000061017   0.0000040635  -0.0000022234
        0.0000292775   0.0000003991  -0.0000499548   0.0000146571   0.0000222709
       -0.0270453140  -0.0005876408  -0.0000920394   0.0124405270  -0.0019339104
        0.0004103493  -0.0078833221  -0.0032681622   0.0443532974
