           1           2   1.44062956566399     
           2           3   1.44016236446868     
           1           4  0.105808014684648     
           3           4   1.40573990476569     
           2           5  0.112755920424397     
           4           5   1.40573103772648     
           1           6   1.44062892894859     
           3           6  0.112753623174162     
           5           6   1.44016605174388     
           4           7  0.935828217701146     
           7           8   1.15660427974539     
           7           9  0.195616420966001     
           8           9   1.81079551127710     
           1          10  0.970232557466101     
           2          11  0.969684472620332     
           3          12  0.967867011467026     
           5          13  0.967867404583168     
           6          14  0.969684108782532     
           8          15  0.914234853136321     
