           1           2   1.02714583060799     
           2           3  0.980846142179585     
           3           4  0.985750630290722     
           4           5   1.02672693937225     
           1           6  0.978769161902230     
           1           7  0.986462836550932     
           1           8  0.984176180126882     
           2           9  0.972745558213245     
           2          10  0.975186944592237     
           4          11  0.970197659292710     
           4          12  0.974044093805591     
           5          13  0.985842672902879     
           5          14  0.977917026869835     
           5          15  0.983843878648410     
