   -0.11156725
   -0.06889132
    0.10636280
   -0.34024586
    0.22432336
   -0.38509291
    0.23915088
   -0.33117090
    0.40316790
   -0.52566802
   -0.06730585
   -0.07392096
   -0.06376459
   -0.06635323
   -0.07624312
   -0.06844430
   -0.13409334
    0.05856270
    0.05520428
    0.04593354
    0.09114559
    0.08332701
    0.08945748
    0.07790335
    0.09753502
    0.07102170
    0.06998398
    0.07536771
    0.08946037
    0.07265299
    0.07246682
    0.07353700
    0.07507670
    0.06893683
    0.07218368
