$hessian                                                                        
        0.5207576273   0.0192719334  -0.0041411351  -0.0684693653   0.0219388206
       -0.0052460647  -0.0131761374   0.0269257080  -0.0166398758   0.0003559830
        0.0003947332   0.0002225627   0.0006142921  -0.0004956422  -0.0000527748
       -0.2709672382   0.0009782522  -0.0548089877  -0.0522199353  -0.0313073316
       -0.0307099312  -0.1144936089  -0.0258640473   0.1072461876   0.0020271266
       -0.0001832426   0.0008694649   0.0030862736  -0.0150795238   0.0062590587
       -0.0056653946   0.0022278528  -0.0024507512  -0.0002286353   0.0000619576
        0.0002189476  -0.0003424016   0.0002204893  -0.0003204306  -0.0009663629
        0.0003989556  -0.0003685532  -0.0000964107   0.0001752462   0.0000216264
       -0.0002158124   0.0003358384  -0.0000993436
        0.0192719334   0.4669219173   0.0229997650   0.0210980550  -0.1755076782
        0.0406964185   0.0102875993  -0.0020038920   0.0057819874  -0.0006468958
       -0.0000641834   0.0005997716   0.0004220235  -0.0005056637  -0.0001180734
        0.0019682513  -0.0416745514  -0.0004962947  -0.0320691410  -0.1573499021
       -0.1184390036  -0.0260899592  -0.0520488534   0.0375523774   0.0045736663
       -0.0282098308   0.0053224615   0.0011696641  -0.0107592753   0.0070410287
        0.0003400912   0.0003989217  -0.0009003627   0.0000153271   0.0002020850
       -0.0000079714  -0.0000287423   0.0001299538   0.0000321396  -0.0002890737
        0.0002124667   0.0000123381  -0.0000880791   0.0001164179  -0.0000211519
        0.0000652800   0.0001420680  -0.0000554300
       -0.0041411351   0.0229997650   0.5211597609  -0.0061770260   0.0411771914
       -0.0832695624  -0.0088217613   0.0118234514  -0.0055635130   0.0002729418
        0.0000137387  -0.0008499376  -0.0003349866  -0.0000820771  -0.0004525541
       -0.0549573484  -0.0008532697  -0.0567249580  -0.0308261818  -0.1177305691
       -0.1649612462   0.1071667436   0.0369490586  -0.2056885639   0.0035964428
       -0.0192951124   0.0061124677  -0.0030837206   0.0242325307  -0.0108517550
       -0.0029597983   0.0007243755   0.0001134584  -0.0001957498  -0.0000245703
        0.0002531029   0.0003919157  -0.0004369829   0.0002031485   0.0001944422
        0.0003215227   0.0005135695  -0.0000359903   0.0001556052  -0.0000206250
       -0.0000887879   0.0000253423   0.0000272072
       -0.0684693653   0.0210980550  -0.0061770260   0.4639152612   0.0022902283
       -0.0421472172  -0.1870500244   0.0099452944  -0.0453025767  -0.0299204557
       -0.0023812295  -0.0019955700  -0.0011660999   0.0009450365   0.0002502752
       -0.0100172011   0.0263314657  -0.0109664172   0.0014501555  -0.0038428676
        0.0018214897   0.0041353833  -0.0149419992   0.0063244944  -0.0411698618
       -0.0060500485  -0.0015185663  -0.1226315846  -0.0299001451   0.1069749752
       -0.0093344726  -0.0018258471  -0.0061968596  -0.0019149161  -0.0011597016
        0.0011796047   0.0020031855   0.0004461948  -0.0026150887   0.0002087134
       -0.0002423168   0.0003014395  -0.0002084600  -0.0000038224   0.0001826622
        0.0001697426  -0.0007082968  -0.0001156193
        0.0219388206  -0.1755076782   0.0411771914   0.0022902283   0.4555194649
       -0.0125779247  -0.0179800325  -0.0567110990   0.0036848061   0.0000602524
       -0.0032629827  -0.0047762205  -0.0011159908  -0.0007383899   0.0013164591
        0.0014277026  -0.0020889500   0.0014920815   0.0053980451  -0.0260510350
        0.0049311770  -0.0000355812  -0.0090906896   0.0064842261  -0.0124812097
       -0.1269554978  -0.0907842319  -0.0293275211  -0.0531039524   0.0341906060
        0.0260882113  -0.0026214093   0.0144768271   0.0026978444  -0.0001532508
       -0.0016043553   0.0016577956   0.0016136021   0.0016102392  -0.0003010005
       -0.0004712502   0.0002934512  -0.0001778414   0.0000831005  -0.0000211595
       -0.0001397232  -0.0004599825   0.0001068274
       -0.0052460647   0.0406964185  -0.0832695624  -0.0421472172  -0.0125779247
        0.5034134020  -0.0587402451   0.0174230485  -0.0935957036   0.0199771873
       -0.0031737790   0.0050972140   0.0013462612   0.0006287785  -0.0009934033
       -0.0030300631   0.0073331385  -0.0029235579   0.0042877454  -0.0191305337
        0.0069251837  -0.0041680201   0.0247452868  -0.0115181363  -0.0072287799
       -0.0876383819  -0.1380144864   0.1028933020   0.0340022016  -0.1747651812
       -0.0175312839  -0.0022725465  -0.0096921059   0.0053231230  -0.0011984672
       -0.0026524897   0.0039870008   0.0009486135   0.0018798285  -0.0000870509
       -0.0002752210   0.0002261936  -0.0000711792   0.0001174919   0.0000805599
        0.0004352843   0.0003718764  -0.0001977550
       -0.0131761374   0.0102875993  -0.0088217613  -0.1870500244  -0.0179800325
       -0.0587402451   0.4819686821  -0.0243628744  -0.0057669198  -0.1384688855
        0.0166397338   0.0722031566  -0.0164729590  -0.0109675150   0.0145366875
        0.0001617853   0.0017473213  -0.0008916664   0.0008599475  -0.0006569228
        0.0007015226   0.0002881547  -0.0004863554   0.0001873104  -0.0249394493
       -0.0117828961  -0.0232760107  -0.0309570341  -0.0015150366  -0.0052906158
       -0.0451066849   0.0360132431  -0.0148542722  -0.0281656854   0.0028546521
        0.0209427409   0.0010241711   0.0020884250   0.0088464993   0.0008015821
        0.0004275107  -0.0003214852   0.0006423347   0.0010572389  -0.0000881008
       -0.0014097976  -0.0033640914   0.0006331602
        0.0269257080  -0.0020038920   0.0118234514   0.0099452944  -0.0567110990
        0.0174230485  -0.0243628744   0.3900493195  -0.2064413609  -0.0098387119
       -0.0596524830   0.0264365006  -0.0212044212  -0.0005456481   0.0181559775
        0.0027231948  -0.0050627021   0.0028845387  -0.0003171224   0.0025649928
       -0.0000875712  -0.0002273509   0.0005620872   0.0000023492  -0.0191612968
        0.0020257326  -0.0098046388  -0.0059771794  -0.0000497908  -0.0013051519
        0.0281799224  -0.2731206120   0.1514901528   0.0135963488   0.0007166379
       -0.0102377293   0.0016746470   0.0024333269  -0.0018003456   0.0003699884
        0.0018165423  -0.0003201934   0.0014243928   0.0016488063   0.0006687206
       -0.0037505396  -0.0046712184   0.0011122517
       -0.0166398758   0.0057819874  -0.0055635130  -0.0453025767   0.0036848061
       -0.0935957036  -0.0057669198  -0.2064413609   0.4174161272   0.0575417408
       -0.0031312049  -0.1366650476   0.0103277918   0.0090456612  -0.0036219583
       -0.0010607448   0.0031002619  -0.0011115629   0.0003865763  -0.0000760148
        0.0005797737  -0.0000565162  -0.0005233794  -0.0000979799  -0.0305065793
       -0.0062527440  -0.0184829912   0.0214998571   0.0009674195   0.0056770653
       -0.0161161279   0.1935433371  -0.1281305607   0.0013193248  -0.0002923285
        0.0000898491   0.0239699070  -0.0010829825  -0.0377595260  -0.0001196900
        0.0002684975  -0.0003605861   0.0000360082   0.0000044414   0.0009070430
        0.0004878246   0.0014036028   0.0007195710
        0.0003559830  -0.0006468958   0.0002729418  -0.0299204557   0.0000602524
        0.0199771873  -0.1384688855  -0.0098387119   0.0575417408   0.4836817010
       -0.0293095181   0.0409733841  -0.0832971560  -0.0423584988  -0.0061436275
        0.0002870910   0.0002288468   0.0000035214  -0.0002291448   0.0002747368
        0.0000096719  -0.0001296222   0.0002833197  -0.0000366842   0.0026119265
        0.0014415126   0.0021752718  -0.0059945871   0.0006363893  -0.0013885277
       -0.0022973512   0.0023117028   0.0033417132  -0.1451413260   0.1052196320
       -0.0426272343  -0.0722804278  -0.0135224583  -0.0736119113   0.0086604569
        0.0173790874   0.0001693369  -0.0060691954  -0.0122058094  -0.0023319448
       -0.0117690065  -0.0199535876   0.0016751606
        0.0003947332  -0.0000641834   0.0000137387  -0.0023812295  -0.0032629827
       -0.0031737790   0.0166397338  -0.0596524830  -0.0031312049  -0.0293095181
        0.4637162059  -0.0126556566  -0.0450996240  -0.1710896758  -0.0045345682
       -0.0000306075  -0.0001852496   0.0000680159   0.0003180143  -0.0001567886
       -0.0003717540   0.0003813739   0.0001960973   0.0003484096  -0.0009638210
        0.0011144331   0.0020585269  -0.0004163977   0.0013322585  -0.0001785927
       -0.0170357399  -0.0024746264   0.0202996643   0.1036179794  -0.1432646648
        0.0371819124  -0.0113531022  -0.0496062830  -0.0343036971  -0.0073576975
       -0.0255563373   0.0012103742  -0.0059587893  -0.0093206301  -0.0033828711
       -0.0014453079  -0.0017250901   0.0005514816
        0.0002225627   0.0005997716  -0.0008499376  -0.0019955700  -0.0047762205
        0.0050972140   0.0722031566   0.0264365006  -0.1366650476   0.0409733841
       -0.0126556566   0.4751886373  -0.0066763667  -0.0061697846  -0.0634508569
       -0.0002977535  -0.0000620211   0.0000626692   0.0002754526  -0.0002313685
       -0.0001603510  -0.0004422511   0.0004506001   0.0003258919  -0.0044552744
       -0.0007394787   0.0019326425  -0.0034116298  -0.0006848454   0.0006190615
        0.0149021301  -0.0031227018  -0.0160588483  -0.0393885140   0.0360560659
       -0.0580605740  -0.0710868150  -0.0325157884  -0.2052663267   0.0028215906
        0.0066488087   0.0005527063  -0.0134204739  -0.0259489013  -0.0023008349
        0.0097763718   0.0167150199  -0.0009660455
        0.0006142921   0.0004220235  -0.0003349866  -0.0011660999  -0.0011159908
        0.0013462612  -0.0164729590  -0.0212044212   0.0103277918  -0.0832971560
       -0.0450996240  -0.0066763667   0.5097096082  -0.0358018096  -0.0015983308
       -0.0001094258  -0.0001794446   0.0001391176  -0.0001184917  -0.0002083265
       -0.0000441452  -0.0009558646  -0.0001977277   0.0000457794   0.0000510555
       -0.0001522340  -0.0000283707  -0.0007511702   0.0001137468  -0.0001701545
       -0.0028270775  -0.0019504794   0.0013472807   0.0070059838   0.0169497739
        0.0003422117  -0.0058569523  -0.0145394326  -0.0037837539  -0.1530037941
        0.1159281864  -0.0398673440  -0.0751937034  -0.0147073585  -0.0801139681
       -0.1776282452   0.0017431183   0.1190689780
       -0.0004956422  -0.0005056637  -0.0000820771   0.0009450365  -0.0007383899
        0.0006287785  -0.0109675150  -0.0005456481   0.0090456612  -0.0423584988
       -0.1710896758  -0.0061697846  -0.0358018096   0.4686423706   0.0003400923
       -0.0001937803   0.0000405190  -0.0000053736   0.0000963553   0.0001071480
       -0.0001393418   0.0002404304   0.0003190825   0.0001438110   0.0001335143
        0.0000697249  -0.0000734613  -0.0001115529   0.0000433327  -0.0000488445
       -0.0011035545  -0.0000859282  -0.0006055231  -0.0074428255  -0.0285847376
        0.0003318453  -0.0062474915  -0.0105041648  -0.0034559059   0.1167887717
       -0.1640943803   0.0414881483  -0.0146714722  -0.0511684303  -0.0413819370
        0.0011900345  -0.0419051590  -0.0000160877
       -0.0000527748  -0.0001180734  -0.0004525541   0.0002502752   0.0013164591
       -0.0009934033   0.0145366875   0.0181559775  -0.0036219583  -0.0061436275
       -0.0045345682  -0.0634508569  -0.0015983308   0.0003400923   0.5279151291
        0.0000114476   0.0000946536   0.0001248774  -0.0001214322   0.0001728650
        0.0002004692  -0.0002801581  -0.0001704340   0.0000701401   0.0005171872
        0.0001888265  -0.0000124166   0.0006839169  -0.0000481185   0.0003207937
        0.0031497115   0.0016106356  -0.0019729017   0.0021611779   0.0084306556
        0.0013847457  -0.0122707118  -0.0257608382  -0.0031445843  -0.0399694740
        0.0416121314  -0.0589553849  -0.0796750999  -0.0405883721  -0.2480991024
        0.1188012055  -0.0007018922  -0.1493129926
       -0.2709672382   0.0019682513  -0.0549573484  -0.0100172011   0.0014277026
       -0.0030300631   0.0001617853   0.0027231948  -0.0010607448   0.0002870910
       -0.0000306075  -0.0002977535  -0.0001094258  -0.0001937803   0.0000114476
        0.3130846200  -0.0029498192   0.0647472421  -0.0090877857  -0.0020416949
       -0.0036809989  -0.0231792044  -0.0012325832  -0.0016983982   0.0000134511
        0.0001105403   0.0003307820   0.0005563124  -0.0004455580  -0.0001089921
       -0.0006513071   0.0003497291  -0.0001873257  -0.0000118012   0.0000194882
        0.0000294134   0.0000060464  -0.0001530945  -0.0000394670  -0.0001130259
        0.0003007992  -0.0000737205   0.0000489401   0.0000721572   0.0000233077
       -0.0000212570   0.0000752749  -0.0000073806
        0.0009782522  -0.0416745514  -0.0008532697   0.0263314657  -0.0020889500
        0.0073331385   0.0017473213  -0.0050627021   0.0031002619   0.0002288468
       -0.0001852496  -0.0000620211  -0.0001794446   0.0000405190   0.0000946536
       -0.0029498192   0.0487131135  -0.0020759997  -0.0223671766  -0.0008481179
       -0.0066419195  -0.0059822743   0.0007023744  -0.0011538029   0.0002236057
        0.0001086087  -0.0001034711   0.0005900477   0.0007404390  -0.0000940617
        0.0014673728  -0.0004725388   0.0006089981   0.0000004507   0.0000143889
       -0.0001216403  -0.0000902391  -0.0000506327   0.0000292195   0.0000900717
        0.0000737131  -0.0000777304  -0.0000061630  -0.0000221051   0.0000172708
       -0.0000823177   0.0000116910   0.0000003740
       -0.0548089877  -0.0004962947  -0.0567249580  -0.0109664172   0.0014920815
       -0.0029235579  -0.0008916664   0.0028845387  -0.0011115629   0.0000035214
        0.0000680159   0.0000626692   0.0001391176  -0.0000053736   0.0001248774
        0.0647472421  -0.0020759997   0.0634385505  -0.0240739099  -0.0023773051
       -0.0070699101   0.0271707407   0.0004373227   0.0044780112   0.0001575336
       -0.0002304498   0.0000679001  -0.0006709980  -0.0000293924  -0.0001096037
       -0.0006916311   0.0003052937  -0.0001900772  -0.0000755371   0.0000264457
        0.0001086644  -0.0000303545   0.0001457351  -0.0000201543  -0.0000927964
       -0.0000991416  -0.0001839874   0.0000903559  -0.0000639953   0.0000251683
       -0.0000062129   0.0000185188   0.0000279706
       -0.0522199353  -0.0320691410  -0.0308261818   0.0014501555   0.0053980451
        0.0042877454   0.0008599475  -0.0003171224   0.0003865763  -0.0002291448
        0.0003180143   0.0002754526  -0.0001184917   0.0000963553  -0.0001214322
       -0.0090877857  -0.0223671766  -0.0240739099   0.0566505319   0.0362614481
        0.0358216180   0.0028521812   0.0118095444   0.0143003044   0.0003495134
        0.0017578232  -0.0003927603  -0.0000790833  -0.0005004643  -0.0000119234
        0.0000156608  -0.0000173393   0.0000852708  -0.0000037069  -0.0001009609
        0.0000015758   0.0000278618  -0.0000733756  -0.0000814643  -0.0005247749
       -0.0000897053   0.0005015337  -0.0000930902  -0.0000049578  -0.0000986969
        0.0001501606  -0.0001009872  -0.0000537080
       -0.0313073316  -0.1573499021  -0.1177305691  -0.0038428676  -0.0260510350
       -0.0191305337  -0.0006569228   0.0025649928  -0.0000760148   0.0002747368
       -0.0001567886  -0.0002313685  -0.0002083265   0.0001071480   0.0001728650
       -0.0020416949  -0.0008481179  -0.0023773051   0.0362614481   0.1847312870
        0.1366504706   0.0009907610   0.0033308182   0.0014948870   0.0013673384
       -0.0071328112   0.0020713400  -0.0002490797   0.0004625513  -0.0005607397
       -0.0004098585   0.0002561612  -0.0002922828  -0.0001441894  -0.0000471185
       -0.0000485978  -0.0001390209  -0.0001690618   0.0001247221   0.0001398752
        0.0002707743  -0.0001538739   0.0000718779   0.0000394224   0.0000373869
       -0.0001067454  -0.0000083199   0.0000496138
       -0.0307099312  -0.1184390036  -0.1649612462   0.0018214897   0.0049311770
        0.0069251837   0.0007015226  -0.0000875712   0.0005797737   0.0000096719
       -0.0003717540  -0.0001603510  -0.0000441452  -0.0001393418   0.0002004692
       -0.0036809989  -0.0066419195  -0.0070699101   0.0358216180   0.1366504706
        0.1875506919  -0.0034714775  -0.0190343378  -0.0238970244  -0.0007129741
        0.0021785468   0.0005713628  -0.0000789254   0.0003293143   0.0005558559
        0.0000096750   0.0002156957   0.0000357653   0.0000388609   0.0000744316
       -0.0000044124  -0.0000444633   0.0000317443  -0.0000613765   0.0005563340
        0.0000936107  -0.0002520618  -0.0000483802   0.0000842334   0.0000246347
       -0.0001678764   0.0001247034  -0.0000373547
       -0.1144936089  -0.0260899592   0.1071667436   0.0041353833  -0.0000355812
       -0.0041680201   0.0002881547  -0.0002273509  -0.0000565162  -0.0001296222
        0.0003813739  -0.0004422511  -0.0009558646   0.0002404304  -0.0002801581
       -0.0231792044  -0.0059822743   0.0271707407   0.0028521812   0.0009907610
       -0.0034714775   0.1320478954   0.0302722450  -0.1250143238   0.0000448078
       -0.0003423039  -0.0001527769   0.0006622991   0.0010242890  -0.0007120081
       -0.0001243134   0.0000778799   0.0001262238   0.0000726869  -0.0000856523
        0.0000823026  -0.0000918438   0.0005359248   0.0001294665  -0.0010733049
       -0.0006483815  -0.0005244354   0.0001206732  -0.0001220727   0.0000712991
       -0.0001763194   0.0000106722   0.0000751908
       -0.0258640473  -0.0520488534   0.0369490586  -0.0149419992  -0.0090906896
        0.0247452868  -0.0004863554   0.0005620872  -0.0005233794   0.0002833197
        0.0001960973   0.0004506001  -0.0001977277   0.0003190825  -0.0001704340
       -0.0012325832   0.0007023744   0.0004373227   0.0118095444   0.0033308182
       -0.0190343378   0.0302722450   0.0614771939  -0.0458442628  -0.0005837620
        0.0008601541   0.0005185681   0.0011505098  -0.0058884250   0.0033594850
       -0.0000348363   0.0002966795  -0.0001969168  -0.0002129754  -0.0000951804
       -0.0001727740   0.0004749471  -0.0006653870  -0.0003720696  -0.0005108143
        0.0002432959  -0.0001374437   0.0000247040  -0.0001475073  -0.0000256658
        0.0000498308  -0.0000517403   0.0000169627
        0.1072461876   0.0375523774  -0.2056885639   0.0063244944   0.0064842261
       -0.0115181363   0.0001873104   0.0000023492  -0.0000979799  -0.0000366842
        0.0003484096   0.0003258919   0.0000457794   0.0001438110   0.0000701401
       -0.0016983982  -0.0011538029   0.0044780112   0.0143003044   0.0014948870
       -0.0238970244  -0.1250143238  -0.0458442628   0.2353784409  -0.0001480566
       -0.0007634044   0.0007614771  -0.0005774594   0.0031507832  -0.0003596124
        0.0001136858  -0.0005280502   0.0000433610   0.0000745799  -0.0000922450
        0.0000937919  -0.0001273223   0.0001649728   0.0003605522  -0.0009908894
       -0.0006772202   0.0000551018   0.0000832547  -0.0001131964  -0.0000160089
        0.0002175373  -0.0001696345   0.0000105576
        0.0020271266   0.0045736663   0.0035964428  -0.0411698618  -0.0124812097
       -0.0072287799  -0.0249394493  -0.0191612968  -0.0305065793   0.0026119265
       -0.0009638210  -0.0044552744   0.0000510555   0.0001335143   0.0005171872
        0.0000134511   0.0002236057   0.0001575336   0.0003495134   0.0013673384
       -0.0007129741   0.0000448078  -0.0005837620  -0.0001480566   0.0586750877
        0.0151860250   0.0211370222   0.0012227577   0.0119584563   0.0156337437
        0.0001299220  -0.0006203940   0.0005862424   0.0005687333  -0.0001479751
       -0.0005562357   0.0003431894   0.0003010486   0.0017737290  -0.0000057220
        0.0000211344  -0.0000020083   0.0001258908   0.0001833007   0.0001059775
       -0.0000484287   0.0000103688   0.0001020298
       -0.0001832426  -0.0282098308  -0.0192951124  -0.0060500485  -0.1269554978
       -0.0876383819  -0.0117828961   0.0020257326  -0.0062527440   0.0014415126
        0.0011144331  -0.0007394787  -0.0001522340   0.0000697249   0.0001888265
        0.0001105403   0.0001086087  -0.0002304498   0.0017578232  -0.0071328112
        0.0021785468  -0.0003423039   0.0008601541  -0.0007634044   0.0151860250
        0.1551172466   0.1093180770   0.0005918244   0.0031207934   0.0016263988
        0.0002034250   0.0004272928   0.0005069588  -0.0001187583  -0.0000848729
        0.0002123045  -0.0008238512  -0.0003048264   0.0009035599   0.0001294668
       -0.0001173237  -0.0001193092   0.0001320054   0.0000058370   0.0000202916
       -0.0000992882  -0.0000446603   0.0000839164
        0.0008694649   0.0053224615   0.0061124677  -0.0015185663  -0.0907842319
       -0.1380144864  -0.0232760107  -0.0098046388  -0.0184829912   0.0021752718
        0.0020585269   0.0019326425  -0.0000283707  -0.0000734613  -0.0000124166
        0.0003307820  -0.0001034711   0.0000679001  -0.0003927603   0.0020713400
        0.0005713628  -0.0001527769   0.0005185681   0.0007614771   0.0211370222
        0.1093180770   0.1701158805   0.0016749972  -0.0179761967  -0.0239831659
       -0.0000901894  -0.0003112744   0.0000234365   0.0000550434   0.0000123508
        0.0000799532  -0.0008258831  -0.0003268504   0.0008272063  -0.0000130387
        0.0000410046  -0.0000787145   0.0001422656   0.0000258507  -0.0000350285
       -0.0000872511   0.0000119451   0.0001144764
        0.0030862736   0.0011696641  -0.0030837206  -0.1226315846  -0.0293275211
        0.1028933020  -0.0309570341  -0.0059771794   0.0214998571  -0.0059945871
       -0.0004163977  -0.0034116298  -0.0007511702  -0.0001115529   0.0006839169
        0.0005563124   0.0005900477  -0.0006709980  -0.0000790833  -0.0002490797
       -0.0000789254   0.0006622991   0.0011505098  -0.0005774594   0.0012227577
        0.0005918244   0.0016749972   0.1563586260   0.0324565041  -0.1202617417
       -0.0004694088   0.0000299257   0.0013580812  -0.0013720155   0.0002109554
        0.0007745468   0.0004946099  -0.0000203224  -0.0008261653   0.0000266525
        0.0001142850  -0.0000344187   0.0000009747   0.0000536378  -0.0000053218
       -0.0001536222  -0.0002653010   0.0000656797
       -0.0150795238  -0.0107592753   0.0242325307  -0.0299001451  -0.0531039524
        0.0340022016  -0.0015150366  -0.0000497908   0.0009674195   0.0006363893
        0.0013322585  -0.0006848454   0.0001137468   0.0000433327  -0.0000481185
       -0.0004455580   0.0007404390  -0.0000293924  -0.0005004643   0.0004625513
        0.0003293143   0.0010242890  -0.0058884250   0.0031507832   0.0119584563
        0.0031207934  -0.0179761967   0.0324565041   0.0636903386  -0.0439395657
        0.0013372617   0.0004339657  -0.0004568097  -0.0002325830   0.0000411102
        0.0002298738   0.0000304510  -0.0001017575   0.0001756654   0.0000817460
       -0.0000203129   0.0000492525   0.0000101670   0.0000364222  -0.0000036457
        0.0000242996   0.0000223021   0.0000015331
        0.0062590587   0.0070410287  -0.0108517550   0.1069749752   0.0341906060
       -0.1747651812  -0.0052906158  -0.0013051519   0.0056770653  -0.0013885277
       -0.0001785927   0.0006190615  -0.0001701545  -0.0000488445   0.0003207937
       -0.0001089921  -0.0000940617  -0.0001096037  -0.0000119234  -0.0005607397
        0.0005558559  -0.0007120081   0.0033594850  -0.0003596124   0.0156337437
        0.0016263988  -0.0239831659  -0.1202617417  -0.0439395657   0.2010413024
       -0.0006795134  -0.0000851908   0.0012058801  -0.0001089985   0.0000127973
        0.0002843112  -0.0001124254   0.0000847321   0.0003483593  -0.0000295341
       -0.0000611707  -0.0000661266   0.0000728663   0.0000401246   0.0000681580
       -0.0000662093  -0.0000818547   0.0000146574
       -0.0056653946   0.0003400912  -0.0029597983  -0.0093344726   0.0260882113
       -0.0175312839  -0.0451066849   0.0281799224  -0.0161161279  -0.0022973512
       -0.0170357399   0.0149021301  -0.0028270775  -0.0011035545   0.0031497115
       -0.0006513071   0.0014673728  -0.0006916311   0.0000156608  -0.0004098585
        0.0000096750  -0.0001243134  -0.0000348363   0.0001136858   0.0001299220
        0.0002034250  -0.0000901894  -0.0004694088   0.0013372617  -0.0006795134
        0.0688853863  -0.0362834951   0.0163227611  -0.0006906375  -0.0015143105
        0.0023850670  -0.0011601937  -0.0005593823   0.0012003502  -0.0001083110
        0.0001358397  -0.0000698427   0.0000847146   0.0001111057  -0.0000042412
       -0.0006805312  -0.0009220528   0.0000592473
        0.0022278528   0.0003989217   0.0007243755  -0.0018258471  -0.0026214093
       -0.0022725465   0.0360132431  -0.2731206120   0.1935433371   0.0023117028
       -0.0024746264  -0.0031227018  -0.0019504794  -0.0000859282   0.0016106356
        0.0003497291  -0.0004725388   0.0003052937  -0.0000173393   0.0002561612
        0.0002156957   0.0000778799   0.0002966795  -0.0005280502  -0.0006203940
        0.0004272928  -0.0003112744   0.0000299257   0.0004339657  -0.0000851908
       -0.0362834951   0.2751975232  -0.1858464527  -0.0001319626   0.0025127080
       -0.0013073743   0.0005381371  -0.0005887402  -0.0028316595  -0.0000161471
        0.0005595665  -0.0001202801  -0.0001896699  -0.0001585253   0.0000279946
       -0.0005131358  -0.0005604384  -0.0000018018
       -0.0024507512  -0.0009003627   0.0001134584  -0.0061968596   0.0144768271
       -0.0096921059  -0.0148542722   0.1514901528  -0.1281305607   0.0033417132
        0.0202996643  -0.0160588483   0.0013472807  -0.0006055231  -0.0019729017
       -0.0001873257   0.0006089981  -0.0001900772   0.0000852708  -0.0002922828
        0.0000357653   0.0001262238  -0.0001969168   0.0000433610   0.0005862424
        0.0005069588   0.0000234365   0.0013580812  -0.0004568097   0.0012058801
        0.0163227611  -0.1858464527   0.1556569286  -0.0011163579   0.0008078892
        0.0016334443   0.0016317814   0.0000827155  -0.0026502829  -0.0000490348
       -0.0001973934   0.0000279270  -0.0002802390  -0.0003228513  -0.0000869895
        0.0003354858   0.0005453868   0.0000415650
       -0.0002286353   0.0000153271  -0.0001957498  -0.0019149161   0.0026978444
        0.0053231230  -0.0281656854   0.0135963488   0.0013193248  -0.1451413260
        0.1036179794  -0.0393885140   0.0070059838  -0.0074428255   0.0021611779
       -0.0000118012   0.0000004507  -0.0000755371  -0.0000037069  -0.0001441894
        0.0000388609   0.0000726869  -0.0002129754   0.0000745799   0.0005687333
       -0.0001187583   0.0000550434  -0.0013720155  -0.0002325830  -0.0001089985
       -0.0006906375  -0.0001319626  -0.0011163579   0.1791271774  -0.1185460772
        0.0387459608  -0.0102927418   0.0098955018  -0.0072498825   0.0001242275
       -0.0025374313   0.0001104996   0.0004662997  -0.0001167916   0.0003690451
        0.0004563570  -0.0003398578  -0.0000625756
        0.0000619576   0.0002020850  -0.0000245703  -0.0011597016  -0.0001532508
       -0.0011984672   0.0028546521   0.0007166379  -0.0002923285   0.1052196320
       -0.1432646648   0.0360560659   0.0169497739  -0.0285847376   0.0084306556
        0.0000194882   0.0000143889   0.0000264457  -0.0001009609  -0.0000471185
        0.0000744316  -0.0000856523  -0.0000951804  -0.0000922450  -0.0001479751
       -0.0000848729   0.0000123508   0.0002109554   0.0000411102   0.0000127973
       -0.0015143105   0.0025127080   0.0008078892  -0.1185460772   0.1712949326
       -0.0441467889  -0.0016526188   0.0032455491  -0.0000625865  -0.0031079230
       -0.0069717257   0.0001293875   0.0006892372   0.0007365211   0.0000925948
        0.0003095229   0.0004376180   0.0001743679
        0.0002189476  -0.0000079714   0.0002531029   0.0011796047  -0.0016043553
       -0.0026524897   0.0209427409  -0.0102377293   0.0000898491  -0.0426272343
        0.0371819124  -0.0580605740   0.0003422117   0.0003318453   0.0013847457
        0.0000294134  -0.0001216403   0.0001086644   0.0000015758  -0.0000485978
       -0.0000044124   0.0000823026  -0.0001727740   0.0000937919  -0.0005562357
        0.0002123045   0.0000799532   0.0007745468   0.0002298738   0.0002843112
        0.0023850670  -0.0013073743   0.0016334443   0.0387459608  -0.0441467889
        0.0664047762  -0.0222225605   0.0199571270  -0.0106647758   0.0002876312
        0.0000066577   0.0009392289   0.0003191546  -0.0007304596   0.0002797375
        0.0000968733   0.0004579702  -0.0001693533
       -0.0003424016  -0.0000287423   0.0003919157   0.0020031855   0.0016577956
        0.0039870008   0.0010241711   0.0016746470   0.0239699070  -0.0722804278
       -0.0113531022  -0.0710868150  -0.0058569523  -0.0062474915  -0.0122707118
        0.0000060464  -0.0000902391  -0.0000303545   0.0000278618  -0.0001390209
       -0.0000444633  -0.0000918438   0.0004749471  -0.0001273223   0.0003431894
       -0.0008238512  -0.0008258831   0.0004946099   0.0000304510  -0.0001124254
       -0.0011601937   0.0005381371   0.0016317814  -0.0102927418  -0.0016526188
       -0.0222225605   0.0867909685   0.0186910052   0.0767026606   0.0003957674
        0.0007481085   0.0003017569  -0.0008499361  -0.0034237995  -0.0000652323
       -0.0002113030  -0.0000562259  -0.0001992542
        0.0002204893   0.0001299538  -0.0004369829   0.0004461948   0.0016136021
        0.0009486135   0.0020884250   0.0024333269  -0.0010829825  -0.0135224583
       -0.0496062830  -0.0325157884  -0.0145394326  -0.0105041648  -0.0257608382
       -0.0001530945  -0.0000506327   0.0001457351  -0.0000733756  -0.0001690618
        0.0000317443   0.0005359248  -0.0006653870   0.0001649728   0.0003010486
       -0.0003048264  -0.0003268504  -0.0000203224  -0.0001017575   0.0000847321
       -0.0005593823  -0.0005887402   0.0000827155   0.0098955018   0.0032455491
        0.0199571270   0.0186910052   0.0593007766   0.0404997055   0.0000250647
        0.0008211810  -0.0006083756  -0.0035202207  -0.0060213371  -0.0009794837
        0.0001846321   0.0004678010  -0.0002040442
       -0.0003204306   0.0000321396   0.0002031485  -0.0026150887   0.0016102392
        0.0018798285   0.0088464993  -0.0018003456  -0.0377595260  -0.0736119113
       -0.0343036971  -0.2052663267  -0.0037837539  -0.0034559059  -0.0031445843
       -0.0000394670   0.0000292195  -0.0000201543  -0.0000814643   0.0001247221
       -0.0000613765   0.0001294665  -0.0003720696   0.0003605522   0.0017737290
        0.0009035599   0.0008272063  -0.0008261653   0.0001756654   0.0003483593
        0.0012003502  -0.0028316595  -0.0026502829  -0.0072498825  -0.0000625865
       -0.0106647758   0.0767026606   0.0404997055   0.2545351656   0.0003661189
        0.0002665463   0.0002265511  -0.0004169911  -0.0010654879   0.0008339373
       -0.0000736698   0.0002499546   0.0003522778
       -0.0009663629  -0.0002890737   0.0001944422   0.0002087134  -0.0003010005
       -0.0000870509   0.0008015821   0.0003699884  -0.0001196900   0.0086604569
       -0.0073576975   0.0028215906  -0.1530037941   0.1167887717  -0.0399694740
       -0.0001130259   0.0000900717  -0.0000927964  -0.0005247749   0.0001398752
        0.0005563340  -0.0010733049  -0.0005108143  -0.0009908894  -0.0000057220
        0.0001294668  -0.0000130387   0.0000266525   0.0000817460  -0.0000295341
       -0.0001083110  -0.0000161471  -0.0000490348   0.0001242275  -0.0031079230
        0.0002876312   0.0003957674   0.0000250647   0.0003661189   0.1763949110
       -0.1339012747   0.0472305454  -0.0102323246   0.0093282537  -0.0057754797
       -0.0205846903   0.0185306928  -0.0043296742
        0.0003989556   0.0002124667   0.0003215227  -0.0002423168  -0.0004712502
       -0.0002752210   0.0004275107   0.0018165423   0.0002684975   0.0173790874
       -0.0255563373   0.0066488087   0.1159281864  -0.1640943803   0.0416121314
        0.0003007992   0.0000737131  -0.0000991416  -0.0000897053   0.0002707743
        0.0000936107  -0.0006483815   0.0002432959  -0.0006772202   0.0000211344
       -0.0001173237   0.0000410046   0.0001142850  -0.0000203129  -0.0000611707
        0.0001358397   0.0005595665  -0.0001973934  -0.0025374313  -0.0069717257
        0.0000066577   0.0007481085   0.0008211810   0.0002665463  -0.1339012747
        0.1911949508  -0.0478553893  -0.0014362525   0.0031792216   0.0001459477
        0.0034014551  -0.0011403821  -0.0002391912
       -0.0003685532   0.0000123381   0.0005135695   0.0003014395   0.0002934512
        0.0002261936  -0.0003214852  -0.0003201934  -0.0003605861   0.0001693369
        0.0012103742   0.0005527063  -0.0398673440   0.0414881483  -0.0589553849
       -0.0000737205  -0.0000777304  -0.0001839874   0.0005015337  -0.0001538739
       -0.0002520618  -0.0005244354  -0.0001374437   0.0000551018  -0.0000020083
       -0.0001193092  -0.0000787145  -0.0000344187   0.0000492525  -0.0000661266
       -0.0000698427  -0.0001202801   0.0000279270   0.0001104996   0.0001293875
        0.0009392289   0.0003017569  -0.0006083756   0.0002265511   0.0472305454
       -0.0478553893   0.0639520900  -0.0233820140   0.0210527058  -0.0110190358
        0.0160287100  -0.0148430622   0.0044225289
       -0.0000964107  -0.0000880791  -0.0000359903  -0.0002084600  -0.0001778414
       -0.0000711792   0.0006423347   0.0014243928   0.0000360082  -0.0060691954
       -0.0059587893  -0.0134204739  -0.0751937034  -0.0146714722  -0.0796750999
        0.0000489401  -0.0000061630   0.0000903559  -0.0000930902   0.0000718779
       -0.0000483802   0.0001206732   0.0000247040   0.0000832547   0.0001258908
        0.0001320054   0.0001422656   0.0000009747   0.0000101670   0.0000728663
        0.0000847146  -0.0001896699  -0.0002802390   0.0004662997   0.0006892372
        0.0003191546  -0.0008499361  -0.0035202207  -0.0004169911  -0.0102323246
       -0.0014362525  -0.0233820140   0.0836755638   0.0193945872   0.0937911353
        0.0075777287   0.0043015166   0.0227953269
        0.0001752462   0.0001164179   0.0001556052  -0.0000038224   0.0000831005
        0.0001174919   0.0010572389   0.0016488063   0.0000044414  -0.0122058094
       -0.0093206301  -0.0259489013  -0.0147073585  -0.0511684303  -0.0405883721
        0.0000721572  -0.0000221051  -0.0000639953  -0.0000049578   0.0000394224
        0.0000842334  -0.0001220727  -0.0001475073  -0.0001131964   0.0001833007
        0.0000058370   0.0000258507   0.0000536378   0.0000364222   0.0000401246
        0.0001111057  -0.0001585253  -0.0003228513  -0.0001167916   0.0007365211
       -0.0007304596  -0.0034237995  -0.0060213371  -0.0010654879   0.0093282537
        0.0031792216   0.0210527058   0.0193945872   0.0604655844   0.0489213263
        0.0002090844   0.0005272018  -0.0015685155
        0.0000216264  -0.0000211519  -0.0000206250   0.0001826622  -0.0000211595
        0.0000805599  -0.0000881008   0.0006687206   0.0009070430  -0.0023319448
       -0.0033828711  -0.0023008349  -0.0801139681  -0.0413819370  -0.2480991024
        0.0000233077   0.0000172708   0.0000251683  -0.0000986969   0.0000373869
        0.0000246347   0.0000712991  -0.0000256658  -0.0000160089   0.0001059775
        0.0000202916  -0.0000350285  -0.0000053218  -0.0000036457   0.0000681580
       -0.0000042412   0.0000279946  -0.0000869895   0.0003690451   0.0000925948
        0.0002797375  -0.0000652323  -0.0009794837   0.0008339373  -0.0057754797
        0.0001459477  -0.0110190358   0.0937911353   0.0489213263   0.2848112559
       -0.0060820677  -0.0041156187  -0.0254528695
       -0.0002158124   0.0000652800  -0.0000887879   0.0001697426  -0.0001397232
        0.0004352843  -0.0014097976  -0.0037505396   0.0004878246  -0.0117690065
       -0.0014453079   0.0097763718  -0.1776282452   0.0011900345   0.1188012055
       -0.0000212570  -0.0000823177  -0.0000062129   0.0001501606  -0.0001067454
       -0.0001678764  -0.0001763194   0.0000498308   0.0002175373  -0.0000484287
       -0.0000992882  -0.0000872511  -0.0001536222   0.0000242996  -0.0000662093
       -0.0006805312  -0.0005131358   0.0003354858   0.0004563570   0.0003095229
        0.0000968733  -0.0002113030   0.0001846321  -0.0000736698  -0.0205846903
        0.0034014551   0.0160287100   0.0075777287   0.0002090844  -0.0060820677
        0.2045450247   0.0007029184  -0.1396072176
        0.0003358384   0.0001420680   0.0000253423  -0.0007082968  -0.0004599825
        0.0003718764  -0.0033640914  -0.0046712184   0.0014036028  -0.0199535876
       -0.0017250901   0.0167150199   0.0017431183  -0.0419051590  -0.0007018922
        0.0000752749   0.0000116910   0.0000185188  -0.0001009872  -0.0000083199
        0.0001247034   0.0000106722  -0.0000517403  -0.0001696345   0.0000103688
       -0.0000446603   0.0000119451  -0.0002653010   0.0000223021  -0.0000818547
       -0.0009220528  -0.0005604384   0.0005453868  -0.0003398578   0.0004376180
        0.0004579702  -0.0000562259   0.0004678010   0.0002499546   0.0185306928
       -0.0011403821  -0.0148430622   0.0043015166   0.0005272018  -0.0041156187
        0.0007029184   0.0489583091  -0.0000122581
       -0.0000993436  -0.0000554300   0.0000272072  -0.0001156193   0.0001068274
       -0.0001977550   0.0006331602   0.0011122517   0.0007195710   0.0016751606
        0.0005514816  -0.0009660455   0.1190689780  -0.0000160877  -0.1493129926
       -0.0000073806   0.0000003740   0.0000279706  -0.0000537080   0.0000496138
       -0.0000373547   0.0000751908   0.0000169627   0.0000105576   0.0001020298
        0.0000839164   0.0001144764   0.0000656797   0.0000015331   0.0000146574
        0.0000592473  -0.0000018018   0.0000415650  -0.0000625756   0.0001743679
       -0.0001693533  -0.0001992542  -0.0002040442   0.0003522778  -0.0043296742
       -0.0002391912   0.0044225289   0.0227953269  -0.0015685155  -0.0254528695
       -0.1396072176  -0.0000122581   0.1704055586
