           1           2   1.00975420470393     
           2           3   1.00744011083036     
           2           4  0.996367353640657     
           4           5  0.996367290570379     
           5           6   1.00975427517610     
           5           7   1.00744013605842     
           1           8  0.986073431281272     
           1           9  0.984459298076193     
           1          10  0.986713086258779     
           2          11  0.967230235888051     
           3          12  0.986825063863790     
           3          13  0.986732753363302     
           3          14  0.986495003959450     
           4          15  0.975142476342170     
           4          16  0.975142424376949     
           5          17  0.967230337628362     
           6          18  0.986073432034032     
           6          19  0.984459127769174     
           6          20  0.986713079889953     
           7          21  0.986732813937430     
           7          22  0.986494962116302     
           7          23  0.986825017438951     
