$hessian                                                                        
        0.5165297581   0.0091991269  -0.0161344795  -0.0692412776   0.0081056971
       -0.0226345213  -0.0045028426   0.0080651114  -0.0180405012   0.0004432489
       -0.0005736104  -0.0005213348   0.0003356018  -0.0003092092   0.0005598322
        0.0002561245  -0.0003283629   0.0003645091   0.0001941108  -0.0008480884
        0.0006229095  -0.0029283183   0.0054807814  -0.0038168222  -0.1640378440
       -0.1136205717   0.0431590676  -0.0447224350  -0.0071993055  -0.0049618993
       -0.2319892100   0.0978066214   0.0072112623   0.0027725923  -0.0090400543
        0.0208910842  -0.0001874344   0.0015038351  -0.0056955061   0.0001532728
        0.0001010400  -0.0001259163  -0.0000730623   0.0000685800  -0.0001187277
       -0.0006589252   0.0000378349  -0.0004843568  -0.0000267487   0.0000605716
       -0.0000611218  -0.0001071553   0.0000603635  -0.0001258358  -0.0016769756
        0.0010948918  -0.0000690832  -0.0002957841   0.0002767269  -0.0002021385
       -0.0002366962   0.0000580205   0.0001835797
        0.0091991269   0.5158254080   0.0208037818   0.0073741146  -0.0857264446
        0.0473177872   0.0043812125  -0.0073817857   0.0140972673   0.0000485156
        0.0006204200   0.0012187496  -0.0003277407   0.0001461352  -0.0003152081
        0.0000579001  -0.0003906786   0.0003100612   0.0004779843  -0.0003837290
       -0.0003496616   0.0036881727  -0.0040230935   0.0030583840  -0.1135594209
       -0.1497589185   0.0388442246  -0.0069670691  -0.1726891281  -0.1199512685
        0.0982045637  -0.0956344875  -0.0048630837   0.0009449578  -0.0080805971
        0.0185737609  -0.0033410974   0.0074344657  -0.0188308864   0.0000701121
        0.0000456957   0.0000806050   0.0000613865  -0.0000216431   0.0000962573
       -0.0004409187   0.0000556775  -0.0005646604  -0.0000775903   0.0001061279
        0.0000123192   0.0001435206  -0.0000739982   0.0001260583  -0.0002178603
        0.0003563280   0.0004024585   0.0001961152  -0.0001380884   0.0000770716
        0.0000840149  -0.0002876659  -0.0001440180
       -0.0161344795   0.0208037818   0.4719300561  -0.0200612792   0.0461000726
       -0.1800281574  -0.0046993647   0.0049764775  -0.0047397870   0.0008163669
       -0.0006928943   0.0011712651   0.0000772287  -0.0002999681  -0.0000910193
        0.0002691128  -0.0001501402  -0.0004280420  -0.0004449767   0.0003678593
       -0.0003246842  -0.0005852857  -0.0003925603   0.0015981580   0.0433553928
        0.0393570283  -0.0574842072  -0.0047186691  -0.1196768108  -0.1532805402
        0.0070109376  -0.0047545569  -0.0417181062  -0.0003766510   0.0078923947
       -0.0133752143  -0.0049353724   0.0065540073  -0.0243001695  -0.0000172314
       -0.0000074788   0.0001357546  -0.0000787208   0.0001412551   0.0001247793
       -0.0000822023  -0.0000027182   0.0001877283  -0.0000394289   0.0000370922
        0.0000611798   0.0000920746   0.0000074605   0.0001536222   0.0004997490
       -0.0002819824   0.0001118170   0.0000278662  -0.0000518286   0.0000775062
        0.0000249332   0.0000735092   0.0002180610
       -0.0692412776   0.0073741146  -0.0200612792   0.4705984227   0.0372586411
        0.0006747851  -0.1309157883   0.0553880455   0.0020793725   0.0002093847
        0.0015543000   0.0006304529  -0.0229078690   0.0131501121  -0.0012687357
        0.0005561054   0.0005283124   0.0003219181  -0.0004783371   0.0000271341
       -0.0001308970  -0.0019848915   0.0066450156  -0.0049329931   0.0037967638
       -0.0088219138   0.0193633970  -0.0001778174   0.0002815232  -0.0032487181
       -0.0074771781   0.0118961721  -0.0248459378  -0.1880222720  -0.0968462243
        0.0523773808  -0.0492634316  -0.0270749238  -0.0224984493  -0.0045050010
       -0.0008656690   0.0006167424  -0.0001916229  -0.0001409737   0.0001371777
       -0.0008259202  -0.0002782050  -0.0001581318  -0.0000817902   0.0005033434
        0.0002297051  -0.0001193782   0.0000730380   0.0000321775   0.0002347695
       -0.0002718974   0.0001611082   0.0000306697  -0.0001302360   0.0004328716
        0.0007664593  -0.0002497091   0.0000880532
        0.0081056971  -0.0857264446   0.0461000726   0.0372586411   0.5105345172
        0.0136054878   0.0496182997  -0.1084670691  -0.0078932166   0.0185258072
       -0.0193467951  -0.0036536095  -0.0047736445   0.0077113819  -0.0005204531
        0.0003592541  -0.0001339407   0.0000449380  -0.0000589774  -0.0002282658
       -0.0001398355   0.0168212289  -0.0198547751   0.0159453526   0.0021627852
       -0.0095043848   0.0198109687  -0.0035391850   0.0079218687  -0.0189813789
        0.0054562997  -0.0073532517   0.0154353037  -0.0965458772  -0.1069013541
        0.0315442423  -0.0270608282  -0.1703229868  -0.1109846124  -0.0031699946
       -0.0000995933  -0.0000946343  -0.0003992047   0.0000495704  -0.0001523160
       -0.0008652100   0.0000340606   0.0001756158  -0.0001522158  -0.0000733528
       -0.0000980516  -0.0000455723  -0.0000232863   0.0000906377   0.0000108178
        0.0000486815  -0.0000519014  -0.0001315136  -0.0000024686   0.0001908612
       -0.0015766073   0.0017378883  -0.0003734713
       -0.0226345213   0.0473177872  -0.1800281574   0.0006747851   0.0136054878
        0.4958009683   0.0069335190  -0.0127279640  -0.0594325906   0.0137146220
       -0.0147244385  -0.0010976024   0.0027130641  -0.0019884606   0.0013232718
        0.0003020294  -0.0000463673  -0.0004628786  -0.0003674871   0.0001758225
       -0.0001721616  -0.0232183881   0.0334919419  -0.0172548654   0.0007718429
        0.0066733769  -0.0110818492  -0.0051895092   0.0054395870  -0.0254050227
       -0.0023228838   0.0027685572  -0.0031614432   0.0518914055   0.0312453577
       -0.0612066336  -0.0230413768  -0.1125899188  -0.1395081885   0.0004360805
        0.0004974447   0.0001221500  -0.0004331830   0.0001543943  -0.0000698902
       -0.0000247994   0.0001085751   0.0005031723   0.0000101836  -0.0001776012
       -0.0000083590   0.0000271260  -0.0000317781   0.0001403084   0.0001978766
        0.0002157278  -0.0002431086  -0.0001264531   0.0000905733   0.0000567865
       -0.0003139328   0.0005018950   0.0011860936
       -0.0045028426   0.0043812125  -0.0046993647  -0.1309157883   0.0496182997
        0.0069335190   0.4413396059  -0.0001288832   0.0077931939  -0.0473952935
       -0.0231598573  -0.0219038275  -0.1450461460  -0.0266183245   0.0033231711
       -0.0066164964  -0.0083041632  -0.0029061423  -0.0090487435  -0.0030626875
        0.0066254166  -0.0457738032  -0.0068577692   0.0033255189   0.0003236543
       -0.0005879381   0.0004311327   0.0004758953  -0.0000655619   0.0005427657
        0.0010991436   0.0002487993  -0.0003780591  -0.0288066439   0.0163162642
        0.0024758581   0.0024278440   0.0013080054   0.0010810281  -0.0280228315
       -0.0054717971   0.0008595903   0.0003281409   0.0000394622   0.0003975262
        0.0003972426   0.0007869908  -0.0001064315   0.0006571909  -0.0004875440
       -0.0000433583   0.0004552321  -0.0003237250  -0.0007386210   0.0005838135
        0.0002090211  -0.0006756788   0.0007916995  -0.0005423732   0.0007532193
       -0.0027508736   0.0027025691  -0.0030904566
        0.0080651114  -0.0073817857   0.0049764775   0.0553880455  -0.1084670691
       -0.0127279640  -0.0001288832   0.4726664682   0.0638806157  -0.0232783860
       -0.1558421452  -0.1057297482  -0.0345289688  -0.0766703653  -0.0029826017
       -0.0233508816  -0.0128327178  -0.0001474872  -0.0029881498  -0.0010327150
        0.0028794554  -0.0057280444  -0.1165216940   0.0719943749   0.0000981116
       -0.0000176179  -0.0001194360  -0.0008304697   0.0009626751  -0.0010924119
       -0.0004520742   0.0001300777   0.0005408956  -0.0094228177   0.0069612362
        0.0011288783   0.0188873513  -0.0188541832  -0.0034998269   0.0168194741
        0.0049819706   0.0004799123  -0.0001605587   0.0008575305   0.0003265160
       -0.0001014894   0.0003452899   0.0003559406  -0.0010765476  -0.0043840699
       -0.0019552929   0.0010342785   0.0001705264  -0.0009578928  -0.0001809160
        0.0001630755   0.0000154284   0.0002583250   0.0003665370  -0.0008417783
        0.0016774898   0.0143989759  -0.0165240549
       -0.0180405012   0.0140972673  -0.0047397870   0.0020793725  -0.0078932166
       -0.0594325906   0.0077931939   0.0638806157   0.4640791367  -0.0222871103
       -0.1089898125  -0.1354508539   0.0069461499  -0.0002714436  -0.0584744018
       -0.0109952972  -0.0042925048   0.0009862417   0.0229829311   0.0066440790
       -0.0084835174   0.0004947666   0.0439771162  -0.1588094938  -0.0001862253
        0.0001326246   0.0003340530  -0.0009363385   0.0011112898   0.0006352496
       -0.0012785820   0.0023709793  -0.0036735035   0.0071322981  -0.0041673346
        0.0001093565   0.0153389185  -0.0141617127  -0.0018316462  -0.0113018510
       -0.0018705759   0.0011185227  -0.0004048932  -0.0002656441  -0.0002929440
        0.0001429391   0.0003078660   0.0001737760  -0.0010034892  -0.0035934141
       -0.0010399086   0.0012595169   0.0008554732   0.0001315134   0.0002538269
        0.0001867065   0.0006384111   0.0017255081   0.0006927373  -0.0043193769
        0.0002848663   0.0112489039  -0.0316582369
        0.0004432489   0.0000485156   0.0008163669   0.0002093847   0.0185258072
        0.0137146220  -0.0473952935  -0.0232783860  -0.0222871103   0.0607488972
        0.0255361729   0.0234915503  -0.0082817032  -0.0217548004  -0.0150362410
       -0.0045228647  -0.0015898976   0.0004367221   0.0005365976  -0.0009192373
       -0.0011360202   0.0010763835   0.0003541765  -0.0009289670  -0.0000878878
       -0.0002213296  -0.0000117126   0.0000223177  -0.0000428099  -0.0004404166
        0.0000406338  -0.0001347946   0.0001088975   0.0003847250   0.0003124014
        0.0004581393  -0.0032256908   0.0035448795   0.0004744265  -0.0002214644
        0.0000817894  -0.0002325813  -0.0000132989   0.0002781394   0.0001260009
       -0.0001056098   0.0001883688   0.0000638289  -0.0003651277  -0.0013908818
       -0.0005988200  -0.0007113496   0.0002110936   0.0009611179   0.0000361488
        0.0000435578   0.0000886092   0.0001648411   0.0001309699  -0.0001388220
        0.0012671120   0.0000762652   0.0000704094
       -0.0005736104   0.0006204200  -0.0006928943   0.0015543000  -0.0193467951
       -0.0147244385  -0.0231598573  -0.1558421452  -0.1089898125   0.0255361729
        0.1783968906   0.1207194025  -0.0063017509  -0.0116669656  -0.0089211009
       -0.0034682458  -0.0004093233  -0.0000479589   0.0008442969   0.0005600072
       -0.0005116706   0.0018747133   0.0102422342   0.0096807916  -0.0000196262
       -0.0001290776  -0.0000554637   0.0004223935  -0.0000033886   0.0008202727
       -0.0002219173   0.0002167668   0.0000501239  -0.0005749800   0.0006032712
        0.0000055366   0.0041930596  -0.0030354252  -0.0006847652   0.0000818754
       -0.0000502781  -0.0001262017   0.0001111198   0.0000663792   0.0002562533
        0.0000957345   0.0001661831  -0.0000497773  -0.0002243249  -0.0009246997
       -0.0003699865  -0.0004638947   0.0004511544   0.0004629480  -0.0000374430
       -0.0004336567   0.0001348445   0.0002882875   0.0001031988   0.0000057243
        0.0000436971   0.0004152497   0.0030381726
       -0.0005213348   0.0012187496   0.0011712651   0.0006304529  -0.0036536095
       -0.0010976024  -0.0219038275  -0.1057297482  -0.1354508539   0.0234915503
        0.1207194025   0.1782974020  -0.0005169907  -0.0019043821   0.0002278016
        0.0000084125   0.0003953225   0.0004436471   0.0017991099   0.0017446830
        0.0007553190  -0.0037129896  -0.0152317834  -0.0372477501   0.0000212114
       -0.0000585377  -0.0001260409  -0.0001551329   0.0000341150  -0.0000134711
       -0.0000346010   0.0000235415  -0.0001416915   0.0002034138  -0.0000569701
       -0.0001639532   0.0003088234  -0.0000450593  -0.0000579324  -0.0000771050
        0.0000087881  -0.0002781981   0.0001025575   0.0001075797  -0.0001038249
        0.0000072749   0.0000062813  -0.0000288147  -0.0000311349  -0.0000087754
       -0.0000066601   0.0006099488   0.0000148917  -0.0000574884  -0.0000649237
        0.0000549279  -0.0000169772   0.0001459361   0.0000491139  -0.0002540710
       -0.0003106512   0.0023114690  -0.0058501048
        0.0003356018  -0.0003277407   0.0000772287  -0.0229078690  -0.0047736445
        0.0027130641  -0.1450461460  -0.0345289688   0.0069461499  -0.0082817032
       -0.0063017509  -0.0005169907   0.4604180217  -0.0213776688   0.0130548740
       -0.0667698257  -0.0095069471  -0.0058052819  -0.0726782466   0.0001170285
        0.0280107731  -0.0061256424  -0.0063054280   0.0083494965   0.0002645990
        0.0003710291  -0.0002701201  -0.0001351460  -0.0000596986  -0.0001221360
        0.0002334340   0.0000433372  -0.0000922488  -0.0030111179   0.0021962247
       -0.0000103055   0.0010619410  -0.0009368108  -0.0002180187  -0.1279398744
        0.0878913956  -0.0607489006   0.0010911867   0.0068526674   0.0032236568
        0.0020306044   0.0156856305   0.0065577265  -0.0071114559  -0.0277266870
       -0.0123862554   0.0004533966   0.0002300058  -0.0018503135   0.0043567330
        0.0012921301  -0.0164494837  -0.0112726153  -0.0025384566   0.0294166116
        0.0010341242  -0.0002956469   0.0001204736
       -0.0003092092   0.0001461352  -0.0002999681   0.0131501121   0.0077113819
       -0.0019884606  -0.0266183245  -0.0766703653  -0.0002714436  -0.0217548004
       -0.0116669656  -0.0019043821  -0.0213776688   0.5038770910  -0.0204876174
       -0.0126005104  -0.1700740065  -0.0472905324   0.0001348868  -0.0645216178
        0.0082969116  -0.0175248404  -0.0117038478   0.0158260811   0.0000993198
       -0.0001336769   0.0003339724  -0.0000652563  -0.0000756155   0.0000460960
       -0.0000890017  -0.0001502408   0.0001339972   0.0039891922  -0.0019657850
       -0.0004535332   0.0000835136   0.0002267241  -0.0003322425   0.0879986222
       -0.1332307420   0.0620384912   0.0003732072  -0.0007394265  -0.0027220805
        0.0001757097  -0.0255724229  -0.0073883927  -0.0047585935  -0.0117880579
       -0.0047513803   0.0060589729  -0.0012147365  -0.0266521245  -0.0042085774
       -0.0025489553   0.0204588901  -0.0035432614  -0.0006630476   0.0080768128
        0.0007865075   0.0007581778  -0.0006690944
        0.0005598322  -0.0003152081  -0.0000910193  -0.0012687357  -0.0005204531
        0.0013232718   0.0033231711  -0.0029826017  -0.0584744018  -0.0150362410
       -0.0089211009   0.0002278016   0.0130548740  -0.0204876174   0.4854441231
       -0.0079971068  -0.0486788637  -0.0873295282   0.0305199849   0.0078517115
       -0.1868070587   0.0282139575   0.0246844206  -0.0191858593  -0.0000890565
        0.0004545759   0.0000142126  -0.0001836647  -0.0001410075  -0.0000465175
        0.0002033113   0.0000046703   0.0000051204  -0.0003273548   0.0005496234
        0.0003465764   0.0002594163  -0.0001063718  -0.0000124303  -0.0598367805
        0.0616468330  -0.0826971079  -0.0029999466  -0.0267001003  -0.0161217225
        0.0021707058   0.0110564227   0.0055603458  -0.0005934885  -0.0005289598
        0.0002148295   0.0033216065  -0.0027281865  -0.0167225485   0.0017005882
        0.0045652139  -0.0195258462   0.0044070188   0.0011837770  -0.0065819541
        0.0005979086   0.0001132226   0.0004597129
        0.0002561245   0.0000579001   0.0002691128   0.0005561054   0.0003592541
        0.0003020294  -0.0066164964  -0.0233508816  -0.0109952972  -0.0045228647
       -0.0034682458   0.0000084125  -0.0667698257  -0.0126005104  -0.0079971068
        0.5183478927  -0.0133869957  -0.0045208915   0.0005417499   0.0049986577
        0.0035239198  -0.0001695222  -0.0010273139   0.0004737841  -0.0003191639
       -0.0001372424  -0.0001186895  -0.0001029537  -0.0000587066  -0.0001651297
       -0.0000137940  -0.0000731234  -0.0000545932   0.0001895885  -0.0005575218
       -0.0003651575  -0.0012031023  -0.0011260117  -0.0006658385   0.0012276322
        0.0166572536   0.0065649954  -0.0600933143  -0.0017002233   0.0607574788
       -0.1142003029   0.0907422084  -0.0616285745  -0.2679887116  -0.0563081547
        0.0130037633   0.0001022725   0.0000847875   0.0017258893   0.0001593148
       -0.0004207386  -0.0002405190   0.0006104583   0.0006782377   0.0005210300
        0.0000089130   0.0006373707  -0.0003986179
       -0.0003283629  -0.0003906786  -0.0001501402   0.0005283124  -0.0001339407
       -0.0000463673  -0.0083041632  -0.0128327178  -0.0042925048  -0.0015898976
       -0.0004093233   0.0003953225  -0.0095069471  -0.1700740065  -0.0486788637
       -0.0133869957   0.4671860601  -0.0276693705   0.0004092184  -0.0032193566
       -0.0056108371  -0.0005295986   0.0001958735  -0.0005032658   0.0002937929
        0.0002112622   0.0003992526  -0.0000007483  -0.0000359632   0.0000687692
       -0.0000815564  -0.0000038864  -0.0000276102   0.0002748338  -0.0000357401
       -0.0000412271  -0.0000842606   0.0002279393  -0.0001364584  -0.0002756617
       -0.0256011000  -0.0096703514  -0.0019145796  -0.0429133074   0.0100571562
        0.0908640549  -0.1583023531   0.0797008102  -0.0564794048  -0.0562792711
        0.0046855558  -0.0000052257   0.0008527691   0.0001522430  -0.0002510763
        0.0010408124   0.0009410152   0.0000112415   0.0003499866   0.0005775174
        0.0003570245   0.0001669416  -0.0001506457
        0.0003645091   0.0003100612  -0.0004280420   0.0003219181   0.0000449380
       -0.0004628786  -0.0029061423  -0.0001474872   0.0009862417   0.0004367221
       -0.0000479589   0.0004436471  -0.0058052819  -0.0472905324  -0.0873295282
       -0.0045208915  -0.0276693705   0.5123885986  -0.0009102764  -0.0260931736
       -0.0197745348   0.0006229079   0.0004768175  -0.0000990343  -0.0003425598
       -0.0001885498  -0.0002321176  -0.0000979642  -0.0000592123   0.0000668833
       -0.0000681861  -0.0000919361   0.0000372783   0.0001229047   0.0000738617
        0.0001710642   0.0002233356  -0.0000898548   0.0006629364   0.0000619744
        0.0093262589   0.0051468007   0.0604157526   0.0093091765  -0.2642063971
       -0.0618637668   0.0800463142  -0.0982037147   0.0131952904   0.0049032072
       -0.0443946372   0.0013073605  -0.0013070669  -0.0063202674  -0.0000185505
       -0.0011145142   0.0011529403  -0.0007454985  -0.0006066572   0.0004957022
        0.0002064427   0.0002156787  -0.0001009408
        0.0001941108   0.0004779843  -0.0004449767  -0.0004783371  -0.0000589774
       -0.0003674871  -0.0090487435  -0.0029881498   0.0229829311   0.0005365976
        0.0008442969   0.0017991099  -0.0726782466   0.0001348868   0.0305199849
        0.0005417499   0.0004092184  -0.0009102764   0.5156312694  -0.0021060495
        0.0235178768  -0.0043388860  -0.0038914939   0.0045552503  -0.0012680305
        0.0000904507   0.0003739684  -0.0000330756   0.0001747753   0.0002128703
       -0.0002620056  -0.0001041047   0.0001667621  -0.0001587133   0.0000332329
        0.0000751908  -0.0001154702  -0.0000443772   0.0002063092   0.0035598320
        0.0019822517  -0.0166342612   0.0004425583  -0.0007343425  -0.0003345743
        0.0002141007  -0.0002193692   0.0004782592   0.0006185141  -0.0002214456
       -0.0008482085  -0.0470312533  -0.0246377124  -0.0125536552  -0.1215976703
        0.0921243064  -0.0673917340  -0.2645202909  -0.0612002039   0.0145836262
       -0.0002080098  -0.0000651774   0.0000130343
       -0.0008480884  -0.0003837290   0.0003678593   0.0000271341  -0.0002282658
        0.0001758225  -0.0030626875  -0.0010327150   0.0066440790  -0.0009192373
        0.0005600072   0.0017446830   0.0001170285  -0.0645216178   0.0078517115
        0.0049986577  -0.0032193566  -0.0260931736  -0.0021060495   0.5267497030
       -0.0001864672  -0.0029501625  -0.0016217394   0.0023597672   0.0007832915
       -0.0002941402  -0.0003795016   0.0001160875   0.0002651525   0.0000579760
       -0.0000553111   0.0001564228   0.0000048104  -0.0001279696   0.0000744976
       -0.0000247963  -0.0001147248   0.0000689914  -0.0000164404  -0.0027007451
       -0.0013967498   0.0202906212  -0.0003644850  -0.0045676013  -0.0041460533
       -0.0000588748   0.0012485693  -0.0010714097   0.0007387661   0.0005257792
       -0.0004885184  -0.0245513950  -0.2379424014  -0.0898053725   0.0924859091
       -0.1527886998   0.0785594956  -0.0614120250  -0.0613819279   0.0042705273
        0.0000048810  -0.0002701789  -0.0001156201
        0.0006229095  -0.0003496616  -0.0003246842  -0.0001308970  -0.0001398355
       -0.0001721616   0.0066254166   0.0028794554  -0.0084835174  -0.0011360202
       -0.0005116706   0.0007553190   0.0280107731   0.0082969116  -0.1868070587
        0.0035239198  -0.0056108371  -0.0197745348   0.0235178768  -0.0001864672
        0.4613612175   0.0013983341  -0.0000170245   0.0005892593  -0.0001892538
        0.0002473187   0.0001996652  -0.0000201146   0.0000303312   0.0001354442
        0.0002409826   0.0000901735  -0.0000212565   0.0000651424   0.0000008959
       -0.0000096342   0.0000088924   0.0000946376   0.0000781917   0.0027429591
        0.0035902505  -0.0216912886  -0.0002744397  -0.0027007152  -0.0011994649
        0.0000160292   0.0010051365   0.0011091681   0.0002872661   0.0006766603
        0.0003738519  -0.0123784247  -0.0899487209  -0.0840708192  -0.0675501036
        0.0782399529  -0.0992061390   0.0145888831   0.0043039833  -0.0428799570
        0.0000298688   0.0000092251   0.0000383991
       -0.0029283183   0.0036881727  -0.0005852857  -0.0019848915   0.0168212289
       -0.0232183881  -0.0457738032  -0.0057280444   0.0004947666   0.0010763835
        0.0018747133  -0.0037129896  -0.0061256424  -0.0175248404   0.0282139575
       -0.0001695222  -0.0005295986   0.0006229079  -0.0043388860  -0.0029501625
        0.0013983341   0.0648624196   0.0373462239   0.0240159287  -0.0000852201
        0.0003209772  -0.0002558228  -0.0001193795  -0.0000164381   0.0002549933
       -0.0003981963   0.0005664736  -0.0010521309   0.0021294797  -0.0001807781
       -0.0007275087   0.0000755201  -0.0005404079  -0.0000896208   0.0024994841
       -0.0007135364   0.0013490974  -0.0002770520   0.0003514786   0.0001671850
       -0.0000232437  -0.0003308982   0.0002183941  -0.0001106171  -0.0000412953
       -0.0000433843  -0.0000469765   0.0000230659  -0.0003554359  -0.0001389339
       -0.0001952841   0.0002919856  -0.0006535317  -0.0000694323   0.0012997593
       -0.0074690728  -0.0321716178  -0.0282867427
        0.0054807814  -0.0040230935  -0.0003925603   0.0066450156  -0.0198547751
        0.0334919419  -0.0068577692  -0.1165216940   0.0439771162   0.0003541765
        0.0102422342  -0.0152317834  -0.0063054280  -0.0117038478   0.0246844206
       -0.0010273139   0.0001958735   0.0004768175  -0.0038914939  -0.0016217394
       -0.0000170245   0.0373462239   0.3650865991   0.0892660943  -0.0000100748
       -0.0000412533   0.0000531742  -0.0000742008   0.0001127402  -0.0002864065
        0.0008559932  -0.0010262617   0.0018816615  -0.0015363268   0.0012115682
       -0.0000957809  -0.0008207107   0.0007624613   0.0000513849   0.0015208435
        0.0006760559  -0.0003868489   0.0002059143  -0.0000684733  -0.0000178504
        0.0001298570   0.0000310337   0.0001270334  -0.0003958020  -0.0002721688
       -0.0001824392   0.0001655272   0.0001339676  -0.0001952871   0.0000130215
       -0.0000188172  -0.0000695557  -0.0007363655  -0.0001261824   0.0013668686
       -0.0310618685  -0.2231742273  -0.1785009763
       -0.0038168222   0.0030583840   0.0015981580  -0.0049329931   0.0159453526
       -0.0172548654   0.0033255189   0.0719943749  -0.1588094938  -0.0009289670
        0.0096807916  -0.0372477501   0.0083494965   0.0158260811  -0.0191858593
        0.0004737841  -0.0005032658  -0.0000990343   0.0045552503   0.0023597672
        0.0005892593   0.0240159287   0.0892660943   0.4722518385   0.0000986447
       -0.0000961642  -0.0000336656   0.0002783725  -0.0001674768   0.0003270107
       -0.0008457514   0.0009853357  -0.0013793664   0.0003496830  -0.0011669863
        0.0001146937   0.0006629099  -0.0001469969   0.0011935866  -0.0009037938
       -0.0008309034   0.0005298539  -0.0003493007  -0.0002417630   0.0004129511
       -0.0000370853  -0.0000546375  -0.0002453025   0.0003753892   0.0003722948
        0.0002085209  -0.0003742345  -0.0000658523   0.0002068651  -0.0001673348
       -0.0002047443   0.0000689488   0.0011553611   0.0003438701  -0.0014981866
       -0.0312840560  -0.2063535558  -0.2417481626
       -0.1640378440  -0.1135594209   0.0433553928   0.0037967638   0.0021627852
        0.0007718429   0.0003236543   0.0000981116  -0.0001862253  -0.0000878878
       -0.0000196262   0.0000212114   0.0002645990   0.0000993198  -0.0000890565
       -0.0003191639   0.0002937929  -0.0003425598  -0.0012680305   0.0007832915
       -0.0001892538  -0.0000852201  -0.0000100748   0.0000986447   0.1914847304
        0.1314997313  -0.0506831887  -0.0023401644  -0.0031459226  -0.0001850532
       -0.0273902312  -0.0190995285   0.0074441225   0.0010735269   0.0003771992
       -0.0006153293   0.0002606083   0.0002327805   0.0001738930  -0.0000684884
       -0.0000395736   0.0000349362   0.0000493141  -0.0001050863   0.0001357266
       -0.0000416668  -0.0002855872  -0.0005347434  -0.0000816112  -0.0000507539
        0.0000072078   0.0001312951  -0.0001552722   0.0001010659  -0.0014353267
        0.0009261610   0.0007207061  -0.0002203099   0.0000033857  -0.0000003090
       -0.0000085469  -0.0000057124  -0.0000390309
       -0.1136205717  -0.1497589185   0.0393570283  -0.0088219138  -0.0095043848
        0.0066733769  -0.0005879381  -0.0000176179   0.0001326246  -0.0002213296
       -0.0001290776  -0.0000585377   0.0003710291  -0.0001336769   0.0004545759
       -0.0001372424   0.0002112622  -0.0001885498   0.0000904507  -0.0002941402
        0.0002473187   0.0003209772  -0.0000412533  -0.0000961642   0.1314997313
        0.1703095339  -0.0474250645  -0.0202004916  -0.0204386972   0.0032402689
        0.0095378539   0.0087949418  -0.0032191912   0.0004609225  -0.0005737363
        0.0029517770   0.0002310449   0.0008223961  -0.0008399786  -0.0001158816
       -0.0000091355  -0.0001211326  -0.0000054577  -0.0000552911  -0.0000415367
        0.0000204645   0.0004492220   0.0000407595  -0.0000340952  -0.0000112287
        0.0000037026  -0.0000633806  -0.0000733095  -0.0000930110   0.0015911461
        0.0002384743  -0.0008180241  -0.0002316198   0.0001656996  -0.0001606025
       -0.0000836980   0.0000489376  -0.0000396395
        0.0431590676   0.0388442246  -0.0574842072   0.0193633970   0.0198109687
       -0.0110818492   0.0004311327  -0.0001194360   0.0003340530  -0.0000117126
       -0.0000554637  -0.0001260409  -0.0002701201   0.0003339724   0.0000142126
       -0.0001186895   0.0003992526  -0.0002321176   0.0003739684  -0.0003795016
        0.0001996652  -0.0002558228   0.0000531742  -0.0000336656  -0.0506831887
       -0.0474250645   0.0686613520  -0.0154591399  -0.0153444231   0.0045274684
        0.0030112884   0.0011886629   0.0003068269  -0.0004624007   0.0034388058
       -0.0059238222   0.0007061274   0.0003334051   0.0008397090   0.0001250673
       -0.0000828430  -0.0000978691   0.0000813157  -0.0000724944  -0.0000390081
       -0.0007238639  -0.0006388576  -0.0003992003   0.0001602917  -0.0001509814
        0.0000953391  -0.0000359260  -0.0000506395  -0.0000787298   0.0005825924
       -0.0001708476   0.0005349522  -0.0000166619   0.0000602608  -0.0000479488
        0.0000432777   0.0000278254   0.0000308805
       -0.0447224350  -0.0069670691  -0.0047186691  -0.0001778174  -0.0035391850
       -0.0051895092   0.0004758953  -0.0008304697  -0.0009363385   0.0000223177
        0.0004223935  -0.0001551329  -0.0001351460  -0.0000652563  -0.0001836647
       -0.0001029537  -0.0000007483  -0.0000979642  -0.0000330756   0.0001160875
       -0.0000201146  -0.0001193795  -0.0000742008   0.0002783725  -0.0023401644
       -0.0202004916  -0.0154591399   0.0484715315   0.0071424385   0.0071695534
       -0.0013718976   0.0235765713   0.0199810673  -0.0000088376   0.0001555223
        0.0004988551   0.0003858014   0.0004296223  -0.0016211132   0.0000195896
       -0.0000106495   0.0000664394  -0.0000126729   0.0000531970   0.0000688006
        0.0001515089   0.0000076988   0.0001107870   0.0000060561   0.0000410872
        0.0000008726  -0.0001756801   0.0002595878   0.0000542229  -0.0005277699
       -0.0005455829  -0.0000408169   0.0001696759  -0.0000362246   0.0001028280
        0.0000254533   0.0000656717   0.0000906646
       -0.0071993055  -0.1726891281  -0.1196768108   0.0002815232   0.0079218687
        0.0054395870  -0.0000655619   0.0009626751   0.0011112898  -0.0000428099
       -0.0000033886   0.0000341150  -0.0000596986  -0.0000756155  -0.0001410075
       -0.0000587066  -0.0000359632  -0.0000592123   0.0001747753   0.0002651525
        0.0000303312  -0.0000164381   0.0001127402  -0.0001674768  -0.0031459226
       -0.0204386972  -0.0153444231   0.0071424385   0.1983418639   0.1385836988
        0.0020649236  -0.0144534212  -0.0121537948   0.0002113532   0.0003135538
        0.0001169945   0.0007441126   0.0002297503   0.0020740868  -0.0000057665
        0.0000028459   0.0000560314  -0.0000075643   0.0000138866   0.0000231538
        0.0001677655  -0.0000269620   0.0000491050  -0.0000261704   0.0000023973
       -0.0000235006   0.0000319672   0.0000646247   0.0000168365  -0.0004047240
       -0.0002863830  -0.0000673721   0.0001401766  -0.0001432304   0.0000866424
        0.0000736327  -0.0000785698   0.0000117259
       -0.0049618993  -0.1199512685  -0.1532805402  -0.0032487181  -0.0189813789
       -0.0254050227   0.0005427657  -0.0010924119   0.0006352496  -0.0004404166
        0.0008202727  -0.0000134711  -0.0001221360   0.0000460960  -0.0000465175
       -0.0001651297   0.0000687692   0.0000668833   0.0002128703   0.0000579760
        0.0001354442   0.0002549933  -0.0002864065   0.0003270107  -0.0001850532
        0.0032402689   0.0045274684   0.0071695534   0.1385836988   0.1809437604
        0.0015154006  -0.0043380039  -0.0020300906   0.0001532235  -0.0004263001
        0.0002949951  -0.0009063239   0.0023064516  -0.0065186450   0.0000734855
       -0.0000170082  -0.0000468700   0.0001112918  -0.0000484628   0.0000660242
        0.0000075894  -0.0000042310  -0.0001762810   0.0000000685   0.0000120569
        0.0000580485  -0.0000637310   0.0000539528   0.0000612207  -0.0001415292
       -0.0001329637   0.0001591964   0.0001198245  -0.0000145678   0.0000121053
        0.0000738706   0.0001034604   0.0002300311
       -0.2319892100   0.0982045637   0.0070109376  -0.0074771781   0.0054562997
       -0.0023228838   0.0010991436  -0.0004520742  -0.0012785820   0.0000406338
       -0.0002219173  -0.0000346010   0.0002334340  -0.0000890017   0.0002033113
       -0.0000137940  -0.0000815564  -0.0000681861  -0.0002620056  -0.0000553111
        0.0002409826  -0.0003981963   0.0008559932  -0.0008457514  -0.0273902312
        0.0095378539   0.0030112884  -0.0013718976   0.0020649236   0.0015154006
        0.2669961260  -0.1151773594  -0.0075871007   0.0010787170  -0.0002778918
        0.0005188584  -0.0001811636  -0.0002031741  -0.0000683970   0.0000120703
       -0.0000109110  -0.0000295993  -0.0000040846   0.0000549785  -0.0000368558
       -0.0001580332   0.0001649699   0.0000829596   0.0000324264   0.0000047329
        0.0000186411   0.0000059347  -0.0000340318  -0.0000939058  -0.0001188918
        0.0001882078  -0.0002513100  -0.0000836964   0.0000794805  -0.0000717597
       -0.0000501034  -0.0000087750   0.0000865531
        0.0978066214  -0.0956344875  -0.0047545569   0.0118961721  -0.0073532517
        0.0027685572   0.0002487993   0.0001300777   0.0023709793  -0.0001347946
        0.0002167668   0.0000235415   0.0000433372  -0.0001502408   0.0000046703
       -0.0000731234  -0.0000038864  -0.0000919361  -0.0001041047   0.0001564228
        0.0000901735   0.0005664736  -0.0010262617   0.0009853357  -0.0190995285
        0.0087949418   0.0011886629   0.0235765713  -0.0144534212  -0.0043380039
       -0.1151773594   0.1092485836   0.0021968306   0.0004915292  -0.0002017555
       -0.0001368239  -0.0001775470   0.0002131157  -0.0002228889   0.0000216147
       -0.0000132633  -0.0000050841  -0.0000364057   0.0000047414   0.0000043255
        0.0000513568   0.0000592764   0.0000822853  -0.0000077560   0.0000327268
       -0.0000197258  -0.0001094855   0.0000724929  -0.0000206235   0.0001673646
       -0.0001922926  -0.0000729090  -0.0000055656   0.0000665083  -0.0000176958
        0.0000558303   0.0000332064  -0.0000351138
        0.0072112623  -0.0048630837  -0.0417181062  -0.0248459378   0.0154353037
       -0.0031614432  -0.0003780591   0.0005408956  -0.0036735035   0.0001088975
        0.0000501239  -0.0001416915  -0.0000922488   0.0001339972   0.0000051204
       -0.0000545932  -0.0000276102   0.0000372783   0.0001667621   0.0000048104
       -0.0000212565  -0.0010521309   0.0018816615  -0.0013793664   0.0074441225
       -0.0032191912   0.0003068269   0.0199810673  -0.0121537948  -0.0020300906
       -0.0075871007   0.0021968306   0.0505386662  -0.0006174401   0.0000948742
        0.0008509203  -0.0002223627   0.0000146163   0.0001746627  -0.0000357923
       -0.0000145007  -0.0000024435   0.0000228935   0.0000311103   0.0000270967
       -0.0000246634  -0.0000294925  -0.0000434641   0.0000206328   0.0000050721
        0.0000058414  -0.0000289428   0.0000563626  -0.0000050354  -0.0000701744
       -0.0001356691   0.0000768346   0.0000585429  -0.0000411427   0.0000656278
       -0.0000047349   0.0000388266   0.0000875255
        0.0027725923   0.0009449578  -0.0003766510  -0.1880222720  -0.0965458772
        0.0518914055  -0.0288066439  -0.0094228177   0.0071322981   0.0003847250
       -0.0005749800   0.0002034138  -0.0030111179   0.0039891922  -0.0003273548
        0.0001895885   0.0002748338   0.0001229047  -0.0001587133  -0.0001279696
        0.0000651424   0.0021294797  -0.0015363268   0.0003496830   0.0010735269
        0.0004609225  -0.0004624007  -0.0000088376   0.0002113532   0.0001532235
        0.0010787170   0.0004915292  -0.0006174401   0.2212989222   0.1088538895
       -0.0588092664  -0.0068377784  -0.0072250831   0.0008647551  -0.0015022172
       -0.0002617663   0.0000232020   0.0000007247  -0.0000148747   0.0000616983
        0.0000510832   0.0001837035  -0.0000667748   0.0000889965   0.0000881597
        0.0000212937   0.0000055325   0.0000206953  -0.0000349951  -0.0000241380
        0.0000651041  -0.0001373278  -0.0000188015  -0.0000193730   0.0001158932
       -0.0006833688   0.0001447276  -0.0001727026
       -0.0090400543  -0.0080805971   0.0078923947  -0.0968462243  -0.1069013541
        0.0312453577   0.0163162642   0.0069612362  -0.0041673346   0.0003124014
        0.0006032712  -0.0000569701   0.0021962247  -0.0019657850   0.0005496234
       -0.0005575218  -0.0000357401   0.0000738617   0.0000332329   0.0000744976
        0.0000008959  -0.0001807781   0.0012115682  -0.0011669863   0.0003771992
       -0.0005737363   0.0034388058   0.0001555223   0.0003135538  -0.0004263001
       -0.0002778918  -0.0002017555   0.0000948742   0.1088538895   0.1249716959
       -0.0413924973  -0.0222517812  -0.0165584013   0.0039839149   0.0008827891
        0.0001538996  -0.0000364348   0.0000814373  -0.0000823380   0.0001576717
        0.0000247204   0.0001363471  -0.0001442348  -0.0000363304   0.0001006608
        0.0000031104  -0.0000132057   0.0000344480   0.0000273324   0.0000368743
       -0.0000528353  -0.0000446504   0.0000236898   0.0000190509  -0.0000523876
       -0.0000904576  -0.0001276865   0.0000199532
        0.0208910842   0.0185737609  -0.0133752143   0.0523773808   0.0315442423
       -0.0612066336   0.0024758581   0.0011288783   0.0001093565   0.0004581393
        0.0000055366  -0.0001639532  -0.0000103055  -0.0004535332   0.0003465764
       -0.0003651575  -0.0000412271   0.0001710642   0.0000751908  -0.0000247963
       -0.0000096342  -0.0007275087  -0.0000957809   0.0001146937  -0.0006153293
        0.0029517770  -0.0059238222   0.0004988551   0.0001169945   0.0002949951
        0.0005188584  -0.0001368239   0.0008509203  -0.0588092664  -0.0413924973
        0.0741053824  -0.0161935713  -0.0123071750   0.0049928343   0.0002287286
        0.0000195446   0.0000248433   0.0000718586  -0.0000686767   0.0001028585
        0.0000078956   0.0001100345  -0.0002326627  -0.0000567042   0.0000996049
       -0.0000151993   0.0000014959   0.0000077574  -0.0000070364  -0.0000770669
        0.0000322814  -0.0000195826   0.0000071164  -0.0000080683  -0.0000029150
       -0.0007575520  -0.0000618338  -0.0001568714
       -0.0001874344  -0.0033410974  -0.0049353724  -0.0492634316  -0.0270608282
       -0.0230413768   0.0024278440   0.0188873513   0.0153389185  -0.0032256908
        0.0041930596   0.0003088234   0.0010619410   0.0000835136   0.0002594163
       -0.0012031023  -0.0000842606   0.0002233356  -0.0001154702  -0.0001147248
        0.0000088924   0.0000755201  -0.0008207107   0.0006629099   0.0002606083
        0.0002310449   0.0007061274   0.0003858014   0.0007441126  -0.0009063239
       -0.0001811636  -0.0001775470  -0.0002223627  -0.0068377784  -0.0222517812
       -0.0161935713   0.0581814008   0.0309291344   0.0283053154   0.0002795846
       -0.0000905073  -0.0000216371  -0.0010690050   0.0000472329  -0.0008886672
       -0.0012203769  -0.0009838000   0.0009151294   0.0000613010   0.0000485024
       -0.0000309797   0.0000422697  -0.0000539713  -0.0001179418   0.0000269128
        0.0000061757   0.0000116841   0.0000051956   0.0000100949  -0.0000200779
        0.0004950739  -0.0002009936  -0.0003622415
        0.0015038351   0.0074344657   0.0065540073  -0.0270749238  -0.1703229868
       -0.1125899188   0.0013080054  -0.0188541832  -0.0141617127   0.0035448795
       -0.0030354252  -0.0000450593  -0.0009368108   0.0002267241  -0.0001063718
       -0.0011260117   0.0002279393  -0.0000898548  -0.0000443772   0.0000689914
        0.0000946376  -0.0005404079   0.0007624613  -0.0001469969   0.0002327805
        0.0008223961   0.0003334051   0.0004296223   0.0002297503   0.0023064516
       -0.0002031741   0.0002131157   0.0000146163  -0.0072250831  -0.0165584013
       -0.0123071750   0.0309291344   0.1986541406   0.1285412351  -0.0002729976
       -0.0001434816  -0.0000678053   0.0000368711   0.0002319141   0.0002565925
       -0.0007920017   0.0000621794   0.0002736533  -0.0001956755   0.0000145946
        0.0001621318  -0.0000798449   0.0000093538   0.0000787610   0.0000149262
       -0.0000219389  -0.0000037156   0.0000075373   0.0000267343   0.0000563915
        0.0004837166  -0.0000483437   0.0008467271
       -0.0056955061  -0.0188308864  -0.0243001695  -0.0224984493  -0.1109846124
       -0.1395081885   0.0010810281  -0.0034998269  -0.0018316462   0.0004744265
       -0.0006847652  -0.0000579324  -0.0002180187  -0.0003322425  -0.0000124303
       -0.0006658385  -0.0001364584   0.0006629364   0.0002063092  -0.0000164404
        0.0000781917  -0.0000896208   0.0000513849   0.0011935866   0.0001738930
       -0.0008399786   0.0008397090  -0.0016211132   0.0020740868  -0.0065186450
       -0.0000683970  -0.0002228889   0.0001746627   0.0008647551   0.0039839149
        0.0049928343   0.0283053154   0.1285412351   0.1650634519  -0.0001004390
        0.0000573389  -0.0000684245  -0.0003714426  -0.0000363938   0.0000069059
        0.0006723874   0.0006091181  -0.0002658659  -0.0002460907   0.0001868136
       -0.0001449494  -0.0000695389   0.0000886250  -0.0000288994  -0.0000727734
       -0.0000681103  -0.0001841914   0.0000226848   0.0000219534  -0.0000229409
       -0.0000835713   0.0000381329  -0.0000679949
        0.0001532728   0.0000701121  -0.0000172314  -0.0045050010  -0.0031699946
        0.0004360805  -0.0280228315   0.0168194741  -0.0113018510  -0.0002214644
        0.0000818754  -0.0000771050  -0.1279398744   0.0879986222  -0.0598367805
        0.0012276322  -0.0002756617   0.0000619744   0.0035598320  -0.0027007451
        0.0027429591   0.0024994841   0.0015208435  -0.0009037938  -0.0000684884
       -0.0001158816   0.0001250673   0.0000195896  -0.0000057665   0.0000734855
        0.0000120703   0.0000216147  -0.0000357923  -0.0015022172   0.0008827891
        0.0002287286   0.0002795846  -0.0002729976  -0.0001004390   0.1523115692
       -0.0989804489   0.0663881561  -0.0001411256   0.0001594570   0.0001930449
        0.0008399970  -0.0002340043   0.0001765696   0.0006763841  -0.0008073500
        0.0001599483   0.0000076178  -0.0001931581  -0.0003052523   0.0008564129
       -0.0003638614   0.0011024883   0.0007077468  -0.0004961498   0.0005640734
       -0.0007501910   0.0000612317   0.0003256692
        0.0001010400   0.0000456957  -0.0000074788  -0.0008656690  -0.0000995933
        0.0004974447  -0.0054717971   0.0049819706  -0.0018705759   0.0000817894
       -0.0000502781   0.0000087881   0.0878913956  -0.1332307420   0.0616468330
        0.0166572536  -0.0256011000   0.0093262589   0.0019822517  -0.0013967498
        0.0035902505  -0.0007135364   0.0006760559  -0.0008309034  -0.0000395736
       -0.0000091355  -0.0000828430  -0.0000106495   0.0000028459  -0.0000170082
       -0.0000109110  -0.0000132633  -0.0000145007  -0.0002617663   0.0001538996
        0.0000195446  -0.0000905073  -0.0001434816   0.0000573389  -0.0989804489
        0.1593899497  -0.0710906335   0.0002469859   0.0005000104   0.0002401195
       -0.0003531196  -0.0064230264  -0.0027672868   0.0002383617   0.0003602999
        0.0005791425  -0.0001809318   0.0004532906  -0.0004145552  -0.0002423389
        0.0005606603   0.0010452118  -0.0001354419  -0.0001897928   0.0001486297
        0.0001576134   0.0000324841  -0.0000637767
       -0.0001259163   0.0000806050   0.0001357546   0.0006167424  -0.0000946343
        0.0001221500   0.0008595903   0.0004799123   0.0011185227  -0.0002325813
       -0.0001262017  -0.0002781981  -0.0607489006   0.0620384912  -0.0826971079
        0.0065649954  -0.0096703514   0.0051468007  -0.0166342612   0.0202906212
       -0.0216912886   0.0013490974  -0.0003868489   0.0005298539   0.0000349362
       -0.0001211326  -0.0000978691   0.0000664394   0.0000560314  -0.0000468700
       -0.0000295993  -0.0000050841  -0.0000024435   0.0000232020  -0.0000364348
        0.0000248433  -0.0000216371  -0.0000678053  -0.0000684245   0.0663881561
       -0.0710906335   0.1037007883   0.0002910486  -0.0002026734   0.0003022629
       -0.0000785194  -0.0026531465  -0.0003586504   0.0003438291   0.0003901843
        0.0003126653  -0.0004830951   0.0001786029   0.0003615824   0.0015029034
        0.0009227416  -0.0070615723  -0.0003941691   0.0002212949   0.0007936625
        0.0007077392  -0.0002035383  -0.0002464623
       -0.0000730623   0.0000613865  -0.0000787208  -0.0001916229  -0.0003992047
       -0.0004331830   0.0003281409  -0.0001605587  -0.0004048932  -0.0000132989
        0.0001111198   0.0001025575   0.0010911867   0.0003732072  -0.0029999466
       -0.0600933143  -0.0019145796   0.0604157526   0.0004425583  -0.0003644850
       -0.0002744397  -0.0002770520   0.0002059143  -0.0003493007   0.0000493141
       -0.0000054577   0.0000813157  -0.0000126729  -0.0000075643   0.0001112918
       -0.0000040846  -0.0000364057   0.0000228935   0.0000007247   0.0000814373
        0.0000718586  -0.0010690050   0.0000368711  -0.0003714426  -0.0001411256
        0.0002469859   0.0002910486   0.0681143044   0.0033590906  -0.0716461229
        0.0043643049   0.0021418682  -0.0176026815  -0.0130933848  -0.0031977818
        0.0329069765   0.0002320703  -0.0000334881  -0.0001001948  -0.0000506215
        0.0000231022   0.0000214940   0.0000893478  -0.0000490205  -0.0001258636
        0.0003072925  -0.0004724368   0.0003616005
        0.0000685800  -0.0000216431   0.0001412551  -0.0001409737   0.0000495704
        0.0001543943   0.0000394622   0.0008575305  -0.0002656441   0.0002781394
        0.0000663792   0.0001075797   0.0068526674  -0.0007394265  -0.0267001003
       -0.0017002233  -0.0429133074   0.0093091765  -0.0007343425  -0.0045676013
       -0.0027007152   0.0003514786  -0.0000684733  -0.0002417630  -0.0001050863
       -0.0000552911  -0.0000724944   0.0000531970   0.0000138866  -0.0000484628
        0.0000549785   0.0000047414   0.0000311103  -0.0000148747  -0.0000823380
       -0.0000686767   0.0000472329   0.0002319141  -0.0000363938   0.0001594570
        0.0005000104  -0.0002026734   0.0033590906   0.0496112036  -0.0092704472
       -0.0052152873  -0.0023248357   0.0229887617  -0.0028717999   0.0001558085
        0.0078692429   0.0002897966  -0.0001829845  -0.0016885664  -0.0000647341
       -0.0001343351   0.0000272872  -0.0000078125  -0.0001304781   0.0001017268
       -0.0006989457  -0.0002703304   0.0005654029
       -0.0001187277   0.0000962573   0.0001247793   0.0001371777  -0.0001523160
       -0.0000698902   0.0003975262   0.0003265160  -0.0002929440   0.0001260009
        0.0002562533  -0.0001038249   0.0032236568  -0.0027220805  -0.0161217225
        0.0607574788   0.0100571562  -0.2642063971  -0.0003345743  -0.0041460533
       -0.0011994649   0.0001671850  -0.0000178504   0.0004129511   0.0001357266
       -0.0000415367  -0.0000390081   0.0000688006   0.0000231538   0.0000660242
       -0.0000368558   0.0000043255   0.0000270967   0.0000616983   0.0001576717
        0.0001028585  -0.0008886672   0.0002565925   0.0000069059   0.0001930449
        0.0002401195   0.0003022629  -0.0716461229  -0.0092704472   0.3065976199
        0.0037228959   0.0042220278  -0.0200715399   0.0041263028   0.0013691685
       -0.0055417599   0.0002791867  -0.0003115195  -0.0012136719   0.0001346744
       -0.0000938360   0.0003914133  -0.0002418844   0.0000376258   0.0001717721
       -0.0002645232  -0.0002912282   0.0006565397
       -0.0006589252  -0.0004409187  -0.0000822023  -0.0008259202  -0.0008652100
       -0.0000247994   0.0003972426  -0.0001014894   0.0001429391  -0.0001056098
        0.0000957345   0.0000072749   0.0020306044   0.0001757097   0.0021707058
       -0.1142003029   0.0908640549  -0.0618637668   0.0002141007  -0.0000588748
        0.0000160292  -0.0000232437   0.0001298570  -0.0000370853  -0.0000416668
        0.0000204645  -0.0007238639   0.0001515089   0.0001677655   0.0000075894
       -0.0001580332   0.0000513568  -0.0000246634   0.0000510832   0.0000247204
        0.0000078956  -0.0012203769  -0.0007920017   0.0006723874   0.0008399970
       -0.0003531196  -0.0000785194   0.0043643049  -0.0052152873   0.0037228959
        0.1327217433  -0.1058223380   0.0725923669  -0.0234367877   0.0221679762
       -0.0167717891  -0.0000507491  -0.0001832093  -0.0000072140   0.0003291734
        0.0000365544   0.0003023232  -0.0003537459   0.0001250852  -0.0000968433
       -0.0000243971  -0.0000268301   0.0000683395
        0.0000378349   0.0000556775  -0.0000027182  -0.0002782050   0.0000340606
        0.0001085751   0.0007869908   0.0003452899   0.0003078660   0.0001883688
        0.0001661831   0.0000062813   0.0156856305  -0.0255724229   0.0110564227
        0.0907422084  -0.1583023531   0.0800463142  -0.0002193692   0.0012485693
        0.0010051365  -0.0003308982   0.0000310337  -0.0000546375  -0.0002855872
        0.0004492220  -0.0006388576   0.0000076988  -0.0000269620  -0.0000042310
        0.0001649699   0.0000592764  -0.0000294925   0.0001837035   0.0001363471
        0.0001100345  -0.0009838000   0.0000621794   0.0006091181  -0.0002340043
       -0.0064230264  -0.0026531465   0.0021418682  -0.0023248357   0.0042220278
       -0.1058223380   0.1852979818  -0.0915499255  -0.0017805470   0.0044836324
       -0.0021439207  -0.0000689542   0.0003010863   0.0002602168  -0.0001735313
        0.0001519227  -0.0006968054   0.0000938429  -0.0001008703  -0.0000363746
        0.0001441177  -0.0000719918   0.0000781165
       -0.0004843568  -0.0005646604   0.0001877283  -0.0001581318   0.0001756158
        0.0005031723  -0.0001064315   0.0003559406   0.0001737760   0.0000638289
       -0.0000497773  -0.0000288147   0.0065577265  -0.0073883927   0.0055603458
       -0.0616285745   0.0797008102  -0.0982037147   0.0004782592  -0.0010714097
        0.0011091681   0.0002183941   0.0001270334  -0.0002453025  -0.0005347434
        0.0000407595  -0.0003992003   0.0001107870   0.0000491050  -0.0001762810
        0.0000829596   0.0000822853  -0.0000434641  -0.0000667748  -0.0001442348
       -0.0002326627   0.0009151294   0.0002736533  -0.0002658659   0.0001765696
       -0.0027672868  -0.0003586504  -0.0176026815   0.0229887617  -0.0200715399
        0.0725923669  -0.0915499255   0.1119937396  -0.0002999637  -0.0003625386
        0.0008290328  -0.0000298713   0.0000923081  -0.0000560215  -0.0001055006
       -0.0001634334  -0.0002223356   0.0000138335   0.0000479353  -0.0000718691
       -0.0001928249   0.0001274509   0.0000187596
       -0.0000267487  -0.0000775903  -0.0000394289  -0.0000817902  -0.0001522158
        0.0000101836   0.0006571909  -0.0010765476  -0.0010034892  -0.0003651277
       -0.0002243249  -0.0000311349  -0.0071114559  -0.0047585935  -0.0005934885
       -0.2679887116  -0.0564794048   0.0131952904   0.0006185141   0.0007387661
        0.0002872661  -0.0001106171  -0.0003958020   0.0003753892  -0.0000816112
       -0.0000340952   0.0001602917   0.0000060561  -0.0000261704   0.0000000685
        0.0000324264  -0.0000077560   0.0000206328   0.0000889965  -0.0000363304
       -0.0000567042   0.0000613010  -0.0001956755  -0.0002460907   0.0006763841
        0.0002383617   0.0003438291  -0.0130933848  -0.0028717999   0.0041263028
       -0.0234367877  -0.0017805470  -0.0002999637   0.3100195325   0.0668396933
       -0.0158559431   0.0000333029   0.0001754688   0.0001126076  -0.0003101569
       -0.0000090923  -0.0000812523   0.0003911108  -0.0000807140  -0.0002088553
        0.0000215766   0.0002143698  -0.0002155109
        0.0000605716   0.0001061279   0.0000370922   0.0005033434  -0.0000733528
       -0.0001776012  -0.0004875440  -0.0043840699  -0.0035934141  -0.0013908818
       -0.0009246997  -0.0000087754  -0.0277266870  -0.0117880579  -0.0005289598
       -0.0563081547  -0.0562792711   0.0049032072  -0.0002214456   0.0005257792
        0.0006766603  -0.0000412953  -0.0002721688   0.0003722948  -0.0000507539
       -0.0000112287  -0.0001509814   0.0000410872   0.0000023973   0.0000120569
        0.0000047329   0.0000327268   0.0000050721   0.0000881597   0.0001006608
        0.0000996049   0.0000485024   0.0000145946   0.0001868136  -0.0008073500
        0.0003602999   0.0003901843  -0.0031977818   0.0001558085   0.0013691685
        0.0221679762   0.0044836324  -0.0003625386   0.0668396933   0.0677871252
       -0.0029470839   0.0000289184   0.0000480726   0.0002106779   0.0001156699
       -0.0000858080  -0.0000171950   0.0002305274   0.0000050078  -0.0004850220
        0.0001027118   0.0001964239   0.0000087385
       -0.0000611218   0.0000123192   0.0000611798   0.0002297051  -0.0000980516
       -0.0000083590  -0.0000433583  -0.0019552929  -0.0010399086  -0.0005988200
       -0.0003699865  -0.0000066601  -0.0123862554  -0.0047513803   0.0002148295
        0.0130037633   0.0046855558  -0.0443946372  -0.0008482085  -0.0004885184
        0.0003738519  -0.0000433843  -0.0001824392   0.0002085209   0.0000072078
        0.0000037026   0.0000953391   0.0000008726  -0.0000235006   0.0000580485
        0.0000186411  -0.0000197258   0.0000058414   0.0000212937   0.0000031104
       -0.0000151993  -0.0000309797   0.0001621318  -0.0001449494   0.0001599483
        0.0005791425   0.0003126653   0.0329069765   0.0078692429  -0.0055417599
       -0.0167717891  -0.0021439207   0.0008290328  -0.0158559431  -0.0029470839
        0.0495204264   0.0000948958   0.0001541897   0.0000144992  -0.0000802882
        0.0000500301  -0.0001088511   0.0003279368  -0.0004328203  -0.0005200929
       -0.0000510927  -0.0001067050   0.0000861828
       -0.0001071553   0.0001435206   0.0000920746  -0.0001193782  -0.0000455723
        0.0000271260   0.0004552321   0.0010342785   0.0012595169  -0.0007113496
       -0.0004638947   0.0006099488   0.0004533966   0.0060589729   0.0033216065
        0.0001022725  -0.0000052257   0.0013073605  -0.0470312533  -0.0245513950
       -0.0123784247  -0.0000469765   0.0001655272  -0.0003742345   0.0001312951
       -0.0000633806  -0.0000359260  -0.0001756801   0.0000319672  -0.0000637310
        0.0000059347  -0.0001094855  -0.0000289428   0.0000055325  -0.0000132057
        0.0000014959   0.0000422697  -0.0000798449  -0.0000695389   0.0000076178
       -0.0001809318  -0.0004830951   0.0002320703   0.0002897966   0.0002791867
       -0.0000507491  -0.0000689542  -0.0000298713   0.0000333029   0.0000289184
        0.0000948958   0.0521991021   0.0299703006   0.0129731419   0.0018131033
        0.0187129803   0.0065941467  -0.0072403057  -0.0308117908  -0.0130419976
        0.0000017178  -0.0000425810  -0.0000547382
        0.0000603635  -0.0000739982   0.0000074605   0.0000730380  -0.0000232863
       -0.0000317781  -0.0003237250   0.0001705264   0.0008554732   0.0002110936
        0.0004511544   0.0000148917   0.0002300058  -0.0012147365  -0.0027281865
        0.0000847875   0.0008527691  -0.0013070669  -0.0246377124  -0.2379424014
       -0.0899487209   0.0000230659   0.0001339676  -0.0000658523  -0.0001552722
       -0.0000733095  -0.0000506395   0.0002595878   0.0000646247   0.0000539528
       -0.0000340318   0.0000724929   0.0000563626   0.0000206953   0.0000344480
        0.0000077574  -0.0000539713   0.0000093538   0.0000886250  -0.0001931581
        0.0004532906   0.0001786029  -0.0000334881  -0.0001829845  -0.0003115195
       -0.0001832093   0.0003010863   0.0000923081   0.0001754688   0.0000480726
        0.0001541897   0.0299703006   0.2745641652   0.1055914251  -0.0011711839
       -0.0260157186  -0.0081567227  -0.0042798961  -0.0116949657  -0.0046688619
       -0.0000427586   0.0000654493   0.0001682993
       -0.0001258358   0.0001260583   0.0001536222   0.0000321775   0.0000906377
        0.0001403084  -0.0007386210  -0.0009578928   0.0001315134   0.0009611179
        0.0004629480  -0.0000574884  -0.0018503135  -0.0266521245  -0.0167225485
        0.0017258893   0.0001522430  -0.0063202674  -0.0125536552  -0.0898053725
       -0.0840708192  -0.0003554359  -0.0001952871   0.0002068651   0.0001010659
       -0.0000930110  -0.0000787298   0.0000542229   0.0000168365   0.0000612207
       -0.0000939058  -0.0000206235  -0.0000050354  -0.0000349951   0.0000273324
       -0.0000070364  -0.0001179418   0.0000787610  -0.0000288994  -0.0003052523
       -0.0004145552   0.0003615824  -0.0001001948  -0.0016885664  -0.0012136719
       -0.0000072140   0.0002602168  -0.0000560215   0.0001126076   0.0002106779
        0.0000144992   0.0129731419   0.1055914251   0.1000896282   0.0013069442
        0.0130459778   0.0062154008  -0.0010211281  -0.0003683861   0.0009999363
        0.0000373262   0.0001327046   0.0001859409
       -0.0016769756  -0.0002178603   0.0004997490   0.0002347695   0.0000108178
        0.0001978766   0.0005838135  -0.0001809160   0.0002538269   0.0000361488
       -0.0000374430  -0.0000649237   0.0043567330  -0.0042085774   0.0017005882
        0.0001593148  -0.0002510763  -0.0000185505  -0.1215976703   0.0924859091
       -0.0675501036  -0.0001389339   0.0000130215  -0.0001673348  -0.0014353267
        0.0015911461   0.0005825924  -0.0005277699  -0.0004047240  -0.0001415292
       -0.0001188918   0.0001673646  -0.0000701744  -0.0000241380   0.0000368743
       -0.0000770669   0.0000269128   0.0000149262  -0.0000727734   0.0008564129
       -0.0002423389   0.0015029034  -0.0000506215  -0.0000647341   0.0001346744
        0.0003291734  -0.0001735313  -0.0001055006  -0.0003101569   0.0001156699
       -0.0000802882   0.0018131033  -0.0011711839   0.0013069442   0.1414196426
       -0.1093897902   0.0775026679  -0.0239406469   0.0218744496  -0.0153635304
        0.0000051069   0.0000319963   0.0000299526
        0.0010948918   0.0003563280  -0.0002819824  -0.0002718974   0.0000486815
        0.0002157278   0.0002090211   0.0001630755   0.0001867065   0.0000435578
       -0.0004336567   0.0000549279   0.0012921301  -0.0025489553   0.0045652139
       -0.0004207386   0.0010408124  -0.0011145142   0.0921243064  -0.1527886998
        0.0782399529  -0.0001952841  -0.0000188172  -0.0002047443   0.0009261610
        0.0002384743  -0.0001708476  -0.0005455829  -0.0002863830  -0.0001329637
        0.0001882078  -0.0001922926  -0.0001356691   0.0000651041  -0.0000528353
        0.0000322814   0.0000061757  -0.0000219389  -0.0000681103  -0.0003638614
        0.0005606603   0.0009227416   0.0000231022  -0.0001343351  -0.0000938360
        0.0000365544   0.0001519227  -0.0001634334  -0.0000090923  -0.0000858080
        0.0000500301   0.0187129803  -0.0260157186   0.0130459778  -0.1093897902
        0.1749630800  -0.0916216401  -0.0036127013   0.0050367435  -0.0032303558
        0.0000867555   0.0000196623  -0.0000954631
       -0.0000690832   0.0004024585   0.0001118170   0.0001611082  -0.0000519014
       -0.0002431086  -0.0006756788   0.0000154284   0.0006384111   0.0000886092
        0.0001348445  -0.0000169772  -0.0164494837   0.0204588901  -0.0195258462
       -0.0002405190   0.0009410152   0.0011529403  -0.0673917340   0.0785594956
       -0.0992061390   0.0002919856  -0.0000695557   0.0000689488   0.0007207061
       -0.0008180241   0.0005349522  -0.0000408169  -0.0000673721   0.0001591964
       -0.0002513100  -0.0000729090   0.0000768346  -0.0001373278  -0.0000446504
       -0.0000195826   0.0000116841  -0.0000037156  -0.0001841914   0.0011024883
        0.0010452118  -0.0070615723   0.0000214940   0.0000272872   0.0003914133
        0.0003023232  -0.0006968054  -0.0002223356  -0.0000812523  -0.0000171950
       -0.0001088511   0.0065941467  -0.0081567227   0.0062154008   0.0775026679
       -0.0916216401   0.1161642147  -0.0014116233  -0.0000320272   0.0009746055
       -0.0000483843   0.0000678876   0.0000998695
       -0.0002957841   0.0001961152   0.0000278662   0.0000306697  -0.0001315136
       -0.0001264531   0.0007916995   0.0002583250   0.0017255081   0.0001648411
        0.0002882875   0.0001459361  -0.0112726153  -0.0035432614   0.0044070188
        0.0006104583   0.0000112415  -0.0007454985  -0.2645202909  -0.0614120250
        0.0145888831  -0.0006535317  -0.0007363655   0.0011553611  -0.0002203099
       -0.0002316198  -0.0000166619   0.0001696759   0.0001401766   0.0001198245
       -0.0000836964  -0.0000055656   0.0000585429  -0.0000188015   0.0000236898
        0.0000071164   0.0000051956   0.0000075373   0.0000226848   0.0007077468
       -0.0001354419  -0.0003941691   0.0000893478  -0.0000078125  -0.0002418844
       -0.0003537459   0.0000938429   0.0000138335   0.0003911108   0.0002305274
        0.0003279368  -0.0072403057  -0.0042798961  -0.0010211281  -0.0239406469
       -0.0036127013  -0.0014116233   0.3056934548   0.0728264879  -0.0185682749
       -0.0000544719   0.0000199715  -0.0000748189
        0.0002767269  -0.0001380884  -0.0000518286  -0.0001302360  -0.0000024686
        0.0000905733  -0.0005423732   0.0003665370   0.0006927373   0.0001309699
        0.0001031988   0.0000491139  -0.0025384566  -0.0006630476   0.0011837770
        0.0006782377   0.0003499866  -0.0006066572  -0.0612002039  -0.0613819279
        0.0043039833  -0.0000694323  -0.0001261824   0.0003438701   0.0000033857
        0.0001656996   0.0000602608  -0.0000362246  -0.0001432304  -0.0000145678
        0.0000794805   0.0000665083  -0.0000411427  -0.0000193730   0.0000190509
       -0.0000080683   0.0000100949   0.0000267343   0.0000219534  -0.0004961498
       -0.0001897928   0.0002212949  -0.0000490205  -0.0001304781   0.0000376258
        0.0001250852  -0.0001008703   0.0000479353  -0.0000807140   0.0000050078
       -0.0004328203  -0.0308117908  -0.0116949657  -0.0003683861   0.0218744496
        0.0050367435  -0.0000320272   0.0728264879   0.0683678184  -0.0055094308
       -0.0000309435   0.0000637670   0.0000118040
       -0.0002021385   0.0000770716   0.0000775062   0.0004328716   0.0001908612
        0.0000567865   0.0007532193  -0.0008417783  -0.0043193769  -0.0001388220
        0.0000057243  -0.0002540710   0.0294166116   0.0080768128  -0.0065819541
        0.0005210300   0.0005775174   0.0004957022   0.0145836262   0.0042705273
       -0.0428799570   0.0012997593   0.0013668686  -0.0014981866  -0.0000003090
       -0.0001606025  -0.0000479488   0.0001028280   0.0000866424   0.0000121053
       -0.0000717597  -0.0000176958   0.0000656278   0.0001158932  -0.0000523876
       -0.0000029150  -0.0000200779   0.0000563915  -0.0000229409   0.0005640734
        0.0001486297   0.0007936625  -0.0001258636   0.0001017268   0.0001717721
       -0.0000968433  -0.0000363746  -0.0000718691  -0.0002088553  -0.0004850220
       -0.0005200929  -0.0130419976  -0.0046688619   0.0009999363  -0.0153635304
       -0.0032303558   0.0009746055  -0.0185682749  -0.0055094308   0.0524691701
        0.0000485595   0.0000437356   0.0000824380
       -0.0002366962   0.0000840149   0.0000249332   0.0007664593  -0.0015766073
       -0.0003139328  -0.0027508736   0.0016774898   0.0002848663   0.0012671120
        0.0000436971  -0.0003106512   0.0010341242   0.0007865075   0.0005979086
        0.0000089130   0.0003570245   0.0002064427  -0.0002080098   0.0000048810
        0.0000298688  -0.0074690728  -0.0310618685  -0.0312840560  -0.0000085469
       -0.0000836980   0.0000432777   0.0000254533   0.0000736327   0.0000738706
       -0.0000501034   0.0000558303  -0.0000047349  -0.0006833688  -0.0000904576
       -0.0007575520   0.0004950739   0.0004837166  -0.0000835713  -0.0007501910
        0.0001576134   0.0007077392   0.0003072925  -0.0006989457  -0.0002645232
       -0.0000243971   0.0001441177  -0.0001928249   0.0000215766   0.0001027118
       -0.0000510927   0.0000017178  -0.0000427586   0.0000373262   0.0000051069
        0.0000867555  -0.0000483843  -0.0000544719  -0.0000309435   0.0000485595
        0.0083029021   0.0295272862   0.0312565305
        0.0000580205  -0.0002876659   0.0000735092  -0.0002497091   0.0017378883
        0.0005018950   0.0027025691   0.0143989759   0.0112489039   0.0000762652
        0.0004152497   0.0023114690  -0.0002956469   0.0007581778   0.0001132226
        0.0006373707   0.0001669416   0.0002156787  -0.0000651774  -0.0002701789
        0.0000092251  -0.0321716178  -0.2231742273  -0.2063535558  -0.0000057124
        0.0000489376   0.0000278254   0.0000656717  -0.0000785698   0.0001034604
       -0.0000087750   0.0000332064   0.0000388266   0.0001447276  -0.0001276865
       -0.0000618338  -0.0002009936  -0.0000483437   0.0000381329   0.0000612317
        0.0000324841  -0.0002035383  -0.0004724368  -0.0002703304  -0.0002912282
       -0.0000268301  -0.0000719918   0.0001274509   0.0002143698   0.0001964239
       -0.0001067050  -0.0000425810   0.0000654493   0.0001327046   0.0000319963
        0.0000196623   0.0000678876   0.0000199715   0.0000637670   0.0000437356
        0.0295272862   0.2063918305   0.1919629337
        0.0001835797  -0.0001440180   0.0002180610   0.0000880532  -0.0003734713
        0.0011860936  -0.0030904566  -0.0165240549  -0.0316582369   0.0000704094
        0.0030381726  -0.0058501048   0.0001204736  -0.0006690944   0.0004597129
       -0.0003986179  -0.0001506457  -0.0001009408   0.0000130343  -0.0001156201
        0.0000383991  -0.0282867427  -0.1785009763  -0.2417481626  -0.0000390309
       -0.0000396395   0.0000308805   0.0000906646   0.0000117259   0.0002300311
        0.0000865531  -0.0000351138   0.0000875255  -0.0001727026   0.0000199532
       -0.0001568714  -0.0003622415   0.0008467271  -0.0000679949   0.0003256692
       -0.0000637767  -0.0002464623   0.0003616005   0.0005654029   0.0006565397
        0.0000683395   0.0000781165   0.0000187596  -0.0002155109   0.0000087385
        0.0000861828  -0.0000547382   0.0001682993   0.0001859409   0.0000299526
       -0.0000954631   0.0000998695  -0.0000748189   0.0000118040   0.0000824380
        0.0312565305   0.1919629337   0.2764483394
