$hessian                                                                        
        0.5235035700  -0.0056871576   0.0132618369  -0.0705077793  -0.0107012053
        0.0222890497   0.0003812835   0.0004012997  -0.0009840252  -0.0113596422
       -0.0073187554   0.0268307979   0.0005726812  -0.0009783759  -0.0001875514
       -0.0011720004  -0.0002531158   0.0009699732   0.0000933159   0.0000771197
        0.0003863599  -0.0472005097   0.0268082465  -0.0010124441  -0.1350016299
       -0.0615789728  -0.0984152108  -0.2593353438   0.0526316993   0.0514985095
        0.0032433367   0.0049368446  -0.0171048228   0.0001026328  -0.0000038253
        0.0004569326   0.0006106715   0.0005384045  -0.0006878851   0.0004779673
        0.0007786740  -0.0000394395   0.0003756620  -0.0006930931  -0.0000373055
       -0.0050826070   0.0010546535   0.0028365294   0.0002983913  -0.0000124406
       -0.0000613047
       -0.0056871576   0.5172510160   0.0229144997  -0.0101192998  -0.0793797345
        0.0397579757  -0.0047646430  -0.0170591969   0.0271821616   0.0007369397
        0.0017298527  -0.0041525137  -0.0003254212  -0.0007583860  -0.0007119599
       -0.0003587044   0.0009103162   0.0005400611  -0.0000852952   0.0002477567
        0.0001256225   0.0265654822  -0.2789209652   0.0030239217  -0.0613714049
       -0.0873255806  -0.0679820346   0.0525929706  -0.0565941680  -0.0134452895
        0.0012411243   0.0039620597  -0.0093351072   0.0001439894   0.0010424097
        0.0008783622  -0.0008351272   0.0007466974   0.0006662010   0.0002896952
       -0.0065300459   0.0017156697   0.0004423419   0.0006175547  -0.0006370827
        0.0015973343   0.0001408143  -0.0005582748  -0.0000628244  -0.0000804001
        0.0000177874
        0.0132618369   0.0229144997   0.4650191688   0.0212672319   0.0397680437
       -0.1768333614   0.0009394495   0.0067743726  -0.0053483144   0.0095004562
        0.0029317474  -0.0119896222  -0.0011374426   0.0000065858  -0.0000034796
        0.0007921203   0.0006724945   0.0002286466   0.0000058175  -0.0002924792
        0.0001894618  -0.0010869709   0.0034564562  -0.0424961986  -0.0993041819
       -0.0685671430  -0.1500235504   0.0521208531  -0.0135462447  -0.0548191347
        0.0024708636   0.0072260013  -0.0262334706   0.0000860820  -0.0007974653
        0.0009675888   0.0000003691  -0.0006661115   0.0003945622  -0.0000646137
        0.0004376095   0.0008520930  -0.0004799147   0.0002334361   0.0003226047
        0.0016502694  -0.0005562253  -0.0001169570  -0.0000222257   0.0000044223
       -0.0001100370
       -0.0705077793  -0.0101192998   0.0212672319   0.4832612740   0.0173733120
        0.0270192140  -0.0667304816   0.0100432625  -0.0028448425  -0.1624751693
        0.0299998332   0.0323584448  -0.0266869893   0.0020477452  -0.0010975615
        0.0021578034   0.0024451921   0.0022995859  -0.0032715510  -0.0013052668
       -0.0022665271   0.0004211882   0.0007024887  -0.0020306383   0.0037388645
        0.0060208642  -0.0174781565  -0.0092340537  -0.0089644893   0.0273862101
       -0.1325325419  -0.0582941949  -0.0923792535   0.0016939594  -0.0202434178
       -0.0002569208  -0.0059230609   0.0289756911   0.0002312336   0.0002593141
       -0.0046237364   0.0006189964  -0.0042524605   0.0034774362   0.0010986984
       -0.0090192368   0.0017184574   0.0060703293  -0.0008990794   0.0007461224
        0.0000039559
       -0.0107012053  -0.0793797345   0.0397680437   0.0173733120   0.4837896301
        0.0169928154   0.0111046440  -0.1951314290   0.0021054585   0.0267621936
       -0.0736596910  -0.0122593109  -0.0031337989   0.0028811944   0.0058938956
        0.0003656707  -0.0005173739   0.0001263974  -0.0029389194   0.0013847425
       -0.0014828648  -0.0058695437  -0.0145525640   0.0285410538   0.0025274070
        0.0042185383  -0.0103377295   0.0012461346   0.0018876048  -0.0048895889
       -0.0576336643  -0.0778424752  -0.0586841256  -0.0013863857  -0.0196421851
       -0.0032038814   0.0040749234  -0.0112094788  -0.0005421983   0.0007414008
       -0.0143122057   0.0034083730   0.0257841967  -0.0111571715  -0.0086848422
       -0.0081471458   0.0027436688   0.0035299822  -0.0001692198   0.0004989301
       -0.0002814780
        0.0222890497   0.0397579757  -0.1768333614   0.0270192140   0.0169928154
        0.4991069949  -0.0026462181   0.0013165982  -0.0654273541   0.0276216144
       -0.0121185468  -0.0722091595  -0.0126163176   0.0042096310   0.0068866156
        0.0012767162   0.0017596678   0.0005503266  -0.0054817926  -0.0001247630
       -0.0024447349   0.0006896354   0.0034975755  -0.0032053461   0.0016019951
        0.0058461182  -0.0265730155   0.0048338427   0.0025960285  -0.0097792532
       -0.0921216627  -0.0587509882  -0.1346113930   0.0010499917  -0.0202167942
       -0.0004164390   0.0016415472  -0.0073959964   0.0000062932  -0.0021593135
        0.0289206242  -0.0035889275   0.0033105975  -0.0012563472  -0.0007541896
        0.0249242445  -0.0056098166  -0.0104770474  -0.0012331438   0.0005762178
       -0.0002300090
        0.0003812835  -0.0047646430   0.0009394495  -0.0667304816   0.0111046440
       -0.0026462181   0.5271840503   0.0088466185   0.0007763160  -0.0069288961
        0.0281790927   0.0021130356   0.0007022401  -0.0010714523  -0.0014586235
       -0.0016151599   0.0017109692  -0.0002157393  -0.0001763637   0.0003479504
        0.0002793924   0.0002840986  -0.0006033673   0.0013379513   0.0002534274
        0.0005091832   0.0000044258   0.0005394301  -0.0008588490   0.0001600252
        0.0014202088  -0.0190875064  -0.0011119814  -0.1457561628  -0.0668691181
       -0.0987440816  -0.2540673543   0.0533120548   0.0590395530  -0.0515143709
       -0.0138339734   0.0388886353  -0.0047472163   0.0028642811   0.0014539601
        0.0007015772   0.0004000998  -0.0008422060   0.0000696898  -0.0001859844
        0.0000261057
        0.0004012997  -0.0170591969   0.0067743726   0.0100432625  -0.1951314290
        0.0013165982   0.0088466185   0.4550386702   0.0028915402   0.0079760866
       -0.0138991086  -0.0014249547  -0.0006244247   0.0003497933   0.0002217544
        0.0015759877  -0.0001925177   0.0006662297  -0.0000674650   0.0001283341
       -0.0001516920  -0.0004799120  -0.0005594329   0.0023428199   0.0001646248
        0.0009123259  -0.0008721422   0.0002923455   0.0004836886  -0.0007653011
       -0.0007525588  -0.0206802554  -0.0018362000  -0.0683410448  -0.0867807599
       -0.0661196367   0.0539153458  -0.0557127257  -0.0153915084  -0.0137982074
       -0.0673623172   0.0723475575   0.0016836730  -0.0001091153  -0.0003376183
       -0.0008650528   0.0006335677   0.0003283349   0.0000294214  -0.0000595212
        0.0000098459
       -0.0009840252   0.0271821616  -0.0053483144  -0.0028448425   0.0021054585
       -0.0654273541   0.0007763160   0.0028915402   0.5266777772   0.0027621567
       -0.0068729163  -0.0002089572  -0.0006930670  -0.0006152331  -0.0011528659
       -0.0005119405   0.0006738492   0.0010282028   0.0000740449   0.0001465493
        0.0002099417   0.0010691167   0.0036839753  -0.0049156777   0.0001848887
        0.0008807434   0.0012228957  -0.0007055724   0.0005375517   0.0005850971
        0.0000714610  -0.0199787494  -0.0000205606  -0.0991477606  -0.0654101247
       -0.1425579722   0.0594079872  -0.0151850968  -0.0608197152   0.0384080792
        0.0716475800  -0.2497992003   0.0018638245  -0.0006994643   0.0000343453
        0.0002221139  -0.0010031104   0.0005479333   0.0000472195   0.0000152858
       -0.0000555756
       -0.0113596422   0.0007369397   0.0095004562  -0.1624751693   0.0267621936
        0.0276216144  -0.0069288961   0.0079760866   0.0027621567   0.4657029214
       -0.0090930032  -0.0078997391  -0.1236429759  -0.0282467958  -0.0507812989
        0.0035630032  -0.0019267950  -0.0073059047  -0.0495423492   0.0044177933
       -0.0219708391   0.0003971373   0.0002813420  -0.0006192277   0.0004431174
       -0.0000927811  -0.0005032282   0.0000033501  -0.0005570672   0.0020158391
       -0.0272019202   0.0053926087   0.0040081366   0.0004130198  -0.0001862170
       -0.0001738647   0.0005357155   0.0012060714   0.0000936677   0.0005113574
       -0.0007325840  -0.0001281379  -0.0424099413   0.0085810197   0.0021292046
       -0.0453277008  -0.0176398957   0.0418811609  -0.0026810273   0.0031210839
       -0.0006299959
       -0.0073187554   0.0017298527   0.0029317474   0.0299998332  -0.0736596910
       -0.0121185468   0.0281790927  -0.0138991086  -0.0068729163  -0.0090930032
        0.5124755489  -0.0059763678  -0.0256198807  -0.0770439997  -0.0139070311
       -0.0184249790  -0.0079029192  -0.0358624881   0.0152123890   0.0062411321
        0.0063401179  -0.0008872900   0.0008747044   0.0004164025  -0.0000049255
        0.0000190768  -0.0002310183  -0.0009382946  -0.0001762260   0.0023249405
       -0.0099368923   0.0027885800   0.0016897880   0.0000958303   0.0013555868
       -0.0001285525   0.0020271810  -0.0065205808  -0.0003541548   0.0006027183
        0.0007324452  -0.0008056988   0.0094336062  -0.2739193670  -0.0219509332
       -0.0170720509  -0.0739996852   0.0867517562   0.0037454209   0.0009046505
       -0.0022470447
        0.0268307979  -0.0041525137  -0.0119896222   0.0323584448  -0.0122593109
       -0.0722091595   0.0021130356  -0.0014249547  -0.0002089572  -0.0078997391
       -0.0059763678   0.4649157168  -0.0423471274  -0.0131637463  -0.1051608297
       -0.0235936997  -0.0291449264  -0.0223780293  -0.0121433720   0.0033428184
        0.0059455154   0.0001818278  -0.0008581514   0.0006998738   0.0000675575
       -0.0005036058   0.0013627984   0.0024121189   0.0015022464  -0.0052999062
       -0.0169438126   0.0031761606   0.0038165169  -0.0000073731   0.0003034907
        0.0000175653   0.0000523420   0.0001152659   0.0004372180  -0.0007336272
        0.0003388759   0.0006080963   0.0010287483  -0.0206120053  -0.0386432203
        0.0374003149   0.0826695404  -0.2251906604   0.0012235634  -0.0033528158
        0.0032770839
        0.0005726812  -0.0003254212  -0.0011374426  -0.0266869893  -0.0031337989
       -0.0126163176   0.0007022401  -0.0006244247  -0.0006930670  -0.1236429759
       -0.0256198807  -0.0423471274   0.4560668652  -0.0446036459   0.0670201394
       -0.0753076855  -0.0154078016  -0.0196462855  -0.1979634120   0.0742701902
        0.0128362013  -0.0002631192  -0.0000491833   0.0004639036  -0.0009910749
       -0.0002778861   0.0015489441   0.0006844510  -0.0001053330  -0.0002723118
       -0.0032162196   0.0013985059   0.0014092126  -0.0004748962   0.0014041165
        0.0003677766   0.0008434488  -0.0001578037  -0.0000615308  -0.0003439170
        0.0003662174   0.0002723604   0.0019738784  -0.0018222989  -0.0043296943
        0.0050159122   0.0000363440  -0.0000372658  -0.0369691873   0.0146521039
       -0.0027774953
       -0.0009783759  -0.0007583860   0.0000065858   0.0020477452   0.0028811944
        0.0042096310  -0.0010714523   0.0003497933  -0.0006152331  -0.0282467958
       -0.0770439997  -0.0131637463  -0.0446036459   0.5531579999   0.3348022543
        0.0012361443  -0.3578411046  -0.2884648441   0.0796043931  -0.1193709434
       -0.0293429691  -0.0003717004  -0.0006897063  -0.0000081615   0.0009698669
        0.0009996558  -0.0012278513   0.0001872737   0.0000801527  -0.0000922679
        0.0016346588   0.0002958532  -0.0004045087   0.0020617455  -0.0019980839
       -0.0002133703  -0.0001622230  -0.0002335057   0.0001080781   0.0002078588
        0.0000207657   0.0001388258  -0.0216290739  -0.0146033536  -0.0213443879
        0.0077766088   0.0046986159   0.0078066817   0.0013369719   0.0100550523
        0.0078052836
       -0.0001875514  -0.0007119599  -0.0000034796  -0.0010975615   0.0058938956
        0.0068866156  -0.0014586235   0.0002217544  -0.0011528659  -0.0507812989
       -0.0139070311  -0.1051608297   0.0670201394   0.3348022543   0.5542997411
       -0.0042235533  -0.2948707617  -0.3557231054   0.0192501501  -0.0329617606
       -0.0775526468   0.0000672440   0.0000856086   0.0002128906   0.0021389113
        0.0002702609  -0.0014024007   0.0003494846   0.0002642245  -0.0004709725
        0.0034057036  -0.0005181388   0.0001672183   0.0011336949  -0.0013843132
        0.0005710514   0.0003949674  -0.0002074037   0.0000945289  -0.0001841766
        0.0003044896  -0.0003120614  -0.0005140572  -0.0036866332  -0.0036988029
       -0.0199861006  -0.0069184292  -0.0257532269  -0.0153273725   0.0133239435
        0.0089983459
       -0.0011720004  -0.0003587044   0.0007921203   0.0021578034   0.0003656707
        0.0012767162  -0.0016151599   0.0015759877  -0.0005119405   0.0035630032
       -0.0184249790  -0.0235936997  -0.0753076855   0.0012361443  -0.0042235533
        0.0887395631  -0.0318156819  -0.0045516372  -0.0097341103   0.0545942405
        0.0387718579  -0.0000266877  -0.0001979249  -0.0002880108  -0.0013819931
       -0.0003291633  -0.0005521744  -0.0002004098   0.0000606739  -0.0001989749
        0.0003305316  -0.0000977630  -0.0000233406  -0.0022701417  -0.0002782125
       -0.0010813073  -0.0004568033  -0.0002107728  -0.0001967442  -0.0001355575
       -0.0002366311  -0.0004144796  -0.0030330571  -0.0019413391  -0.0033405244
       -0.0023621508  -0.0012214062  -0.0024041396   0.0029048558  -0.0027201390
        0.0005398322
       -0.0002531158   0.0009103162   0.0006724945   0.0024451921  -0.0005173739
        0.0017596678   0.0017109692  -0.0001925177   0.0006738492  -0.0019267950
       -0.0079029192  -0.0291449264  -0.0154078016  -0.3578411046  -0.2948707617
       -0.0318156819   0.4216306442   0.3755978111   0.0533564539  -0.0520170040
       -0.0536537814   0.0000714227  -0.0000109745  -0.0001839621  -0.0007613377
       -0.0005394451   0.0006745688  -0.0002568859  -0.0001423525   0.0000009895
        0.0000181945   0.0000573204   0.0000136976   0.0002221532   0.0008789277
        0.0009946323   0.0001538343   0.0000196898  -0.0000272687  -0.0000335997
       -0.0000974519  -0.0001946978  -0.0016012594  -0.0004451866  -0.0015575373
       -0.0021819579  -0.0022304589  -0.0023966748  -0.0037397850  -0.0015601094
        0.0016418994
        0.0009699732   0.0005400611   0.0002286466   0.0022995859   0.0001263974
        0.0005503266  -0.0002157393   0.0006662297   0.0010282028  -0.0073059047
       -0.0358624881  -0.0223780293  -0.0196462855  -0.2884648441  -0.3557231054
       -0.0045516372   0.3755978111   0.3945182056   0.0363903433  -0.0522771805
       -0.0111364085   0.0000165397  -0.0001426646  -0.0002127459  -0.0003416226
        0.0001961175   0.0010312386  -0.0000310594  -0.0000740468   0.0000775902
       -0.0002647329   0.0001003329   0.0001285048  -0.0009163400   0.0009844711
       -0.0006213622  -0.0004870545  -0.0001102583  -0.0002607845   0.0000452091
       -0.0002701990  -0.0000593246  -0.0053579992  -0.0026439079  -0.0043993629
       -0.0002379263  -0.0003412619   0.0001413725  -0.0003653497   0.0019754304
       -0.0029129645
        0.0000933159  -0.0000852952   0.0000058175  -0.0032715510  -0.0029389194
       -0.0054817926  -0.0001763637  -0.0000674650   0.0000740449  -0.0495423492
        0.0152123890  -0.0121433720  -0.1979634120   0.0796043931   0.0192501501
       -0.0097341103   0.0533564539   0.0363903433   0.4878418971  -0.0628121113
        0.1263292638   0.0000369273  -0.0003702151  -0.0001581329   0.0006219339
        0.0004472053  -0.0003660270  -0.0001318063   0.0000820675   0.0000821748
       -0.0029229678   0.0000844444  -0.0000738057   0.0008565638  -0.0007037608
        0.0002573214  -0.0002713033   0.0000478358   0.0001362268   0.0001306828
       -0.0000974573  -0.0003424640  -0.0012563764   0.0001675987   0.0018093305
       -0.0024413513   0.0013189980  -0.0008878891  -0.2218697295  -0.0832461616
       -0.1648811898
        0.0000771197   0.0002477567  -0.0002924792  -0.0013052668   0.0013847425
       -0.0001247630   0.0003479504   0.0001283341   0.0001465493   0.0044177933
        0.0062411321   0.0033428184   0.0742701902  -0.1193709434  -0.0329617606
        0.0545942405  -0.0520170040  -0.0522771805  -0.0628121113   0.2235372007
        0.1550431478   0.0002098314   0.0003339096   0.0000961592  -0.0004856573
       -0.0005215380   0.0004068232   0.0000486362  -0.0000127729  -0.0000754390
        0.0005015240  -0.0000238796   0.0002353779  -0.0007924883   0.0004939065
       -0.0002372469   0.0001446999   0.0000343899  -0.0000554801  -0.0001164732
       -0.0000060534   0.0001585677   0.0010500044   0.0009698920  -0.0003344888
       -0.0001980556  -0.0001973411  -0.0006048996  -0.0699519378  -0.0612217316
       -0.0724657057
        0.0003863599   0.0001256225   0.0001894618  -0.0022665271  -0.0014828648
       -0.0024447349   0.0002793924  -0.0001516920   0.0002099417  -0.0219708391
        0.0063401179   0.0059455154   0.0128362013  -0.0293429691  -0.0775526468
        0.0387718579  -0.0536537814  -0.0111364085   0.1263292638   0.1550431478
        0.2388363229  -0.0000908620   0.0000134606  -0.0000651574  -0.0002882599
       -0.0000911880   0.0000754676   0.0000269674  -0.0000873283   0.0000061483
       -0.0010622590   0.0002672181   0.0001595633  -0.0004322361   0.0003337489
       -0.0002304357   0.0000354787   0.0000430290  -0.0000001962   0.0000559172
       -0.0000255529   0.0001093031  -0.0010132823   0.0005505275  -0.0004537381
        0.0007039548  -0.0004093343   0.0004870425  -0.1523011279  -0.0774721614
       -0.1541354491
       -0.0472005097   0.0265654822  -0.0010869709   0.0004211882  -0.0058695437
        0.0006896354   0.0002840986  -0.0004799120   0.0010691167   0.0003971373
       -0.0008872900   0.0001818278  -0.0002631192  -0.0003717004   0.0000672440
       -0.0000266877   0.0000714227   0.0000165397   0.0000369273   0.0002098314
       -0.0000908620   0.0513284327  -0.0312355308  -0.0003374297   0.0018285331
       -0.0210643137  -0.0016075476  -0.0068521366   0.0329052281   0.0008792421
       -0.0000128684   0.0003587093  -0.0003397833  -0.0000080228   0.0000889067
       -0.0000135056   0.0000236479  -0.0000726043   0.0000533406   0.0002524350
       -0.0003524404   0.0000799716  -0.0000763022   0.0001282672   0.0004678862
       -0.0000427032   0.0000659305  -0.0000535570  -0.0000900503  -0.0000604429
        0.0000248520
        0.0268082465  -0.2789209652   0.0034564562   0.0007024887  -0.0145525640
        0.0034975755  -0.0006033673  -0.0005594329   0.0036839753   0.0002813420
        0.0008747044  -0.0008581514  -0.0000491833  -0.0006897063   0.0000856086
       -0.0001979249  -0.0000109745  -0.0001426646  -0.0003702151   0.0003339096
        0.0000134606  -0.0312355308   0.3238281820  -0.0061468441   0.0002507371
       -0.0186964665  -0.0028387778   0.0041277125  -0.0117868604  -0.0010650256
        0.0002875395   0.0003275685  -0.0002298666   0.0002171459   0.0003352974
        0.0000563153  -0.0002213382   0.0002167534  -0.0000563718   0.0000215066
       -0.0010689594   0.0003895693  -0.0002684382   0.0003101121   0.0002777488
        0.0001627393   0.0000689456  -0.0002208179   0.0000865399  -0.0000095436
        0.0000978104
       -0.0010124441   0.0030239217  -0.0424961986  -0.0020306383   0.0285410538
       -0.0032053461   0.0013379513   0.0023428199  -0.0049156777  -0.0006192277
        0.0004164025   0.0006998738   0.0004639036  -0.0000081615   0.0002128906
       -0.0002880108  -0.0001839621  -0.0002127459  -0.0001581329   0.0000961592
       -0.0000651574  -0.0003374297  -0.0061468441   0.0502046323   0.0014494620
       -0.0225880699  -0.0006614817   0.0011891477  -0.0072277958   0.0006457702
       -0.0001374059   0.0003864989   0.0005517906   0.0000360110  -0.0000271311
       -0.0001420168   0.0000155161  -0.0001595325  -0.0001299226  -0.0000614578
        0.0017743713  -0.0003197391   0.0004067668  -0.0001723274  -0.0002943419
       -0.0002258606  -0.0000375153   0.0000988410  -0.0000281508  -0.0000298876
        0.0000288294
       -0.1350016299  -0.0613714049  -0.0993041819   0.0037388645   0.0025274070
        0.0016019951   0.0002534274   0.0001646248   0.0001848887   0.0004431174
       -0.0000049255   0.0000675575  -0.0009910749   0.0009698669   0.0021389113
       -0.0013819931  -0.0007613377  -0.0003416226   0.0006219339  -0.0004856573
       -0.0002882599   0.0018285331   0.0002507371   0.0014494620   0.1556268280
        0.0724268159   0.1145881683  -0.0254160851  -0.0135742509  -0.0212308000
        0.0007847316  -0.0002338357   0.0011529361   0.0003592794   0.0001581577
       -0.0000115993  -0.0003572718  -0.0000439916  -0.0001291073  -0.0000607784
       -0.0000022699   0.0001656390  -0.0001205103   0.0000279695   0.0000025610
       -0.0001118418  -0.0000778959  -0.0000526409  -0.0002155301   0.0000299904
        0.0000060932
       -0.0615789728  -0.0873255806  -0.0685671430   0.0060208642   0.0042185383
        0.0058461182   0.0005091832   0.0009123259   0.0008807434  -0.0000927811
        0.0000190768  -0.0005036058  -0.0002778861   0.0009996558   0.0002702609
       -0.0003291633  -0.0005394451   0.0001961175   0.0004472053  -0.0005215380
       -0.0000911880  -0.0210643137  -0.0186964665  -0.0225880699   0.0724268159
        0.0981113275   0.0779991635   0.0042991576   0.0033056752   0.0042122099
       -0.0000914332   0.0000531606   0.0023635905  -0.0001584674  -0.0002133855
        0.0002553649   0.0000594444  -0.0000518173  -0.0000343725  -0.0000365429
       -0.0000807444  -0.0001147540  -0.0001706521  -0.0002022040  -0.0000768476
        0.0000189521  -0.0000780119   0.0000399007   0.0000185900   0.0000894333
       -0.0000874888
       -0.0984152108  -0.0679820346  -0.1500235504  -0.0174781565  -0.0103377295
       -0.0265730155   0.0000044258  -0.0008721422   0.0012228957  -0.0005032282
       -0.0002310183   0.0013627984   0.0015489441  -0.0012278513  -0.0014024007
       -0.0005521744   0.0006745688   0.0010312386  -0.0003660270   0.0004068232
        0.0000754676  -0.0016075476  -0.0028387778  -0.0006614817   0.1145881683
        0.0779991635   0.1771844264   0.0019940853   0.0019049117   0.0042126247
        0.0008591905   0.0020349373  -0.0068322211   0.0002566649   0.0006475151
        0.0000471086  -0.0000906259   0.0000506944  -0.0000924393   0.0000304639
       -0.0002023404   0.0003287227  -0.0001374777  -0.0000128244  -0.0001591941
       -0.0001571940  -0.0000299116   0.0003026816   0.0000256994   0.0000160161
       -0.0000236615
       -0.2593353438   0.0525929706   0.0521208531  -0.0092340537   0.0012461346
        0.0048338427   0.0005394301   0.0002923455  -0.0007055724   0.0000033501
       -0.0009382946   0.0024121189   0.0006844510   0.0001872737   0.0003494846
       -0.0002004098  -0.0002568859  -0.0000310594  -0.0001318063   0.0000486362
        0.0000269674  -0.0068521366   0.0041277125   0.0011891477  -0.0254160851
        0.0042991576   0.0019940853   0.2996647215  -0.0614562644  -0.0619111881
        0.0005643073   0.0002223869  -0.0002948190  -0.0003208274  -0.0000311447
        0.0000093348   0.0004195965  -0.0003502558   0.0001647581   0.0000639902
        0.0000907179  -0.0002038327   0.0000702104  -0.0001652057  -0.0001534430
       -0.0006162167   0.0001052622   0.0002435332   0.0000968225  -0.0000145466
       -0.0000442114
        0.0526316993  -0.0565941680  -0.0135462447  -0.0089644893   0.0018876048
        0.0025960285  -0.0008588490   0.0004836886   0.0005375517  -0.0005570672
       -0.0001762260   0.0015022464  -0.0001053330   0.0000801527   0.0002642245
        0.0000606739  -0.0001423525  -0.0000740468   0.0000820675  -0.0000127729
       -0.0000873283   0.0329052281  -0.0117868604  -0.0072277958  -0.0135742509
        0.0033056752   0.0019049117  -0.0614562644   0.0631183620   0.0139826023
        0.0001348494   0.0000810298  -0.0004839735  -0.0000511858  -0.0000761803
       -0.0000480420   0.0001572522  -0.0004390971   0.0004426949   0.0000873314
       -0.0000349921  -0.0001225778  -0.0000593343   0.0000432270   0.0001405572
       -0.0004074029   0.0002514520   0.0002005491  -0.0000249251   0.0000114572
        0.0000186426
        0.0514985095  -0.0134452895  -0.0548191347   0.0273862101  -0.0048895889
       -0.0097792532   0.0001600252  -0.0007653011   0.0005850971   0.0020158391
        0.0023249405  -0.0052999062  -0.0002723118  -0.0000922679  -0.0004709725
       -0.0001989749   0.0000009895   0.0000775902   0.0000821748  -0.0000754390
        0.0000061483   0.0008792421  -0.0010650256   0.0006457702  -0.0212308000
        0.0042122099   0.0042126247  -0.0619111881   0.0139826023   0.0650523772
        0.0005331812  -0.0003946715   0.0004716561  -0.0001048240   0.0000312034
       -0.0000729555  -0.0001587526   0.0005241167  -0.0000406545  -0.0000625160
       -0.0002069897   0.0000815836  -0.0001560654   0.0001150405  -0.0000062144
        0.0015415917  -0.0002809658  -0.0007023794  -0.0000013406   0.0000244364
        0.0000586229
        0.0032433367   0.0012411243   0.0024708636  -0.1325325419  -0.0576336643
       -0.0921216627   0.0014202088  -0.0007525588   0.0000714610  -0.0272019202
       -0.0099368923  -0.0169438126  -0.0032162196   0.0016346588   0.0034057036
        0.0003305316   0.0000181945  -0.0002647329  -0.0029229678   0.0005015240
       -0.0010622590  -0.0000128684   0.0002875395  -0.0001374059   0.0007847316
       -0.0000914332   0.0008591905   0.0005643073   0.0001348494   0.0005331812
        0.1577892630   0.0647633353   0.1036491957   0.0010495960  -0.0000708296
        0.0002139088   0.0004841908   0.0004191649   0.0002937667  -0.0000534711
       -0.0001726710   0.0001818606   0.0002923055  -0.0001680448  -0.0006914425
        0.0003173868  -0.0004307279  -0.0002940020  -0.0003358692   0.0002564312
       -0.0001638140
        0.0049368446   0.0039620597   0.0072260013  -0.0582941949  -0.0778424752
       -0.0587509882  -0.0190875064  -0.0206802554  -0.0199787494   0.0053926087
        0.0027885800   0.0031761606   0.0013985059   0.0002958532  -0.0005181388
       -0.0000977630   0.0000573204   0.0001003329   0.0000844444  -0.0000238796
        0.0002672181   0.0003587093   0.0003275685   0.0003864989  -0.0002338357
        0.0000531606   0.0020349373   0.0002223869   0.0000810298  -0.0003946715
        0.0647633353   0.0968836047   0.0666611504   0.0006063398  -0.0075360189
       -0.0002323707  -0.0002783184   0.0006538983  -0.0002641032  -0.0003940851
        0.0005965008  -0.0002481342   0.0008543730   0.0004637097   0.0003928337
       -0.0004105333  -0.0000338638   0.0000314763   0.0001786890  -0.0000467930
        0.0001105464
       -0.0171048228  -0.0093351072  -0.0262334706  -0.0923792535  -0.0586841256
       -0.1346113930  -0.0011119814  -0.0018362000  -0.0000205606   0.0040081366
        0.0016897880   0.0038165169   0.0014092126  -0.0004045087   0.0001672183
       -0.0000233406   0.0000136976   0.0001285048  -0.0000738057   0.0002353779
        0.0001595633  -0.0003397833  -0.0002298666   0.0005517906   0.0011529361
        0.0023635905  -0.0068322211  -0.0002948190  -0.0004839735   0.0004716561
        0.1036491957   0.0666611504   0.1606231880   0.0001579263  -0.0005689281
        0.0006988775   0.0001454949  -0.0001527258  -0.0001573529   0.0002707875
        0.0004847041   0.0005226451  -0.0000633625   0.0002347541   0.0002265128
        0.0003465378   0.0000330718   0.0003975613   0.0002509413  -0.0000206988
        0.0000909637
        0.0001026328   0.0001439894   0.0000860820   0.0016939594  -0.0013863857
        0.0010499917  -0.1457561628  -0.0683410448  -0.0991477606   0.0004130198
        0.0000958303  -0.0000073731  -0.0004748962   0.0020617455   0.0011336949
       -0.0022701417   0.0002221532  -0.0009163400   0.0008565638  -0.0007924883
       -0.0004322361  -0.0000080228   0.0002171459   0.0000360110   0.0003592794
       -0.0001584674   0.0002566649  -0.0003208274  -0.0000511858  -0.0001048240
        0.0010495960   0.0006063398   0.0001579263   0.1673623704   0.0778948890
        0.1158215316  -0.0258728883  -0.0125600220  -0.0201497328   0.0032980284
        0.0019845606   0.0022745505  -0.0001530044   0.0000215258  -0.0000589999
       -0.0000752337  -0.0000282236   0.0000388579  -0.0002042726   0.0000696381
       -0.0000380444
       -0.0000038253   0.0010424097  -0.0007974653  -0.0202434178  -0.0196421851
       -0.0202167942  -0.0668691181  -0.0867807599  -0.0654101247  -0.0001862170
        0.0013555868   0.0003034907   0.0014041165  -0.0019980839  -0.0013843132
       -0.0002782125   0.0008789277   0.0009844711  -0.0007037608   0.0004939065
        0.0003337489   0.0000889067   0.0003352974  -0.0000271311   0.0001581577
       -0.0002133855   0.0006475151  -0.0000311447  -0.0000761803   0.0000312034
       -0.0000708296  -0.0075360189  -0.0005689281   0.0778948890   0.1038137662
        0.0768799974   0.0034987735   0.0035491749   0.0037472580   0.0054439335
        0.0045641022   0.0055037027  -0.0001280572   0.0003245051   0.0000723958
       -0.0000072266  -0.0001037686  -0.0000914007   0.0000330327  -0.0000072942
       -0.0000076258
        0.0004569326   0.0008783622   0.0009675888  -0.0002569208  -0.0032038814
       -0.0004164390  -0.0987440816  -0.0661196367  -0.1425579722  -0.0001738647
       -0.0001285525   0.0000175653   0.0003677766  -0.0002133703   0.0005710514
       -0.0010813073   0.0009946323  -0.0006213622   0.0002573214  -0.0002372469
       -0.0002304357  -0.0000135056   0.0000563153  -0.0001420168  -0.0000115993
        0.0002553649   0.0000471086   0.0000093348  -0.0000480420  -0.0000729555
        0.0002139088  -0.0002323707   0.0006988775   0.1158215316   0.0768799974
        0.1623466910   0.0043237925   0.0030108956   0.0049354451  -0.0208620088
       -0.0119683390  -0.0251486285  -0.0000714531   0.0001888867  -0.0000750194
       -0.0001406167  -0.0000846062  -0.0003486208  -0.0000952404  -0.0000284088
        0.0000291224
        0.0006106715  -0.0008351272   0.0000003691  -0.0059230609   0.0040749234
        0.0016415472  -0.2540673543   0.0539153458   0.0594079872   0.0005357155
        0.0020271810   0.0000523420   0.0008434488  -0.0001622230   0.0003949674
       -0.0004568033   0.0001538343  -0.0004870545  -0.0002713033   0.0001446999
        0.0000354787   0.0000236479  -0.0002213382   0.0000155161  -0.0003572718
        0.0000594444  -0.0000906259   0.0004195965   0.0001572522  -0.0001587526
        0.0004841908  -0.0002783184   0.0001454949  -0.0258728883   0.0034987735
        0.0043237925   0.2932033963  -0.0635602633  -0.0698266689  -0.0089041076
        0.0009735766   0.0047575034  -0.0004459883   0.0002082910   0.0000496148
        0.0001284064  -0.0000853910  -0.0002780644   0.0000497042  -0.0000706611
        0.0000165527
        0.0005384045   0.0007466974  -0.0006661115   0.0289756911  -0.0112094788
       -0.0073959964   0.0533120548  -0.0557127257  -0.0151850968   0.0012060714
       -0.0065205808   0.0001152659  -0.0001578037  -0.0002335057  -0.0002074037
       -0.0002107728   0.0000196898  -0.0001102583   0.0000478358   0.0000343899
        0.0000430290  -0.0000726043   0.0002167534  -0.0001595325  -0.0000439916
       -0.0000518173   0.0000506944  -0.0003502558  -0.0004390971   0.0005241167
        0.0004191649   0.0006538983  -0.0001527258  -0.0125600220   0.0035491749
        0.0030108956  -0.0635602633   0.0668888351   0.0175386472  -0.0089338443
        0.0028310069   0.0029068039   0.0015753966  -0.0007709046  -0.0004911885
       -0.0002379927  -0.0000582812   0.0001238933   0.0000529315   0.0000559456
        0.0000549675
       -0.0006878851   0.0006662010   0.0003945622   0.0002312336  -0.0005421983
        0.0000062932   0.0590395530  -0.0153915084  -0.0608197152   0.0000936677
       -0.0003541548   0.0004372180  -0.0000615308   0.0001080781   0.0000945289
       -0.0001967442  -0.0000272687  -0.0002607845   0.0001362268  -0.0000554801
       -0.0000001962   0.0000533406  -0.0000563718  -0.0001299226  -0.0001291073
       -0.0000343725  -0.0000924393   0.0001647581   0.0004426949  -0.0000406545
        0.0002937667  -0.0002641032  -0.0001573529  -0.0201497328   0.0037472580
        0.0049354451  -0.0698266689   0.0175386472   0.0673308907   0.0311308257
       -0.0057721169  -0.0119546457   0.0000083195  -0.0000784295   0.0001504321
       -0.0000821025   0.0000457194   0.0001041472  -0.0000179202   0.0000274056
        0.0000021935
        0.0004779673   0.0002896952  -0.0000646137   0.0002593141   0.0007414008
       -0.0021593135  -0.0515143709  -0.0137982074   0.0384080792   0.0005113574
        0.0006027183  -0.0007336272  -0.0003439170   0.0002078588  -0.0001841766
       -0.0001355575  -0.0000335997   0.0000452091   0.0001306828  -0.0001164732
        0.0000559172   0.0002524350   0.0000215066  -0.0000614578  -0.0000607784
       -0.0000365429   0.0000304639   0.0000639902   0.0000873314  -0.0000625160
       -0.0000534711  -0.0003940851   0.0002707875   0.0032980284   0.0054439335
       -0.0208620088  -0.0089041076  -0.0089338443   0.0311308257   0.0562942808
        0.0154624572  -0.0460849589  -0.0000679801  -0.0000514299   0.0000526940
       -0.0001638579   0.0004717489   0.0002704172  -0.0000440156   0.0000355318
       -0.0000517212
        0.0007786740  -0.0065300459   0.0004376095  -0.0046237364  -0.0143122057
        0.0289206242  -0.0138339734  -0.0673623172   0.0716475800  -0.0007325840
        0.0007324452   0.0003388759   0.0003662174   0.0000207657   0.0003044896
       -0.0002366311  -0.0000974519  -0.0002701990  -0.0000974573  -0.0000060534
       -0.0000255529  -0.0003524404  -0.0010689594   0.0017743713  -0.0000022699
       -0.0000807444  -0.0002023404   0.0000907179  -0.0000349921  -0.0002069897
       -0.0001726710   0.0005965008   0.0004847041   0.0019845606   0.0045641022
       -0.0119683390   0.0009735766   0.0028310069  -0.0057721169   0.0154624572
        0.0808348332  -0.0851119369  -0.0002279771   0.0001835273   0.0000106839
        0.0006563038  -0.0002785789  -0.0003604950  -0.0000327672   0.0000081675
       -0.0000009686
       -0.0000394395   0.0017156697   0.0008520930   0.0006189964   0.0034083730
       -0.0035889275   0.0388886353   0.0723475575  -0.2497992003  -0.0001281379
       -0.0008056988   0.0006080963   0.0002723604   0.0001388258  -0.0003120614
       -0.0004144796  -0.0001946978  -0.0000593246  -0.0003424640   0.0001585677
        0.0001093031   0.0000799716   0.0003895693  -0.0003197391   0.0001656390
       -0.0001147540   0.0003287227  -0.0002038327  -0.0001225778   0.0000815836
        0.0001818606  -0.0002481342   0.0005226451   0.0022745505   0.0055037027
       -0.0251486285   0.0047575034   0.0029068039  -0.0119546457  -0.0460849589
       -0.0851119369   0.2883180436   0.0000604837  -0.0001846077   0.0000204146
       -0.0001991376   0.0001766968   0.0003345149   0.0001124493   0.0000366408
        0.0000071103
        0.0003756620   0.0004423419  -0.0004799147  -0.0042524605   0.0257841967
        0.0033105975  -0.0047472163   0.0016836730   0.0018638245  -0.0424099413
        0.0094336062   0.0010287483   0.0019738784  -0.0216290739  -0.0005140572
       -0.0030330571  -0.0016012594  -0.0053579992  -0.0012563764   0.0010500044
       -0.0010132823  -0.0000763022  -0.0002684382   0.0004067668  -0.0001205103
       -0.0001706521  -0.0001374777   0.0000702104  -0.0000593343  -0.0001560654
        0.0002923055   0.0008543730  -0.0000633625  -0.0001530044  -0.0001280572
       -0.0000714531  -0.0004459883   0.0015753966   0.0000083195  -0.0000679801
       -0.0002279771   0.0000604837   0.0515426410  -0.0108897360   0.0006014565
        0.0019176375  -0.0057907899   0.0003913343   0.0003905022  -0.0000582737
        0.0001220812
       -0.0006930931   0.0006175547   0.0002334361   0.0034774362  -0.0111571715
       -0.0012563472   0.0028642811  -0.0001091153  -0.0006994643   0.0085810197
       -0.2739193670  -0.0206120053  -0.0018222989  -0.0146033536  -0.0036866332
       -0.0019413391  -0.0004451866  -0.0026439079   0.0001675987   0.0009698920
        0.0005505275   0.0001282672   0.0003101121  -0.0001723274   0.0000279695
       -0.0002022040  -0.0000128244  -0.0001652057   0.0000432270   0.0001150405
       -0.0001680448   0.0004637097   0.0002347541   0.0000215258   0.0003245051
        0.0001888867   0.0002082910  -0.0007709046  -0.0000784295  -0.0000514299
        0.0001835273  -0.0001846077  -0.0108897360   0.3157835154   0.0250747427
       -0.0005471096  -0.0179656649   0.0026800100   0.0008018680   0.0004769242
        0.0002691493
       -0.0000373055  -0.0006370827   0.0003226047   0.0010986984  -0.0086848422
       -0.0007541896   0.0014539601  -0.0003376183   0.0000343453   0.0021292046
       -0.0219509332  -0.0386432203  -0.0043296943  -0.0213443879  -0.0036988029
       -0.0033405244  -0.0015575373  -0.0043993629   0.0018093305  -0.0003344888
       -0.0004537381   0.0004678862   0.0002777488  -0.0002943419   0.0000025610
       -0.0000768476  -0.0001591941  -0.0001534430   0.0001405572  -0.0000062144
       -0.0006914425   0.0003928337   0.0002265128  -0.0000589999   0.0000723958
       -0.0000750194   0.0000496148  -0.0004911885   0.0001504321   0.0000526940
        0.0000106839   0.0000204146   0.0006014565   0.0250747427   0.0475356556
        0.0006423471   0.0292210381   0.0003111050   0.0003036565   0.0002249263
       -0.0001169868
       -0.0050826070   0.0015973343   0.0016502694  -0.0090192368  -0.0081471458
        0.0249242445   0.0007015772  -0.0008650528   0.0002221139  -0.0453277008
       -0.0170720509   0.0374003149   0.0050159122   0.0077766088  -0.0199861006
       -0.0023621508  -0.0021819579  -0.0002379263  -0.0024413513  -0.0001980556
        0.0007039548  -0.0000427032   0.0001627393  -0.0002258606  -0.0001118418
        0.0000189521  -0.0001571940  -0.0006162167  -0.0004074029   0.0015415917
        0.0003173868  -0.0004105333   0.0003465378  -0.0000752337  -0.0000072266
       -0.0001406167   0.0001284064  -0.0002379927  -0.0000821025  -0.0001638579
        0.0006563038  -0.0001991376   0.0019176375  -0.0005471096   0.0006423471
        0.0574630992   0.0204514829  -0.0469099894  -0.0003011193  -0.0005888931
        0.0005075537
        0.0010546535   0.0001408143  -0.0005562253   0.0017184574   0.0027436688
       -0.0056098166   0.0004000998   0.0006335677  -0.0010031104  -0.0176398957
       -0.0739996852   0.0826695404   0.0000363440   0.0046986159  -0.0069184292
       -0.0012214062  -0.0022304589  -0.0003412619   0.0013189980  -0.0001973411
       -0.0004093343   0.0000659305   0.0000689456  -0.0000375153  -0.0000778959
       -0.0000780119  -0.0000299116   0.0001052622   0.0002514520  -0.0002809658
       -0.0004307279  -0.0000338638   0.0000330718  -0.0000282236  -0.0001037686
       -0.0000846062  -0.0000853910  -0.0000582812   0.0000457194   0.0004717489
       -0.0002785789   0.0001766968  -0.0057907899  -0.0179656649   0.0292210381
        0.0204514829   0.0866531422  -0.0969677595  -0.0003486474  -0.0002445519
        0.0000928694
        0.0028365294  -0.0005582748  -0.0001169570   0.0060703293   0.0035299822
       -0.0104770474  -0.0008422060   0.0003283349   0.0005479333   0.0418811609
        0.0867517562  -0.2251906604  -0.0000372658   0.0078066817  -0.0257532269
       -0.0024041396  -0.0023966748   0.0001413725  -0.0008878891  -0.0006048996
        0.0004870425  -0.0000535570  -0.0002208179   0.0000988410  -0.0000526409
        0.0000399007   0.0003026816   0.0002435332   0.0002005491  -0.0007023794
       -0.0002940020   0.0000314763   0.0003975613   0.0000388579  -0.0000914007
       -0.0003486208  -0.0002780644   0.0001238933   0.0001041472   0.0002704172
       -0.0003604950   0.0003345149   0.0003913343   0.0026800100   0.0003111050
       -0.0469099894  -0.0969677595   0.2589651376   0.0000275921  -0.0002922623
        0.0008985549
        0.0002983913  -0.0000628244  -0.0000222257  -0.0008990794  -0.0001692198
       -0.0012331438   0.0000696898   0.0000294214   0.0000472195  -0.0026810273
        0.0037454209   0.0012235634  -0.0369691873   0.0013369719  -0.0153273725
        0.0029048558  -0.0037397850  -0.0003653497  -0.2218697295  -0.0699519378
       -0.1523011279  -0.0000900503   0.0000865399  -0.0000281508  -0.0002155301
        0.0000185900   0.0000256994   0.0000968225  -0.0000249251  -0.0000013406
       -0.0003358692   0.0001786890   0.0002509413  -0.0002042726   0.0000330327
       -0.0000952404   0.0000497042   0.0000529315  -0.0000179202  -0.0000440156
       -0.0000327672   0.0001124493   0.0003905022   0.0008018680   0.0003036565
       -0.0003011193  -0.0003486474   0.0000275921   0.2597999147   0.0680466415
        0.1674007501
       -0.0000124406  -0.0000804001   0.0000044223   0.0007461224   0.0004989301
        0.0005762178  -0.0001859844  -0.0000595212   0.0000152858   0.0031210839
        0.0009046505  -0.0033528158   0.0146521039   0.0100550523   0.0133239435
       -0.0027201390  -0.0015601094   0.0019754304  -0.0832461616  -0.0612217316
       -0.0774721614  -0.0000604429  -0.0000095436  -0.0000298876   0.0000299904
        0.0000894333   0.0000160161  -0.0000145466   0.0000114572   0.0000244364
        0.0002564312  -0.0000467930  -0.0000206988   0.0000696381  -0.0000072942
       -0.0000284088  -0.0000706611   0.0000559456   0.0000274056   0.0000355318
        0.0000081675   0.0000366408  -0.0000582737   0.0004769242   0.0002249263
       -0.0005888931  -0.0002445519  -0.0002922623   0.0680466415   0.0511293843
        0.0649715098
       -0.0000613047   0.0000177874  -0.0001100370   0.0000039559  -0.0002814780
       -0.0002300090   0.0000261057   0.0000098459  -0.0000555756  -0.0006299959
       -0.0022470447   0.0032770839  -0.0027774953   0.0078052836   0.0089983459
        0.0005398322   0.0016418994  -0.0029129645  -0.1648811898  -0.0724657057
       -0.1541354491   0.0000248520   0.0000978104   0.0000288294   0.0000060932
       -0.0000874888  -0.0000236615  -0.0000442114   0.0000186426   0.0000586229
       -0.0001638140   0.0001105464   0.0000909637  -0.0000380444  -0.0000076258
        0.0000291224   0.0000165527   0.0000549675   0.0000021935  -0.0000517212
       -0.0000009686   0.0000071103   0.0001220812   0.0002691493  -0.0001169868
        0.0005075537   0.0000928694   0.0008985549   0.1674007501   0.0649715098
        0.1441938566
