$coord
          1.355638355473         -3.151904884953         -1.695731044452     c 
          0.747758891416         -1.816540284630          0.791611236847     c 
          1.750421152073         -2.838516558705          2.292743232202     h 
         -2.084673954622         -1.936690515008          1.393392649374     c 
         -3.649801837668         -0.280404586735         -0.372784132296     c 
         -2.746183080316          2.452535600264         -0.246000563592     c 
          0.059179024057          2.618733452190         -0.885951292578     c 
          1.627268131098          0.954572757907          0.882702506907     c 
          1.298729451640          1.618805516133          2.819758906307     h 
          4.443859395243          1.236773716618          0.321819364838     c 
          0.550222960072         -5.044259730851         -1.681398042501     h 
          0.589549583442         -2.143054528269         -3.309750154041     h 
          3.386241204507         -3.330134787727         -1.946709111801     h 
         -2.733374156327         -3.892958723888          1.275542017622     h 
         -2.379517264593         -1.297141465792          3.335698567811     h 
         -3.491306636457         -0.972828799371         -2.308425890032     h 
         -5.639821359293         -0.387490806389          0.166132586272     h 
         -3.837024121369          3.620360533066         -1.552771780669     h 
         -3.054608402107          3.183635527725          1.661094946143     h 
          0.359063832977          2.038557102775         -2.842296493617     h 
          0.696472893223          4.575565929269         -0.717467470163     h 
          5.548303869104         -0.040835068385          1.494544727413     h 
          5.054061098544          3.161354591276          0.711538126752     h 
          4.845514169675          0.830446483660         -1.651219923547     h 
$end
