$hessian                                                                        
        0.5033271125   0.0266603508  -0.0205460978  -0.0975781840   0.0446128506
       -0.0364937592  -0.0134235468   0.0176864736  -0.0075459125  -0.0008489582
        0.0005887382   0.0003321797   0.0003519282  -0.0003548988  -0.0001389036
       -0.0002887216  -0.0001802847   0.0000159240  -0.0000617983   0.0000905782
       -0.0001755656  -0.1370962431  -0.1099946605   0.0454245791  -0.1654246096
        0.0653654974   0.0990312312  -0.0865578899  -0.0442335031  -0.0789829721
       -0.0074263850   0.0095754496  -0.0099145763   0.0077594273  -0.0119612767
        0.0094436061  -0.0023222175   0.0019828095   0.0010026410   0.0011567989
       -0.0002342345  -0.0014410923  -0.0002594339   0.0000791872  -0.0001425838
       -0.0001282111   0.0001879605   0.0000144663  -0.0010405501   0.0000839470
       -0.0000005928   0.0000075950   0.0000365341  -0.0000240363  -0.0000217605
       -0.0000024922   0.0000332981  -0.0001244979   0.0000364793   0.0000821713
        0.0000001458  -0.0000255057   0.0000259954
        0.0266603508   0.4959231206   0.0194347409   0.0422082470  -0.1310124407
        0.0513753472   0.0110352506  -0.0125185887   0.0026263186  -0.0000703199
       -0.0009375766   0.0002040277   0.0006130961  -0.0004383440  -0.0000276598
        0.0002184045   0.0000435298  -0.0000232018  -0.0000474428   0.0003150171
       -0.0001918022  -0.1107326937  -0.1704622354   0.0514796009   0.0655655192
       -0.0800525503  -0.0553583821  -0.0440975341  -0.0870586171  -0.0816262403
       -0.0032389691   0.0071334965  -0.0046134043   0.0099356397  -0.0210688620
        0.0162972699   0.0025141894  -0.0010164854  -0.0010398187  -0.0001034741
        0.0006771496   0.0013553164  -0.0001552667   0.0001650571   0.0002366967
        0.0001370365   0.0000548698   0.0000814535  -0.0004624738   0.0002208772
       -0.0002910053   0.0000324706   0.0000172233   0.0000400241  -0.0000361672
        0.0001021169   0.0000195088   0.0000522205   0.0000125116  -0.0000565016
       -0.0000280837  -0.0000992691   0.0000777116
       -0.0205460978   0.0194347409   0.5048681398  -0.0358140263   0.0518308950
       -0.1056967555   0.0059192820  -0.0091627081   0.0061946113   0.0000099345
       -0.0004611689  -0.0009008634  -0.0002913578   0.0000116941  -0.0005755267
        0.0002233065   0.0002648863  -0.0000706712  -0.0000583664   0.0000246399
        0.0006393445   0.0458164321   0.0511607854  -0.0656823843   0.0989334396
       -0.0549436894  -0.1232792971  -0.0791542776  -0.0820513227  -0.1944249229
       -0.0141774100   0.0175343107  -0.0163919566  -0.0043231545   0.0099759806
       -0.0061544404   0.0021421538  -0.0024067642  -0.0008387684   0.0013464176
       -0.0010260505   0.0016125918   0.0000849763  -0.0001502136   0.0001365390
       -0.0000745566   0.0000182657   0.0001607038  -0.0000975284  -0.0000218399
        0.0002704085  -0.0000476122   0.0000177664   0.0001246404  -0.0000162940
       -0.0000278364   0.0000146880   0.0001356362  -0.0000119182  -0.0000094522
       -0.0000108970  -0.0000104529   0.0000033718
       -0.0975781840   0.0422082470  -0.0358140263   0.4891434488   0.0372966576
        0.0182358415  -0.1267767533   0.0403621976   0.0477071010  -0.0246684496
        0.0086952755   0.0115840110   0.0009962937   0.0006277694  -0.0001022132
       -0.0041925546  -0.0015865292  -0.0007178935  -0.0002504588   0.0005939392
        0.0010238068   0.0091956777  -0.0116950862   0.0092337394  -0.0136787525
        0.0175225160  -0.0106222620  -0.0086644217   0.0097336345  -0.0107835159
       -0.0789193041  -0.0395828281  -0.0754114394  -0.1405989238  -0.1081784533
        0.0402812619  -0.0052632812   0.0040837227   0.0034846346   0.0021663090
       -0.0002988143   0.0004877460  -0.0000684130  -0.0001840129   0.0002419164
        0.0001518521   0.0002313325   0.0000211096  -0.0003995830  -0.0002696917
        0.0002250536  -0.0000397672  -0.0000312932  -0.0001301203   0.0000776737
       -0.0002804164  -0.0000621910  -0.0010415524   0.0006405690   0.0007198834
        0.0004091441   0.0001112643   0.0003975563
        0.0446128506  -0.1310124407   0.0518308950   0.0372966576   0.4906374107
        0.0067672642   0.0350497260  -0.0893460058  -0.0288560122  -0.0037183798
        0.0052991822   0.0060252380   0.0006222886   0.0000222180  -0.0000813013
       -0.0022204104  -0.0001573240  -0.0002774453   0.0008402426   0.0002413487
       -0.0003770475   0.0095159236  -0.0197276910   0.0140935752   0.0090516134
       -0.0106025326   0.0064046638  -0.0040313044   0.0073399133  -0.0039814206
       -0.0398809726  -0.0819862932  -0.0777112016  -0.1075243918  -0.1552186751
        0.0429880474   0.0210204777  -0.0162203838  -0.0150621262   0.0011880287
        0.0003152704  -0.0022736459  -0.0001702160   0.0000062148   0.0001597023
       -0.0000264319   0.0001522777   0.0000947546  -0.0007591834  -0.0002298332
        0.0001517054  -0.0000075424  -0.0000665919   0.0000230264  -0.0001029765
        0.0002092545  -0.0000116385  -0.0005823611   0.0003828587   0.0001591975
       -0.0001736386  -0.0000381776  -0.0000662305
       -0.0364937592   0.0513753472  -0.1056967555   0.0182358415   0.0067672642
        0.5004538707   0.0454868247  -0.0313732530  -0.1030779358   0.0031999261
        0.0037234453   0.0019259793   0.0000483338   0.0001071689  -0.0004642996
       -0.0008762572  -0.0003450654   0.0002169344  -0.0015486847  -0.0005496318
        0.0001361127  -0.0036930042   0.0095515250  -0.0060696218   0.0080088951
       -0.0105486070   0.0076741795  -0.0150192684   0.0169478731  -0.0175979113
       -0.0759295435  -0.0784110961  -0.1998087040   0.0403615028   0.0438750924
       -0.0615002170  -0.0014747223   0.0024848804   0.0032439993   0.0203469571
       -0.0137422998  -0.0200555013   0.0002079087  -0.0000631498  -0.0003263319
       -0.0002193520  -0.0000223807   0.0000211665  -0.0001993625  -0.0001968264
        0.0005997849  -0.0000649001  -0.0000090090   0.0002385154  -0.0000171989
        0.0001085318  -0.0000532745  -0.0003850988  -0.0000232727   0.0002583748
        0.0000249618   0.0003434633  -0.0001183647
       -0.0134235468   0.0110352506   0.0059192820  -0.1267767533   0.0350497260
        0.0454868247   0.4423716660  -0.0148741367   0.0139896450  -0.1498942570
       -0.0350242006  -0.0181132726  -0.0054327541  -0.0063353682   0.0002014679
       -0.0277958551  -0.0041024986   0.0011309761  -0.0134375956  -0.0036937664
       -0.0127133015   0.0005703718  -0.0004539765   0.0000659798  -0.0011221368
        0.0026277204  -0.0014188901   0.0005365903  -0.0002110589   0.0009631288
        0.0058746351  -0.0020013350  -0.0017459420  -0.0196241639   0.0088232958
        0.0149050981  -0.0398696445   0.0047394376  -0.0026690178  -0.0492303315
        0.0034433120  -0.0451256243   0.0002726038   0.0004404745  -0.0002261140
        0.0005028995  -0.0002261766   0.0001856008   0.0002172158   0.0004605282
        0.0000395894   0.0001458606  -0.0004880327  -0.0007961404   0.0004150460
       -0.0009977120  -0.0005527111  -0.0034909949   0.0016690800   0.0020108402
       -0.0008088554   0.0001194373  -0.0015374189
        0.0176864736  -0.0125185887  -0.0091627081   0.0403621976  -0.0893460058
       -0.0313732530  -0.0148741367   0.4994531534  -0.0268535013  -0.0407856112
       -0.0802276842  -0.0081992663  -0.0255535963  -0.0148093730  -0.0026431012
        0.0113253684   0.0030060308   0.0009600596   0.0023411754   0.0030589958
        0.0000547424   0.0001501194   0.0007059441  -0.0005899614   0.0029709299
       -0.0028924258   0.0019320816  -0.0007166536   0.0005202568  -0.0005153222
        0.0088548695  -0.0054580837  -0.0096303278  -0.0115763223   0.0056502756
        0.0094810574   0.0044687080  -0.2589113201   0.0569566393   0.0030269139
       -0.0440603111   0.0203394701  -0.0004495443   0.0007596317  -0.0005400358
       -0.0014544521  -0.0059329160   0.0008314657  -0.0001992352   0.0006567940
       -0.0003517045   0.0002007960   0.0001922460   0.0002192224   0.0012515143
        0.0006433652  -0.0002237430   0.0030834441  -0.0008795176  -0.0013961220
       -0.0001129583   0.0003895326   0.0007043082
       -0.0075459125   0.0026263186   0.0061946113   0.0477071010  -0.0288560122
       -0.1030779358   0.0139896450  -0.0268535013   0.5251420448  -0.0154262335
       -0.0065703236  -0.0627013727   0.0034553087   0.0017006135   0.0008711005
        0.0130701316   0.0027461676   0.0011062492  -0.0343803973  -0.0104022854
       -0.0175745673   0.0000241520  -0.0000770075   0.0006349620  -0.0022050378
        0.0024850524  -0.0006183566  -0.0011049444   0.0007884819   0.0009621473
        0.0180454505  -0.0132370366  -0.0174743794   0.0083674592  -0.0040234104
       -0.0046541227  -0.0032232424   0.0570226933  -0.0585498585  -0.0432258108
        0.0214047768  -0.2641141701   0.0006437676   0.0005446867   0.0003658918
        0.0005186808   0.0015282893   0.0000945862   0.0000517810  -0.0001646742
       -0.0001076743   0.0009526719   0.0000565191   0.0005027950   0.0000753779
        0.0004110046   0.0001647860   0.0031867368  -0.0012829227  -0.0012939868
       -0.0029766853   0.0001525699  -0.0058727498
       -0.0008489582  -0.0000703199   0.0000099345  -0.0246684496  -0.0037183798
        0.0031999261  -0.1498942570  -0.0407856112  -0.0154262335   0.4737818452
        0.0159113835  -0.0051108365  -0.0655207205  -0.0083569946   0.0018304018
       -0.1158162580   0.0397056022   0.0364226511  -0.0703554127  -0.0104522744
        0.0029509600   0.0002104372   0.0003526294   0.0000016610   0.0002008704
        0.0001858247  -0.0001969640  -0.0000509662   0.0000010691   0.0001753825
        0.0005171992  -0.0007294066  -0.0010718834  -0.0023890325   0.0015290825
        0.0010462690  -0.0048628096  -0.0050455249  -0.0005944910  -0.0069109588
       -0.0029208900  -0.0035589629   0.0002655168   0.0077781841  -0.0024440162
       -0.0060804248  -0.0291042259   0.0057557960   0.0005757668   0.0177830177
       -0.0025561861   0.0037574896  -0.0030456116  -0.0029830034  -0.0003855446
        0.0021566253   0.0004728146  -0.0245839474   0.0130224598   0.0151781728
       -0.0069413853   0.0058033605  -0.0331013922
        0.0005887382  -0.0009375766  -0.0004611689   0.0086952755   0.0052991822
        0.0037234453  -0.0350242006  -0.0802276842  -0.0065703236   0.0159113835
        0.4736147019   0.0055545073  -0.0114491385  -0.1738231866   0.0161809154
        0.0406929840  -0.0951546143  -0.0294995333  -0.0042740409  -0.0579757246
        0.0324502445   0.0003644052  -0.0003067511   0.0001727653   0.0002866128
       -0.0003878785   0.0001139214   0.0000180142   0.0000170961  -0.0000541106
        0.0005551985   0.0009184400  -0.0003371147   0.0014006357   0.0000137773
       -0.0013745398  -0.0284981197  -0.0186599361  -0.0054517823   0.0018773285
        0.0010819429   0.0006360004   0.0000241138  -0.0045541452   0.0030265888
       -0.0050421473  -0.0131070123   0.0021800784   0.0019299652  -0.0205199200
        0.0013496919  -0.0017844895   0.0014269573   0.0011315981   0.0194440986
       -0.0208978844  -0.0154775982  -0.0054891879   0.0043653783   0.0044186189
       -0.0002274292  -0.0001851622  -0.0117122044
        0.0003321797   0.0002040277  -0.0009008634   0.0115840110   0.0060252380
        0.0019259793  -0.0181132726  -0.0081992663  -0.0627013727  -0.0051108365
        0.0055545073   0.4305330949   0.0037766554   0.0189753262  -0.0613269754
        0.0403654454  -0.0304986487  -0.0849563327  -0.0201520846   0.0214176354
       -0.1820960014  -0.0003757379   0.0003644192   0.0000619154   0.0003375439
       -0.0002633817   0.0000704661  -0.0000932833  -0.0000849630  -0.0000772178
        0.0013814675  -0.0003558554  -0.0002443586   0.0035059913  -0.0010963744
       -0.0018183834   0.0060748780   0.0038607231   0.0020903617  -0.0252488593
       -0.0107822829  -0.0100651290   0.0005956581   0.0249738055  -0.0093525033
       -0.0002530897  -0.0030342643   0.0008217055  -0.0008274472  -0.0185397782
        0.0030370510   0.0157008096  -0.0126854823  -0.0184772692  -0.0043013059
        0.0026263676   0.0035214074  -0.0018927737   0.0023923320   0.0021460362
       -0.0072859492  -0.0008540846  -0.0121916106
        0.0003519282   0.0006130961  -0.0002913578   0.0009962937   0.0006222886
        0.0000483338  -0.0054327541  -0.0255535963   0.0034553087  -0.0655207205
       -0.0114491385   0.0037766554   0.5196455753  -0.0104423111   0.0007178770
       -0.0019023595   0.0194491657  -0.0005362092   0.0035538084   0.0059324044
       -0.0062903705  -0.0011892655  -0.0006550914   0.0000817580  -0.0002720465
       -0.0002737622   0.0001188535  -0.0001918852  -0.0001828959   0.0001006210
       -0.0004872427  -0.0003482429  -0.0000111809   0.0000165714  -0.0001352398
       -0.0000344725  -0.0047531906  -0.0035984283  -0.0007993503   0.0004130374
       -0.0002202711   0.0006923789  -0.0632064110   0.0112609766  -0.0667983708
       -0.2575773900  -0.0648582130  -0.0231627715  -0.1236432040   0.0739116961
        0.0872689773   0.0002079138   0.0001213104  -0.0003211860  -0.0022204797
        0.0033264029   0.0020610075   0.0008050087   0.0014319692  -0.0000261578
        0.0004068123   0.0010478806  -0.0000503438
       -0.0003548988  -0.0004383440   0.0000116941   0.0006277694   0.0000222180
        0.0001071689  -0.0063353682  -0.0148093730   0.0017006135  -0.0083569946
       -0.1738231866   0.0189753262  -0.0104423111   0.4453877636   0.0181283516
        0.0031634861  -0.0252437102  -0.0004834078   0.0012852511  -0.0111737082
        0.0145589611   0.0001747246   0.0001572641   0.0001761255  -0.0000245909
        0.0000085888  -0.0000215325  -0.0000030302   0.0000471787  -0.0000075719
        0.0000981681   0.0002216075  -0.0002056990  -0.0000241613   0.0000850427
       -0.0001525053  -0.0020455558  -0.0008201224  -0.0002544985   0.0005836434
        0.0003146293   0.0004507404   0.0114136512  -0.0478921340   0.0358935134
       -0.0643568010  -0.0618283553  -0.0068008547   0.0737817818  -0.1099273798
       -0.0807328942  -0.0003527208   0.0000043076   0.0005244017   0.0023587460
       -0.0025070507  -0.0019560900  -0.0010470609   0.0006277624   0.0006812979
       -0.0001437281   0.0015870014  -0.0005931406
       -0.0001389036  -0.0000276598  -0.0005755267  -0.0001022132  -0.0000813013
       -0.0004642996   0.0002014679  -0.0026431012   0.0008711005   0.0018304018
        0.0161809154  -0.0613269754   0.0007178770   0.0181283516   0.5322491547
        0.0012422230  -0.0140131044   0.0022284524  -0.0017572711   0.0394381603
       -0.0295734171  -0.0000619906   0.0000120686   0.0006534584  -0.0000341249
       -0.0000173165   0.0000441247  -0.0000401334  -0.0001728112   0.0001238555
        0.0001852202   0.0004694988   0.0000778374   0.0000023207   0.0000753561
        0.0001351125  -0.0010128442  -0.0007365516   0.0001779518  -0.0001631860
       -0.0005160971   0.0005418908  -0.0667477212   0.0351615209  -0.2599912077
       -0.0241327560  -0.0070274222  -0.0468052955   0.0875223346  -0.0802131199
       -0.1388642705   0.0001151586  -0.0004745369   0.0008137798   0.0021543505
       -0.0028115658  -0.0011960959  -0.0003857769  -0.0002122044   0.0001707519
        0.0006055667  -0.0005190795   0.0007096180
       -0.0002887216   0.0002184045   0.0002233065  -0.0041925546  -0.0022204104
       -0.0008762572  -0.0277958551   0.0113253684   0.0130701316  -0.1158162580
        0.0406929840   0.0403654454  -0.0019023595   0.0031634861   0.0012422230
        0.4855380559   0.0292492053   0.0314809017   0.0041105616  -0.0001842721
        0.0002556250  -0.0000239819  -0.0000730420   0.0000407202  -0.0001250368
        0.0001904284  -0.0001179983  -0.0000168542  -0.0000066202   0.0000492894
        0.0001809957  -0.0001358014  -0.0002090209  -0.0011512393   0.0004034160
        0.0007582004   0.0004118913   0.0013777699   0.0005424218   0.0000847270
        0.0006504971   0.0011816666  -0.0000443879  -0.0001049139   0.0001502660
        0.0010440731  -0.0013404694  -0.0001218098   0.0005383581  -0.0002811149
       -0.0000935928  -0.0534249114   0.0050342725  -0.0510349498  -0.0439860091
       -0.0113265777   0.0020498906  -0.2446098095  -0.0757622045  -0.0380857876
        0.0014693161  -0.0008704054  -0.0008706718
       -0.0001802847   0.0000435298   0.0002648863  -0.0015865292  -0.0001573240
       -0.0003450654  -0.0041024986   0.0030060308   0.0027461676   0.0397056022
       -0.0951546143  -0.0304986487   0.0194491657  -0.0252437102  -0.0140131044
        0.0292492053   0.5009971676  -0.0269944448  -0.0009537446   0.0048360853
       -0.0007438877  -0.0000474172   0.0000398503  -0.0001031335  -0.0001067973
        0.0001296134  -0.0000143774   0.0000530104   0.0000129871   0.0000051744
        0.0000169885  -0.0000065141   0.0001332018  -0.0002561546   0.0000831264
        0.0001671628  -0.0013743469   0.0010067441   0.0002792646  -0.0001227342
        0.0000771516   0.0001007379   0.0002559646   0.0001877910  -0.0007263335
        0.0014692774   0.0008377227  -0.0006129700   0.0005806685  -0.0067318388
        0.0006362919   0.0050262318  -0.0452403990   0.0242290299  -0.0108522116
       -0.2672064812   0.0592105613  -0.0761539071  -0.0716266439  -0.0139154183
       -0.0000694884   0.0001097254   0.0001949053
        0.0000159240  -0.0000232018  -0.0000706712  -0.0007178935  -0.0002774453
        0.0002169344   0.0011309761   0.0009600596   0.0011062492   0.0364226511
       -0.0294995333  -0.0849563327  -0.0005362092  -0.0004834078   0.0022284524
        0.0314809017  -0.0269944448   0.5065516917   0.0212726205  -0.0155112371
       -0.0465691318   0.0000513889  -0.0000452314   0.0000410806  -0.0000485417
        0.0000255727   0.0000183817   0.0000401023  -0.0000262411   0.0000712710
       -0.0002261037   0.0001618201  -0.0000039471  -0.0002275252   0.0000304636
        0.0001443290  -0.0001077964  -0.0001093785   0.0000244209  -0.0007778486
       -0.0000090474   0.0007094213   0.0000010534   0.0001926539   0.0005922137
       -0.0000325321   0.0002739447   0.0000801640  -0.0000530762   0.0013023328
        0.0003888872  -0.0511174744   0.0248072858  -0.2719168287   0.0024458914
        0.0589789283  -0.0590547746  -0.0390608270  -0.0144346428  -0.0509336497
        0.0000443188   0.0006807497   0.0013318388
       -0.0000617983  -0.0000474428  -0.0000583664  -0.0002504588   0.0008402426
       -0.0015486847  -0.0134375956   0.0023411754  -0.0343803973  -0.0703554127
       -0.0042740409  -0.0201520846   0.0035538084   0.0012852511  -0.0017572711
        0.0041105616  -0.0009537446   0.0212726205   0.4482603549   0.1437635185
        0.0901885134   0.0000244891  -0.0000116295  -0.0000359915   0.0000498262
       -0.0000636904   0.0001807042  -0.0000006200  -0.0000583872  -0.0001228327
       -0.0007448958   0.0001852958  -0.0001443792   0.0002437285  -0.0004266740
       -0.0000759729   0.0010348130   0.0002065531   0.0003206479  -0.0066027074
       -0.0027061267  -0.0032759134   0.0005226189   0.0003721373  -0.0003167275
        0.0003434564   0.0001190085   0.0004716935   0.0000426297  -0.0003836842
       -0.0002997351  -0.0020812931   0.0018599649   0.0033597426   0.0005334804
       -0.0011062321  -0.0007860122   0.0010681211  -0.0000120276   0.0003159150
       -0.3662531065  -0.1409294671  -0.0531554684
        0.0000905782   0.0003150171   0.0000246399   0.0005939392   0.0002413487
       -0.0005496318  -0.0036937664   0.0030589958  -0.0104022854  -0.0104522744
       -0.0579757246   0.0214176354   0.0059324044  -0.0111737082   0.0394381603
       -0.0001842721   0.0048360853  -0.0155112371   0.1437635185   0.1198988533
       -0.0246899281  -0.0001747936   0.0000827608  -0.0000726613  -0.0000312935
       -0.0000248492   0.0000060471   0.0001115066  -0.0000366048   0.0002049183
       -0.0002963522   0.0001206393   0.0007976349   0.0003157723   0.0000709927
        0.0001918420   0.0009023038   0.0007695096  -0.0001680169  -0.0022528085
       -0.0005631703  -0.0011211284  -0.0003433681  -0.0076708500   0.0039971888
        0.0005127951   0.0007754988  -0.0001233333  -0.0004716561   0.0028054566
       -0.0002733422   0.0016782676  -0.0008742488  -0.0027493563  -0.0007034068
        0.0015741741   0.0005208008  -0.0004184625  -0.0002616115   0.0003178918
       -0.1348786314  -0.0559685648  -0.0112558384
       -0.0001755656  -0.0001918022   0.0006393445   0.0010238068  -0.0003770475
        0.0001361127  -0.0127133015   0.0000547424  -0.0175745673   0.0029509600
        0.0324502445  -0.1820960014  -0.0062903705   0.0145589611  -0.0295734171
        0.0002556250  -0.0007438877  -0.0465691318   0.0901885134  -0.0246899281
        0.3292646736   0.0002307445  -0.0000485066  -0.0002670628  -0.0001159429
        0.0000930172   0.0000987631   0.0001849025   0.0000502159  -0.0001004358
        0.0000577774   0.0006559703   0.0005782107  -0.0000496782  -0.0000765518
       -0.0001093558   0.0012922301   0.0000343740   0.0005311154  -0.0027720199
       -0.0015307431  -0.0010643660   0.0006311772   0.0069230683  -0.0023999669
        0.0006221293  -0.0011909433   0.0005214733  -0.0003420102  -0.0009682799
        0.0008748047   0.0058427603  -0.0044623698  -0.0068138332  -0.0012529789
        0.0005583434   0.0014484592  -0.0006680965   0.0010998693   0.0013800759
       -0.0789006622  -0.0221987464  -0.0489048950
       -0.1370962431  -0.1107326937   0.0458164321   0.0091956777   0.0095159236
       -0.0036930042   0.0005703718   0.0001501194   0.0000241520   0.0002104372
        0.0003644052  -0.0003757379  -0.0011892655   0.0001747246  -0.0000619906
       -0.0000239819  -0.0000474172   0.0000513889   0.0000244891  -0.0001747936
        0.0002307445   0.1601003874   0.1276519011  -0.0518488203  -0.0188408099
       -0.0170969582   0.0095414353  -0.0110125830  -0.0124421874   0.0025718705
        0.0004436247   0.0000947179   0.0002646438  -0.0001716996   0.0029106890
       -0.0019216008  -0.0000784275  -0.0000517015  -0.0000124062   0.0001174126
       -0.0000925003  -0.0000098205  -0.0008412914   0.0001875710   0.0007279139
       -0.0001648248  -0.0001375444   0.0000069318  -0.0012329287  -0.0002339441
       -0.0012441349   0.0000019834   0.0000122002   0.0000052203   0.0000301459
       -0.0000793633  -0.0000132734   0.0000091734  -0.0000123161  -0.0000107676
       -0.0000516477   0.0000391678  -0.0000491768
       -0.1099946605  -0.1704622354   0.0511607854  -0.0116950862  -0.0197276910
        0.0095515250  -0.0004539765   0.0007059441  -0.0000770075   0.0003526294
       -0.0003067511   0.0003644192  -0.0006550914   0.0001572641   0.0000120686
       -0.0000730420   0.0000398503  -0.0000452314  -0.0000116295   0.0000827608
       -0.0000485066   0.1276519011   0.1973071808  -0.0621976255   0.0062963756
        0.0080758698  -0.0031388949  -0.0133439769  -0.0134365959   0.0022099932
       -0.0003470173   0.0007891383  -0.0005270658   0.0023883202  -0.0038969075
        0.0036769882  -0.0002010226   0.0002997762  -0.0002345260   0.0000243340
       -0.0004216785  -0.0004248787   0.0003331177   0.0002433114  -0.0003828031
       -0.0003263184   0.0000498925  -0.0000731753   0.0001108452   0.0005467484
        0.0002559418   0.0000209983  -0.0000476915  -0.0000892785  -0.0000387952
        0.0000049004  -0.0000045220  -0.0000307262   0.0000222927   0.0000193457
       -0.0000071788  -0.0000253788  -0.0000075516
        0.0454245791   0.0514796009  -0.0656823843   0.0092337394   0.0140935752
       -0.0060696218   0.0000659798  -0.0005899614   0.0006349620   0.0000016610
        0.0001727653   0.0000619154   0.0000817580   0.0001761255   0.0006534584
        0.0000407202  -0.0001031335   0.0000410806  -0.0000359915  -0.0000726613
       -0.0002670628  -0.0518488203  -0.0621976255   0.0742221578   0.0159880572
        0.0137434196  -0.0072141975  -0.0175258256  -0.0195473189   0.0059827885
        0.0006132077   0.0001548712   0.0001373668  -0.0016879865   0.0034593244
       -0.0017714836   0.0000399111  -0.0001228172  -0.0000652040  -0.0000317599
       -0.0002709698   0.0000247210   0.0004249474  -0.0000560368  -0.0000378109
        0.0001387220  -0.0000921987  -0.0002067461  -0.0009082351  -0.0002524850
       -0.0003980644   0.0000223761  -0.0000196581  -0.0000234654   0.0000236849
       -0.0000128843  -0.0000306002  -0.0000174721  -0.0000030186  -0.0000170378
       -0.0000432528   0.0000610871   0.0000252280
       -0.1654246096   0.0655655192   0.0989334396  -0.0136787525   0.0090516134
        0.0080088951  -0.0011221368   0.0029709299  -0.0022050378   0.0002008704
        0.0002866128   0.0003375439  -0.0002720465  -0.0000245909  -0.0000341249
       -0.0001250368  -0.0001067973  -0.0000485417   0.0000498262  -0.0000312935
       -0.0001159429  -0.0188408099   0.0062963756   0.0159880572   0.1909480327
       -0.0795094637  -0.1145040016   0.0085968697  -0.0046463680  -0.0065982553
       -0.0001570759  -0.0002401999   0.0002335071   0.0006122242  -0.0002540221
        0.0001872020  -0.0007515322   0.0006980869   0.0003340986   0.0000715600
       -0.0001087871  -0.0004550532   0.0001373125   0.0000058467  -0.0001917143
       -0.0000302913   0.0000437058  -0.0000634331  -0.0001897842   0.0000709406
        0.0001975748   0.0000482102  -0.0000209022  -0.0000447593   0.0000481468
       -0.0000112820  -0.0000120382  -0.0000566522  -0.0000267496   0.0000031744
       -0.0000643249  -0.0000091745   0.0000494095
        0.0653654974  -0.0800525503  -0.0549436894   0.0175225160  -0.0106025326
       -0.0105486070   0.0026277204  -0.0028924258   0.0024850524   0.0001858247
       -0.0003878785  -0.0002633817  -0.0002737622   0.0000085888  -0.0000173165
        0.0001904284   0.0001296134   0.0000255727  -0.0000636904  -0.0000248492
        0.0000930172  -0.0170969582   0.0080758698   0.0137434196  -0.0795094637
        0.0927376346   0.0625174653   0.0104904980  -0.0067899385  -0.0122484720
       -0.0002439144   0.0005773996  -0.0002993081   0.0001553628  -0.0001044045
       -0.0005415963   0.0007065574  -0.0006749020  -0.0003951387  -0.0001711897
       -0.0000277010   0.0003807201   0.0000823011  -0.0000839555  -0.0001047629
       -0.0000588639   0.0000290369  -0.0000198493   0.0000464279   0.0000384647
        0.0001621642  -0.0000363540  -0.0000134041   0.0000095727  -0.0000410768
        0.0000108533   0.0000010093   0.0000695841   0.0000114401  -0.0000095665
        0.0000525551   0.0000356410  -0.0000263054
        0.0990312312  -0.0553583821  -0.1232792971  -0.0106222620   0.0064046638
        0.0076741795  -0.0014188901   0.0019320816  -0.0006183566  -0.0001969640
        0.0001139214   0.0000704661   0.0001188535  -0.0000215325   0.0000441247
       -0.0001179983  -0.0000143774   0.0000183817   0.0001807042   0.0000060471
        0.0000987631   0.0095414353  -0.0031388949  -0.0072141975  -0.1145040016
        0.0625174653   0.1417453887   0.0189202759  -0.0127717629  -0.0200559005
       -0.0002081823   0.0002101636   0.0005852583  -0.0002460736  -0.0002731076
        0.0003591355  -0.0003752470   0.0003794208   0.0003728170  -0.0000460674
        0.0000762029   0.0001385400  -0.0001161585  -0.0000194241   0.0000799380
        0.0000374796   0.0000008365   0.0000413547   0.0000849035  -0.0000354945
       -0.0000987296  -0.0000268610   0.0000138355   0.0000028187   0.0000037959
       -0.0000239741  -0.0000002245   0.0000027421   0.0000148779   0.0000192478
       -0.0000427154  -0.0000125661   0.0000162920
       -0.0865578899  -0.0440975341  -0.0791542776  -0.0086644217  -0.0040313044
       -0.0150192684   0.0005365903  -0.0007166536  -0.0011049444  -0.0000509662
        0.0000180142  -0.0000932833  -0.0001918852  -0.0000030302  -0.0000401334
       -0.0000168542   0.0000530104   0.0000401023  -0.0000006200   0.0001115066
        0.0001849025  -0.0110125830  -0.0133439769  -0.0175258256   0.0085968697
        0.0104904980   0.0189202759   0.0985326701   0.0489345632   0.0946652443
       -0.0012263917   0.0026766182  -0.0024485371   0.0006181641  -0.0003378574
        0.0007373206   0.0001100402  -0.0001344352   0.0000314418  -0.0007602389
        0.0004368370   0.0005906252  -0.0000800820  -0.0001156395  -0.0000383185
        0.0000365396   0.0000560349   0.0000607874   0.0001041908   0.0000501583
        0.0001050898  -0.0000391029  -0.0000024445   0.0000495149   0.0000060059
       -0.0000003148  -0.0000146917   0.0000537386  -0.0000090389   0.0000054676
        0.0000062264  -0.0000350113   0.0000485076
       -0.0442335031  -0.0870586171  -0.0820513227   0.0097336345   0.0073399133
        0.0169478731  -0.0002110589   0.0005202568   0.0007884819   0.0000010691
        0.0000170961  -0.0000849630  -0.0001828959   0.0000471787  -0.0001728112
       -0.0000066202   0.0000129871  -0.0000262411  -0.0000583872  -0.0000366048
        0.0000502159  -0.0124421874  -0.0134365959  -0.0195473189  -0.0046463680
       -0.0067899385  -0.0127717629   0.0489345632   0.1004498133   0.0933616569
        0.0026746408  -0.0021840587   0.0030501453   0.0003025403   0.0008867324
        0.0003089438  -0.0000789710   0.0000515318   0.0001845798   0.0000622617
        0.0002246847  -0.0001985093  -0.0000415823  -0.0000657233  -0.0000931155
       -0.0000526445   0.0000149635   0.0000671406   0.0001490373  -0.0000208998
        0.0001660530  -0.0000102172   0.0000153473   0.0000133429   0.0000069564
        0.0000088210   0.0000113316  -0.0000215613  -0.0000094849   0.0000014734
        0.0001212938   0.0000125971  -0.0000051935
       -0.0789829721  -0.0816262403  -0.1944249229  -0.0107835159  -0.0039814206
       -0.0175979113   0.0009631288  -0.0005153222   0.0009621473   0.0001753825
       -0.0000541106  -0.0000772178   0.0001006210  -0.0000075719   0.0001238555
        0.0000492894   0.0000051744   0.0000712710  -0.0001228327   0.0002049183
       -0.0001004358   0.0025718705   0.0022099932   0.0059827885  -0.0065982553
       -0.0122484720  -0.0200559005   0.0946652443   0.0933616569   0.2269576448
       -0.0021707350   0.0032855860  -0.0023258783   0.0002312538  -0.0004218564
        0.0000964007   0.0001542594  -0.0001275369  -0.0000906674  -0.0002316597
       -0.0000452811   0.0004920367  -0.0000718906  -0.0000092288   0.0000983162
        0.0000654711  -0.0000151303  -0.0000265904  -0.0000166074   0.0000582185
       -0.0001351705  -0.0000053528  -0.0000095271   0.0000374470   0.0000019429
        0.0000223279  -0.0000269276   0.0000120529  -0.0000117786  -0.0000230235
       -0.0000066953  -0.0000743986   0.0000627382
       -0.0074263850  -0.0032389691  -0.0141774100  -0.0789193041  -0.0398809726
       -0.0759295435   0.0058746351   0.0088548695   0.0180454505   0.0005171992
        0.0005551985   0.0013814675  -0.0004872427   0.0000981681   0.0001852202
        0.0001809957   0.0000169885  -0.0002261037  -0.0007448958  -0.0002963522
        0.0000577774   0.0004436247  -0.0003470173   0.0006132077  -0.0001570759
       -0.0002439144  -0.0002081823  -0.0012263917   0.0026746408  -0.0021707350
        0.0959557584   0.0430549068   0.0868972592  -0.0110263554  -0.0133061685
       -0.0179493658  -0.0006155071   0.0006025350   0.0004128023  -0.0024714771
        0.0019330773   0.0030615639   0.0000402528   0.0000979726  -0.0001277434
        0.0000161178  -0.0000068702  -0.0000484519  -0.0000439072  -0.0005937632
        0.0003350475   0.0000835186  -0.0000141741  -0.0001239923   0.0000572399
       -0.0000539077   0.0000082671   0.0000614266  -0.0000333855  -0.0000296079
       -0.0001122268   0.0001271376  -0.0000069273
        0.0095754496   0.0071334965   0.0175343107  -0.0395828281  -0.0819862932
       -0.0784110961  -0.0020013350  -0.0054580837  -0.0132370366  -0.0007294066
        0.0009184400  -0.0003558554  -0.0003482429   0.0002216075   0.0004694988
       -0.0001358014  -0.0000065141   0.0001618201   0.0001852958   0.0001206393
        0.0006559703   0.0000947179   0.0007891383   0.0001548712  -0.0002401999
        0.0005773996   0.0002101636   0.0026766182  -0.0021840587   0.0032855860
        0.0430549068   0.0956186569   0.0901655029  -0.0136635477  -0.0130120529
       -0.0196785293   0.0005232935  -0.0006462310  -0.0004528711   0.0013800320
       -0.0013761503  -0.0008691394   0.0000473771  -0.0001250180   0.0000240415
        0.0001175229  -0.0000572274  -0.0001181486  -0.0004692492  -0.0003504834
        0.0003605341  -0.0000685190  -0.0000180197   0.0000785782  -0.0000246701
       -0.0000733671  -0.0000465629  -0.0000182909   0.0000552550   0.0000500781
       -0.0003731229  -0.0001411336   0.0000182839
       -0.0099145763  -0.0046134043  -0.0163919566  -0.0754114394  -0.0777112016
       -0.1998087040  -0.0017459420  -0.0096303278  -0.0174743794  -0.0010718834
       -0.0003371147  -0.0002443586  -0.0000111809  -0.0002056990   0.0000778374
       -0.0002090209   0.0001332018  -0.0000039471  -0.0001443792   0.0007976349
        0.0005782107   0.0002646438  -0.0005270658   0.0001373668   0.0002335071
       -0.0002993081   0.0005852583  -0.0024485371   0.0030501453  -0.0023258783
        0.0868972592   0.0901655029   0.2327116079   0.0013303813   0.0014728496
        0.0052424758   0.0003017197  -0.0005008442  -0.0008954729   0.0021774662
       -0.0024191690  -0.0023938686  -0.0000742234  -0.0000004138  -0.0000428309
       -0.0001668842   0.0000625526   0.0000774120   0.0004993423   0.0009112733
       -0.0000375632  -0.0000464211  -0.0000462673  -0.0000059731  -0.0000829956
        0.0000312667  -0.0000105974  -0.0000260201   0.0000597265   0.0000792437
       -0.0003508160  -0.0003933379   0.0001461173
        0.0077594273   0.0099356397  -0.0043231545  -0.1405989238  -0.1075243918
        0.0403615028  -0.0196241639  -0.0115763223   0.0083674592  -0.0023890325
        0.0014006357   0.0035059913   0.0000165714  -0.0000241613   0.0000023207
       -0.0011512393  -0.0002561546  -0.0002275252   0.0002437285   0.0003157723
       -0.0000496782  -0.0001716996   0.0023883202  -0.0016879865   0.0006122242
        0.0001553628  -0.0002460736   0.0006181641   0.0003025403   0.0002312538
       -0.0110263554  -0.0136635477   0.0013303813   0.1669476348   0.1182819168
       -0.0479532775  -0.0003346218  -0.0003666592   0.0002151071  -0.0008806799
        0.0001649452   0.0004171884  -0.0000519674   0.0001056895  -0.0000387165
        0.0000302110   0.0000528930  -0.0000322974   0.0000031953   0.0002246297
       -0.0000181727   0.0000514313  -0.0000444335  -0.0000699590   0.0000191362
        0.0000116990  -0.0000067742  -0.0002833352   0.0001659090   0.0001116081
        0.0002102945  -0.0000502828   0.0001108026
       -0.0119612767  -0.0210688620   0.0099759806  -0.1081784533  -0.1552186751
        0.0438750924   0.0088232958   0.0056502756  -0.0040234104   0.0015290825
        0.0000137773  -0.0010963744  -0.0001352398   0.0000850427   0.0000753561
        0.0004034160   0.0000831264   0.0000304636  -0.0004266740   0.0000709927
       -0.0000765518   0.0029106890  -0.0038969075   0.0034593244  -0.0002540221
       -0.0001044045  -0.0002731076  -0.0003378574   0.0008867324  -0.0004218564
       -0.0133061685  -0.0130120529   0.0014728496   0.1182819168   0.1851616121
       -0.0516497522   0.0020017917   0.0015080205  -0.0010734045   0.0002254503
       -0.0002588294  -0.0003483299   0.0000698661  -0.0000334524  -0.0000544153
        0.0000060185   0.0000427826  -0.0000093716   0.0000922046   0.0001039465
        0.0000914310  -0.0000028374  -0.0000214463   0.0000574987  -0.0000324456
        0.0000689679  -0.0000131653   0.0000921687  -0.0000553572  -0.0000336823
        0.0001990749  -0.0000052894   0.0000354252
        0.0094436061   0.0162972699  -0.0061544404   0.0402812619   0.0429880474
       -0.0615002170   0.0149050981   0.0094810574  -0.0046541227   0.0010462690
       -0.0013745398  -0.0018183834  -0.0000344725  -0.0001525053   0.0001351125
        0.0007582004   0.0001671628   0.0001443290  -0.0000759729   0.0001918420
       -0.0001093558  -0.0019216008   0.0036769882  -0.0017714836   0.0001872020
       -0.0005415963   0.0003591355   0.0007373206   0.0003089438   0.0000964007
       -0.0179493658  -0.0196785293   0.0052424758  -0.0479532775  -0.0516497522
        0.0699989954   0.0000169739   0.0005616959   0.0011021767   0.0006009974
       -0.0004126609  -0.0009737242  -0.0000879565   0.0000622459   0.0000248981
       -0.0000011068   0.0000380267   0.0000475017   0.0000290932   0.0001705528
       -0.0001087883  -0.0000163864   0.0000333406  -0.0000008891  -0.0000345797
        0.0000347498   0.0000339467   0.0001953226  -0.0000847980  -0.0000740573
       -0.0001266260  -0.0001175414  -0.0000195104
       -0.0023222175   0.0025141894   0.0021421538  -0.0052632812   0.0210204777
       -0.0014747223  -0.0398696445   0.0044687080  -0.0032232424  -0.0048628096
       -0.0284981197   0.0060748780  -0.0047531906  -0.0020455558  -0.0010128442
        0.0004118913  -0.0013743469  -0.0001077964   0.0010348130   0.0009023038
        0.0012922301  -0.0000784275  -0.0002010226   0.0000399111  -0.0007515322
        0.0007065574  -0.0003752470   0.0001100402  -0.0000789710   0.0001542594
       -0.0006155071   0.0005232935   0.0003017197  -0.0003346218   0.0020017917
        0.0000169739   0.0573882033  -0.0057445820  -0.0016522625   0.0011265613
        0.0064841685  -0.0026547678  -0.0000931282   0.0002050939  -0.0001040085
       -0.0004000414  -0.0015823095   0.0001998724  -0.0001237250   0.0002004327
        0.0000211570  -0.0000392288   0.0000447882   0.0000903873  -0.0010185873
        0.0004523619   0.0001635120   0.0002113277   0.0001101280  -0.0000519572
        0.0002431061  -0.0001093873   0.0001597935
        0.0019828095  -0.0010164854  -0.0024067642   0.0040837227  -0.0162203838
        0.0024848804   0.0047394376  -0.2589113201   0.0570226933  -0.0050455249
       -0.0186599361   0.0038607231  -0.0035984283  -0.0008201224  -0.0007365516
        0.0013777699   0.0010067441  -0.0001093785   0.0002065531   0.0007695096
        0.0000343740  -0.0000517015   0.0002997762  -0.0001228172   0.0006980869
       -0.0006749020   0.0003794208  -0.0001344352   0.0000515318  -0.0001275369
        0.0006025350  -0.0006462310  -0.0005008442  -0.0003666592   0.0015080205
        0.0005616959  -0.0057445820   0.2998465734  -0.0650350492   0.0006104019
       -0.0063954266   0.0045114599   0.0000350199   0.0001968999  -0.0002256267
       -0.0003375477  -0.0010979379   0.0001084104   0.0000089822   0.0001786635
        0.0001014809  -0.0000901717  -0.0001630282   0.0001345466  -0.0001371592
        0.0004695722  -0.0000532475   0.0002720321   0.0000476307  -0.0000307559
        0.0008888590   0.0002308517   0.0001488867
        0.0010026410  -0.0010398187  -0.0008387684   0.0034846346  -0.0150621262
        0.0032439993  -0.0026690178   0.0569566393  -0.0585498585  -0.0005944910
       -0.0054517823   0.0020903617  -0.0007993503  -0.0002544985   0.0001779518
        0.0005424218   0.0002792646   0.0000244209   0.0003206479  -0.0001680169
        0.0005311154  -0.0000124062  -0.0002345260  -0.0000652040   0.0003340986
       -0.0003951387   0.0003728170   0.0000314418   0.0001845798  -0.0000906674
        0.0004128023  -0.0004528711  -0.0008954729   0.0002151071  -0.0010734045
        0.0011021767  -0.0016522625  -0.0650350492   0.0649420455  -0.0009497109
        0.0323650768  -0.0121894927  -0.0000590142  -0.0000806904   0.0000871194
       -0.0000253480  -0.0002940914   0.0002153141   0.0000601644  -0.0000346565
       -0.0000900214  -0.0000327273   0.0002106557  -0.0002572306   0.0004680371
       -0.0002290721   0.0003086850  -0.0000728047  -0.0001557571  -0.0001049887
       -0.0000048638  -0.0000347166  -0.0000143023
        0.0011567989  -0.0001034741   0.0013464176   0.0021663090   0.0011880287
        0.0203469571  -0.0492303315   0.0030269139  -0.0432258108  -0.0069109588
        0.0018773285  -0.0252488593   0.0004130374   0.0005836434  -0.0001631860
        0.0000847270  -0.0001227342  -0.0007778486  -0.0066027074  -0.0022528085
       -0.0027720199   0.0001174126   0.0000243340  -0.0000317599   0.0000715600
       -0.0001711897  -0.0000460674  -0.0007602389   0.0000622617  -0.0002316597
       -0.0024714771   0.0013800320   0.0021774662  -0.0008806799   0.0002254503
        0.0006009974   0.0011265613   0.0006104019  -0.0009497109   0.0629858542
       -0.0063105837   0.0496326069  -0.0000048760  -0.0004748239   0.0001740934
        0.0000914004   0.0002147510  -0.0000074233  -0.0000356352   0.0001066208
        0.0001090288  -0.0010522502   0.0000053246   0.0006015595  -0.0000605638
        0.0001146779  -0.0000417325   0.0002901339   0.0000200927   0.0000636657
       -0.0004940759  -0.0000042471  -0.0015567144
       -0.0002342345   0.0006771496  -0.0010260505  -0.0002988143   0.0003152704
       -0.0137422998   0.0034433120  -0.0440603111   0.0214047768  -0.0029208900
        0.0010819429  -0.0107822829  -0.0002202711   0.0003146293  -0.0005160971
        0.0006504971   0.0000771516  -0.0000090474  -0.0027061267  -0.0005631703
       -0.0015307431  -0.0000925003  -0.0004216785  -0.0002709698  -0.0001087871
       -0.0000277010   0.0000762029   0.0004368370   0.0002246847  -0.0000452811
        0.0019330773  -0.0013761503  -0.0024191690   0.0001649452  -0.0002588294
       -0.0004126609   0.0064841685  -0.0063954266   0.0323650768  -0.0063105837
        0.0507433637  -0.0225188875  -0.0004864191  -0.0004950591   0.0000971920
        0.0001387005   0.0000048975   0.0000669368   0.0000415495  -0.0001019130
       -0.0001028763   0.0002249760   0.0003364284  -0.0001651139   0.0000234883
       -0.0001812553   0.0002162171  -0.0000204794  -0.0001398403  -0.0001040231
       -0.0001424451   0.0002458171  -0.0005809000
       -0.0014410923   0.0013553164   0.0016125918   0.0004877460  -0.0022736459
       -0.0200555013  -0.0451256243   0.0203394701  -0.2641141701  -0.0035589629
        0.0006360004  -0.0100651290   0.0006923789   0.0004507404   0.0005418908
        0.0011816666   0.0001007379   0.0007094213  -0.0032759134  -0.0011211284
       -0.0010643660  -0.0000098205  -0.0004248787   0.0000247210  -0.0004550532
        0.0003807201   0.0001385400   0.0005906252  -0.0001985093   0.0004920367
        0.0030615639  -0.0008691394  -0.0023938686   0.0004171884  -0.0003483299
       -0.0009737242  -0.0026547678   0.0045114599  -0.0121894927   0.0496326069
       -0.0225188875   0.3073145220  -0.0000556756  -0.0002131813   0.0004590437
        0.0001897224   0.0000812581   0.0000035890  -0.0000308128  -0.0000022859
       -0.0002012318   0.0002032489  -0.0000818595   0.0005040397  -0.0001078495
        0.0000917087  -0.0002094087   0.0002200001   0.0000466072   0.0000053942
        0.0000388249   0.0000578269  -0.0005388980
       -0.0002594339  -0.0001552667   0.0000849763  -0.0000684130  -0.0001702160
        0.0002079087   0.0002726038  -0.0004495443   0.0006437676   0.0002655168
        0.0000241138   0.0005956581  -0.0632064110   0.0114136512  -0.0667477212
       -0.0000443879   0.0002559646   0.0000010534   0.0005226189  -0.0003433681
        0.0006311772  -0.0008412914   0.0003331177   0.0004249474   0.0001373125
        0.0000823011  -0.0001161585  -0.0000800820  -0.0000415823  -0.0000718906
        0.0000402528   0.0000473771  -0.0000742234  -0.0000519674   0.0000698661
       -0.0000879565  -0.0000931282   0.0000350199  -0.0000590142  -0.0000048760
       -0.0004864191  -0.0000556756   0.0713853379  -0.0125655634   0.0778764070
       -0.0131118909   0.0036204128  -0.0316278401   0.0050885511  -0.0019534161
        0.0181215907   0.0001241783   0.0004833851   0.0002770060  -0.0000500232
       -0.0001436026   0.0001120968  -0.0001841060  -0.0000172263  -0.0001786601
        0.0001596389  -0.0000390047   0.0000425511
        0.0000791872   0.0001650571  -0.0001502136  -0.0001840129   0.0000062148
       -0.0000631498   0.0004404745   0.0007596317   0.0005446867   0.0077781841
       -0.0045541452   0.0249738055   0.0112609766  -0.0478921340   0.0351615209
       -0.0001049139   0.0001877910   0.0001926539   0.0003721373  -0.0076708500
        0.0069230683   0.0001875710   0.0002433114  -0.0000560368   0.0000058467
       -0.0000839555  -0.0000194241  -0.0001156395  -0.0000657233  -0.0000092288
        0.0000979726  -0.0001250180  -0.0000004138   0.0001056895  -0.0000334524
        0.0000622459   0.0002050939   0.0001968999  -0.0000806904  -0.0004748239
       -0.0004950591  -0.0002131813  -0.0125655634   0.0553823351  -0.0422659761
       -0.0028303778   0.0020119093  -0.0079882774  -0.0043586309   0.0026731243
       -0.0164077934   0.0002688545  -0.0006306023  -0.0003509981  -0.0000851021
        0.0001761172  -0.0000816712   0.0000218023  -0.0000609445  -0.0000239930
       -0.0001047260  -0.0001905074  -0.0001469334
       -0.0001425838   0.0002366967   0.0001365390   0.0002419164   0.0001597023
       -0.0003263319  -0.0002261140  -0.0005400358   0.0003658918  -0.0024440162
        0.0030265888  -0.0093525033  -0.0667983708   0.0358935134  -0.2599912077
        0.0001502660  -0.0007263335   0.0005922137  -0.0003167275   0.0039971888
       -0.0023999669   0.0007279139  -0.0003828031  -0.0000378109  -0.0001917143
       -0.0001047629   0.0000799380  -0.0000383185  -0.0000931155   0.0000983162
       -0.0001277434   0.0000240415  -0.0000428309  -0.0000387165  -0.0000544153
        0.0000248981  -0.0001040085  -0.0002256267   0.0000871194   0.0001740934
        0.0000971920   0.0004590437   0.0778764070  -0.0422659761   0.3004483620
       -0.0042419768   0.0000569708  -0.0063336616  -0.0050288161   0.0011360143
       -0.0243409713   0.0001027870  -0.0000973233   0.0004419011   0.0000366160
       -0.0001673617  -0.0000068881  -0.0000789378   0.0000326699  -0.0001742399
        0.0004680445  -0.0000028245   0.0002721893
       -0.0001282111   0.0001370365  -0.0000745566   0.0001518521  -0.0000264319
       -0.0002193520   0.0005028995  -0.0014544521   0.0005186808  -0.0060804248
       -0.0050421473  -0.0002530897  -0.2575773900  -0.0643568010  -0.0241327560
        0.0010440731   0.0014692774  -0.0000325321   0.0003434564   0.0005127951
        0.0006221293  -0.0001648248  -0.0003263184   0.0001387220  -0.0000302913
       -0.0000588639   0.0000374796   0.0000365396  -0.0000526445   0.0000654711
        0.0000161178   0.0001175229  -0.0001668842   0.0000302110   0.0000060185
       -0.0000011068  -0.0004000414  -0.0003375477  -0.0000253480   0.0000914004
        0.0001387005   0.0001897224  -0.0131118909  -0.0028303778  -0.0042419768
        0.2988419679   0.0758567823   0.0276747477  -0.0239962262  -0.0037164627
       -0.0001739619  -0.0001694394  -0.0001193820  -0.0001226731  -0.0000682307
        0.0002543084   0.0000143723   0.0003252621   0.0001761672  -0.0000010633
        0.0003431904  -0.0003471794   0.0001839753
        0.0001879605   0.0000548698   0.0000182657   0.0002313325   0.0001522777
       -0.0000223807  -0.0002261766  -0.0059329160   0.0015282893  -0.0291042259
       -0.0131070123  -0.0030342643  -0.0648582130  -0.0618283553  -0.0070274222
       -0.0013404694   0.0008377227   0.0002739447   0.0001190085   0.0007754988
       -0.0011909433  -0.0001375444   0.0000498925  -0.0000921987   0.0000437058
        0.0000290369   0.0000008365   0.0000560349   0.0000149635  -0.0000151303
       -0.0000068702  -0.0000572274   0.0000625526   0.0000528930   0.0000427826
        0.0000380267  -0.0015823095  -0.0010979379  -0.0002940914   0.0002147510
        0.0000048975   0.0000812581   0.0036204128   0.0020119093   0.0000569708
        0.0758567823   0.0736906326   0.0080716213   0.0158882802   0.0046224820
        0.0010315188  -0.0000193524  -0.0000765130  -0.0001040824  -0.0000593402
        0.0003512389   0.0000731301   0.0007630214  -0.0007393905  -0.0000312753
        0.0003003188   0.0002011477   0.0005753739
        0.0000144663   0.0000814535   0.0001607038   0.0000211096   0.0000947546
        0.0000211665   0.0001856008   0.0008314657   0.0000945862   0.0057557960
        0.0021800784   0.0008217055  -0.0231627715  -0.0068008547  -0.0468052955
       -0.0001218098  -0.0006129700   0.0000801640   0.0004716935  -0.0001233333
        0.0005214733   0.0000069318  -0.0000731753  -0.0002067461  -0.0000634331
       -0.0000198493   0.0000413547   0.0000607874   0.0000671406  -0.0000265904
       -0.0000484519  -0.0001181486   0.0000774120  -0.0000322974  -0.0000093716
        0.0000475017   0.0001998724   0.0001084104   0.0002153141  -0.0000074233
        0.0000669368   0.0000035890  -0.0316278401  -0.0079882774  -0.0063336616
        0.0276747477   0.0080716213   0.0502188706   0.0208699028   0.0041214569
        0.0015356510  -0.0001981537  -0.0000832070  -0.0002285160   0.0001184267
        0.0000186627  -0.0001360573   0.0001859359  -0.0002954910   0.0002544993
       -0.0003030902   0.0004826971  -0.0003571245
       -0.0010405501  -0.0004624738  -0.0000975284  -0.0003995830  -0.0007591834
       -0.0001993625   0.0002172158  -0.0001992352   0.0000517810   0.0005757668
        0.0019299652  -0.0008274472  -0.1236432040   0.0737817818   0.0875223346
        0.0005383581   0.0005806685  -0.0000530762   0.0000426297  -0.0004716561
       -0.0003420102  -0.0012329287   0.0001108452  -0.0009082351  -0.0001897842
        0.0000464279   0.0000849035   0.0001041908   0.0001490373  -0.0000166074
       -0.0000439072  -0.0004692492   0.0004993423   0.0000031953   0.0000922046
        0.0000290932  -0.0001237250   0.0000089822   0.0000601644  -0.0000356352
        0.0000415495  -0.0000308128   0.0050885511  -0.0043586309  -0.0050288161
       -0.0239962262   0.0158882802   0.0208699028   0.1442630660  -0.0863792815
       -0.1016807382  -0.0000855976  -0.0000695765  -0.0001443032   0.0001476034
        0.0001087872   0.0001083875   0.0002447513  -0.0001144938   0.0000257873
       -0.0004341872   0.0005452509   0.0000772406
        0.0000839470   0.0002208772  -0.0000218399  -0.0002696917  -0.0002298332
       -0.0001968264   0.0004605282   0.0006567940  -0.0001646742   0.0177830177
       -0.0205199200  -0.0185397782   0.0739116961  -0.1099273798  -0.0802131199
       -0.0002811149  -0.0067318388   0.0013023328  -0.0003836842   0.0028054566
       -0.0009682799  -0.0002339441   0.0005467484  -0.0002524850   0.0000709406
        0.0000384647  -0.0000354945   0.0000501583  -0.0000208998   0.0000582185
       -0.0005937632  -0.0003504834   0.0009112733   0.0002246297   0.0001039465
        0.0001705528   0.0002004327   0.0001786635  -0.0000346565   0.0001066208
       -0.0001019130  -0.0000022859  -0.0019534161   0.0026731243   0.0011360143
       -0.0037164627   0.0046224820   0.0041214569  -0.0863792815   0.1276879371
        0.0932369535  -0.0001053163   0.0000695696   0.0002263654   0.0012545523
       -0.0013785346  -0.0009327280  -0.0002929847   0.0000208054   0.0001444272
        0.0000631362  -0.0003640667   0.0000545738
       -0.0000005928  -0.0002910053   0.0002704085   0.0002250536   0.0001517054
        0.0005997849   0.0000395894  -0.0003517045  -0.0001076743  -0.0025561861
        0.0013496919   0.0030370510   0.0872689773  -0.0807328942  -0.1388642705
       -0.0000935928   0.0006362919   0.0003888872  -0.0002997351  -0.0002733422
        0.0008748047  -0.0012441349   0.0002559418  -0.0003980644   0.0001975748
        0.0001621642  -0.0000987296   0.0001050898   0.0001660530  -0.0001351705
        0.0003350475   0.0003605341  -0.0000375632  -0.0000181727   0.0000914310
       -0.0001087883   0.0000211570   0.0001014809  -0.0000900214   0.0001090288
       -0.0001028763  -0.0002012318   0.0181215907  -0.0164077934  -0.0243409713
       -0.0001739619   0.0010315188   0.0015356510  -0.1016807382   0.0932369535
        0.1573752251   0.0000069941   0.0001528545   0.0001532732  -0.0000611099
        0.0001441550   0.0002493361  -0.0001244902   0.0000338697  -0.0000817099
       -0.0001773884   0.0002849700  -0.0000202266
        0.0000075950   0.0000324706  -0.0000476122  -0.0000397672  -0.0000075424
       -0.0000649001   0.0001458606   0.0002007960   0.0009526719   0.0037574896
       -0.0017844895   0.0157008096   0.0002079138  -0.0003527208   0.0001151586
       -0.0534249114   0.0050262318  -0.0511174744  -0.0020812931   0.0016782676
        0.0058427603   0.0000019834   0.0000209983   0.0000223761   0.0000482102
       -0.0000363540  -0.0000268610  -0.0000391029  -0.0000102172  -0.0000053528
        0.0000835186  -0.0000685190  -0.0000464211   0.0000514313  -0.0000028374
       -0.0000163864  -0.0000392288  -0.0000901717  -0.0000327273  -0.0010522502
        0.0002249760   0.0002032489   0.0001241783   0.0002688545   0.0001027870
       -0.0001694394  -0.0000193524  -0.0001981537  -0.0000855976  -0.0001053163
        0.0000069941   0.0613124385  -0.0069796723   0.0587477837   0.0008932458
       -0.0002035766   0.0009208618  -0.0096871624   0.0020205896  -0.0310572872
       -0.0000151124   0.0001875855  -0.0000022757
        0.0000365341   0.0000172233   0.0000177664  -0.0000312932  -0.0000665919
       -0.0000090090  -0.0004880327   0.0001922460   0.0000565191  -0.0030456116
        0.0014269573  -0.0126854823   0.0001213104   0.0000043076  -0.0004745369
        0.0050342725  -0.0452403990   0.0248072858   0.0018599649  -0.0008742488
       -0.0044623698   0.0000122002  -0.0000476915  -0.0000196581  -0.0000209022
       -0.0000134041   0.0000138355  -0.0000024445   0.0000153473  -0.0000095271
       -0.0000141741  -0.0000180197  -0.0000462673  -0.0000444335  -0.0000214463
        0.0000333406   0.0000447882  -0.0001630282   0.0002106557   0.0000053246
        0.0003364284  -0.0000818595   0.0004833851  -0.0006306023  -0.0000973233
       -0.0001193820  -0.0000765130  -0.0000832070  -0.0000695765   0.0000695696
        0.0001528545  -0.0069796723   0.0499586809  -0.0281405811   0.0070522434
       -0.0062116419   0.0323194992  -0.0039299982   0.0014064322  -0.0114856132
        0.0000954973  -0.0000636060  -0.0000163223
       -0.0000240363   0.0000400241   0.0001246404  -0.0001301203   0.0000230264
        0.0002385154  -0.0007961404   0.0002192224   0.0005027950  -0.0029830034
        0.0011315981  -0.0184772692  -0.0003211860   0.0005244017   0.0008137798
       -0.0510349498   0.0242290299  -0.2719168287   0.0033597426  -0.0027493563
       -0.0068138332   0.0000052203  -0.0000892785  -0.0000234654  -0.0000447593
        0.0000095727   0.0000028187   0.0000495149   0.0000133429   0.0000374470
       -0.0001239923   0.0000785782  -0.0000059731  -0.0000699590   0.0000574987
       -0.0000008891   0.0000903873   0.0001345466  -0.0002572306   0.0006015595
       -0.0001651139   0.0005040397   0.0002770060  -0.0003509981   0.0004419011
       -0.0001226731  -0.0001040824  -0.0002285160  -0.0001443032   0.0002263654
        0.0001532732   0.0587477837  -0.0281405811   0.3153683186  -0.0028533762
        0.0043382641  -0.0116152027  -0.0049134325   0.0004006723  -0.0091722780
        0.0004307174   0.0001732668   0.0003239571
       -0.0000217605  -0.0000361672  -0.0000162940   0.0000776737  -0.0001029765
       -0.0000171989   0.0004150460   0.0012515143   0.0000753779  -0.0003855446
        0.0194440986  -0.0043013059  -0.0022204797   0.0023587460   0.0021543505
       -0.0439860091  -0.0108522116   0.0024458914   0.0005334804  -0.0007034068
       -0.0012529789   0.0000301459  -0.0000387952   0.0000236849   0.0000481468
       -0.0000410768   0.0000037959   0.0000060059   0.0000069564   0.0000019429
        0.0000572399  -0.0000246701  -0.0000829956   0.0000191362  -0.0000324456
       -0.0000345797  -0.0010185873  -0.0001371592   0.0004680371  -0.0000605638
        0.0000234883  -0.0001078495  -0.0000500232  -0.0000851021   0.0000366160
       -0.0000682307  -0.0000593402   0.0001184267   0.0001476034   0.0012545523
       -0.0000611099   0.0008932458   0.0070522434  -0.0028533762   0.0499818798
        0.0118514700  -0.0037744259  -0.0042795674  -0.0307576904   0.0071728625
       -0.0001188378  -0.0003720276   0.0000011287
       -0.0000024922   0.0001021169  -0.0000278364  -0.0002804164   0.0002092545
        0.0001085318  -0.0009977120   0.0006433652   0.0004110046   0.0021566253
       -0.0208978844   0.0026263676   0.0033264029  -0.0025070507  -0.0028115658
       -0.0113265777  -0.2672064812   0.0589789283  -0.0011062321   0.0015741741
        0.0005583434  -0.0000793633   0.0000049004  -0.0000128843  -0.0000112820
        0.0000108533  -0.0000239741  -0.0000003148   0.0000088210   0.0000223279
       -0.0000539077  -0.0000733671   0.0000312667   0.0000116990   0.0000689679
        0.0000347498   0.0004523619   0.0004695722  -0.0002290721   0.0001146779
       -0.0001812553   0.0000917087  -0.0001436026   0.0001761172  -0.0001673617
        0.0002543084   0.0003512389   0.0000186627   0.0001087872  -0.0013785346
        0.0001441550  -0.0002035766  -0.0062116419   0.0043382641   0.0118514700
        0.3107966745  -0.0677425678  -0.0042809044  -0.0155376052   0.0037582025
        0.0002100493  -0.0004222358  -0.0001072510
        0.0000332981   0.0000195088   0.0000146880  -0.0000621910  -0.0000116385
       -0.0000532745  -0.0005527111  -0.0002237430   0.0001647860   0.0004728146
       -0.0154775982   0.0035214074   0.0020610075  -0.0019560900  -0.0011960959
        0.0020498906   0.0592105613  -0.0590547746  -0.0007860122   0.0005208008
        0.0014484592  -0.0000132734  -0.0000045220  -0.0000306002  -0.0000120382
        0.0000010093  -0.0000002245  -0.0000146917   0.0000113316  -0.0000269276
        0.0000082671  -0.0000465629  -0.0000105974  -0.0000067742  -0.0000131653
        0.0000339467   0.0001635120  -0.0000532475   0.0003086850  -0.0000417325
        0.0002162171  -0.0002094087   0.0001120968  -0.0000816712  -0.0000068881
        0.0000143723   0.0000731301  -0.0001360573   0.0001083875  -0.0009327280
        0.0002493361   0.0009208618   0.0323194992  -0.0116152027  -0.0037744259
       -0.0677425678   0.0648784161  -0.0007775444  -0.0054297216   0.0019645243
        0.0000968863  -0.0003988023  -0.0002441973
       -0.0001244979   0.0000522205   0.0001356362  -0.0010415524  -0.0005823611
       -0.0003850988  -0.0034909949   0.0030834441   0.0031867368  -0.0245839474
       -0.0054891879  -0.0018927737   0.0008050087  -0.0010470609  -0.0003857769
       -0.2446098095  -0.0761539071  -0.0390608270   0.0010681211  -0.0004184625
       -0.0006680965   0.0000091734  -0.0000307262  -0.0000174721  -0.0000566522
        0.0000695841   0.0000027421   0.0000537386  -0.0000215613   0.0000120529
        0.0000614266  -0.0000182909  -0.0000260201  -0.0002833352   0.0000921687
        0.0001953226   0.0002113277   0.0002720321  -0.0000728047   0.0002901339
       -0.0000204794   0.0002200001  -0.0001841060   0.0000218023  -0.0000789378
        0.0003252621   0.0007630214   0.0001859359   0.0002447513  -0.0002929847
       -0.0001244902  -0.0096871624  -0.0039299982  -0.0049134325  -0.0042795674
       -0.0042809044  -0.0007775444   0.2849544713   0.0877181573   0.0438563233
        0.0003182104   0.0002134940   0.0006085247
        0.0000364793   0.0000125116  -0.0000119182   0.0006405690   0.0003828587
       -0.0000232727   0.0016690800  -0.0008795176  -0.0012829227   0.0130224598
        0.0043653783   0.0023923320   0.0014319692   0.0006277624  -0.0002122044
       -0.0757622045  -0.0716266439  -0.0144346428  -0.0000120276  -0.0002616115
        0.0010998693  -0.0000123161   0.0000222927  -0.0000030186  -0.0000267496
        0.0000114401   0.0000148779  -0.0000090389  -0.0000094849  -0.0000117786
       -0.0000333855   0.0000552550   0.0000597265   0.0001659090  -0.0000553572
       -0.0000847980   0.0001101280   0.0000476307  -0.0001557571   0.0000200927
       -0.0001398403   0.0000466072  -0.0000172263  -0.0000609445   0.0000326699
        0.0001761672  -0.0007393905  -0.0002954910  -0.0001144938   0.0000208054
        0.0000338697   0.0020205896   0.0014064322   0.0004006723  -0.0307576904
       -0.0155376052  -0.0054297216   0.0877181573   0.0818514976   0.0178618089
       -0.0002664682   0.0005065310   0.0000030921
        0.0000821713  -0.0000565016  -0.0000094522   0.0007198834   0.0001591975
        0.0002583748   0.0020108402  -0.0013961220  -0.0012939868   0.0151781728
        0.0044186189   0.0021460362  -0.0000261578   0.0006812979   0.0001707519
       -0.0380857876  -0.0139154183  -0.0509336497   0.0003159150   0.0003178918
        0.0013800759  -0.0000107676   0.0000193457  -0.0000170378   0.0000031744
       -0.0000095665   0.0000192478   0.0000054676   0.0000014734  -0.0000230235
       -0.0000296079   0.0000500781   0.0000792437   0.0001116081  -0.0000336823
       -0.0000740573  -0.0000519572  -0.0000307559  -0.0001049887   0.0000636657
       -0.0001040231   0.0000053942  -0.0001786601  -0.0000239930  -0.0001742399
       -0.0000010633  -0.0000312753   0.0002544993   0.0000257873   0.0001444272
       -0.0000817099  -0.0310572872  -0.0114856132  -0.0091722780   0.0071728625
        0.0037582025   0.0019645243   0.0438563233   0.0178618089   0.0561520768
       -0.0001045827  -0.0003253906  -0.0005458013
        0.0000001458  -0.0000280837  -0.0000108970   0.0004091441  -0.0001736386
        0.0000249618  -0.0008088554  -0.0001129583  -0.0029766853  -0.0069413853
       -0.0002274292  -0.0072859492   0.0004068123  -0.0001437281   0.0006055667
        0.0014693161  -0.0000694884   0.0000443188  -0.3662531065  -0.1348786314
       -0.0789006622  -0.0000516477  -0.0000071788  -0.0000432528  -0.0000643249
        0.0000525551  -0.0000427154   0.0000062264   0.0001212938  -0.0000066953
       -0.0001122268  -0.0003731229  -0.0003508160   0.0002102945   0.0001990749
       -0.0001266260   0.0002431061   0.0008888590  -0.0000048638  -0.0004940759
       -0.0001424451   0.0000388249   0.0001596389  -0.0001047260   0.0004680445
        0.0003431904   0.0003003188  -0.0003030902  -0.0004341872   0.0000631362
       -0.0001773884  -0.0000151124   0.0000954973   0.0004307174  -0.0001188378
        0.0002100493   0.0000968863   0.0003182104  -0.0002664682  -0.0001045827
        0.3717276747   0.1345971144   0.0886249040
       -0.0000255057  -0.0000992691  -0.0000104529   0.0001112643  -0.0000381776
        0.0003434633   0.0001194373   0.0003895326   0.0001525699   0.0058033605
       -0.0001851622  -0.0008540846   0.0010478806   0.0015870014  -0.0005190795
       -0.0008704054   0.0001097254   0.0006807497  -0.1409294671  -0.0559685648
       -0.0221987464   0.0000391678  -0.0000253788   0.0000610871  -0.0000091745
        0.0000356410  -0.0000125661  -0.0000350113   0.0000125971  -0.0000743986
        0.0001271376  -0.0001411336  -0.0003933379  -0.0000502828  -0.0000052894
       -0.0001175414  -0.0001093873   0.0002308517  -0.0000347166  -0.0000042471
        0.0002458171   0.0000578269  -0.0000390047  -0.0001905074  -0.0000028245
       -0.0003471794   0.0002011477   0.0004826971   0.0005452509  -0.0003640667
        0.0002849700   0.0001875855  -0.0000636060   0.0001732668  -0.0003720276
       -0.0004222358  -0.0003988023   0.0002134940   0.0005065310  -0.0003253906
        0.1345971144   0.0541845462   0.0227053104
        0.0000259954   0.0000777116   0.0000033718   0.0003975563  -0.0000662305
       -0.0001183647  -0.0015374189   0.0007043082  -0.0058727498  -0.0331013922
       -0.0117122044  -0.0121916106  -0.0000503438  -0.0005931406   0.0007096180
       -0.0008706718   0.0001949053   0.0013318388  -0.0531554684  -0.0112558384
       -0.0489048950  -0.0000491768  -0.0000075516   0.0000252280   0.0000494095
       -0.0000263054   0.0000162920   0.0000485076  -0.0000051935   0.0000627382
       -0.0000069273   0.0000182839   0.0001461173   0.0001108026   0.0000354252
       -0.0000195104   0.0001597935   0.0001488867  -0.0000143023  -0.0015567144
       -0.0005809000  -0.0005388980   0.0000425511  -0.0001469334   0.0002721893
        0.0001839753   0.0005753739  -0.0003571245   0.0000772406   0.0000545738
       -0.0000202266  -0.0000022757  -0.0000163223   0.0003239571   0.0000011287
       -0.0001072510  -0.0002441973   0.0006085247   0.0000030921  -0.0005458013
        0.0886249040   0.0227053104   0.0659363299
