$hessian                                                                        
        0.5168384728  -0.0033650224   0.0299225836  -0.0713455018  -0.0100479826
        0.0376560818   0.0001303644  -0.0015893681   0.0043118433  -0.0079284655
       -0.0031938081   0.0231164461   0.0004711578   0.0000387164  -0.0004603901
        0.0003045181  -0.0004292151  -0.0010809607   0.0002906416   0.0000516037
       -0.0003107885  -0.0025343141   0.0037828705  -0.0333178990  -0.1354501950
       -0.0688440578  -0.0983098765  -0.0439956320   0.0086863114  -0.0018807612
       -0.2508922616   0.0725321357   0.0356836863  -0.0038743170   0.0023792525
        0.0030238580   0.0006401664  -0.0010838434  -0.0001641968  -0.0000603907
       -0.0000458273   0.0000034468  -0.0003770167   0.0001500946   0.0003467009
       -0.0021527824   0.0008062500   0.0006079633  -0.0001187227  -0.0000769359
        0.0001261222  -0.0003499169  -0.0001084006   0.0002403122  -0.0000303601
        0.0000263106   0.0000574514  -0.0000295443  -0.0000036056   0.0000326363
        0.0004641001   0.0003345214   0.0003957406
       -0.0033650224   0.5209676736   0.0177370665  -0.0082390585  -0.0779314629
        0.0330058413  -0.0084284308  -0.0109115048   0.0276565126   0.0037796758
        0.0021833614  -0.0102694013  -0.0000113739  -0.0002551773   0.0000611326
        0.0002161386  -0.0002833627   0.0002105088   0.0001467765  -0.0002657101
       -0.0001679659  -0.0015696256   0.0057334661  -0.0081356086  -0.0688692839
       -0.0927250436  -0.0718258511   0.0097384252  -0.2782703995   0.0296772808
        0.0728253767  -0.0702595614  -0.0129630601   0.0023015372  -0.0006271546
       -0.0020999193   0.0007400272   0.0011475784  -0.0013624985   0.0001941346
        0.0001220070   0.0000111534   0.0001520851  -0.0000482864  -0.0001411552
       -0.0001358916   0.0002193671  -0.0002066718   0.0001757390   0.0001393604
       -0.0001419214  -0.0002449764  -0.0000673786   0.0002883034   0.0000610098
        0.0001329151  -0.0001454139  -0.0000711985   0.0001289682   0.0000045194
        0.0006039359   0.0008703446  -0.0011928516
        0.0299225836   0.0177370665   0.4626335045   0.0347647596   0.0305192587
       -0.1637374947   0.0023095896   0.0045272498  -0.0078025787   0.0075730813
        0.0010223628  -0.0129453802   0.0000233292   0.0001925680  -0.0000450314
        0.0007417998  -0.0003647765  -0.0004781114  -0.0000167096  -0.0000030493
       -0.0002705289  -0.0107367425   0.0023599428  -0.0402714451  -0.0990127539
       -0.0720155689  -0.1440567227  -0.0020604027   0.0283490531  -0.0473660237
        0.0366220702  -0.0127244079  -0.0484003837   0.0015726917  -0.0007678286
       -0.0006778595  -0.0009060007   0.0007801014   0.0007709873   0.0001821712
        0.0000005721   0.0002083864   0.0000359423  -0.0000011316   0.0000325331
       -0.0008903874   0.0004966922   0.0002343913   0.0000004318  -0.0000580993
        0.0000094334  -0.0001743907  -0.0000994006   0.0002949081   0.0000424838
       -0.0000958372  -0.0000062147  -0.0000034850   0.0000360341   0.0000432358
        0.0000099384   0.0001091984   0.0018303944
       -0.0713455018  -0.0082390585   0.0347647596   0.4154059065   0.0109212722
       -0.0232244731  -0.0419410961  -0.0236680081   0.0048615268  -0.1199729428
        0.0467169341   0.0393109840  -0.0221376873   0.0054951098   0.0049631888
        0.0004894570   0.0003865026   0.0002281456   0.0004804526   0.0000554261
        0.0000471331  -0.1346229012  -0.0243037352  -0.0716143652   0.0031735929
        0.0027001840  -0.0166829803   0.0000412708  -0.0015160223   0.0010808657
       -0.0112020800  -0.0058487243   0.0282780685  -0.0060091520   0.0033263258
        0.0052161704   0.0001612833   0.0020243554  -0.0005837570  -0.0022340133
       -0.0004495899  -0.0015769060   0.0004323969  -0.0000058789   0.0001030840
        0.0001811513  -0.0000343901  -0.0003259821  -0.0001687204  -0.0000144124
       -0.0001406920  -0.0008783037  -0.0003506571   0.0000048267  -0.0002028969
       -0.0001756875  -0.0002021784   0.0002673205   0.0006018175   0.0002172746
       -0.0099175363  -0.0076217634  -0.0047246938
       -0.0100479826  -0.0779314629   0.0305192587   0.0109212722   0.5449095605
       -0.0141688742  -0.0211856419  -0.2606490416   0.0220245316   0.0390310975
       -0.0983206071  -0.0217978253  -0.0032600816   0.0050907980   0.0045462750
       -0.0000668672  -0.0002360441   0.0001325656   0.0004122133  -0.0001847297
        0.0002471178  -0.0035660157  -0.0773886109   0.0043078749   0.0025965998
        0.0021451287  -0.0118521064  -0.0080836493  -0.0119125734   0.0298323490
        0.0033360283   0.0026814455  -0.0088073783  -0.0016723519   0.0026002768
        0.0011460030   0.0246087547  -0.0222955567  -0.0117193628  -0.0028965494
        0.0001991961  -0.0002877144  -0.0002701836   0.0000776942  -0.0002147209
        0.0001052054   0.0001182304   0.0001481915   0.0000478550  -0.0000926689
       -0.0000879723  -0.0007654904   0.0000940403  -0.0006617336  -0.0005662104
       -0.0000598304   0.0003209385  -0.0000740356  -0.0002913093  -0.0000107574
       -0.0286039667  -0.0085539354  -0.0236166600
        0.0376560818   0.0330058413  -0.1637374947  -0.0232244731  -0.0141688742
        0.4402842702   0.0046432646   0.0201083375  -0.0419942501   0.0316250494
       -0.0194351137  -0.0774052305  -0.0062576988   0.0054232924   0.0041477755
        0.0000989282  -0.0001095570  -0.0002465248   0.0000944229   0.0000133587
       -0.0001414969  -0.0759022835  -0.0130717754  -0.1081973156   0.0023884571
        0.0029265538  -0.0182190428   0.0019559831   0.0058742389  -0.0065471275
        0.0053994411   0.0006899422  -0.0098818740   0.0252321912  -0.0155304537
       -0.0179018170  -0.0012022956   0.0003020326   0.0016386434  -0.0016720035
       -0.0003006904   0.0005216949   0.0000337335   0.0000496511  -0.0002180978
       -0.0003109599  -0.0001653333  -0.0004142293  -0.0001520361   0.0001186702
        0.0000320353  -0.0004392672  -0.0002531714   0.0001128455   0.0001307395
        0.0000690075  -0.0000275182  -0.0001750976   0.0000000500   0.0001248612
        0.0000778231  -0.0055460070  -0.0019301068
        0.0001303644  -0.0084284308   0.0023095896  -0.0419410961  -0.0211856419
        0.0046432646   0.0609928184   0.0350833386   0.0001027698   0.0001278903
        0.0237407487  -0.0003920192   0.0008321111   0.0002148968  -0.0001212628
       -0.0001543318  -0.0000688870  -0.0001249468  -0.0011521270  -0.0000217060
       -0.0001935062  -0.0109337534  -0.0288700897  -0.0047368854   0.0003381739
        0.0004088067  -0.0007248496   0.0000526070  -0.0004465540   0.0013878531
       -0.0001674133  -0.0002689315   0.0000599179   0.0005047878  -0.0000458666
       -0.0002572117  -0.0037906671   0.0035285855   0.0019781623   0.0001814958
       -0.0001351959  -0.0000148742  -0.0000137869  -0.0000074992   0.0000285611
        0.0000446642   0.0000242381  -0.0000013734   0.0000549631  -0.0001600715
        0.0001077377  -0.0013513213  -0.0005232247  -0.0013668635  -0.0007958101
       -0.0003353809   0.0007761204   0.0001144842  -0.0000613345   0.0000272100
       -0.0030740532  -0.0024418001  -0.0034873938
       -0.0015893681  -0.0109115048   0.0045272498  -0.0236680081  -0.2606490416
        0.0201083375   0.0350833386   0.3045108186  -0.0174778406   0.0027726275
       -0.0192977391   0.0003128807  -0.0004889343  -0.0001439458   0.0000550739
        0.0001177175   0.0000768021  -0.0000318800  -0.0012055501   0.0002234474
       -0.0001785349  -0.0096743820  -0.0132310479  -0.0055422938   0.0003079720
        0.0005959404  -0.0004681196  -0.0008986138  -0.0002286083   0.0022290804
       -0.0001005193   0.0000682913  -0.0002722679  -0.0004081597   0.0002195625
        0.0000644202   0.0026122125  -0.0022056724  -0.0018753875  -0.0001817349
       -0.0000947108  -0.0000025377  -0.0000029637   0.0000365752  -0.0000104752
       -0.0000185509  -0.0000920442   0.0001176427  -0.0001035589   0.0000555301
       -0.0000249382  -0.0004742969   0.0004066875   0.0000749315  -0.0000890923
        0.0002165945  -0.0000463497  -0.0002813720   0.0000819327   0.0000006926
       -0.0017087632   0.0003621327  -0.0015596839
        0.0043118433   0.0276565126  -0.0078025787   0.0048615268   0.0220245316
       -0.0419942501   0.0001027698  -0.0174778406   0.0573112897   0.0005086769
       -0.0098378498   0.0012901617  -0.0002172096   0.0002606967   0.0003149340
       -0.0001802385   0.0000652214   0.0000622888  -0.0003277761   0.0000379419
        0.0005794278  -0.0086435036  -0.0219750854  -0.0022966000  -0.0000196507
        0.0006895767   0.0004790077   0.0021017647   0.0025193179  -0.0054689017
       -0.0000934188   0.0001777032   0.0002969166   0.0000326882  -0.0005515752
       -0.0000191352   0.0014037885  -0.0014198480  -0.0003099687  -0.0000485960
       -0.0000956234  -0.0001018238  -0.0000069273   0.0000081249  -0.0000361756
        0.0000663938   0.0001341415  -0.0000825261   0.0000534804  -0.0000725174
       -0.0000868513  -0.0009877352  -0.0003108334  -0.0004188505   0.0003685919
        0.0001294365  -0.0000739182   0.0000971014  -0.0000381960  -0.0002554899
       -0.0033835698  -0.0019238357  -0.0013869563
       -0.0079284655   0.0037796758   0.0075730813  -0.1199729428   0.0390310975
        0.0316250494   0.0001278903   0.0027726275   0.0005086769   0.4518712763
        0.0067616586   0.0042199246  -0.1528804166  -0.0215954413  -0.0342248623
       -0.0076491015  -0.0003563268  -0.0077910871  -0.0067177632  -0.0076182891
       -0.0025749238  -0.0468177700   0.0122973734  -0.0056164641   0.0000819901
        0.0001930917   0.0003352826   0.0003552008   0.0004271470  -0.0008965955
        0.0001158453   0.0000964328   0.0012529156  -0.0398963088  -0.0021274531
        0.0088178422  -0.0459172861  -0.0285167287   0.0049368565  -0.0290864143
       -0.0049403608  -0.0073621548   0.0005018917   0.0002897829  -0.0014351737
        0.0004158777  -0.0000713128   0.0000630778   0.0004678237  -0.0004073311
        0.0006825075   0.0004140410   0.0004112718   0.0001863659   0.0002970072
        0.0004083592   0.0000075786   0.0005178559  -0.0010066575  -0.0002597775
        0.0016997689   0.0001713830  -0.0000481201
       -0.0031938081   0.0021833614   0.0010223628   0.0467169341  -0.0983206071
       -0.0194351137   0.0237407487  -0.0192977391  -0.0098378498   0.0067616586
        0.5030516876  -0.0329437709  -0.0276300216  -0.0711883858  -0.0125326279
        0.0084082900   0.0011116459   0.0031652481  -0.0258911388  -0.0120517639
       -0.0091353754  -0.0044521986   0.0055918880  -0.0003218810  -0.0000314080
        0.0000427544   0.0000115166  -0.0012092093   0.0011437473   0.0011314736
       -0.0012070954   0.0003100704   0.0016696392  -0.0016825462  -0.0538860418
        0.0425993288  -0.0278292560  -0.2592846112   0.0302298258   0.0087679161
        0.0031366082   0.0019367683   0.0009560014  -0.0006996813   0.0027845031
       -0.0000368887   0.0003340590  -0.0001898905   0.0012878618   0.0006132847
        0.0008006620  -0.0000924884   0.0007299708  -0.0000417298  -0.0004630437
        0.0009055291  -0.0004038064  -0.0016655159  -0.0059859398  -0.0010659814
       -0.0012547920   0.0015601632   0.0005566983
        0.0231164461  -0.0102694013  -0.0129453802   0.0393109840  -0.0217978253
       -0.0774052305  -0.0003920192   0.0003128807   0.0012901617   0.0042199246
       -0.0329437709   0.4943612530  -0.0414451302  -0.0127393868  -0.0813163009
       -0.0242683948  -0.0031631403  -0.0129851242  -0.0033593176  -0.0022371736
       -0.0009229043  -0.0252295819   0.0066787874   0.0007892846   0.0002073082
       -0.0001295134   0.0000391146   0.0001107379  -0.0010659164   0.0011276653
        0.0021056813   0.0006559098  -0.0054510633   0.0081199317   0.0418771242
       -0.2606085246   0.0047350102   0.0301194773  -0.0479929751   0.0140654555
        0.0027791190   0.0038504061  -0.0019972406   0.0018489746  -0.0046788988
       -0.0002194522  -0.0002588960   0.0007031276  -0.0002002271  -0.0009409406
        0.0006449844  -0.0001408300   0.0002178890   0.0000630436   0.0006258071
        0.0006748531   0.0005801873   0.0001142402   0.0000852826   0.0005131028
        0.0005206665   0.0002956668   0.0003440708
        0.0004711578  -0.0000113739   0.0000233292  -0.0221376873  -0.0032600816
       -0.0062576988   0.0008321111  -0.0004889343  -0.0002172096  -0.1528804166
       -0.0276300216  -0.0414451302   0.4787783685  -0.0131906996  -0.0200614433
       -0.0697339083   0.0106955663  -0.0162205883  -0.0667503251  -0.0117177437
        0.0005616160  -0.0044828109   0.0018139935   0.0004261116   0.0000627557
        0.0001436304   0.0005626694  -0.0001097612  -0.0001066572   0.0000694092
        0.0001899479   0.0000102566  -0.0000348274  -0.0054236786  -0.0003098444
       -0.0036130189  -0.0068455793  -0.0049814465  -0.0033793245  -0.1427137493
        0.0503309529   0.0969780586  -0.0089013926   0.0121077420  -0.0267578840
        0.0033122009  -0.0074629133   0.0170879567   0.0005133772  -0.0014182573
        0.0026248297   0.0017451606   0.0186316037   0.0023971102   0.0007723121
        0.0059942543   0.0001123338  -0.0065691654  -0.0294597910  -0.0029710301
       -0.0001289171   0.0003097647   0.0001147308
        0.0000387164  -0.0002551773   0.0001925680   0.0054951098   0.0050907980
        0.0054232924   0.0002148968  -0.0001439458   0.0002606967  -0.0215954413
       -0.0711883858  -0.0127393868  -0.0131906996   0.4816498314   0.0148656171
        0.0110280408  -0.0876158552   0.0483684382  -0.0140008579  -0.1928040170
       -0.0116707832   0.0053742768  -0.0008256521   0.0008790053   0.0000522845
        0.0002653887  -0.0001856930  -0.0001671926  -0.0001315734  -0.0000499528
        0.0000627602  -0.0000857832  -0.0000063462   0.0034561269   0.0020400210
        0.0026770863  -0.0263322762  -0.0124668075  -0.0113953984   0.0510875642
       -0.0670549960  -0.0481952167  -0.0005242209   0.0016744237  -0.0026941515
       -0.0024518942   0.0043374924  -0.0079526615   0.0049519783  -0.0176713812
        0.0266392058   0.0016875840  -0.0164953870  -0.0047626518  -0.0012041608
       -0.0174024012   0.0022716990  -0.0040033470  -0.0106835839  -0.0018733442
        0.0000207517  -0.0002330088  -0.0000520227
       -0.0004603901   0.0000611326  -0.0000450314   0.0049631888   0.0045462750
        0.0041477755  -0.0001212628   0.0000550739   0.0003149340  -0.0342248623
       -0.0125326279  -0.0813163009  -0.0200614433   0.0148656171   0.4980132963
       -0.0187992759   0.0494110280  -0.1674007396   0.0007585533  -0.0109927817
       -0.0660641843   0.0036733499  -0.0008839822   0.0014656517   0.0001845177
       -0.0002861683  -0.0004474072   0.0001641973   0.0001673870  -0.0000273547
       -0.0000979020  -0.0000366082  -0.0001041833  -0.0264815196  -0.0079636016
       -0.0163466632   0.0005285009   0.0000970403   0.0011291422   0.0970866325
       -0.0479365294  -0.1326999551  -0.0050268718   0.0041547561  -0.0106736490
       -0.0011312820   0.0081737356  -0.0251770494  -0.0000236821   0.0021360745
       -0.0003803819  -0.0012346811  -0.0224823799  -0.0034117168   0.0024311745
        0.0268704519  -0.0001763321  -0.0021322151  -0.0074815902  -0.0007638956
        0.0000052732   0.0000576972  -0.0000359553
        0.0003045181   0.0002161386   0.0007417998   0.0004894570  -0.0000668672
        0.0000989282  -0.0001543318   0.0001177175  -0.0001802385  -0.0076491015
        0.0084082900  -0.0242683948  -0.0697339083   0.0110280408  -0.0187992759
        0.5173669714   0.0075341595  -0.0189523946   0.0004911017  -0.0005050561
        0.0015134811  -0.0007268757   0.0001219130  -0.0003346850  -0.0016641422
        0.0001486143  -0.0004738331  -0.0000459813   0.0002984830  -0.0000710573
       -0.0002346891  -0.0000321111  -0.0003131504  -0.0038894021  -0.0007585251
       -0.0033574262   0.0007691019   0.0014123634  -0.0002957598   0.0020400687
       -0.0071848409   0.0178124726  -0.2610858618  -0.0390494490  -0.0548910151
       -0.1289906639   0.0531049820   0.1036371242  -0.0487535805  -0.0336929873
       -0.0018436844   0.0003066958   0.0001338419  -0.0006646950   0.0004799351
       -0.0007586974  -0.0000474910   0.0005433187  -0.0004943254   0.0005474734
        0.0001373697   0.0000183155   0.0001418219
       -0.0004292151  -0.0002833627  -0.0003647765   0.0003865026  -0.0002360441
       -0.0001095570  -0.0000688870   0.0000768021   0.0000652214  -0.0003563268
        0.0011116459  -0.0031631403   0.0106955663  -0.0876158552   0.0494110280
        0.0075341595   0.5117856801   0.0294169790   0.0039612832  -0.0209611932
        0.0259585583  -0.0002017896   0.0001293135  -0.0000468523   0.0005761144
       -0.0002356988   0.0000991344   0.0000219374   0.0003099519   0.0000561544
        0.0000221787   0.0001360725   0.0000625545  -0.0014799822   0.0000698726
       -0.0010612408  -0.0009021136   0.0010807522  -0.0012795240  -0.0003291711
        0.0040256968  -0.0062000539  -0.0391042098  -0.0510220195  -0.0110480289
        0.0534813352  -0.0772735359  -0.0654347696  -0.0337968570  -0.2760695962
       -0.0191683761  -0.0001760248   0.0012139296   0.0012001372  -0.0005886047
       -0.0067061039   0.0009725465   0.0006851569   0.0005178802   0.0005804971
        0.0000689474  -0.0000541875   0.0000535084
       -0.0010809607   0.0002105088  -0.0004781114   0.0002281456   0.0001325656
       -0.0002465248  -0.0001249468  -0.0000318800   0.0000622888  -0.0077910871
        0.0031652481  -0.0129851242  -0.0162205883   0.0483684382  -0.1674007396
       -0.0189523946   0.0294169790   0.4750647217  -0.0003237234   0.0050214396
       -0.0023471395  -0.0002333267   0.0000527626   0.0002156523   0.0007920959
       -0.0004128024   0.0001775825  -0.0000007404   0.0000647229   0.0001007018
       -0.0003019056  -0.0000308184  -0.0000361454  -0.0024926978  -0.0001445814
       -0.0004935826   0.0006521834   0.0007034119   0.0005110805  -0.0010244125
        0.0105209120  -0.0266685531  -0.0553399891  -0.0109856067  -0.0566986790
        0.1039832866  -0.0649675694  -0.1669778598  -0.0018778477  -0.0191035018
       -0.0441385773  -0.0001339501  -0.0010753347   0.0011767899   0.0001177257
       -0.0003797161   0.0009177685   0.0001149357  -0.0005479455   0.0003228163
        0.0000101980   0.0000227676  -0.0000783656
        0.0002906416   0.0001467765  -0.0000167096   0.0004804526   0.0004122133
        0.0000944229  -0.0011521270  -0.0012055501  -0.0003277761  -0.0067177632
       -0.0258911388  -0.0033593176  -0.0667503251  -0.0140008579   0.0007585533
        0.0004911017   0.0039612832  -0.0003237234   0.5207229330  -0.0115166136
        0.0000460702  -0.0000445615  -0.0006943919  -0.0000339192  -0.0002172028
       -0.0001361887   0.0000188206  -0.0001063788  -0.0001097555   0.0000940210
        0.0000173128  -0.0000788735   0.0000133501  -0.0000235978  -0.0002951025
        0.0002964645  -0.0044767504  -0.0029837694  -0.0024219308   0.0011998860
        0.0195420790   0.0030323637   0.0005553773   0.0007497181  -0.0001059999
        0.0002243740  -0.0006213131  -0.0001034564   0.0003249705   0.0005959716
       -0.0010612832  -0.1269096438   0.0524130366   0.1014509460  -0.0562894499
        0.0238866661  -0.0468260574  -0.2615866866  -0.0443659122  -0.0511175880
       -0.0000325627   0.0001917227  -0.0001072506
        0.0000516037  -0.0002657101  -0.0000030493   0.0000554261  -0.0001847297
        0.0000133587  -0.0000217060   0.0002234474   0.0000379419  -0.0076182891
       -0.0120517639  -0.0022371736  -0.0117177437  -0.1928040170  -0.0109927817
       -0.0005050561  -0.0209611932   0.0050214396  -0.0115166136   0.4552924853
       -0.0045727918   0.0002352880   0.0001830759  -0.0000189813   0.0000846563
        0.0002156480  -0.0001017042  -0.0000164864   0.0000262790  -0.0000789674
       -0.0000522380  -0.0000273558  -0.0000059446   0.0003378551   0.0004908046
        0.0002560541  -0.0013409470   0.0000541754  -0.0008156015   0.0001855990
       -0.0184970390  -0.0038094247  -0.0002781878   0.0003918066  -0.0006269996
       -0.0001468077   0.0010501411  -0.0011011756   0.0006173564  -0.0013253807
        0.0027521423   0.0523013168  -0.0750508408  -0.0630798939   0.0239031419
       -0.0860422601   0.0895834258  -0.0446222434  -0.0506175251  -0.0102510683
        0.0000640755  -0.0001000478   0.0000311951
       -0.0003107885  -0.0001679659  -0.0002705289   0.0000471331   0.0002471178
       -0.0001414969  -0.0001935062  -0.0001785349   0.0005794278  -0.0025749238
       -0.0091353754  -0.0009229043   0.0005616160  -0.0116707832  -0.0660641843
        0.0015134811   0.0259585583  -0.0023471395   0.0000460702  -0.0045727918
        0.5252811953   0.0000056207  -0.0002078904   0.0001111091   0.0001898143
        0.0003004259  -0.0000980305   0.0000266726   0.0000004169   0.0000142827
        0.0000035016   0.0000093945   0.0000799852  -0.0002309987  -0.0005302628
        0.0003401174  -0.0018187351  -0.0005980593  -0.0004303548  -0.0000008097
       -0.0213099633  -0.0022473955   0.0006255211   0.0005122208   0.0004951650
       -0.0002268625   0.0011051299   0.0012335752  -0.0008910009   0.0041913437
       -0.0043309260   0.1014411767  -0.0631402264  -0.1677080162  -0.0471103452
        0.0896534154  -0.2270019913  -0.0511456261  -0.0104843334  -0.0564914441
        0.0000429892   0.0000181637  -0.0000804453
       -0.0025343141  -0.0015696256  -0.0107367425  -0.1346229012  -0.0035660157
       -0.0759022835  -0.0109337534  -0.0096743820  -0.0086435036  -0.0468177700
       -0.0044521986  -0.0252295819  -0.0044828109   0.0053742768   0.0036733499
       -0.0007268757  -0.0002017896  -0.0002333267  -0.0000445615   0.0002352880
        0.0000056207   0.2330085438   0.0934611213   0.1305254306   0.0012365477
        0.0009000230  -0.0018689890  -0.0000422561   0.0005345175   0.0005542948
        0.0012102798  -0.0003020257   0.0004426343   0.0019866348  -0.0014312068
       -0.0013695593   0.0016474960  -0.0002259357  -0.0001763644  -0.0028352800
       -0.0003727229  -0.0002369922  -0.0002485124   0.0000323005  -0.0003643144
        0.0001108174  -0.0000346370   0.0001091904   0.0000652798   0.0000456691
        0.0000706617   0.0002010458   0.0001238313   0.0000827118   0.0001442227
        0.0001289896  -0.0000407652  -0.0002038654  -0.0000195826  -0.0000441620
       -0.0361179669  -0.0789858949  -0.0106173097
        0.0037828705   0.0057334661   0.0023599428  -0.0243037352  -0.0773886109
       -0.0130717754  -0.0288700897  -0.0132310479  -0.0219750854   0.0122973734
        0.0055918880   0.0066787874   0.0018139935  -0.0008256521  -0.0008839822
        0.0001219130   0.0001293135   0.0000527626  -0.0006943919   0.0001830759
       -0.0002078904   0.0934611213   0.4911112932  -0.0154243253   0.0000586804
        0.0005588170   0.0009850853   0.0002781031   0.0005727995   0.0000271283
        0.0000745733  -0.0000987349  -0.0003504881  -0.0006984704   0.0001453102
        0.0007611866   0.0001860864   0.0010744948   0.0002618291   0.0004972204
        0.0000440408   0.0000994321   0.0000724095  -0.0000498452   0.0000822995
       -0.0000003907  -0.0000739001   0.0000297681  -0.0000318842   0.0000030645
        0.0000055426   0.0001354575   0.0000042598   0.0003286314   0.0001640016
       -0.0000734278  -0.0001537329  -0.0000683699   0.0000849562   0.0000985647
       -0.0582764718  -0.4134955606   0.0402963192
       -0.0333178990  -0.0081356086  -0.0402714451  -0.0716143652   0.0043078749
       -0.1081973156  -0.0047368854  -0.0055422938  -0.0022966000  -0.0056164641
       -0.0003218810   0.0007892846   0.0004261116   0.0008790053   0.0014656517
       -0.0003346850  -0.0000468523   0.0002156523  -0.0000339192  -0.0000189813
        0.0001111091   0.1305254306  -0.0154243253   0.1749702468   0.0007649223
        0.0022804357  -0.0104351334  -0.0000487378  -0.0000272599   0.0006373308
       -0.0012109090  -0.0005377708   0.0032392164   0.0003374039  -0.0002378158
        0.0014828383   0.0007932424   0.0005674023  -0.0002692230  -0.0008781520
       -0.0000171735  -0.0000113719  -0.0000810176  -0.0000367902   0.0000221352
        0.0003727189   0.0000118656   0.0001485638   0.0000887897   0.0000573397
       -0.0000448619   0.0001677392   0.0001847132   0.0000180518  -0.0000205658
       -0.0001001651   0.0000007471  -0.0000384024   0.0000616480  -0.0000292290
       -0.0155443562   0.0220966326  -0.0215456480
       -0.1354501950  -0.0688692839  -0.0990127539   0.0031735929   0.0025965998
        0.0023884571   0.0003381739   0.0003079720  -0.0000196507   0.0000819901
       -0.0000314080   0.0002073082   0.0000627557   0.0000522845   0.0001845177
       -0.0016641422   0.0005761144   0.0007920959  -0.0002172028   0.0000846563
        0.0001898143   0.0012365477   0.0000586804   0.0007649223   0.1589695189
        0.0790010716   0.1154801244   0.0000052766  -0.0009976214  -0.0001011846
       -0.0246032602  -0.0135117546  -0.0202339557  -0.0001063945  -0.0000151623
        0.0000191343  -0.0000612747   0.0000286531  -0.0000237082  -0.0000158492
        0.0000014181  -0.0001093043  -0.0001159296  -0.0000604316  -0.0000907914
       -0.0019774723   0.0009585627  -0.0004560476   0.0001810587  -0.0000705301
       -0.0001656536   0.0000665677  -0.0003530542   0.0001519184   0.0000504089
        0.0000023741  -0.0001390904  -0.0000348356  -0.0000381054  -0.0000335585
        0.0000806651   0.0002789644   0.0002074064
       -0.0688440578  -0.0927250436  -0.0720155689   0.0027001840   0.0021451287
        0.0029265538   0.0004088067   0.0005959404   0.0006895767   0.0001930917
        0.0000427544  -0.0001295134   0.0001436304   0.0002653887  -0.0002861683
        0.0001486143  -0.0002356988  -0.0004128024  -0.0001361887   0.0002156480
        0.0003004259   0.0009000230   0.0005588170   0.0022804357   0.0790010716
        0.1037373303   0.0812799985  -0.0216623393  -0.0192155488  -0.0213776971
        0.0061067718   0.0046570758   0.0056780543  -0.0000137998  -0.0000508257
        0.0001071968  -0.0001600661  -0.0001319207  -0.0000488641  -0.0000013404
       -0.0001220206   0.0001198381  -0.0002480805   0.0000686866   0.0002071617
        0.0014968383   0.0004457976   0.0004680224  -0.0000162350  -0.0002249466
       -0.0000222413  -0.0001840235  -0.0000890795   0.0000844695   0.0000436398
       -0.0000927812  -0.0000103824   0.0000644063  -0.0000450070  -0.0000813107
        0.0000590531   0.0002003051   0.0002428151
       -0.0983098765  -0.0718258511  -0.1440567227  -0.0166829803  -0.0118521064
       -0.0182190428  -0.0007248496  -0.0004681196   0.0004790077   0.0003352826
        0.0000115166   0.0000391146   0.0005626694  -0.0001856930  -0.0004474072
       -0.0004738331   0.0000991344   0.0001775825   0.0000188206  -0.0001017042
       -0.0000980305  -0.0018689890   0.0009850853  -0.0104351334   0.1154801244
        0.0812799985   0.1665030775   0.0006675744  -0.0005419929   0.0018364322
        0.0007064551   0.0014649056   0.0030463748  -0.0001306488   0.0000264896
        0.0000825878  -0.0001267052   0.0000410906  -0.0001208000  -0.0000855421
        0.0000632360   0.0000004358  -0.0001529035   0.0000029163   0.0000448102
        0.0003274189  -0.0001150269   0.0009792149   0.0000190281  -0.0000102379
       -0.0000186609   0.0003411060   0.0006189425   0.0001285181  -0.0000604500
        0.0000344249  -0.0000174669  -0.0001418090   0.0000458968   0.0000964054
        0.0003001073   0.0004270950  -0.0000002969
       -0.0439956320   0.0097384252  -0.0020604027   0.0000412708  -0.0080836493
        0.0019559831   0.0000526070  -0.0008986138   0.0021017647   0.0003552008
       -0.0012092093   0.0001107379  -0.0001097612  -0.0001671926   0.0001641973
       -0.0000459813   0.0000219374  -0.0000007404  -0.0001063788  -0.0000164864
        0.0000266726  -0.0000422561   0.0002781031  -0.0000487378   0.0000052766
       -0.0216623393   0.0006675744   0.0476728389  -0.0102565436   0.0001927387
       -0.0037318022   0.0318629107  -0.0024905325   0.0000029577   0.0001059950
       -0.0001260040   0.0000110271   0.0002697104   0.0004034915   0.0000169686
        0.0000172204  -0.0000598217   0.0001651970   0.0000558427  -0.0000639238
       -0.0002923150  -0.0005060118  -0.0002579408  -0.0002801417   0.0003075828
        0.0000790263   0.0001034829   0.0000499930  -0.0000365598   0.0000108223
        0.0000774664  -0.0000457260   0.0000083026   0.0000367396   0.0000058168
        0.0001583158  -0.0000218805  -0.0005176139
        0.0086863114  -0.2782703995   0.0283490531  -0.0015160223  -0.0119125734
        0.0058742389  -0.0004465540  -0.0002286083   0.0025193179   0.0004271470
        0.0011437473  -0.0010659164  -0.0001066572  -0.0001315734   0.0001673870
        0.0002984830   0.0003099519   0.0000647229  -0.0001097555   0.0000262790
        0.0000004169   0.0005345175   0.0005727995  -0.0000272599  -0.0009976214
       -0.0192155488  -0.0005419929  -0.0102565436   0.3221188325  -0.0357211097
        0.0034571431  -0.0149193619   0.0005901904   0.0002268379   0.0000033351
       -0.0003036163  -0.0003089326   0.0004295433   0.0001685212   0.0000282937
        0.0000110119  -0.0000155982   0.0002121304  -0.0000635242  -0.0001262019
       -0.0003561467  -0.0003797913  -0.0002354455  -0.0000565296   0.0001944864
        0.0000467744   0.0001345797  -0.0000350658   0.0000343788   0.0000763638
        0.0000160002  -0.0000542750  -0.0000260644   0.0000234368  -0.0000140092
        0.0000990199   0.0003070227   0.0002904234
       -0.0018807612   0.0296772808  -0.0473660237   0.0010808657   0.0298323490
       -0.0065471275   0.0013878531   0.0022290804  -0.0054689017  -0.0008965955
        0.0011314736   0.0011276653   0.0000694092  -0.0000499528  -0.0000273547
       -0.0000710573   0.0000561544   0.0001007018   0.0000940210  -0.0000789674
        0.0000142827   0.0005542948   0.0000271283   0.0006373308  -0.0001011846
       -0.0213776971   0.0018364322   0.0001927387  -0.0357211097   0.0544241683
        0.0000745337  -0.0045111083   0.0012946091  -0.0002881901  -0.0000090524
        0.0002973002   0.0002861406  -0.0005183807  -0.0002849400  -0.0000486751
        0.0000402987  -0.0000653001  -0.0000005214  -0.0000274218  -0.0000720272
       -0.0000923885  -0.0002315350   0.0000538500   0.0000426432   0.0000086929
        0.0000992307   0.0000669371   0.0000571142  -0.0001487061  -0.0000910668
        0.0000204682   0.0000534499  -0.0000144188  -0.0000448864   0.0000268719
       -0.0003645775  -0.0005099289   0.0000144880
       -0.2508922616   0.0728253767   0.0366220702  -0.0112020800   0.0033360283
        0.0053994411  -0.0001674133  -0.0001005193  -0.0000934188   0.0001158453
       -0.0012070954   0.0021056813   0.0001899479   0.0000627602  -0.0000979020
       -0.0002346891   0.0000221787  -0.0003019056   0.0000173128  -0.0000522380
        0.0000035016   0.0012102798   0.0000745733  -0.0012109090  -0.0246032602
        0.0061067718   0.0007064551  -0.0037318022   0.0034571431   0.0000745337
        0.2899903697  -0.0846405835  -0.0440169746  -0.0005273046   0.0002993924
        0.0004469260   0.0001150352  -0.0002964450  -0.0001128256  -0.0000183576
       -0.0000328747  -0.0000207029  -0.0000664196   0.0000271294   0.0001078954
       -0.0001984397   0.0001078679   0.0002829549   0.0000325880  -0.0001127251
        0.0000494782  -0.0001085979   0.0001204257   0.0000017297   0.0000088667
        0.0000302668   0.0000393620   0.0000353519   0.0000134339  -0.0000226944
        0.0000350286  -0.0000408673   0.0000373036
        0.0725321357  -0.0702595614  -0.0127244079  -0.0058487243   0.0026814455
        0.0006899422  -0.0002689315   0.0000682913   0.0001777032   0.0000964328
        0.0003100704   0.0006559098   0.0000102566  -0.0000857832  -0.0000366082
       -0.0000321111   0.0001360725  -0.0000308184  -0.0000788735  -0.0000273558
        0.0000093945  -0.0003020257  -0.0000987349  -0.0005377708  -0.0135117546
        0.0046570758   0.0014649056   0.0318629107  -0.0149193619  -0.0045111083
       -0.0846405835   0.0773919114   0.0150822013  -0.0001313184   0.0002948395
        0.0000997369  -0.0000570902   0.0000905439   0.0001469584  -0.0000125648
       -0.0000329926  -0.0000082908   0.0000052965   0.0000554511   0.0000189352
        0.0001238029  -0.0001639381  -0.0000616179  -0.0001335097   0.0000648992
        0.0000639967   0.0000200646   0.0000479984  -0.0000110049  -0.0000024841
        0.0000254310  -0.0000098032   0.0000088908   0.0000075776   0.0000112679
        0.0003601808  -0.0002438797  -0.0004895215
        0.0356836863  -0.0129630601  -0.0484003837   0.0282780685  -0.0088073783
       -0.0098818740   0.0000599179  -0.0002722679   0.0002969166   0.0012529156
        0.0016696392  -0.0054510633  -0.0000348274  -0.0000063462  -0.0001041833
       -0.0003131504   0.0000625545  -0.0000361454   0.0000133501  -0.0000059446
        0.0000799852   0.0004426343  -0.0003504881   0.0032392164  -0.0202339557
        0.0056780543   0.0030463748  -0.0024905325   0.0005901904   0.0012946091
       -0.0440169746   0.0150822013   0.0572841039   0.0012727316  -0.0007683514
       -0.0009867345  -0.0002377327   0.0002106211  -0.0000103574   0.0000485888
        0.0000045868   0.0000585477  -0.0000979069   0.0000482247   0.0000798191
        0.0001385426   0.0000019447   0.0001258512  -0.0000195762  -0.0000268717
       -0.0000106137   0.0000209679   0.0000699350  -0.0000478861  -0.0000438996
       -0.0000379802   0.0000144156  -0.0000118246  -0.0000104794   0.0000083531
        0.0002889769  -0.0001687841  -0.0005989513
       -0.0038743170   0.0023015372   0.0015726917  -0.0060091520  -0.0016723519
        0.0252321912   0.0005047878  -0.0004081597   0.0000326882  -0.0398963088
       -0.0016825462   0.0081199317  -0.0054236786   0.0034561269  -0.0264815196
       -0.0038894021  -0.0014799822  -0.0024926978  -0.0000235978   0.0003378551
       -0.0002309987   0.0019866348  -0.0006984704   0.0003374039  -0.0001063945
       -0.0000137998  -0.0001306488   0.0000029577   0.0002268379  -0.0002881901
       -0.0005273046  -0.0001313184   0.0012727316   0.0578536284   0.0008154672
       -0.0099978461   0.0009419127  -0.0017002300   0.0049291515  -0.0001588250
        0.0003336519  -0.0018692129  -0.0005184284   0.0004858598  -0.0011223454
       -0.0001249118   0.0000558317   0.0000196681  -0.0000636068  -0.0001902590
        0.0001965088  -0.0001007413   0.0001022987   0.0001834133   0.0001495616
       -0.0002157236   0.0001168644  -0.0000278398   0.0000991153   0.0000795795
       -0.0006949744  -0.0000217405   0.0005206355
        0.0023792525  -0.0006271546  -0.0007678286   0.0033263258   0.0026002768
       -0.0155304537  -0.0000458666   0.0002195625  -0.0005515752  -0.0021274531
       -0.0538860418   0.0418771242  -0.0003098444   0.0020400210  -0.0079636016
       -0.0007585251   0.0000698726  -0.0001445814  -0.0002951025   0.0004908046
       -0.0005302628  -0.0014312068   0.0001453102  -0.0002378158  -0.0000151623
       -0.0000508257   0.0000264896   0.0001059950   0.0000033351  -0.0000090524
        0.0002993924   0.0002948395  -0.0007683514   0.0008154672   0.0591053583
       -0.0489420196  -0.0022634746  -0.0104532330   0.0329997800   0.0008194677
        0.0004357729   0.0002327058  -0.0000276712   0.0002938661  -0.0002569386
        0.0000258507  -0.0000890805  -0.0000974452  -0.0000939078   0.0000958951
        0.0000322833   0.0000172487  -0.0000930403   0.0000457988  -0.0001546917
       -0.0003444791   0.0000169369   0.0000692291  -0.0000849767   0.0001119208
       -0.0003353232  -0.0001660831   0.0004568867
        0.0030238580  -0.0020999193  -0.0006778595   0.0052161704   0.0011460030
       -0.0179018170  -0.0002572117   0.0000644202  -0.0000191352   0.0088178422
        0.0425993288  -0.2606085246  -0.0036130189   0.0026770863  -0.0163466632
       -0.0033574262  -0.0010612408  -0.0004935826   0.0002964645   0.0002560541
        0.0003401174  -0.0013695593   0.0007611866   0.0014828383   0.0000191343
        0.0001071968   0.0000825878  -0.0001260040  -0.0003036163   0.0002973002
        0.0004469260   0.0000997369  -0.0009867345  -0.0099978461  -0.0489420196
        0.3027260873   0.0007981716   0.0047827476  -0.0084544970   0.0003929424
        0.0002154308   0.0010388697  -0.0004576546   0.0003424555  -0.0009119494
        0.0000042558   0.0000438606   0.0002748992   0.0000740945  -0.0002264164
        0.0001192961  -0.0000354650   0.0000829770  -0.0000763659  -0.0001484329
       -0.0004780245   0.0001526546   0.0000805823   0.0000136854   0.0001003199
        0.0001921767  -0.0000809328  -0.0001378417
        0.0006401664   0.0007400272  -0.0009060007   0.0001612833   0.0246087547
       -0.0012022956  -0.0037906671   0.0026122125   0.0014037885  -0.0459172861
       -0.0278292560   0.0047350102  -0.0068455793  -0.0263322762   0.0005285009
        0.0007691019  -0.0009021136   0.0006521834  -0.0044767504  -0.0013409470
       -0.0018187351   0.0016474960   0.0001860864   0.0007932424  -0.0000612747
       -0.0001600661  -0.0001267052   0.0000110271  -0.0003089326   0.0002861406
        0.0001150352  -0.0000570902  -0.0002377327   0.0009419127  -0.0022634746
        0.0007981716   0.0580995245   0.0319911107  -0.0041867606  -0.0000465805
       -0.0001104170   0.0002354567   0.0001492528  -0.0000165263   0.0002549989
       -0.0000051337   0.0001318255   0.0000454981  -0.0003388341   0.0005660820
       -0.0006858565  -0.0001478424   0.0001331604   0.0000401062  -0.0000838911
        0.0003231407  -0.0000810319  -0.0003987356  -0.0014805749  -0.0002843848
       -0.0004222250  -0.0004907258  -0.0002435943
       -0.0010838434   0.0011475784   0.0007801014   0.0020243554  -0.0222955567
        0.0003020326   0.0035285855  -0.0022056724  -0.0014198480  -0.0285167287
       -0.2592846112   0.0301194773  -0.0049814465  -0.0124668075   0.0000970403
        0.0014123634   0.0010807522   0.0007034119  -0.0029837694   0.0000541754
       -0.0005980593  -0.0002259357   0.0010744948   0.0005674023   0.0000286531
       -0.0001319207   0.0000410906   0.0002697104   0.0004295433  -0.0005183807
       -0.0002964450   0.0000905439   0.0002106211  -0.0017002300  -0.0104532330
        0.0047827476   0.0319911107   0.3028698839  -0.0349611859  -0.0001491952
       -0.0000716239   0.0002198985   0.0002801187   0.0000184943   0.0001930368
       -0.0000651341  -0.0002223955  -0.0001686040  -0.0000957292   0.0004981735
       -0.0001851570   0.0000561405   0.0001027499   0.0001386999   0.0001127434
        0.0002004492  -0.0001186617  -0.0002231769  -0.0008436572  -0.0002077625
        0.0006178530   0.0004086394   0.0000220990
       -0.0001641968  -0.0013624985   0.0007709873  -0.0005837570  -0.0117193628
        0.0016386434   0.0019781623  -0.0018753875  -0.0003099687   0.0049368565
        0.0302298258  -0.0479929751  -0.0033793245  -0.0113953984   0.0011291422
       -0.0002957598  -0.0012795240   0.0005110805  -0.0024219308  -0.0008156015
       -0.0004303548  -0.0001763644   0.0002618291  -0.0002692230  -0.0000237082
       -0.0000488641  -0.0001208000   0.0004034915   0.0001685212  -0.0002849400
       -0.0001128256   0.0001469584  -0.0000103574   0.0049291515   0.0329997800
       -0.0084544970  -0.0041867606  -0.0349611859   0.0540440256   0.0002244137
        0.0001264790  -0.0001145929   0.0001183766   0.0000604314  -0.0000193816
        0.0000405828  -0.0001202127  -0.0001715593  -0.0006568522   0.0002858825
       -0.0002731648   0.0001002351   0.0000219995   0.0000151016  -0.0000356423
       -0.0000685754  -0.0000330904  -0.0001607598  -0.0007741401  -0.0000141695
       -0.0005333881   0.0001190442   0.0003900941
       -0.0000603907   0.0001941346   0.0001821712  -0.0022340133  -0.0028965494
       -0.0016720035   0.0001814958  -0.0001817349  -0.0000485960  -0.0290864143
        0.0087679161   0.0140654555  -0.1427137493   0.0510875642   0.0970866325
        0.0020400687  -0.0003291711  -0.0010244125   0.0011998860   0.0001855990
       -0.0000008097  -0.0028352800   0.0004972204  -0.0008781520  -0.0000158492
       -0.0000013404  -0.0000855421   0.0000169686   0.0000282937  -0.0000486751
       -0.0000183576  -0.0000125648   0.0000485888  -0.0001588250   0.0008194677
        0.0003929424  -0.0000465805  -0.0001491952   0.0002244137   0.1704617653
       -0.0572849988  -0.1062075449   0.0007697683  -0.0000532563  -0.0008397416
        0.0010046679  -0.0000454661  -0.0004679604  -0.0000814549  -0.0002708475
        0.0001067093   0.0008935938  -0.0000101847  -0.0003019485  -0.0001667123
        0.0002111039  -0.0001560554   0.0007849462  -0.0006440378  -0.0004670857
        0.0000644665   0.0000880475   0.0000916140
       -0.0000458273   0.0001220070   0.0000005721  -0.0004495899   0.0001991961
       -0.0003006904  -0.0001351959  -0.0000947108  -0.0000956234  -0.0049403608
        0.0031366082   0.0027791190   0.0503309529  -0.0670549960  -0.0479365294
       -0.0071848409   0.0040256968   0.0105209120   0.0195420790  -0.0184970390
       -0.0213099633  -0.0003727229   0.0000440408  -0.0000171735   0.0000014181
       -0.0001220206   0.0000632360   0.0000172204   0.0000110119   0.0000402987
       -0.0000328747  -0.0000329926   0.0000045868   0.0003336519   0.0004357729
        0.0002154308  -0.0001104170  -0.0000716239   0.0001264790  -0.0572849988
        0.0839850986   0.0550898905  -0.0002876910   0.0002582562  -0.0004510702
        0.0002971067  -0.0004621734   0.0027117068  -0.0003614949   0.0002821696
        0.0002838993  -0.0000868623  -0.0074175404  -0.0011768596   0.0003403283
        0.0004221519  -0.0001721356   0.0004446708   0.0007801291  -0.0003347266
       -0.0000145518   0.0000509577  -0.0000413591
        0.0000034468   0.0000111534   0.0002083864  -0.0015769060  -0.0002877144
        0.0005216949  -0.0000148742  -0.0000025377  -0.0001018238  -0.0073621548
        0.0019367683   0.0038504061   0.0969780586  -0.0481952167  -0.1326999551
        0.0178124726  -0.0062000539  -0.0266685531   0.0030323637  -0.0038094247
       -0.0022473955  -0.0002369922   0.0000994321  -0.0000113719  -0.0001093043
        0.0001198381   0.0000004358  -0.0000598217  -0.0000155982  -0.0000653001
       -0.0000207029  -0.0000082908   0.0000585477  -0.0018692129   0.0002327058
        0.0010388697   0.0002354567   0.0002198985  -0.0001145929  -0.1062075449
        0.0550898905   0.1614236366   0.0003000493  -0.0005936615   0.0003002208
       -0.0008322948   0.0029192558  -0.0064764997   0.0002812049  -0.0002017823
        0.0004577135  -0.0000795601  -0.0014634111   0.0003715455  -0.0001620829
        0.0002862199   0.0003200820  -0.0001002525  -0.0001278870  -0.0001355747
       -0.0000113482  -0.0000095840  -0.0000304721
       -0.0003770167   0.0001520851   0.0000359423   0.0004323969  -0.0002701836
        0.0000337335  -0.0000137869  -0.0000029637  -0.0000069273   0.0005018917
        0.0009560014  -0.0019972406  -0.0089013926  -0.0005242209  -0.0050268718
       -0.2610858618  -0.0391042098  -0.0553399891   0.0005553773  -0.0002781878
        0.0006255211  -0.0002485124   0.0000724095  -0.0000810176  -0.0001159296
       -0.0002480805  -0.0001529035   0.0001651970   0.0002121304  -0.0000005214
       -0.0000664196   0.0000052965  -0.0000979069  -0.0005184284  -0.0000276712
       -0.0004576546   0.0001492528   0.0002801187   0.0001183766   0.0007697683
       -0.0002876910   0.0003000493   0.3018756542   0.0460505562   0.0658585999
       -0.0250948909  -0.0030761149  -0.0020375894  -0.0082222460  -0.0042142430
       -0.0018920360  -0.0003496289   0.0000631292   0.0000158603   0.0000606591
       -0.0000983151   0.0001865425   0.0003766911   0.0003171599  -0.0001448241
        0.0001072255   0.0000229947   0.0000608570
        0.0001500946  -0.0000482864  -0.0000011316  -0.0000058789   0.0000776942
        0.0000496511  -0.0000074992   0.0000365752   0.0000081249   0.0002897829
       -0.0006996813   0.0018489746   0.0121077420   0.0016744237   0.0041547561
       -0.0390494490  -0.0510220195  -0.0109856067   0.0007497181   0.0003918066
        0.0005122208   0.0000323005  -0.0000498452  -0.0000367902  -0.0000604316
        0.0000686866   0.0000029163   0.0000558427  -0.0000635242  -0.0000274218
        0.0000271294   0.0000554511   0.0000482247   0.0004858598   0.0002938661
        0.0003424555  -0.0000165263   0.0000184943   0.0000604314  -0.0000532563
        0.0002582562  -0.0005936615   0.0460505562   0.0566940027   0.0108412994
        0.0125344393   0.0024478709   0.0017258532  -0.0330465905  -0.0096493288
       -0.0081279620   0.0000575557  -0.0000713475  -0.0000578928  -0.0001060443
        0.0000091587  -0.0001346263  -0.0002121057  -0.0004501148   0.0003616083
        0.0000167606   0.0000278614   0.0000085765
        0.0003467009  -0.0001411552   0.0000325331   0.0001030840  -0.0002147209
       -0.0002180978   0.0000285611  -0.0000104752  -0.0000361756  -0.0014351737
        0.0027845031  -0.0046788988  -0.0267578840  -0.0026941515  -0.0106736490
       -0.0548910151  -0.0110480289  -0.0566986790  -0.0001059999  -0.0006269996
        0.0004951650  -0.0003643144   0.0000822995   0.0000221352  -0.0000907914
        0.0002071617   0.0000448102  -0.0000639238  -0.0001262019  -0.0000720272
        0.0001078954   0.0000189352   0.0000798191  -0.0011223454  -0.0002569386
       -0.0009119494   0.0002549989   0.0001930368  -0.0000193816  -0.0008397416
       -0.0004510702   0.0003002208   0.0658585999   0.0108412994   0.0679811992
        0.0226390179   0.0031807857   0.0045588973  -0.0040770109  -0.0020092486
       -0.0001815928   0.0001212731   0.0000204888  -0.0000915051   0.0000830669
       -0.0001945723   0.0000435926   0.0001553465   0.0004321125   0.0000184637
        0.0000496555   0.0000129400   0.0000051202
       -0.0021527824  -0.0001358916  -0.0008903874   0.0001811513   0.0001052054
       -0.0003109599   0.0000446642  -0.0000185509   0.0000663938   0.0004158777
       -0.0000368887  -0.0002194522   0.0033122009  -0.0024518942  -0.0011312820
       -0.1289906639   0.0534813352   0.1039832866   0.0002243740  -0.0001468077
       -0.0002268625   0.0001108174  -0.0000003907   0.0003727189  -0.0019774723
        0.0014968383   0.0003274189  -0.0002923150  -0.0003561467  -0.0000923885
       -0.0001984397   0.0001238029   0.0001385426  -0.0001249118   0.0000258507
        0.0000042558  -0.0000051337  -0.0000651341   0.0000405828   0.0010046679
        0.0002971067  -0.0008322948  -0.0250948909   0.0125344393   0.0226390179
        0.1512831225  -0.0638615288  -0.1215099819   0.0023300167  -0.0008024749
       -0.0022364537   0.0003268451  -0.0002452749   0.0000255135  -0.0000442068
        0.0000187532  -0.0001770699  -0.0003241856   0.0000522693   0.0001139172
       -0.0000287357  -0.0000146180  -0.0000845153
        0.0008062500   0.0002193671   0.0004966922  -0.0000343901   0.0001182304
       -0.0001653333   0.0000242381  -0.0000920442   0.0001341415  -0.0000713128
        0.0003340590  -0.0002588960  -0.0074629133   0.0043374924   0.0081737356
        0.0531049820  -0.0772735359  -0.0649675694  -0.0006213131   0.0010501411
        0.0011051299  -0.0000346370  -0.0000739001   0.0000118656   0.0009585627
        0.0004457976  -0.0001150269  -0.0005060118  -0.0003797913  -0.0002315350
        0.0001078679  -0.0001639381   0.0000019447   0.0000558317  -0.0000890805
        0.0000438606   0.0001318255  -0.0002223955  -0.0001202127  -0.0000454661
       -0.0004621734   0.0029192558  -0.0030761149   0.0024478709   0.0031807857
       -0.0638615288   0.0871455299   0.0743026295   0.0203633976  -0.0169569755
       -0.0243885922   0.0001958207  -0.0002893485   0.0001108418   0.0000311094
       -0.0000224769  -0.0001327598  -0.0000346636  -0.0000681202  -0.0000420042
       -0.0000315342  -0.0000047084  -0.0000589536
        0.0006079633  -0.0002066718   0.0002343913  -0.0003259821   0.0001481915
       -0.0004142293  -0.0000013734   0.0001176427  -0.0000825261   0.0000630778
       -0.0001898905   0.0007031276   0.0170879567  -0.0079526615  -0.0251770494
        0.1036371242  -0.0654347696  -0.1669778598  -0.0001034564  -0.0011011756
        0.0012335752   0.0001091904   0.0000297681   0.0001485638  -0.0004560476
        0.0004680224   0.0009792149  -0.0002579408  -0.0002354455   0.0000538500
        0.0002829549  -0.0000616179   0.0001258512   0.0000196681  -0.0000974452
        0.0002748992   0.0000454981  -0.0001686040  -0.0001715593  -0.0004679604
        0.0027117068  -0.0064764997  -0.0020375894   0.0017258532   0.0045588973
       -0.1215099819   0.0743026295   0.1940601250   0.0035223959  -0.0044857850
       -0.0034203303  -0.0002660814   0.0006786275   0.0002128592  -0.0000216606
       -0.0002890851   0.0002855802   0.0000566018   0.0000198620  -0.0001001760
        0.0000156428   0.0000208476  -0.0000507051
       -0.0001187227   0.0001757390   0.0000004318  -0.0001687204   0.0000478550
       -0.0001520361   0.0000549631  -0.0001035589   0.0000534804   0.0004678237
        0.0012878618  -0.0002002271   0.0005133772   0.0049519783  -0.0000236821
       -0.0487535805  -0.0337968570  -0.0018778477   0.0003249705   0.0006173564
       -0.0008910009   0.0000652798  -0.0000318842   0.0000887897   0.0001810587
       -0.0000162350   0.0000190281  -0.0002801417  -0.0000565296   0.0000426432
        0.0000325880  -0.0001335097  -0.0000195762  -0.0000636068  -0.0000939078
        0.0000740945  -0.0003388341  -0.0000957292  -0.0006568522  -0.0000814549
       -0.0003614949   0.0002812049  -0.0082222460  -0.0330465905  -0.0040770109
        0.0023300167   0.0203633976   0.0035223959   0.0538978485   0.0399446497
        0.0039988850  -0.0000448775  -0.0000666565  -0.0000010540   0.0002442056
        0.0002986785  -0.0000585680   0.0000348150   0.0001096850  -0.0000610377
       -0.0000747622   0.0000057517  -0.0000620607
       -0.0000769359   0.0001393604  -0.0000580993  -0.0000144124  -0.0000926689
        0.0001186702  -0.0001600715   0.0000555301  -0.0000725174  -0.0004073311
        0.0006132847  -0.0009409406  -0.0014182573  -0.0176713812   0.0021360745
       -0.0336929873  -0.2760695962  -0.0191035018   0.0005959716  -0.0013253807
        0.0041913437   0.0000456691   0.0000030645   0.0000573397  -0.0000705301
       -0.0002249466  -0.0000102379   0.0003075828   0.0001944864   0.0000086929
       -0.0001127251   0.0000648992  -0.0000268717  -0.0001902590   0.0000958951
       -0.0002264164   0.0005660820   0.0004981735   0.0002858825  -0.0002708475
        0.0002821696  -0.0002017823  -0.0042142430  -0.0096493288  -0.0020092486
       -0.0008024749  -0.0169569755  -0.0044857850   0.0399446497   0.3206955769
        0.0199872523  -0.0001658002   0.0003735081   0.0001284760  -0.0000985735
       -0.0012944690   0.0002792140   0.0001931688   0.0001885951  -0.0000529206
        0.0000423249   0.0000802033  -0.0000046244
        0.0001261222  -0.0001419214   0.0000094334  -0.0001406920  -0.0000879723
        0.0000320353   0.0001077377  -0.0000249382  -0.0000868513   0.0006825075
        0.0008006620   0.0006449844   0.0026248297   0.0266392058  -0.0003803819
       -0.0018436844  -0.0191683761  -0.0441385773  -0.0010612832   0.0027521423
       -0.0043309260   0.0000706617   0.0000055426  -0.0000448619  -0.0001656536
       -0.0000222413  -0.0000186609   0.0000790263   0.0000467744   0.0000992307
        0.0000494782   0.0000639967  -0.0000106137   0.0001965088   0.0000322833
        0.0001192961  -0.0006858565  -0.0001851570  -0.0002731648   0.0001067093
        0.0002838993   0.0004577135  -0.0018920360  -0.0081279620  -0.0001815928
       -0.0022364537  -0.0243885922  -0.0034203303   0.0039988850   0.0199872523
        0.0518219297  -0.0000799955  -0.0000539180  -0.0001315749   0.0001030785
        0.0016870893  -0.0000802389   0.0000020626  -0.0000899214  -0.0001241228
       -0.0000419524  -0.0000078480   0.0000372744
       -0.0003499169  -0.0002449764  -0.0001743907  -0.0008783037  -0.0007654904
       -0.0004392672  -0.0013513213  -0.0004742969  -0.0009877352   0.0004140410
       -0.0000924884  -0.0001408300   0.0017451606   0.0016875840  -0.0012346811
        0.0003066958  -0.0001760248  -0.0001339501  -0.1269096438   0.0523013168
        0.1014411767   0.0002010458   0.0001354575   0.0001677392   0.0000665677
       -0.0001840235   0.0003411060   0.0001034829   0.0001345797   0.0000669371
       -0.0001085979   0.0000200646   0.0000209679  -0.0001007413   0.0000172487
       -0.0000354650  -0.0001478424   0.0000561405   0.0001002351   0.0008935938
       -0.0000868623  -0.0000795601  -0.0003496289   0.0000575557   0.0001212731
        0.0003268451   0.0001958207  -0.0002660814  -0.0000448775  -0.0001658002
       -0.0000799955   0.1474324481  -0.0610833115  -0.1186752680   0.0037855028
       -0.0022130870  -0.0039363999  -0.0250412704   0.0109159340   0.0239546118
        0.0000067604  -0.0000353410  -0.0000304228
       -0.0001084006  -0.0000673786  -0.0000994006  -0.0003506571   0.0000940403
       -0.0002531714  -0.0005232247   0.0004066875  -0.0003108334   0.0004112718
        0.0007299708   0.0002178890   0.0186316037  -0.0164953870  -0.0224823799
        0.0001338419   0.0012139296  -0.0010753347   0.0524130366  -0.0750508408
       -0.0631402264   0.0001238313   0.0000042598   0.0001847132  -0.0003530542
       -0.0000890795   0.0006189425   0.0000499930  -0.0000350658   0.0000571142
        0.0001204257   0.0000479984   0.0000699350   0.0001022987  -0.0000930403
        0.0000829770   0.0001331604   0.0001027499   0.0000219995  -0.0000101847
       -0.0074175404  -0.0014634111   0.0000631292  -0.0000713475   0.0000204888
       -0.0002452749  -0.0002893485   0.0006786275  -0.0000666565   0.0003735081
       -0.0000539180  -0.0610833115   0.0889666291   0.0743988344  -0.0073249269
        0.0050181278   0.0093907998  -0.0021352653   0.0025825499   0.0031905344
        0.0000183637   0.0000685771  -0.0000541801
        0.0002403122   0.0002883034   0.0002949081   0.0000048267  -0.0006617336
        0.0001128455  -0.0013668635   0.0000749315  -0.0004188505   0.0001863659
       -0.0000417298   0.0000630436   0.0023971102  -0.0047626518  -0.0034117168
       -0.0006646950   0.0012001372   0.0011767899   0.1014509460  -0.0630798939
       -0.1677080162   0.0000827118   0.0003286314   0.0000180518   0.0001519184
        0.0000844695   0.0001285181  -0.0000365598   0.0000343788  -0.0001487061
        0.0000017297  -0.0000110049  -0.0000478861   0.0001834133   0.0000457988
       -0.0000763659   0.0000401062   0.0001386999   0.0000151016  -0.0003019485
       -0.0011768596   0.0003715455   0.0000158603  -0.0000578928  -0.0000915051
        0.0000255135   0.0001108418   0.0002128592  -0.0000010540   0.0001284760
       -0.0001315749  -0.1186752680   0.0743988344   0.1924025239   0.0184205366
       -0.0090857824  -0.0268152184  -0.0022347261   0.0019257192   0.0040213901
        0.0000797642   0.0001183269   0.0000322625
       -0.0000303601   0.0000610098   0.0000424838  -0.0002028969  -0.0005662104
        0.0001307395  -0.0007958101  -0.0000890923   0.0003685919   0.0002970072
       -0.0004630437   0.0006258071   0.0007723121  -0.0012041608   0.0024311745
        0.0004799351  -0.0005886047   0.0001177257  -0.0562894499   0.0239031419
       -0.0471103452   0.0001442227   0.0001640016  -0.0000205658   0.0000504089
        0.0000436398  -0.0000604500   0.0000108223   0.0000763638  -0.0000910668
        0.0000088667  -0.0000024841  -0.0000438996   0.0001495616  -0.0001546917
       -0.0001484329  -0.0000838911   0.0001127434  -0.0000356423  -0.0001667123
        0.0003403283  -0.0001620829   0.0000606591  -0.0001060443   0.0000830669
       -0.0000442068   0.0000311094  -0.0000216606   0.0002442056  -0.0000985735
        0.0001030785   0.0037855028  -0.0073249269   0.0184205366   0.0626820915
       -0.0270629241   0.0554468836  -0.0110706527   0.0128915635  -0.0301061656
       -0.0000016157   0.0000368550   0.0000302235
        0.0000263106   0.0001329151  -0.0000958372  -0.0001756875  -0.0000598304
        0.0000690075  -0.0003353809   0.0002165945   0.0001294365   0.0004083592
        0.0009055291   0.0006748531   0.0059942543  -0.0174024012   0.0268704519
       -0.0007586974  -0.0067061039  -0.0003797161   0.0238866661  -0.0860422601
        0.0896534154   0.0001289896  -0.0000734278  -0.0001001651   0.0000023741
       -0.0000927812   0.0000344249   0.0000774664   0.0000160002   0.0000204682
        0.0000302668   0.0000254310  -0.0000379802  -0.0002157236  -0.0003444791
       -0.0004780245   0.0003231407   0.0002004492  -0.0000685754   0.0002111039
        0.0004221519   0.0002862199  -0.0000983151   0.0000091587  -0.0001945723
        0.0000187532  -0.0000224769  -0.0002890851   0.0002986785  -0.0012944690
        0.0016870893  -0.0022130870   0.0050181278  -0.0090857824  -0.0270629241
        0.1021921524  -0.1051320043  -0.0005055697   0.0028096885  -0.0035841075
       -0.0000409779   0.0000900314   0.0000204835
        0.0000574514  -0.0001454139  -0.0000062147  -0.0002021784   0.0003209385
       -0.0000275182   0.0007761204  -0.0000463497  -0.0000739182   0.0000075786
       -0.0004038064   0.0005801873   0.0001123338   0.0022716990  -0.0001763321
       -0.0000474910   0.0009725465   0.0009177685  -0.0468260574   0.0895834258
       -0.2270019913  -0.0000407652  -0.0001537329   0.0000007471  -0.0001390904
       -0.0000103824  -0.0000174669  -0.0000457260  -0.0000542750   0.0000534499
        0.0000393620  -0.0000098032   0.0000144156   0.0001168644   0.0000169369
        0.0001526546  -0.0000810319  -0.0001186617  -0.0000330904  -0.0001560554
       -0.0001721356   0.0003200820   0.0001865425  -0.0001346263   0.0000435926
       -0.0001770699  -0.0001327598   0.0002855802  -0.0000585680   0.0002792140
       -0.0000802389  -0.0039363999   0.0093907998  -0.0268152184   0.0554468836
       -0.1051320043   0.2616325755  -0.0049683400   0.0038198600  -0.0097508103
       -0.0000643631  -0.0001414694  -0.0000182539
       -0.0000295443  -0.0000711985  -0.0000034850   0.0002673205  -0.0000740356
       -0.0001750976   0.0001144842  -0.0002813720   0.0000971014   0.0005178559
       -0.0016655159   0.0001142402  -0.0065691654  -0.0040033470  -0.0021322151
        0.0005433187   0.0006851569   0.0001149357  -0.2615866866  -0.0446222434
       -0.0511456261  -0.0002038654  -0.0000683699  -0.0000384024  -0.0000348356
        0.0000644063  -0.0001418090   0.0000083026  -0.0000260644  -0.0000144188
        0.0000353519   0.0000088908  -0.0000118246  -0.0000278398   0.0000692291
        0.0000805823  -0.0003987356  -0.0002231769  -0.0001607598   0.0007849462
        0.0004446708  -0.0001002525   0.0003766911  -0.0002121057   0.0001553465
       -0.0003241856  -0.0000346636   0.0000566018   0.0000348150   0.0001931688
        0.0000020626  -0.0250412704  -0.0021352653  -0.0022347261  -0.0110706527
       -0.0005055697  -0.0049683400   0.3025341531   0.0524739377   0.0604927476
        0.0000695421  -0.0000165324   0.0000133390
       -0.0000036056   0.0001289682   0.0000360341   0.0006018175  -0.0002913093
        0.0000000500  -0.0000613345   0.0000819327  -0.0000381960  -0.0010066575
       -0.0059859398   0.0000852826  -0.0294597910  -0.0106835839  -0.0074815902
       -0.0004943254   0.0005178802  -0.0005479455  -0.0443659122  -0.0506175251
       -0.0104843334  -0.0000195826   0.0000849562   0.0000616480  -0.0000381054
       -0.0000450070   0.0000458968   0.0000367396   0.0000234368  -0.0000448864
        0.0000134339   0.0000075776  -0.0000104794   0.0000991153  -0.0000849767
        0.0000136854  -0.0014805749  -0.0008436572  -0.0007741401  -0.0006440378
        0.0007801291  -0.0001278870   0.0003171599  -0.0004501148   0.0004321125
        0.0000522693  -0.0000681202   0.0000198620   0.0001096850   0.0001885951
       -0.0000899214   0.0109159340   0.0025825499   0.0019257192   0.0128915635
        0.0028096885   0.0038198600   0.0524739377   0.0617644615   0.0131587047
        0.0000622710   0.0001000581   0.0000005244
        0.0000326363   0.0000045194   0.0000432358   0.0002172746  -0.0000107574
        0.0001248612   0.0000272100   0.0000006926  -0.0002554899  -0.0002597775
       -0.0010659814   0.0005131028  -0.0029710301  -0.0018733442  -0.0007638956
        0.0005474734   0.0005804971   0.0003228163  -0.0511175880  -0.0102510683
       -0.0564914441  -0.0000441620   0.0000985647  -0.0000292290  -0.0000335585
       -0.0000813107   0.0000964054   0.0000058168  -0.0000140092   0.0000268719
       -0.0000226944   0.0000112679   0.0000083531   0.0000795795   0.0001119208
        0.0001003199  -0.0002843848  -0.0002077625  -0.0000141695  -0.0004670857
       -0.0003347266  -0.0001355747  -0.0001448241   0.0003616083   0.0000184637
        0.0001139172  -0.0000420042  -0.0001001760  -0.0000610377  -0.0000529206
       -0.0001241228   0.0239546118   0.0031905344   0.0040213901  -0.0301061656
       -0.0035841075  -0.0097508103   0.0604927476   0.0131587047   0.0623719590
        0.0000410412  -0.0000003174   0.0000171328
        0.0004641001   0.0006039359   0.0000099384  -0.0099175363  -0.0286039667
        0.0000778231  -0.0030740532  -0.0017087632  -0.0033835698   0.0016997689
       -0.0012547920   0.0005206665  -0.0001289171   0.0000207517   0.0000052732
        0.0001373697   0.0000689474   0.0000101980  -0.0000325627   0.0000640755
        0.0000429892  -0.0361179669  -0.0582764718  -0.0155443562   0.0000806651
        0.0000590531   0.0003001073   0.0001583158   0.0000990199  -0.0003645775
        0.0000350286   0.0003601808   0.0002889769  -0.0006949744  -0.0003353232
        0.0001921767  -0.0004222250   0.0006178530  -0.0005333881   0.0000644665
       -0.0000145518  -0.0000113482   0.0001072255   0.0000167606   0.0000496555
       -0.0000287357  -0.0000315342   0.0000156428  -0.0000747622   0.0000423249
       -0.0000419524   0.0000067604   0.0000183637   0.0000797642  -0.0000016157
       -0.0000409779  -0.0000643631   0.0000695421   0.0000622710   0.0000410412
        0.0476701064   0.0882328433   0.0183093025
        0.0003345214   0.0008703446   0.0001091984  -0.0076217634  -0.0085539354
       -0.0055460070  -0.0024418001   0.0003621327  -0.0019238357   0.0001713830
        0.0015601632   0.0002956668   0.0003097647  -0.0002330088   0.0000576972
        0.0000183155  -0.0000541875   0.0000227676   0.0001917227  -0.0001000478
        0.0000181637  -0.0789858949  -0.4134955606   0.0220966326   0.0002789644
        0.0002003051   0.0004270950  -0.0000218805   0.0003070227  -0.0005099289
       -0.0000408673  -0.0002438797  -0.0001687841  -0.0000217405  -0.0001660831
       -0.0000809328  -0.0004907258   0.0004086394   0.0001190442   0.0000880475
        0.0000509577  -0.0000095840   0.0000229947   0.0000278614   0.0000129400
       -0.0000146180  -0.0000047084   0.0000208476   0.0000057517   0.0000802033
       -0.0000078480  -0.0000353410   0.0000685771   0.0001183269   0.0000368550
        0.0000900314  -0.0001414694  -0.0000165324   0.0001000581  -0.0000003174
        0.0882328433   0.4187251144  -0.0149096728
        0.0003957406  -0.0011928516   0.0018303944  -0.0047246938  -0.0236166600
       -0.0019301068  -0.0034873938  -0.0015596839  -0.0013869563  -0.0000481201
        0.0005566983   0.0003440708   0.0001147308  -0.0000520227  -0.0000359553
        0.0001418219   0.0000535084  -0.0000783656  -0.0001072506   0.0000311951
       -0.0000804453  -0.0106173097   0.0402963192  -0.0215456480   0.0002074064
        0.0002428151  -0.0000002969  -0.0005176139   0.0002904234   0.0000144880
        0.0000373036  -0.0004895215  -0.0005989513   0.0005206355   0.0004568867
       -0.0001378417  -0.0002435943   0.0000220990   0.0003900941   0.0000916140
       -0.0000413591  -0.0000304721   0.0000608570   0.0000085765   0.0000051202
       -0.0000845153  -0.0000589536  -0.0000507051  -0.0000620607  -0.0000046244
        0.0000372744  -0.0000304228  -0.0000541801   0.0000322625   0.0000302235
        0.0000204835  -0.0000182539   0.0000133390   0.0000005244   0.0000171328
        0.0183093025  -0.0149096728   0.0232231609
