           1           2   1.01909317176049     
           2           3   1.00948322126278     
           3           4  0.985586636069517     
           4           5   1.05468937836629     
           5           6   2.89224936128025     
           1           7  0.987639946903954     
           1           8  0.987232738411140     
           1           9  0.987877313739686     
           2          10  0.978296301382589     
           2          11  0.977231135767009     
           3          12  0.978181328030904     
           3          13  0.976631480855494     
           4          14  0.954196071117413     
           4          15  0.953685450297806     
           6          16  0.969830136677667     
