           1           2   1.01992759470025     
           2           3  0.984940595046702     
           3           4  0.966671443445215     
           3           5  0.996320436878024     
           3           6  0.999438909019045     
           6           7   1.41508337227784     
           7           8   1.44247991707832     
           6           9  0.110190424910444     
           8           9   1.44097883441373     
           7          10  0.110095815705760     
           9          10   1.43511259466015     
           6          11   1.40866114175921     
           8          11  0.111535740939132     
          10          11   1.44946470672555     
           1          12  0.987558819459495     
           1          13  0.986941427984458     
           1          14  0.986879471943846     
           2          15  0.975880440894264     
           2          16  0.976541155418132     
           5          17  0.985227677171266     
           5          18  0.987161980442903     
           5          19  0.985262725433180     
           7          20  0.968409353244857     
           8          21  0.971034461891581     
           9          22  0.971467730402176     
          10          23  0.971094764228606     
          11          24  0.966600722178583     
