           1           2   1.02142340137139     
           2           3  0.991787110061611     
           3           4  0.982936191472105     
           4           5   1.68900773973539     
           4           6   1.16855351547310     
           5           6  0.168815226841001     
           6           7  0.939889462352351     
           1           8  0.985706366467601     
           1           9  0.986737978604504     
           1          10  0.983995510058508     
           2          11  0.978794052040411     
           2          12  0.975985034332287     
           3          13  0.970621595793831     
           3          14  0.940428853188332     
           7          15  0.975708955221367     
           7          16  0.976853365758502     
           7          17  0.976754644918197     
