   23
          9          1          9
         11         10         20
         12         21         32
         11         33         43
          9         44         52
         12         53         64
          1         65         65
         12         66         77
          9         78         86
         10         87         96
          4         97        100
          8        101        108
          1        109        109
          9        110        118
          1        119        119
          1        120        120
          8        121        128
          9        129        137
          9        138        146
          1        147        147
          1        148        148
          1        149        149
          1        150        150
