   -0.08133331
   -0.05462063
   -0.05583822
   -0.01360031
   -0.15549867
   -0.01291121
   -0.08234958
    0.07023735
   -0.01164927
   -0.01000476
    0.01865448
   -0.00973510
   -0.01163451
    0.42620269
   -0.39649851
   -0.37396462
    0.38179988
   -0.24714191
   -0.24612846
   -0.23954759
    0.42555372
   -0.39326126
   -0.37598862
    0.07433420
    0.07461019
    0.06846991
    0.07135192
    0.06635295
    0.05789588
    0.09352126
    0.09726287
    0.08968842
    0.10224235
    0.09701664
    0.07775315
    0.10405362
    0.06607145
    0.15439162
    0.15424199
