           1           2   1.01849387842534     
           2           3  0.940863288447624     
           3           4   1.11890838724707     
           3           5  0.167716239736131     
           4           5   1.71191953506400     
           4           6   1.01202930572528     
           6           7   1.38037762886069     
           7           8   1.46813714744733     
           8           9   1.36088045650964     
           9          10   1.34754389301815     
           6          11   1.37116877509590     
          10          11   1.48201088712818     
           9          12   1.09055523266760     
           1          13  0.983859635801806     
           1          14  0.985637430180606     
           1          15  0.985507679169362     
           2          16  0.968158355437185     
           2          17  0.967648637022349     
           7          18  0.965159864123727     
           8          19  0.965318401094249     
          10          20  0.966868186223069     
          11          21  0.965919934460337     
          12          22  0.885119365919234     
