           1           2   1.02016285997770     
           2           3  0.985157016169551     
           3           4  0.966936562647250     
           3           5  0.993454290585419     
           3           6  0.999648447037562     
           6           7   1.41379090601012     
           7           8   1.44415553542593     
           6           9  0.110309538978172     
           8           9   1.43936965520882     
           7          10  0.110663679163286     
           9          10   1.43672294814156     
           6          11   1.41029116700230     
           8          11  0.110896373616355     
          10          11   1.44746427088614     
           1          12  0.986254098694305     
           1          13  0.986301946881387     
           1          14  0.980624985117649     
           2          15  0.980092777964955     
           2          16  0.978074810411640     
           5          17  0.986740204578805     
           5          18  0.985794744655840     
           5          19  0.983977891977526     
           7          20  0.962748415671183     
           8          21  0.971140736172360     
           9          22  0.971446928253824     
          10          23  0.971023911780347     
          11          24  0.968474686314224     
