$hessian                                                                        
        0.4731819472   0.0264495754   0.0000241045  -0.1760823059   0.0567778175
        0.0000510412  -0.0295268002   0.0054404016   0.0000046710  -0.0016627747
       -0.0027334511  -0.0000026327   0.0002629231  -0.0002381636   0.0000001829
       -0.0025125610  -0.0005060039   0.0000005087  -0.0450196669   0.0132470779
        0.0205311609  -0.1614888533  -0.1232002743  -0.0001023319  -0.0450211495
        0.0132877990  -0.0205166894  -0.0071729524   0.0048844819  -0.0020955078
       -0.0071709555   0.0048800447   0.0021040540   0.0010843093   0.0007505959
       -0.0001962858   0.0010846448   0.0007508728   0.0001976730   0.0000441950
        0.0002092263   0.0000000514
        0.0264495754   0.5124141345  -0.0000098797   0.0562833991  -0.0918048354
       -0.0000224807  -0.0177715859   0.0069188721   0.0000054992  -0.0005693549
       -0.0041418099  -0.0000031787   0.0001034184   0.0015375639   0.0000008255
       -0.0028349705  -0.0003752822   0.0000006829   0.0132936692  -0.1203910818
       -0.1104451607  -0.1223500194  -0.1672964977  -0.0001018316   0.0133338291
       -0.1207696558   0.1105892189   0.0176692402  -0.0088630801   0.0021083120
        0.0176318751  -0.0088395784  -0.0021225690  -0.0007078545   0.0007716754
       -0.0005561382  -0.0007067482   0.0007704040   0.0005567867   0.0001755267
        0.0000691715  -0.0000000866
        0.0000241045  -0.0000098797   0.5239620065   0.0000510639  -0.0000228756
       -0.0677091826  -0.0000130629   0.0000055780   0.0001642335  -0.0000008288
       -0.0000029707   0.0003294274  -0.0000001166   0.0000009029   0.0000765872
       -0.0000025186  -0.0000006342   0.0001038552   0.0202454001  -0.1102625272
       -0.2054487723  -0.0001015873  -0.0001018217  -0.0447391087  -0.0202311202
        0.1104070406  -0.2050672321  -0.0222601360   0.0120831079  -0.0012175946
        0.0222902353  -0.0120966387  -0.0012430546   0.0006733537  -0.0003581177
        0.0004206909  -0.0006750265   0.0003587405   0.0004224143   0.0000002396
        0.0000000955  -0.0000542702
       -0.1760823059   0.0562833991   0.0000510639   0.4592994471  -0.0154192735
       -0.0000049549  -0.1229568907  -0.0653879428  -0.0000553122  -0.0267676861
       -0.0108018995  -0.0000121478   0.0004132419  -0.0052900902  -0.0000001225
       -0.0085108569  -0.0007715120   0.0000013983  -0.0068438213   0.0051619963
        0.0029133827  -0.0244780148   0.0081252507   0.0000075769  -0.0068453333
        0.0051677193  -0.0029044581  -0.0430925911   0.0133120656  -0.0185309618
       -0.0430904049   0.0132725169   0.0185382968  -0.0003789877  -0.0019784288
        0.0017486044  -0.0003781903  -0.0019769379  -0.0017522097  -0.0002876060
        0.0003031368  -0.0000001560
        0.0567778175  -0.0918048354  -0.0000228756  -0.0154192735   0.4997899052
       -0.0000314742  -0.0644559851  -0.1337569938  -0.0000469737  -0.0022263273
        0.0069083973   0.0000072561   0.0028775814   0.0004608710   0.0000007222
        0.0070959041   0.0026563811  -0.0000031096   0.0173388256  -0.0098311739
       -0.0026142884  -0.0180288895   0.0077824084   0.0000068598   0.0173781939
       -0.0098563870   0.0025985176   0.0132543923  -0.1205438764   0.1069380771
        0.0132132671  -0.1201896341  -0.1068087591  -0.0138864032  -0.0155209416
        0.0035991353  -0.0138621377  -0.0154896645  -0.0036229086  -0.0000569654
       -0.0006044562  -0.0000001789
        0.0000510412  -0.0000224807  -0.0677091826  -0.0000049549  -0.0000314742
        0.5373225469  -0.0000553937  -0.0000479527  -0.0689898320   0.0000005289
        0.0000006732   0.0001124133   0.0000024876   0.0000018274  -0.0004636674
        0.0000059827   0.0000006035   0.0017879642   0.0228830656  -0.0122752798
       -0.0012833458  -0.0000148081   0.0000061546   0.0003370907  -0.0228532629
        0.0122604406  -0.0012563891  -0.0192872775   0.1060012051  -0.1985101216
        0.0192938998  -0.1058709704  -0.1988631686   0.0165460515   0.0177279661
       -0.0011982388  -0.0165670589  -0.0177506386  -0.0012320407  -0.0000003014
       -0.0000000741  -0.0000540287
       -0.0295268002  -0.0177715859  -0.0000130629  -0.1229568907  -0.0644559851
       -0.0000553937   0.4510677812   0.0049581928   0.0000072517  -0.1466168665
        0.0413212174   0.0000212517  -0.0121758768   0.0215122744   0.0000078214
       -0.0533147602  -0.0041214792   0.0000095937   0.0011267584  -0.0007040071
       -0.0003760681  -0.0063160425   0.0017211878   0.0000018534   0.0011267266
       -0.0007047677   0.0003752474  -0.0008253028  -0.0025718968   0.0021849883
       -0.0008286536  -0.0025705040  -0.0021889137  -0.0411486096   0.0106497283
       -0.0186940136  -0.0411452556   0.0106320809   0.0187194695   0.0015337921
        0.0021055441  -0.0000000251
        0.0054404016   0.0069188721   0.0000055780  -0.0653879428  -0.1337569938
       -0.0000479527   0.0049581928   0.4932443023  -0.0000504446   0.0356439729
       -0.0729067355  -0.0000015944   0.0426741079  -0.0435616532  -0.0000228511
       -0.0225277654   0.0056714024   0.0000046585   0.0007945621   0.0008156656
        0.0004573683   0.0033091813   0.0002919311  -0.0000005287   0.0007957964
        0.0008171699  -0.0004570984  -0.0150055415  -0.0168901454   0.0027538262
       -0.0149770037  -0.0168531820  -0.0027768549   0.0121947673  -0.1118621612
        0.1072971827   0.0121774919  -0.1115251094  -0.1071607649  -0.0000902208
       -0.0004033628  -0.0000005241
        0.0000046710   0.0000054992   0.0001642335  -0.0000553122  -0.0000469737
       -0.0689898320   0.0000072517  -0.0000504446   0.5004995457   0.0000096069
        0.0000017996  -0.0759773162   0.0000105210  -0.0000196117   0.0209245577
        0.0000059357   0.0000038129   0.0156639792   0.0006617558   0.0006272292
        0.0005074103   0.0000024353  -0.0000003073   0.0006824561  -0.0006607413
       -0.0006265924   0.0005053833   0.0177700401   0.0191904938  -0.0012845800
       -0.0177941873  -0.0192150809  -0.0013183701  -0.0219900802   0.1103949427
       -0.1945100272   0.0220273220  -0.1102639127  -0.1948352514   0.0000007815
       -0.0000008541  -0.0020321889
       -0.0016627747  -0.0005693549  -0.0000008288  -0.0267676861  -0.0022263273
        0.0000005289  -0.1466168665   0.0356439729   0.0000096069   0.4837899209
       -0.0851239782  -0.0000600240  -0.0993135093   0.1374635605   0.0000330496
       -0.2117568948  -0.0935513437   0.0000048780  -0.0002485002  -0.0005503755
       -0.0004117626   0.0000898866   0.0007262871   0.0000003239  -0.0002482770
       -0.0005510760   0.0004105668  -0.0001727009   0.0002631179  -0.0003399093
       -0.0001711309   0.0002633460   0.0003407267  -0.0032809201   0.0068692314
       -0.0006266729  -0.0032847491   0.0068703164   0.0006422692   0.0096442022
       -0.0055273768  -0.0000027523
       -0.0027334511  -0.0041418099  -0.0000029707  -0.0108018995   0.0069083973
        0.0000006732   0.0413212174  -0.0729067355   0.0000017996  -0.0851239782
        0.8604360408   0.0001452957   0.1097051235  -0.6268082433  -0.0001270513
       -0.0562268661  -0.1118170614  -0.0000042680   0.0003762007   0.0001751622
       -0.0000756218  -0.0018938582   0.0001181195   0.0000001174   0.0003758396
        0.0001754058   0.0000770559  -0.0019171277   0.0001566735   0.0017396705
       -0.0019165903   0.0001599199  -0.0017401100   0.0156591020  -0.0101959374
        0.0036133342   0.0156326465  -0.0101707128  -0.0036264914  -0.0224563585
       -0.0320892188  -0.0000014334
       -0.0000026327  -0.0000031787   0.0003294274  -0.0000121478   0.0000072561
        0.0001124133   0.0000212517  -0.0000015944  -0.0759773162  -0.0000600240
        0.0001452957   0.1943859840   0.0000267287  -0.0001301461  -0.0645145189
        0.0000114027  -0.0000000795  -0.0469058465  -0.0000628006  -0.0000342918
       -0.0000170437  -0.0000013445   0.0000000691   0.0002704172   0.0000633017
        0.0000343852  -0.0000170416   0.0009085299   0.0002511602   0.0000879645
       -0.0009108280  -0.0002507357   0.0000861309  -0.0233060586   0.0129961021
       -0.0020648238   0.0233314077  -0.0130101751  -0.0020840959  -0.0000067862
       -0.0000040672  -0.0036916508
        0.0002629231   0.0001034184  -0.0000001166   0.0004132419   0.0028775814
        0.0000024876  -0.0121758768   0.0426741079   0.0000105210  -0.0993135093
        0.1097051235   0.0000267287   0.1093777270  -0.1151331222  -0.0000348790
        0.0126350948  -0.0401636232  -0.0000073562   0.0000275705   0.0000931174
       -0.0000192524  -0.0000084950  -0.0001925968  -0.0000001048   0.0000273981
        0.0000933301   0.0000194835   0.0001759190   0.0001654179  -0.0002579797
        0.0001779130   0.0001635750   0.0002579998  -0.0043307221   0.0025839236
       -0.0001499955  -0.0043255860   0.0025804217   0.0001523673  -0.0029435984
       -0.0055506748   0.0000000964
       -0.0002381636   0.0015375639   0.0000009029  -0.0052900902   0.0004608710
        0.0000018274   0.0215122744  -0.0435616532  -0.0000196117   0.1374635605
       -0.6268082433  -0.0001301461  -0.1151331222   0.7750029975   0.0001670797
       -0.0383146870  -0.1032071624  -0.0000186416  -0.0003037826  -0.0002636300
        0.0000362132   0.0004549040   0.0003260002   0.0000001742  -0.0003037117
       -0.0002635667  -0.0000371337   0.0006788629   0.0003471553  -0.0013746231
        0.0006784239   0.0003450737   0.0013750418   0.0034596536  -0.0019855567
       -0.0004451483   0.0034540209  -0.0019846607   0.0004443462  -0.0081181428
        0.0000548114  -0.0000002809
        0.0000001829   0.0000008255   0.0000765872  -0.0000001225   0.0000007222
       -0.0004636674   0.0000078214  -0.0000228511   0.0209245577   0.0000330496
       -0.0001270513  -0.0645145189  -0.0000348790   0.0001670797   0.0259558093
       -0.0000076274  -0.0000177988   0.0122081288  -0.0000205606   0.0000521686
        0.0000312885   0.0000002548   0.0000001503  -0.0000564564   0.0000203917
       -0.0000521895   0.0000311549  -0.0004524067  -0.0000906044   0.0000282034
        0.0004534451   0.0000895202   0.0000308031   0.0026608359  -0.0017688634
       -0.0000204691  -0.0026601671   0.0017693877  -0.0000195608  -0.0000002180
       -0.0000004958   0.0057881396
       -0.0025125610  -0.0028349705  -0.0000025186  -0.0085108569   0.0070959041
        0.0000059827  -0.0533147602  -0.0225277654   0.0000059357  -0.2117568948
       -0.0562268661   0.0000114027   0.0126350948  -0.0383146870  -0.0000076274
        0.3339003959   0.0161041980  -0.0000410091   0.0002379746   0.0000812025
        0.0001237704  -0.0013047602   0.0000771045   0.0000001725   0.0002379293
        0.0000811120  -0.0001239961   0.0005088637   0.0000931508  -0.0000431549
        0.0005078218   0.0000925102   0.0000431821  -0.0005011998  -0.0017115925
       -0.0001973370  -0.0005058627  -0.0017081414   0.0001952108  -0.0696211846
        0.0996988409   0.0000299863
       -0.0005060039  -0.0003752822  -0.0000006342  -0.0007715120   0.0026563811
        0.0000006035  -0.0041214792   0.0056714024   0.0000038129  -0.0935513437
       -0.1118170614  -0.0000000795  -0.0401636232  -0.1032071624  -0.0000177988
        0.0161041980   0.5610138516   0.0001036566   0.0000468460   0.0000278903
        0.0001760817  -0.0001623163  -0.0000922925   0.0000000495   0.0000468397
        0.0000279877  -0.0001763590   0.0005612220  -0.0003219576  -0.0000804843
        0.0005599508  -0.0003227842   0.0000800189  -0.0000525643  -0.0005580888
       -0.0010247722  -0.0000546156  -0.0005604712   0.0010218839   0.1220644016
       -0.3521424127  -0.0000859792
        0.0000005087   0.0000006829   0.0001038552   0.0000013983  -0.0000031096
        0.0017879642   0.0000095937   0.0000046585   0.0156639792   0.0000048780
       -0.0000042680  -0.0469058465  -0.0000073562  -0.0000186416   0.0122081288
       -0.0000410091   0.0001036566   0.0249721312  -0.0000111555  -0.0000075647
       -0.0000023761   0.0000003811  -0.0000001445  -0.0000934030   0.0000111087
        0.0000073711  -0.0000024404  -0.0001838215  -0.0001430894  -0.0000463704
        0.0001842630   0.0001431191  -0.0000464395   0.0027496301  -0.0011431786
        0.0004303874  -0.0027531270   0.0011427244   0.0004328657   0.0000347078
       -0.0000822164  -0.0085024358
       -0.0450196669   0.0132936692   0.0202454001  -0.0068438213   0.0173388256
        0.0228830656   0.0011267584   0.0007945621   0.0006617558  -0.0002485002
        0.0003762007  -0.0000628006   0.0000275705  -0.0003037826  -0.0000205606
        0.0002379746   0.0000468460  -0.0000111555   0.0538447863  -0.0182467795
       -0.0241897639   0.0012591075  -0.0143241402  -0.0187054271   0.0009954293
       -0.0015860487  -0.0016959656   0.0007795251  -0.0003234563   0.0003815349
       -0.0054795847   0.0033010700   0.0008046251  -0.0000675877   0.0000004208
        0.0000409763  -0.0005382165  -0.0003041055  -0.0003484936  -0.0000737744
       -0.0000632815   0.0000168090
        0.0132470779  -0.1203910818  -0.1102625272   0.0051619963  -0.0098311739
       -0.0122752798  -0.0007040071   0.0008156656   0.0006272292  -0.0005503755
        0.0001751622  -0.0000342918   0.0000931174  -0.0002636300   0.0000521686
        0.0000812025   0.0000278903  -0.0000075647  -0.0182467795   0.1382697979
        0.1298206338  -0.0008480514  -0.0170027039  -0.0219165839  -0.0015881558
        0.0093522496   0.0145583493  -0.0002750796  -0.0001171346  -0.0003502134
        0.0034880308  -0.0012621297  -0.0002610824   0.0000593672  -0.0000985095
        0.0000551484   0.0001444991   0.0002773275  -0.0000125760  -0.0000628424
        0.0000482703   0.0000065898
        0.0205311609  -0.1104451607  -0.2054487723   0.0029133827  -0.0026142884
       -0.0012833458  -0.0003760681   0.0004573683   0.0005074103  -0.0004117626
       -0.0000756218  -0.0000170437  -0.0000192524   0.0000362132   0.0000312885
        0.0001237704   0.0001760817  -0.0000023761  -0.0241897639   0.1298206338
        0.2351944015  -0.0010091446  -0.0027579573  -0.0021276330   0.0016916486
       -0.0144931650  -0.0285429842  -0.0003396390   0.0003512439   0.0007139815
        0.0005917638  -0.0004594750   0.0010727197   0.0000331536  -0.0000736601
       -0.0003799955   0.0004274132   0.0000871458   0.0002878852   0.0000333373
       -0.0000093584  -0.0000055361
       -0.1614888533  -0.1223500194  -0.0001015873  -0.0244780148  -0.0180288895
       -0.0000148081  -0.0063160425   0.0033091813   0.0000024353   0.0000898866
       -0.0018938582  -0.0000013445  -0.0000084950   0.0004549040   0.0000002548
       -0.0013047602  -0.0001623163   0.0000003811   0.0012591075  -0.0008480514
       -0.0010091446   0.1897451290   0.1406630162   0.0001165531   0.0012598755
       -0.0008487720   0.0010076142   0.0004409959  -0.0004560704  -0.0001882746
        0.0004410597  -0.0004563939   0.0001875189   0.0001284678   0.0002526508
       -0.0001633860   0.0001286451   0.0002527750   0.0001638256   0.0001029985
        0.0001118440  -0.0000000378
       -0.1232002743  -0.1672964977  -0.0001018217   0.0081252507   0.0077824084
        0.0000061546   0.0017211878   0.0002919311  -0.0000003073   0.0007262871
        0.0001181195   0.0000000691  -0.0001925968   0.0003260002   0.0000001503
        0.0000771045  -0.0000922925  -0.0000001445  -0.0143241402  -0.0170027039
       -0.0027579573   0.1406630162   0.1917909243   0.0001199006  -0.0143562269
       -0.0170452241   0.0027329946   0.0001482634   0.0004765834  -0.0002370973
        0.0001475431   0.0004760754   0.0002379442   0.0002003020   0.0000573318
       -0.0001943881   0.0001999162   0.0000565481   0.0001944888   0.0000643671
        0.0000607959   0.0000000141
       -0.0001023319  -0.0001018316  -0.0447391087   0.0000075769   0.0000068598
        0.0003370907   0.0000018534  -0.0000005287   0.0006824561   0.0000003239
        0.0000001174   0.0002704172  -0.0000001048   0.0000001742  -0.0000564564
        0.0000001725   0.0000000495  -0.0000934030  -0.0187054271  -0.0219165839
       -0.0021276330   0.0001165531   0.0001199006   0.0477150373   0.0186808055
        0.0218910643  -0.0020862682  -0.0004495575  -0.0002017853   0.0000244236
        0.0004498564   0.0002024294   0.0000252299  -0.0000868230  -0.0000377834
        0.0000154012   0.0000869355   0.0000377323   0.0000158506   0.0000001670
        0.0000001853   0.0000169627
       -0.0450211495   0.0133338291  -0.0202311202  -0.0068453333   0.0173781939
       -0.0228532629   0.0011267266   0.0007957964  -0.0006607413  -0.0002482770
        0.0003758396   0.0000633017   0.0000273981  -0.0003037117   0.0000203917
        0.0002379293   0.0000468397   0.0000111087   0.0009954293  -0.0015881558
        0.0016916486   0.0012598755  -0.0143562269   0.0186808055   0.0538473327
       -0.0182943819   0.0241680343  -0.0054794085   0.0033023225  -0.0007982091
        0.0007793816  -0.0003228737  -0.0003819363  -0.0005380890  -0.0003043336
        0.0003482058  -0.0000679086   0.0000001313  -0.0000413303  -0.0000739072
       -0.0000632688  -0.0000168962
        0.0132877990  -0.1207696558   0.1104070406   0.0051677193  -0.0098563870
        0.0122604406  -0.0007047677   0.0008171699  -0.0006265924  -0.0005510760
        0.0001754058   0.0000343852   0.0000933301  -0.0002635667  -0.0000521895
        0.0000811120   0.0000279877   0.0000073711  -0.0015860487   0.0093522496
       -0.0144931650  -0.0008487720  -0.0170452241   0.0218910643  -0.0182943819
        0.1387150930  -0.1299849644   0.0034888438  -0.0012630487   0.0002568835
       -0.0002755912  -0.0001171970   0.0003487831   0.0001455618   0.0002780003
        0.0000124138   0.0000591183  -0.0000989180  -0.0000549277  -0.0000628467
        0.0000480910  -0.0000065433
       -0.0205166894   0.1105892189  -0.2050672321  -0.0029044581   0.0025985176
       -0.0012563891   0.0003752474  -0.0004570984   0.0005053833   0.0004105668
        0.0000770559  -0.0000170416   0.0000194835  -0.0000371337   0.0000311549
       -0.0001239961  -0.0001763590  -0.0000024404  -0.0016959656   0.0145583493
       -0.0285429842   0.0010076142   0.0027329946  -0.0020862682   0.0241680343
       -0.1299849644   0.2347459443  -0.0005854084   0.0004555108   0.0010739472
        0.0003391653  -0.0003524539   0.0007136798  -0.0004269720  -0.0000869347
        0.0002878783  -0.0000332910   0.0000740705  -0.0003801498  -0.0000333310
        0.0000092266  -0.0000054824
       -0.0071729524   0.0176692402  -0.0222601360  -0.0430925911   0.0132543923
       -0.0192872775  -0.0008253028  -0.0150055415   0.0177700401  -0.0001727009
       -0.0019171277   0.0009085299   0.0001759190   0.0006788629  -0.0004524067
        0.0005088637   0.0005612220  -0.0001838215   0.0007795251  -0.0002750796
       -0.0003396390   0.0004409959   0.0001482634  -0.0004495575  -0.0054794085
        0.0034888438  -0.0005854084   0.0558426139  -0.0140912003   0.0219775157
        0.0016044031  -0.0013095023   0.0023370054  -0.0032935128  -0.0035646727
        0.0004168167   0.0006062786   0.0003726923   0.0001474275   0.0000778692
       -0.0000103930   0.0000009112
        0.0048844819  -0.0088630801   0.0120831079   0.0133120656  -0.1205438764
        0.1060012051  -0.0025718968  -0.0168901454   0.0191904938   0.0002631179
        0.0001566735   0.0002511602   0.0001654179   0.0003471553  -0.0000906044
        0.0000931508  -0.0003219576  -0.0001430894  -0.0003234563  -0.0001171346
        0.0003512439  -0.0004560704   0.0004765834  -0.0002017853   0.0033023225
       -0.0012630487   0.0004555108  -0.0140912003   0.1411765139  -0.1253962689
       -0.0013065932   0.0092268995  -0.0137172124  -0.0036974744  -0.0036625248
        0.0006987782   0.0004271051   0.0000991435   0.0004899767  -0.0000009703
        0.0001787985   0.0000274839
       -0.0020955078   0.0021083120  -0.0012175946  -0.0185309618   0.1069380771
       -0.1985101216   0.0021849883   0.0027538262  -0.0012845800  -0.0003399093
        0.0017396705   0.0000879645  -0.0002579797  -0.0013746231   0.0000282034
       -0.0000431549  -0.0000804843  -0.0000463704   0.0003815349  -0.0003502134
        0.0007139815  -0.0001882746  -0.0002370973   0.0000244236  -0.0007982091
        0.0002568835   0.0010739472   0.0219775157  -0.1253962689   0.2269317201
       -0.0023414811   0.0137809165  -0.0294831881   0.0003828361   0.0004870092
        0.0010374613  -0.0002622010  -0.0004494169   0.0006523352  -0.0000691956
       -0.0001765912  -0.0000081821
       -0.0071709555   0.0176318751   0.0222902353  -0.0430904049   0.0132132671
        0.0192938998  -0.0008286536  -0.0149770037  -0.0177941873  -0.0001711309
       -0.0019165903  -0.0009108280   0.0001779130   0.0006784239   0.0004534451
        0.0005078218   0.0005599508   0.0001842630  -0.0054795847   0.0034880308
        0.0005917638   0.0004410597   0.0001475431   0.0004498564   0.0007793816
       -0.0002755912   0.0003391653   0.0016044031  -0.0013065932  -0.0023414811
        0.0558390131  -0.0140424341  -0.0219854969   0.0006064160   0.0003730345
       -0.0001471065  -0.0032928890  -0.0035636435  -0.0004225579   0.0000776104
       -0.0000102693  -0.0000009711
        0.0048800447  -0.0088395784  -0.0120966387   0.0132725169  -0.1201896341
       -0.1058709704  -0.0025705040  -0.0168531820  -0.0192150809   0.0002633460
        0.0001599199  -0.0002507357   0.0001635750   0.0003450737   0.0000895202
        0.0000925102  -0.0003227842   0.0001431191   0.0033010700  -0.0012621297
       -0.0004594750  -0.0004563939   0.0004760754   0.0002024294  -0.0003228737
       -0.0001171970  -0.0003524539  -0.0013095023   0.0092268995   0.0137809165
       -0.0140424341   0.1407589322   0.1252541892   0.0004269413   0.0000999108
       -0.0004913040  -0.0036971874  -0.0036604145  -0.0007063734  -0.0000011086
        0.0001781084  -0.0000271425
        0.0021040540  -0.0021225690  -0.0012430546   0.0185382968  -0.1068087591
       -0.1988631686  -0.0021889137  -0.0027768549  -0.0013183701   0.0003407267
       -0.0017401100   0.0000861309   0.0002579998   0.0013750418   0.0000308031
        0.0000431821   0.0000800189  -0.0000464395   0.0008046251  -0.0002610824
        0.0010727197   0.0001875189   0.0002379442   0.0000252299  -0.0003819363
        0.0003487831   0.0007136798   0.0023370054  -0.0137172124  -0.0294831881
       -0.0219854969   0.1252541892   0.2273458896   0.0002626338   0.0004477759
        0.0006526597  -0.0003889469  -0.0004944382   0.0010354253   0.0000692511
        0.0001772728  -0.0000083169
        0.0010843093  -0.0007078545   0.0006733537  -0.0003789877  -0.0138864032
        0.0165460515  -0.0411486096   0.0121947673  -0.0219900802  -0.0032809201
        0.0156591020  -0.0233060586  -0.0043307221   0.0034596536   0.0026608359
       -0.0005011998  -0.0000525643   0.0027496301  -0.0000675877   0.0000593672
        0.0000331536   0.0001284678   0.0002003020  -0.0000868230  -0.0005380890
        0.0001455618  -0.0004269720  -0.0032935128  -0.0036974744   0.0003828361
        0.0006064160   0.0004269413   0.0002626338   0.0499703497  -0.0118389975
        0.0211172487   0.0024503419  -0.0015880620   0.0024704143  -0.0007002560
       -0.0003743394  -0.0010862238
        0.0007505959   0.0007716754  -0.0003581177  -0.0019784288  -0.0155209416
        0.0177279661   0.0106497283  -0.1118621612   0.1103949427   0.0068692314
       -0.0101959374   0.0129961021   0.0025839236  -0.0019855567  -0.0017688634
       -0.0017115925  -0.0005580888  -0.0011431786   0.0000004208  -0.0000985095
       -0.0000736601   0.0002526508   0.0000573318  -0.0000377834  -0.0003043336
        0.0002780003  -0.0000869347  -0.0035646727  -0.0036625248   0.0004870092
        0.0003730345   0.0000999108   0.0004477759  -0.0118389975   0.1329362075
       -0.1255900699  -0.0015825534   0.0090682097  -0.0130982917  -0.0004990069
        0.0006723845   0.0001031034
       -0.0001962858  -0.0005561382   0.0004206909   0.0017486044   0.0035991353
       -0.0011982388  -0.0186940136   0.1072971827  -0.1945100272  -0.0006266729
        0.0036133342  -0.0020648238  -0.0001499955  -0.0004451483  -0.0000204691
       -0.0001973370  -0.0010247722   0.0004303874   0.0000409763   0.0000551484
       -0.0003799955  -0.0001633860  -0.0001943881   0.0000154012   0.0003482058
        0.0000124138   0.0002878783   0.0004168167   0.0006987782   0.0010374613
       -0.0001471065  -0.0004913040   0.0006526597   0.0211172487  -0.1255900699
        0.2224485073  -0.0024697905   0.0131544782  -0.0271639498  -0.0010272640
       -0.0001286503   0.0000445182
        0.0010846448  -0.0007067482  -0.0006750265  -0.0003781903  -0.0138621377
       -0.0165670589  -0.0411452556   0.0121774919   0.0220273220  -0.0032847491
        0.0156326465   0.0233314077  -0.0043255860   0.0034540209  -0.0026601671
       -0.0005058627  -0.0000546156  -0.0027531270  -0.0005382165   0.0001444991
        0.0004274132   0.0001286451   0.0001999162   0.0000869355  -0.0000679086
        0.0000591183  -0.0000332910   0.0006062786   0.0004271051  -0.0002622010
       -0.0032928890  -0.0036971874  -0.0003889469   0.0024503419  -0.0015825534
       -0.0024697905   0.0499685017  -0.0118156870  -0.0211498241  -0.0006997542
       -0.0003758687   0.0010863547
        0.0007508728   0.0007704040   0.0003587405  -0.0019769379  -0.0154896645
       -0.0177506386   0.0106320809  -0.1115251094  -0.1102639127   0.0068703164
       -0.0101707128  -0.0130101751   0.0025804217  -0.0019846607   0.0017693877
       -0.0017081414  -0.0005604712   0.0011427244  -0.0003041055   0.0002773275
        0.0000871458   0.0002527750   0.0000565481   0.0000377323   0.0000001313
       -0.0000989180   0.0000740705   0.0003726923   0.0000991435  -0.0004494169
       -0.0035636435  -0.0036604145  -0.0004944382  -0.0015880620   0.0090682097
        0.0131544782  -0.0118156870   0.1325509037   0.1254456654  -0.0005027131
        0.0006674146  -0.0001013633
        0.0001976730   0.0005567867   0.0004224143  -0.0017522097  -0.0036229086
       -0.0012320407   0.0187194695  -0.1071607649  -0.1948352514   0.0006422692
       -0.0036264914  -0.0020840959   0.0001523673   0.0004443462  -0.0000195608
        0.0001952108   0.0010218839   0.0004328657  -0.0003484936  -0.0000125760
        0.0002878852   0.0001638256   0.0001944888   0.0000158506  -0.0000413303
       -0.0000549277  -0.0003801498   0.0001474275   0.0004899767   0.0006523352
       -0.0004225579  -0.0007063734   0.0010354253   0.0024704143  -0.0130982917
       -0.0271639498  -0.0211498241   0.1254456654   0.2228260345   0.0010257586
        0.0001291861   0.0000422378
        0.0000441950   0.0001755267   0.0000002396  -0.0002876060  -0.0000569654
       -0.0000003014   0.0015337921  -0.0000902208   0.0000007815   0.0096442022
       -0.0224563585  -0.0000067862  -0.0029435984  -0.0081181428  -0.0000002180
       -0.0696211846   0.1220644016   0.0000347078  -0.0000737744  -0.0000628424
        0.0000333373   0.0001029985   0.0000643671   0.0000001670  -0.0000739072
       -0.0000628467  -0.0000333310   0.0000778692  -0.0000009703  -0.0000691956
        0.0000776104  -0.0000011086   0.0000692511  -0.0007002560  -0.0004990069
       -0.0010272640  -0.0006997542  -0.0005027131   0.0010257586   0.0629194133
       -0.0904531199  -0.0000271466
        0.0002092263   0.0000691715   0.0000000955   0.0003031368  -0.0006044562
       -0.0000000741   0.0021055441  -0.0004033628  -0.0000008541  -0.0055273768
       -0.0320892188  -0.0000040672  -0.0055506748   0.0000548114  -0.0000004958
        0.0996988409  -0.3521424127  -0.0000822164  -0.0000632815   0.0000482703
       -0.0000093584   0.0001118440   0.0000607959   0.0000001853  -0.0000632688
        0.0000480910   0.0000092266  -0.0000103930   0.0001787985  -0.0001765912
       -0.0000102693   0.0001781084   0.0001772728  -0.0003743394   0.0006723845
       -0.0001286503  -0.0003758687   0.0006674146   0.0001291861  -0.0904531199
        0.3832616043   0.0000863411
        0.0000000514  -0.0000000866  -0.0000542702  -0.0000001560  -0.0000001789
       -0.0000540287  -0.0000000251  -0.0000005241  -0.0020321889  -0.0000027523
       -0.0000014334  -0.0036916508   0.0000000964  -0.0000002809   0.0057881396
        0.0000299863  -0.0000859792  -0.0085024358   0.0000168090   0.0000065898
       -0.0000055361  -0.0000000378   0.0000000141   0.0000169627  -0.0000168962
       -0.0000065433  -0.0000054824   0.0000009112   0.0000274839  -0.0000081821
       -0.0000009711  -0.0000271425  -0.0000083169  -0.0010862238   0.0001031034
        0.0000445182   0.0010863547  -0.0001013633   0.0000422378  -0.0000271466
        0.0000863411   0.0084702336
