           1           2   1.27939642478952     
           2           3   1.59781998382027     
           3           4   1.24023275747921     
           4           5   1.37509987145699     
           5           6   1.37510475516771     
           6           7   1.24022666100102     
           7           8   1.59782781775748     
           8           9   1.27939090765414     
           7          10  0.119528169103145     
           9          10   1.59782697486008     
           6          11   1.19892393781217     
          10          11   1.24022829015436     
           5          12  0.134356190511429     
          11          12   1.37510271886965     
           4          13   1.19892411862468     
          12          13   1.37510244667066     
           1          14   1.59782396985471     
           3          14  0.119529614048934     
          13          14   1.24022841513035     
           1          15  0.971105367126257     
           2          16  0.971105914160437     
           3          17  0.968316653948263     
           5          18  0.965892330762609     
           7          19  0.968316840877988     
           8          20  0.971105753592475     
           9          21  0.971105641185125     
          10          22  0.968316491342903     
          12          23  0.965892397679624     
          14          24  0.968316493139494     
