           1           2   1.02000463530325     
           2           3   1.00764360385740     
           3           4  0.973437848839440     
           4           5   1.76414826228302     
           4           6   1.11872387488566     
           5           6  0.169402561702624     
           6           7  0.958403376347888     
           1           8  0.986856531058379     
           1           9  0.987569998918350     
           1          10  0.987572318494951     
           2          11  0.977092974321348     
           2          12  0.977082201664804     
           3          13  0.953787540499274     
           3          14  0.953840347672555     
           7          15  0.981933785088714     
           7          16  0.977511693604337     
           7          17  0.977509794178576     
