           1           2  0.957983847032343     
           2           3   1.11093476920696     
           3           4   1.29211931543053     
           4           5   1.44018445767331     
           5           6   1.40562673317151     
           6           7   1.41907970931358     
           3           8   1.34449932561048     
           7           8   1.35508280013185     
           8           9  0.948596181612183     
           9          10   1.71023922398732     
           9          11   1.20001650754479     
          10          11  0.182960030369370     
           7          12  0.968393141531707     
           4          13  0.978506418627435     
           1          14  0.973860647872483     
           1          15  0.973794404087891     
           1          16  0.972489285242617     
           5          17  0.956094818971551     
           6          18  0.956914397638830     
          11          19  0.790041866664814     
