$coord
          2.192711101947         -4.002738744858         -0.334095399337     c 
          0.784993675276         -1.987924201996          1.181684477901     c 
         -0.027016873703          0.061758878112         -0.456241582641     n 
         -2.617272890373         -0.130484389295         -1.307815581871     c 
         -4.650607472060          0.523522958073          0.655377448759     c 
          0.742908867059          2.563212333236          0.345863148012     c 
          3.550171651367          2.991579296510         -0.166374907720     c 
          3.831613457275         -3.174046835270         -1.251162664851     h 
          2.812469027486         -5.524749737167          0.900036484561     h 
          0.970199333962         -4.786708185080         -1.786284335801     h 
          2.038768984518         -1.245671849542          2.645605310780     h 
         -0.827664411165         -2.870195306011          2.145956954953     h 
         -2.833487027201          1.124012075840         -2.938905877210     h 
         -2.905975619209         -2.066615411441         -1.967058086736     h 
         -6.516428382051          0.238512906242         -0.155007196832     h 
         -4.476203950638         -0.671865189748          2.318579811045     h 
         -4.486832365208          2.484979037081          1.245265651249     h 
         -0.340306226311          3.936900987015         -0.751273419043     h 
          0.349839901662          2.908639571171          2.365799682511     h 
          4.067311888459          4.922587316961          0.309841516055     h 
          4.708429130345          1.713243105533          0.947999229785     h 
          3.949099765549          2.663151401101         -2.153564392771     h 
$end
