$coord
          9.465263812357          0.021274904935         -0.448017118120     c 
          6.960983074178         -1.055182102118          0.480102756116     c 
          4.719682389413          0.548802527720         -0.372887760710     c 
          2.202615359738         -0.524667922427          0.540941993615     c 
         -0.034369364247          1.098967027797         -0.285607923704     c 
         -2.549731541752          0.002380176918          0.601712346823     c 
         -4.790524014959          1.641818105525         -0.184500854402     c 
         -7.312584413964          0.431970786689          0.543397247077     c 
         -7.726617145264         -1.908920104957         -0.650249351985     o 
          9.742857996203          1.926073185760          0.274156840942     h 
          9.499045060629          0.099344895697         -2.502227008961     h 
         11.034826545835         -1.146223276866          0.182216664034     h 
          6.979790283127         -1.155703078776          2.542046251761     h 
          6.733549559934         -2.978214185545         -0.235654293232     h 
          4.944790554681          2.470116657318          0.349790517453     h 
          4.707193286424          0.657266444707         -2.435051792664     h 
          2.224486453367         -0.655022850944          2.601309778693     h 
          1.966868449147         -2.437316363897         -0.199951209733     h 
          0.186710170237          3.005005523291          0.478351455049     h 
         -0.039564281730          1.252254121048         -2.345349279370     h 
         -2.534538073499         -0.175518260932          2.657801990395     h 
         -2.795882375029         -1.890465224450         -0.182492345949     h 
         -4.747244253088          1.932563682914         -2.231893558691     h 
         -4.660943765044          3.493018010260          0.716192617007     h 
         -7.351416196531          0.026796612727          2.567229734135     h 
         -8.865960002136          1.745541715833          0.107804019772     h 
         -7.588176855332         -1.671655451521         -2.451151403407     h 
$end
