           1           2   1.00376909877135     
           2           3  0.962811458886561     
           2           4  0.988180546187432     
           4           5  0.993426741854412     
           5           6   1.00964039759999     
           5           7   1.00970610942552     
           2           8  0.974057697102454     
           1           9  0.984709490689158     
           1          10  0.979116026487970     
           1          11  0.984771798796008     
           4          12  0.975429572339614     
           4          13  0.973939180583722     
           5          14  0.968696786404913     
           6          15  0.986012167997650     
           6          16  0.986423135545565     
           6          17  0.980845863573519     
           7          18  0.986129929433193     
           7          19  0.984910784822204     
           7          20  0.986400331069723     
           8          21  0.866968118178892     
