$coord
          2.652698020697         -0.981066257836          0.000172352455     c 
          1.102519287015          1.224348848248          0.000410989127     o 
         -1.372160005893          0.903378766314         -0.001415816696     c 
         -2.496191448400         -1.054920987346          0.000664712425     o 
          3.962121244968         -0.836327346530          1.581792793402     h 
          3.700108103474         -1.044100858756         -1.772559503974     h 
          1.477000634721         -2.664689745550          0.189448494064     h 
         -2.276072646243          2.781411575584         -0.000939280346     h 
$end
