$coord
         -9.010089175979         -1.605948180955         -0.246910357410     c 
         -6.424374219520         -1.715870621122          0.596179143639     n 
         -4.658516598011         -0.043252148817         -0.177085599634     c 
         -5.027060763722          1.704979698863         -1.581091777073     o 
         -2.396305303822         -0.688971280247          0.867539025392     o 
         -0.284282943300          0.823705587236          0.510803638085     c 
         -0.386582172295          3.409095723048          0.560072232885     c 
          1.835955537092          4.825488437844          0.276893640706     c 
          4.117726897977          3.659814781913         -0.024631019103     c 
          4.284265218804          0.999570978730         -0.064126470589     c 
          2.051205209007         -0.460961336094          0.200977324498     c 
          2.223385033212         -3.118465860003          0.144856574525     c 
          4.508755739050         -4.283963098301         -0.157630606236     c 
          6.721590379186         -2.846542526601         -0.411843355287     c 
          6.610196690236         -0.266663429377         -0.367031607518     c 
         -9.179981412278          0.018240526246         -1.497969876861     h 
        -10.289644783867         -1.373063345163          1.354524239382     h 
         -9.519710988148         -3.318367282449         -1.278967807498     h 
         -5.884904703577         -3.119168391136          1.762601304712     h 
         -2.171214001524          4.362960326753          0.791474814318     h 
          1.709980754275          6.861540648402          0.309521702047     h 
          5.828082493001          4.753837724622         -0.237621526670     h 
          0.512370776099         -4.211186410013          0.343050751274     h 
          4.625531806677         -6.321375283020         -0.204254152191     h 
          8.512511051212         -3.797510955970         -0.647212512117     h 
          8.308827353995          0.849521678237         -0.565081494998     h 
$end
