$hessian                                                                        
        0.4756469373  -0.0103469140   0.0380954754  -0.1418854605  -0.0190211222
        0.0571460256  -0.0074571131  -0.0039078480   0.0059435309  -0.0281545245
       -0.0010610463   0.0117136710  -0.0030266724   0.0022671169  -0.0019637273
       -0.0011067980  -0.0001714004   0.0006412241   0.0000694425   0.0000413049
        0.0000145031   0.0031909077   0.0009294265   0.0022038406  -0.0504726525
       -0.0175540697  -0.0415228874  -0.0493092024  -0.0359463649   0.0019614672
       -0.1996712431   0.0851239335  -0.0748612284   0.0007753577  -0.0008294838
        0.0006229240   0.0000313964  -0.0001675508   0.0012229472   0.0000780063
       -0.0000626714  -0.0001494312  -0.0000088285  -0.0000060043   0.0000412147
       -0.0000061612  -0.0000482355   0.0000174517  -0.0003898779   0.0002581914
       -0.0001019093  -0.0000356123  -0.0000358675  -0.0000331872  -0.0000588350
        0.0000513492   0.0000470419   0.0000227828   0.0001414436   0.0000080934
        0.0017681509   0.0003458130  -0.0010470400
       -0.0103469140   0.5222589230   0.0130808443  -0.0196400502  -0.0719958409
        0.0155173702  -0.0247400778  -0.0098260157   0.0177702139   0.0103906157
        0.0016009810  -0.0053024205   0.0017223006  -0.0008854723   0.0010292572
        0.0004688361   0.0000122726  -0.0003111392  -0.0001134214  -0.0001278141
       -0.0000277988   0.0105641279   0.0040280629  -0.0149695346  -0.0178183086
       -0.0798024644  -0.0850260640  -0.0362724791  -0.2768244080   0.0187191031
        0.0850476801  -0.0899798218   0.0399872682   0.0010612298   0.0008991583
       -0.0005401103  -0.0001984319   0.0002247578  -0.0002157323  -0.0000958222
       -0.0000884614  -0.0001146570  -0.0000289890   0.0000341256  -0.0000098112
       -0.0000198132   0.0001034219  -0.0000302118   0.0002173213  -0.0000787391
       -0.0000030398  -0.0000136454   0.0001887574  -0.0000649795  -0.0000222936
        0.0000615827   0.0000596583   0.0001579512   0.0002731150  -0.0001426881
       -0.0003198162  -0.0000761204   0.0005944721
        0.0380954754   0.0130808443   0.5004736888   0.0524103164   0.0153630273
       -0.0956647545   0.0077304666   0.0044599091  -0.0032396540  -0.0042859577
       -0.0017417122   0.0041260391  -0.0015706225   0.0008956520  -0.0005528089
       -0.0004451079  -0.0001072414   0.0002334239  -0.0000322862   0.0001113064
       -0.0000560982   0.0246226972  -0.0055444069  -0.0423353136  -0.0420092355
       -0.0854583958  -0.2413317178   0.0025942487   0.0187504520  -0.0454942419
       -0.0754946120   0.0404351625  -0.0788284131  -0.0004687144  -0.0002991677
        0.0002111920  -0.0008603678   0.0003352534   0.0007696898  -0.0002455682
        0.0000253846   0.0000961576   0.0000674899  -0.0000200036   0.0000726200
        0.0000329685  -0.0000069534  -0.0000007478  -0.0002202127   0.0000838786
        0.0000109595  -0.0000287687  -0.0000740494   0.0000451059   0.0000443208
        0.0000383807   0.0000640394   0.0000389361  -0.0000510897   0.0000062176
        0.0000245339  -0.0002762308   0.0013946161
       -0.1418854605  -0.0196400502   0.0524103164   0.4608421332  -0.0028801996
       -0.0004932428  -0.0459085290  -0.0256689174   0.0031846538  -0.1378507139
        0.0445623575  -0.0361758967  -0.0270092252   0.0090944501  -0.0041670985
       -0.0034085137  -0.0008500905   0.0021537012   0.0002513218  -0.0002021332
       -0.0001546408  -0.0658801533   0.0110934503  -0.0024371745   0.0036712062
        0.0009065313  -0.0024848062  -0.0064634855  -0.0051355249   0.0056496087
       -0.0251547033  -0.0027251706   0.0146474941   0.0002326204   0.0023063320
       -0.0002495202  -0.0048544816   0.0022134669  -0.0038251750   0.0007082695
        0.0002643634  -0.0008882339   0.0000580485  -0.0000511683   0.0003125123
       -0.0000325677  -0.0002049489   0.0000720621  -0.0009609587   0.0008123749
       -0.0003086893   0.0001011912   0.0002428555  -0.0001457611  -0.0002450949
        0.0000286919   0.0000691888  -0.0008530568  -0.0002188272   0.0000295047
       -0.0053578466  -0.0139478430  -0.0271988032
       -0.0190211222  -0.0719958409   0.0153630273  -0.0028801996   0.5039392318
       -0.0191513903  -0.0254226714  -0.2314863236   0.0286118953   0.0399541648
       -0.0932254825   0.0200906190  -0.0002963864   0.0023126709  -0.0030935101
       -0.0003961931   0.0001542186   0.0004012466   0.0006512841  -0.0003868239
        0.0000111041  -0.0000360381  -0.0902877326  -0.0656722170   0.0080117529
        0.0013951072  -0.0074839285  -0.0250073108  -0.0095025746   0.0191570902
        0.0106690984   0.0021143416  -0.0071502028   0.0260545453  -0.0209958945
        0.0141768461  -0.0081188433   0.0042046807  -0.0053644086   0.0001643708
        0.0005117998  -0.0003007039  -0.0000252103  -0.0000825342  -0.0001920370
        0.0000172782   0.0001139859   0.0000912693  -0.0003022319   0.0003057089
        0.0000891025  -0.0001709264  -0.0001910512  -0.0000883565  -0.0001487611
       -0.0000798613  -0.0000790085  -0.0016854382  -0.0005974817   0.0006198762
       -0.0020111617   0.0037798556   0.0099636865
        0.0571460256   0.0155173702  -0.0956647545  -0.0004932428  -0.0191513903
        0.4250726587   0.0035094709   0.0318037560  -0.0411146614  -0.0363287693
        0.0228034124  -0.0778506149   0.0082992072  -0.0063491197   0.0072456639
        0.0030833477   0.0003184833  -0.0020216327   0.0001451969  -0.0002842992
       -0.0006017919  -0.0225837704  -0.0567778470  -0.1666250757   0.0181997287
        0.0025973578  -0.0183317375   0.0036738372   0.0034801365  -0.0028482304
       -0.0072814934  -0.0017266019   0.0055308702  -0.0028076017   0.0031707758
       -0.0007676118  -0.0216580223   0.0101084378  -0.0146896816   0.0009576049
       -0.0006971883  -0.0002559762  -0.0000053895  -0.0000192819   0.0000231445
       -0.0000929905  -0.0000176470   0.0000631350   0.0012081094  -0.0004591380
        0.0002062292   0.0004580878   0.0000376034   0.0000086384  -0.0001134720
        0.0000442231  -0.0001119924   0.0001130196   0.0000818375   0.0004616780
       -0.0054288840  -0.0044808805  -0.0177282569
       -0.0074571131  -0.0247400778   0.0077304666  -0.0459085290  -0.0254226714
        0.0035094709   0.0599124640   0.0336637791  -0.0033497481   0.0002514656
        0.0243728504  -0.0044102610   0.0009333946   0.0001819565  -0.0002046216
       -0.0001392800  -0.0001258051   0.0000391359  -0.0013653253   0.0005169336
       -0.0002994177   0.0015056805  -0.0068434647  -0.0044469428   0.0003729194
        0.0000010203  -0.0003265296  -0.0039726270  -0.0017366930   0.0035751769
        0.0004020515  -0.0005631559  -0.0002511814  -0.0039424750   0.0033307510
       -0.0022041335   0.0004419322   0.0000046880   0.0002450377   0.0000144214
        0.0000682235   0.0001121273   0.0000811635   0.0000160114   0.0000313892
        0.0000986244  -0.0001420847  -0.0000247952  -0.0000232717  -0.0000542808
        0.0000430192   0.0002363363  -0.0001371710   0.0001086070  -0.0000461446
       -0.0000368777  -0.0002114860  -0.0015736331  -0.0011455685   0.0007303911
        0.0001779454  -0.0012083630  -0.0003957049
       -0.0039078480  -0.0098260157   0.0044599091  -0.0256689174  -0.2314863236
        0.0318037560   0.0336637791   0.2812813734  -0.0226658022   0.0020797610
       -0.0175425060   0.0040742865  -0.0006542724  -0.0000061084  -0.0000668348
       -0.0000306299   0.0001327442  -0.0002050982  -0.0011818470   0.0003843492
        0.0001244929  -0.0054512979  -0.0238162660  -0.0207184315   0.0002421154
        0.0001488373   0.0002214000  -0.0018297332   0.0001117142   0.0014384208
        0.0002666753   0.0003812529  -0.0005990186   0.0027356708  -0.0016984786
        0.0018588302  -0.0002836709   0.0001867463   0.0000776683  -0.0000555177
       -0.0003288095  -0.0001042952  -0.0000717844  -0.0000137460   0.0000420980
       -0.0000495340   0.0000303018   0.0000304564   0.0000452834   0.0000462707
       -0.0000604909  -0.0000764433  -0.0000053494   0.0001236946   0.0000833096
        0.0000398943   0.0000270227  -0.0003337566   0.0006139799  -0.0001562397
        0.0004786582   0.0013661389   0.0002941754
        0.0059435309   0.0177702139  -0.0032396540   0.0031846538   0.0286118953
       -0.0411146614  -0.0033497481  -0.0226658022   0.0613066574  -0.0004324952
        0.0123521020  -0.0008259250   0.0006143212  -0.0003368599   0.0003163209
       -0.0000586430  -0.0000219066   0.0000490477   0.0003988328  -0.0001274767
        0.0001484669  -0.0068027172  -0.0382151329  -0.0146529985  -0.0000513392
        0.0004127735   0.0000821338   0.0035595185   0.0013616167  -0.0020592943
       -0.0006148814  -0.0001299526   0.0004169488  -0.0021995786   0.0017298768
       -0.0007902780   0.0001355416   0.0003549069  -0.0000056022  -0.0000510479
       -0.0001188092  -0.0001751832   0.0000105813   0.0000545354  -0.0000255654
        0.0000248618  -0.0000594913  -0.0000592443  -0.0000168350  -0.0000430824
        0.0000112557   0.0000125447  -0.0000043291  -0.0001192034  -0.0002307578
        0.0000524690  -0.0002053442   0.0004494022   0.0001521057   0.0005140217
       -0.0005257452  -0.0011296523   0.0004281011
       -0.0281545245   0.0103906157  -0.0042859577  -0.1378507139   0.0399541648
       -0.0363287693   0.0002514656   0.0020797610  -0.0004324952   0.4506923163
        0.0151103406   0.0109864531  -0.1385229998  -0.0165224160   0.0531754220
       -0.0276683353   0.0015431853   0.0116844618  -0.0114765673  -0.0075612946
        0.0063743558  -0.0095393380   0.0014794564  -0.0125870241   0.0002133993
        0.0001126894  -0.0009067152   0.0008495290   0.0007440099  -0.0008920733
       -0.0045048245  -0.0003217761   0.0023187672  -0.0466032048  -0.0358808236
        0.0006406485  -0.0455062656  -0.0120148724  -0.0309205189   0.0010786300
        0.0006972449   0.0015622317   0.0008180518  -0.0005803258   0.0009534160
        0.0005872276  -0.0009553740   0.0002905242  -0.0043615319   0.0025461689
       -0.0008832378  -0.0006056955  -0.0019558248   0.0001265303   0.0004352466
        0.0007689297   0.0004239254   0.0001801942   0.0004840882  -0.0000609258
       -0.0003120593  -0.0001179475  -0.0012390184
       -0.0010610463   0.0016009810  -0.0017417122   0.0445623575  -0.0932254825
        0.0228034124   0.0243728504  -0.0175425060   0.0123521020   0.0151103406
        0.5192083302   0.0286044151  -0.0191450704  -0.0672626187   0.0104508496
        0.0140746943   0.0000245663  -0.0074341483  -0.0242833503  -0.0093217867
        0.0141855088  -0.0099047145   0.0076233634  -0.0055493300   0.0001628410
        0.0000737976  -0.0000182009  -0.0011692498   0.0008532522   0.0000034375
       -0.0013461730   0.0006983313   0.0001999727  -0.0360522211  -0.2660110291
        0.0072954867  -0.0110476127  -0.0735657605  -0.0761155117   0.0046467580
        0.0019287103  -0.0039520177  -0.0002516212   0.0004350031  -0.0003243630
        0.0014492408   0.0006393938  -0.0005325529   0.0035567591  -0.0017312393
        0.0007704610  -0.0028337505  -0.0057625463   0.0003963330  -0.0002282142
        0.0008001857   0.0008764680   0.0001327912   0.0007773868   0.0002853976
       -0.0007456090  -0.0002403327  -0.0025560077
        0.0117136710  -0.0053024205   0.0041260391  -0.0361758967   0.0200906190
       -0.0778506149  -0.0044102610   0.0040742865  -0.0008259250   0.0109864531
        0.0286044151   0.5086452996   0.0556890041   0.0097096610  -0.1073333238
       -0.0036470164  -0.0010249717   0.0036303345   0.0020894348   0.0028386887
       -0.0007874315  -0.0300532303   0.0085019156  -0.0232108632   0.0009475037
       -0.0000598911   0.0005432838   0.0002484455  -0.0005359478   0.0003093686
        0.0039731038   0.0002361538  -0.0014947840   0.0003678529   0.0068456500
       -0.0447342612  -0.0289777098  -0.0766917680  -0.2375766393   0.0249344329
        0.0037558239  -0.0218570192  -0.0009894349   0.0002903887   0.0010406307
       -0.0004370954   0.0000348817   0.0001699417  -0.0022109051   0.0010780655
        0.0005899566  -0.0005695382  -0.0002633125   0.0007282026  -0.0012529322
       -0.0007468207   0.0011286245  -0.0000437490  -0.0000545010   0.0001482519
       -0.0021821328  -0.0013809162  -0.0053890716
       -0.0030266724   0.0017223006  -0.0015706225  -0.0270092252  -0.0002963864
        0.0082992072   0.0009333946  -0.0006542724   0.0006143212  -0.1385229998
       -0.0191450704   0.0556890041   0.4707275300   0.0070393313   0.0213543855
       -0.1329163739   0.0575982101  -0.0315332645  -0.0755025202  -0.0369103346
       -0.0043669509  -0.0004914906  -0.0001219654   0.0011354263  -0.0000164854
       -0.0000196039  -0.0001493523   0.0001166111   0.0002620787  -0.0001544064
       -0.0009243466  -0.0001312825   0.0006598694  -0.0080837173  -0.0045648085
        0.0053705003   0.0009297862   0.0005740289   0.0018735855  -0.0521362583
       -0.0104638218  -0.0451875403  -0.0075109582   0.0047301101  -0.0067556146
        0.0044743618  -0.0028274568   0.0019691434  -0.0233725463   0.0152156172
       -0.0060770453  -0.0110065812  -0.0248092344  -0.0000980545  -0.0025842825
       -0.0071004040  -0.0025707888   0.0055650048   0.0199614002   0.0010372594
        0.0003577694  -0.0000584361   0.0004609378
        0.0022671169  -0.0008854723   0.0008956520   0.0090944501   0.0023126709
       -0.0063491197   0.0001819565  -0.0000061084  -0.0003368599  -0.0165224160
       -0.0672626187   0.0097096610   0.0070393313   0.4756920309   0.0135638526
        0.0577422575  -0.1104383674   0.0240324580  -0.0383194828  -0.1817437786
       -0.0113453181  -0.0003786785   0.0005007739  -0.0003657220  -0.0000329633
       -0.0000192838   0.0000214268   0.0000668784   0.0000195669   0.0000172268
        0.0007680464   0.0002081893  -0.0002535270  -0.0237375075  -0.0094534062
        0.0170168896   0.0072597791   0.0017811566  -0.0058329290  -0.0106824941
       -0.0518758616  -0.0449928615  -0.0020865470   0.0026066948   0.0006793520
        0.0204560250  -0.0224307499   0.0094634088  -0.0009513650   0.0014165486
       -0.0011118458  -0.0045623795  -0.0070573631   0.0009278959  -0.0043473404
       -0.0110864085  -0.0055532879  -0.0033138577  -0.0221431617  -0.0001944946
        0.0000591907  -0.0001350514   0.0000081422
       -0.0019637273   0.0010292572  -0.0005528089  -0.0041670985  -0.0030935101
        0.0072456639  -0.0002046216  -0.0000668348   0.0003163209   0.0531754220
        0.0104508496  -0.1073333238   0.0213543855   0.0135638526   0.5329679233
       -0.0325344463   0.0245857444  -0.0808322058  -0.0042882664  -0.0114717995
       -0.0687104003  -0.0009517036   0.0002205853  -0.0005887993  -0.0000420133
        0.0000993794   0.0001047870  -0.0000165568  -0.0001392744  -0.0000140019
       -0.0008316619   0.0000711505   0.0003812977   0.0028331784   0.0019051445
       -0.0009361982   0.0237621483   0.0032947148  -0.0223093449  -0.0461018439
       -0.0447430352  -0.2464475951  -0.0236123545   0.0175227854  -0.0140887680
        0.0020687925  -0.0008748745   0.0008434451   0.0120789074  -0.0090205537
        0.0045948061   0.0063583839   0.0153926680   0.0006307064  -0.0097661454
       -0.0289911284  -0.0058777671   0.0026494152   0.0105798349   0.0006265555
        0.0001998065  -0.0003149560  -0.0000202928
       -0.0011067980   0.0004688361  -0.0004451079  -0.0034085137  -0.0003961931
        0.0030833477  -0.0001392800  -0.0000306299  -0.0000586430  -0.0276683353
        0.0140746943  -0.0036470164  -0.1329163739   0.0577422575  -0.0325344463
        0.4858401822   0.0322575123  -0.0182979181   0.0027865036  -0.0006746460
        0.0014459781   0.0001709285  -0.0000396499   0.0001002201  -0.0000120868
       -0.0000000336  -0.0000566074   0.0000064641   0.0000709503  -0.0000212477
       -0.0004049987  -0.0000590137   0.0002318163   0.0002344084   0.0015363488
       -0.0008293012   0.0006216230   0.0000053974  -0.0005629438  -0.0077232984
        0.0064799519  -0.0054733461  -0.0530233380  -0.0097244573  -0.0451972720
       -0.0623468070  -0.0660137712  -0.0065024495  -0.2029343765  -0.0319420390
        0.1082669388   0.0010307359  -0.0011204003  -0.0000048614   0.0004286380
       -0.0005618189   0.0003113523   0.0004450594  -0.0020777182   0.0001688126
        0.0001196630   0.0000044223   0.0000226951
       -0.0001714004   0.0000122726  -0.0001072414  -0.0008500905   0.0001542186
        0.0003184833  -0.0001258051   0.0001327442  -0.0000219066   0.0015431853
        0.0000245663  -0.0010249717   0.0575982101  -0.1104383674   0.0245857444
        0.0322575123   0.4999341628   0.0131476488   0.0193289336  -0.0273546259
        0.0090818331   0.0000107744   0.0000678055   0.0000899847   0.0000422654
       -0.0000014869   0.0000122287   0.0000419022   0.0000442032  -0.0000200640
       -0.0001135854   0.0000289307   0.0000014143  -0.0015784735   0.0012490276
        0.0002710352  -0.0002478218   0.0001334634   0.0001632308  -0.0009335054
        0.0019471196  -0.0001899292  -0.0099601544  -0.0521946471  -0.0430299690
       -0.0660971655  -0.2595953229  -0.0240546896  -0.0319155600  -0.0491430807
        0.0201577493   0.0012786220   0.0007621746  -0.0001176897   0.0007191479
        0.0008775277   0.0007727821  -0.0007792421  -0.0066048467  -0.0000558766
       -0.0000477491  -0.0000358392   0.0000202032
        0.0006412241  -0.0003111392   0.0002334239   0.0021537012   0.0004012466
       -0.0020216327   0.0000391359  -0.0002050982   0.0000490477   0.0116844618
       -0.0074341483   0.0036303345  -0.0315332645   0.0240324580  -0.0808322058
       -0.0182979181   0.0131476488   0.5131883230   0.0007568302   0.0010390298
        0.0004242453  -0.0000652581  -0.0000530267   0.0004919396  -0.0000423830
       -0.0000078776   0.0000988737  -0.0000613894  -0.0000263997   0.0000486208
        0.0002899640  -0.0000042798  -0.0000655228   0.0002108506  -0.0006270182
        0.0005428771   0.0008475061  -0.0003087998   0.0008034272  -0.0230405640
        0.0174732714  -0.0123464753  -0.0456964939  -0.0426052420  -0.2625344439
       -0.0066699088  -0.0238934914  -0.0467970961   0.1083490382   0.0203016279
       -0.1167992133  -0.0003936651   0.0002487263   0.0001789870   0.0006065768
       -0.0007756977   0.0009189450   0.0002289173  -0.0004940291   0.0007812379
       -0.0000073612   0.0001022390   0.0000063073
        0.0000694425  -0.0001134214  -0.0000322862   0.0002513218   0.0006512841
        0.0001451969  -0.0013653253  -0.0011818470   0.0003988328  -0.0114765673
       -0.0242833503   0.0020894348  -0.0755025202  -0.0383194828  -0.0042882664
        0.0027865036   0.0193289336   0.0007568302   0.5156478090  -0.0241615274
       -0.0017000021  -0.0001510582  -0.0002893490  -0.0005784639   0.0000176171
       -0.0000501252  -0.0000157697  -0.0001185883  -0.0000270502   0.0001183419
       -0.0000539344   0.0000150327   0.0000023630  -0.0040653615  -0.0017727964
        0.0026790345   0.0009241170  -0.0001240596  -0.0010540855  -0.0016146097
       -0.0079569855  -0.0017455360   0.0005735714   0.0004488623   0.0005442797
       -0.0024906565   0.0041626415  -0.0013862350   0.0009414507   0.0012039450
       -0.0003843572  -0.2110473418  -0.0225901566   0.1065968246  -0.0520287835
       -0.0091035052  -0.0408900331  -0.1613424146   0.1041522659  -0.0613662023
        0.0000453283   0.0000106915   0.0001100992
        0.0000413049  -0.0001278141   0.0001113064  -0.0002021332  -0.0003868239
       -0.0002842992   0.0005169336   0.0003843492  -0.0001274767  -0.0075612946
       -0.0093217867   0.0028386887  -0.0369103346  -0.1817437786  -0.0114717995
       -0.0006746460  -0.0273546259   0.0010390298  -0.0241615274   0.4621559366
       -0.0075093842  -0.0000680637   0.0001538796   0.0001209132  -0.0000563054
       -0.0000000423   0.0000163529   0.0000298162   0.0000507995  -0.0000241801
        0.0000343316   0.0000194437   0.0000212252  -0.0010838390   0.0002552511
        0.0003953289   0.0009434210   0.0007161053  -0.0006334352  -0.0043366755
       -0.0118017521  -0.0031739128  -0.0008238371   0.0008600427  -0.0005384615
        0.0028072208  -0.0030013315   0.0014826408  -0.0010147709   0.0005197274
       -0.0001081094  -0.0225744610  -0.0447103802   0.0146870112  -0.0089389939
       -0.0548582585  -0.0503347154   0.1039736204  -0.1316742928   0.0535047172
        0.0000602337  -0.0001346484  -0.0000114403
        0.0000145031  -0.0000277988  -0.0000560982  -0.0001546408   0.0000111041
       -0.0006017919  -0.0002994177   0.0001244929   0.0001484669   0.0063743558
        0.0141855088  -0.0007874315  -0.0043669509  -0.0113453181  -0.0687104003
        0.0014459781   0.0090818331   0.0004242453  -0.0017000021  -0.0075093842
        0.5214359055  -0.0000643056   0.0001626677   0.0006464477  -0.0000152916
        0.0000290000   0.0001197764   0.0000244454   0.0000349086  -0.0000197456
        0.0000340367  -0.0000162173   0.0000107886   0.0031783708   0.0017707942
       -0.0012866976   0.0006019758   0.0014877129   0.0012367559  -0.0089034011
       -0.0276978018  -0.0045401126   0.0003465448   0.0010601519   0.0008502544
       -0.0010402057   0.0020362204   0.0000348779   0.0001458024  -0.0003780872
        0.0002627284   0.1068898134   0.0144842393  -0.1127137628  -0.0412114229
       -0.0509252913  -0.2603662453  -0.0612723401   0.0533724670  -0.0760480000
       -0.0000278479   0.0000587980  -0.0000399610
        0.0031909077   0.0105641279   0.0246226972  -0.0658801533  -0.0000360381
       -0.0225837704   0.0015056805  -0.0054512979  -0.0068027172  -0.0095393380
       -0.0099047145  -0.0300532303  -0.0004914906  -0.0003786785  -0.0009517036
        0.0001709285   0.0000107744  -0.0000652581  -0.0001510582  -0.0000680637
       -0.0000643056   0.3951636942  -0.1478230798   0.1489799384  -0.0034225652
       -0.0002358010   0.0043967586   0.0011689905   0.0008602044  -0.0013916180
        0.0009662960  -0.0001416337   0.0004493410   0.0009575635  -0.0002237284
        0.0006432547  -0.0052533565   0.0023274026  -0.0040829086  -0.0008624259
       -0.0001208707  -0.0003712728   0.0000114272  -0.0000248134  -0.0001295649
        0.0000067135   0.0001323491  -0.0000162062   0.0001224611  -0.0000940018
        0.0001363310  -0.0000022343   0.0001478828   0.0000899553   0.0000716010
        0.0000335976  -0.0001799748   0.0000946548   0.0000546665   0.0000341556
       -0.3178282966   0.1503717162  -0.1126599014
        0.0009294265   0.0040280629  -0.0055444069   0.0110934503  -0.0902877326
       -0.0567778470  -0.0068434647  -0.0238162660  -0.0382151329   0.0014794564
        0.0076233634   0.0085019156  -0.0001219654   0.0005007739   0.0002205853
       -0.0000396499   0.0000678055  -0.0000530267  -0.0002893490   0.0001538796
        0.0001626677  -0.1478230798   0.1753628670   0.0571767405   0.0008554801
        0.0008985934  -0.0000445541   0.0005583046   0.0012281399  -0.0002728080
       -0.0002844796  -0.0005008755   0.0003360759  -0.0007203362   0.0012760638
       -0.0001223516   0.0023482897  -0.0003127796   0.0018864933   0.0002477109
       -0.0004814416  -0.0000319012  -0.0000561828   0.0000092280  -0.0000055368
       -0.0000845253   0.0000783892  -0.0000482656   0.0000153742  -0.0000205664
       -0.0000609279  -0.0001198250   0.0000595555   0.0000586353   0.0001666161
       -0.0000815637   0.0000077347   0.0002161167   0.0004070781  -0.0002358956
        0.1384726322  -0.0761925748   0.0330618062
        0.0022038406  -0.0149695346  -0.0423353136  -0.0024371745  -0.0656722170
       -0.1666250757  -0.0044469428  -0.0207184315  -0.0146529985  -0.0125870241
       -0.0055493300  -0.0232108632   0.0011354263  -0.0003657220  -0.0005887993
        0.0001002201   0.0000899847   0.0004919396  -0.0005784639   0.0001209132
        0.0006464477   0.1489799384   0.0571767405   0.3277028425   0.0066718951
        0.0006248267  -0.0066443697  -0.0017471031  -0.0000086463   0.0018622722
       -0.0010853279  -0.0003942185   0.0018104098   0.0017813679  -0.0003602875
        0.0010493354  -0.0033922854   0.0016592700  -0.0023834627  -0.0003294388
        0.0003048438   0.0008403141   0.0001439144   0.0000050769   0.0000074195
        0.0000940763   0.0000386552  -0.0001231020  -0.0000872743  -0.0001200024
        0.0000859693  -0.0002541913   0.0000648512   0.0000719511   0.0002924737
       -0.0000132463   0.0000513049   0.0002223817  -0.0002861841  -0.0005139211
       -0.1346803083   0.0483726579  -0.0775423003
       -0.0504726525  -0.0178183086  -0.0420092355   0.0036712062   0.0080117529
        0.0181997287   0.0003729194   0.0002421154  -0.0000513392   0.0002133993
        0.0001628410   0.0009475037  -0.0000164854  -0.0000329633  -0.0000420133
       -0.0000120868   0.0000422654  -0.0000423830   0.0000176171  -0.0000563054
       -0.0000152916  -0.0034225652   0.0008554801   0.0066718951   0.0583764764
        0.0204604129   0.0473847605  -0.0004860028  -0.0026427326  -0.0049672519
       -0.0071720497  -0.0091803918  -0.0260197570  -0.0000418503   0.0000158246
       -0.0000775562  -0.0010815809   0.0001200830   0.0000901284   0.0001284249
        0.0000002950  -0.0000517591  -0.0000243522   0.0000020579  -0.0000050697
        0.0000051389  -0.0000169298   0.0000057565   0.0000524935  -0.0000161837
       -0.0000167467   0.0000506484   0.0000171281  -0.0000382696  -0.0000592455
       -0.0000078524  -0.0000216647   0.0000122248   0.0000126029   0.0000346542
       -0.0001116776  -0.0001711915   0.0000239104
       -0.0175540697  -0.0798024644  -0.0854583958   0.0009065313   0.0013951072
        0.0025973578   0.0000010203   0.0001488373   0.0004127735   0.0001126894
        0.0000737976  -0.0000598911  -0.0000196039  -0.0000192838   0.0000993794
       -0.0000000336  -0.0000014869  -0.0000078776  -0.0000501252  -0.0000000423
        0.0000290000  -0.0002358010   0.0008985934   0.0006248267   0.0204604129
        0.0887043259   0.0992706931  -0.0073954476  -0.0166556371  -0.0301978433
        0.0033675237   0.0052636421   0.0124821109  -0.0000353088  -0.0002538219
       -0.0001680206   0.0004593490   0.0003525171   0.0001084039  -0.0000569896
       -0.0000313788   0.0000485864   0.0000322778   0.0000136566   0.0000225424
       -0.0000052405  -0.0000351746  -0.0000155677  -0.0000110613  -0.0000038403
        0.0000149289  -0.0000025180  -0.0000204687  -0.0000042787  -0.0000066273
        0.0000287083   0.0000047713   0.0000100433  -0.0000013774   0.0000215781
        0.0000229790  -0.0000542094   0.0001749225
       -0.0415228874  -0.0850260640  -0.2413317178  -0.0024848062  -0.0074839285
       -0.0183317375  -0.0003265296   0.0002214000   0.0000821338  -0.0009067152
       -0.0000182009   0.0005432838  -0.0001493523   0.0000214268   0.0001047870
       -0.0000566074   0.0000122287   0.0000988737  -0.0000157697   0.0000163529
        0.0001197764   0.0043967586  -0.0000445541  -0.0066443697   0.0473847605
        0.0992706931   0.2797558107  -0.0007159473  -0.0018676386   0.0004031374
       -0.0063083870  -0.0050603900  -0.0155080525   0.0000511676  -0.0000871019
       -0.0001327831   0.0004092229   0.0000747204   0.0004949644  -0.0001388295
       -0.0000055765   0.0000174005   0.0000284388   0.0000067072   0.0000411481
       -0.0000180172  -0.0000115613  -0.0000258910  -0.0000293185   0.0000163985
       -0.0000157908  -0.0000551407   0.0000120634   0.0000006022   0.0000701183
        0.0000155080   0.0000688628  -0.0000072818   0.0000349328  -0.0001199856
        0.0003951231  -0.0000974160   0.0003795469
       -0.0493092024  -0.0362724791   0.0025942487  -0.0064634855  -0.0250073108
        0.0036738372  -0.0039726270  -0.0018297332   0.0035595185   0.0008495290
       -0.0011692498   0.0002484455   0.0001166111   0.0000668784  -0.0000165568
        0.0000064641   0.0000419022  -0.0000613894  -0.0001185883   0.0000298162
        0.0000244454   0.0011689905   0.0005583046  -0.0017471031  -0.0004860028
       -0.0073954476  -0.0007159473   0.0563868388   0.0435213034  -0.0044504802
        0.0024157948   0.0266852798  -0.0030734261  -0.0006427191   0.0004885933
        0.0002387373  -0.0000870460  -0.0000948303  -0.0001026308   0.0000668378
       -0.0000589597  -0.0000703264  -0.0000164224  -0.0000162560  -0.0000119653
       -0.0000287174   0.0000379828   0.0000209913   0.0000708607   0.0000009768
       -0.0000189305   0.0000108115   0.0000670620  -0.0000173122   0.0000276569
        0.0000078019   0.0000134392   0.0000509662   0.0000812856  -0.0000561140
       -0.0000465503   0.0002570796  -0.0000314811
       -0.0359463649  -0.2768244080   0.0187504520  -0.0051355249  -0.0095025746
        0.0034801365  -0.0017366930   0.0001117142   0.0013616167   0.0007440099
        0.0008532522  -0.0005359478   0.0002620787   0.0000195669  -0.0001392744
        0.0000709503   0.0000442032  -0.0000263997  -0.0000270502   0.0000507995
        0.0000349086   0.0008602044   0.0012281399  -0.0000086463  -0.0026427326
       -0.0166556371  -0.0018676386   0.0435213034   0.3199539075  -0.0235610353
        0.0004967895  -0.0191319042   0.0024555182  -0.0002402832   0.0004055490
        0.0000656155  -0.0001343989  -0.0002491569  -0.0000648851   0.0000299005
       -0.0000382654   0.0000113965  -0.0000210082  -0.0000228799  -0.0000253703
       -0.0000068165   0.0000442293   0.0000108724   0.0000119268  -0.0000192388
        0.0000003613  -0.0000124165   0.0000228487   0.0000116997   0.0000290448
       -0.0000114306  -0.0000095495   0.0000587034   0.0000272145  -0.0000566005
       -0.0001816227  -0.0003059295   0.0001127702
        0.0019614672   0.0187191031  -0.0454942419   0.0056496087   0.0191570902
       -0.0028482304   0.0035751769   0.0014384208  -0.0020592943  -0.0008920733
        0.0000034375   0.0003093686  -0.0001544064   0.0000172268  -0.0000140019
       -0.0000212477  -0.0000200640   0.0000486208   0.0001183419  -0.0000241801
       -0.0000197456  -0.0013916180  -0.0002728080   0.0018622722  -0.0049672519
       -0.0301978433   0.0004031374  -0.0044504802  -0.0235610353   0.0493091391
        0.0002924989   0.0145143963  -0.0011182542   0.0001145066  -0.0000409625
        0.0002188383  -0.0000219999  -0.0001788624  -0.0001331210   0.0000177479
        0.0000613344  -0.0000244230  -0.0000181444  -0.0000027958  -0.0000196326
        0.0000075928  -0.0000009558   0.0000141351  -0.0000161659   0.0000134102
       -0.0000113291   0.0000046330  -0.0000149099  -0.0000003195  -0.0000076052
       -0.0000233347  -0.0000223618  -0.0000599618  -0.0000278871   0.0000104158
        0.0002593808   0.0004412197  -0.0004109721
       -0.1996712431   0.0850476801  -0.0754946120  -0.0251547033   0.0106690984
       -0.0072814934   0.0004020515   0.0002666753  -0.0006148814  -0.0045048245
       -0.0013461730   0.0039731038  -0.0009243466   0.0007680464  -0.0008316619
       -0.0004049987  -0.0001135854   0.0002899640  -0.0000539344   0.0000343316
        0.0000340367   0.0009662960  -0.0002844796  -0.0010853279  -0.0071720497
        0.0033675237  -0.0063083870   0.0024157948   0.0004967895   0.0002924989
        0.2332697168  -0.0987676908   0.0860167433   0.0001884781  -0.0002915824
        0.0000431774   0.0002763901  -0.0000210201   0.0002679785   0.0000407687
        0.0000223806  -0.0000175837   0.0000589478  -0.0000157945   0.0000094365
        0.0000497513  -0.0000322165  -0.0000050450  -0.0001726371   0.0000619494
        0.0000070506  -0.0000184597  -0.0000197110   0.0000235903   0.0000486137
        0.0000358629  -0.0000000449  -0.0000147381   0.0000197337  -0.0000081848
        0.0003751264   0.0001021814   0.0006896418
        0.0851239335  -0.0899798218   0.0404351625  -0.0027251706   0.0021143416
       -0.0017266019  -0.0005631559   0.0003812529  -0.0001299526  -0.0003217761
        0.0006983313   0.0002361538  -0.0001312825   0.0002081893   0.0000711505
       -0.0000590137   0.0000289307  -0.0000042798   0.0000150327   0.0000194437
       -0.0000162173  -0.0001416337  -0.0005008755  -0.0003942185  -0.0091803918
        0.0052636421  -0.0050603900   0.0266852798  -0.0191319042   0.0145143963
       -0.0987676908   0.1003641189  -0.0474067134  -0.0002304617   0.0001931543
        0.0000476848  -0.0000514327  -0.0001144106  -0.0000287964   0.0000186857
       -0.0000190271  -0.0000235798  -0.0000144075  -0.0000077919  -0.0000019883
       -0.0000220842  -0.0000075107   0.0000215829   0.0000086929   0.0000119122
       -0.0000131370   0.0000245119   0.0000179961  -0.0000101011   0.0000036212
       -0.0000020978   0.0000020803   0.0000092230   0.0000196373  -0.0000120023
        0.0003195204   0.0004424890  -0.0005002328
       -0.0748612284   0.0399872682  -0.0788284131   0.0146474941  -0.0071502028
        0.0055308702  -0.0002511814  -0.0005990186   0.0004169488   0.0023187672
        0.0001999727  -0.0014947840   0.0006598694  -0.0002535270   0.0003812977
        0.0002318163   0.0000014143  -0.0000655228   0.0000023630   0.0000212252
        0.0000107886   0.0004493410   0.0003360759   0.0018104098  -0.0260197570
        0.0124821109  -0.0155080525  -0.0030734261   0.0024555182  -0.0011182542
        0.0860167433  -0.0474067134   0.0893452355   0.0000280500  -0.0000850616
       -0.0000911500   0.0000991629   0.0001376380  -0.0000057786  -0.0000601565
       -0.0000049098   0.0000806116   0.0000104360   0.0000063029  -0.0000221840
       -0.0000035574   0.0000131304  -0.0000195766   0.0000312796  -0.0000335349
        0.0000199631  -0.0000160869  -0.0000124620   0.0000142960   0.0000064207
       -0.0000057144  -0.0000259985  -0.0000146427  -0.0000301117   0.0000185582
       -0.0002017070  -0.0000594006  -0.0004492653
        0.0007753577   0.0010612298  -0.0004687144   0.0002326204   0.0260545453
       -0.0028076017  -0.0039424750   0.0027356708  -0.0021995786  -0.0466032048
       -0.0360522211   0.0003678529  -0.0080837173  -0.0237375075   0.0028331784
        0.0002344084  -0.0015784735   0.0002108506  -0.0040653615  -0.0010838390
        0.0031783708   0.0009575635  -0.0007203362   0.0017813679  -0.0000418503
       -0.0000353088   0.0000511676  -0.0006427191  -0.0002402832   0.0001145066
        0.0001884781  -0.0002304617   0.0000280500   0.0617431111   0.0394036299
       -0.0026385153   0.0002485935  -0.0055595082  -0.0007119642   0.0003687547
        0.0000005220  -0.0002262337  -0.0001777939  -0.0000945379  -0.0002127241
       -0.0008715427   0.0008342123   0.0004660085   0.0002389262   0.0000735326
       -0.0001297752  -0.0006387263  -0.0014617694   0.0001398659   0.0000514061
        0.0002549419   0.0001479298  -0.0000954152   0.0002411832  -0.0000469145
        0.0001235863   0.0001347790   0.0001228728
       -0.0008294838   0.0008991583  -0.0002991677   0.0023063320  -0.0209958945
        0.0031707758   0.0033307510  -0.0016984786   0.0017298768  -0.0358808236
       -0.2660110291   0.0068456500  -0.0045648085  -0.0094534062   0.0019051445
        0.0015363488   0.0012490276  -0.0006270182  -0.0017727964   0.0002552511
        0.0017707942  -0.0002237284   0.0012760638  -0.0003602875   0.0000158246
       -0.0002538219  -0.0000871019   0.0004885933   0.0004055490  -0.0000409625
       -0.0002915824   0.0001931543  -0.0000850616   0.0394036299   0.3100601677
       -0.0107098322  -0.0028972417  -0.0160091604  -0.0028253277   0.0001728553
       -0.0000108711   0.0001106108  -0.0002375589  -0.0002165866  -0.0001316156
        0.0000439532   0.0004013428  -0.0000283104   0.0003158978  -0.0000069028
       -0.0001149537  -0.0002955544  -0.0006618813   0.0001144781   0.0001727752
        0.0001960247   0.0001503333   0.0000429592   0.0001258523  -0.0001362462
       -0.0008363422   0.0002564410  -0.0003517782
        0.0006229240  -0.0005401103   0.0002111920  -0.0002495202   0.0141768461
       -0.0007676118  -0.0022041335   0.0018588302  -0.0007902780   0.0006406485
        0.0072954867  -0.0447342612   0.0053705003   0.0170168896  -0.0009361982
       -0.0008293012   0.0002710352   0.0005428771   0.0026790345   0.0003953289
       -0.0012866976   0.0006432547  -0.0001223516   0.0010493354  -0.0000775562
       -0.0001680206  -0.0001327831   0.0002387373   0.0000656155   0.0002188383
        0.0000431774   0.0000476848  -0.0000911500  -0.0026385153  -0.0107098322
        0.0483004167  -0.0048007359  -0.0304465056  -0.0015435524  -0.0000279900
        0.0003673068  -0.0000829192  -0.0001133219  -0.0002313739  -0.0001650531
        0.0002596059  -0.0002015444   0.0002292503  -0.0001734079   0.0001039982
       -0.0001148007   0.0003947589   0.0009371348   0.0000996046   0.0000950696
       -0.0000358442  -0.0000040551  -0.0001424206  -0.0000479404  -0.0000965779
        0.0002691918  -0.0000326336   0.0000944237
        0.0000313964  -0.0001984319  -0.0008603678  -0.0048544816  -0.0081188433
       -0.0216580223   0.0004419322  -0.0002836709   0.0001355416  -0.0455062656
       -0.0110476127  -0.0289777098   0.0009297862   0.0072597791   0.0237621483
        0.0006216230  -0.0002478218   0.0008475061   0.0009241170   0.0009434210
        0.0006019758  -0.0052533565   0.0023482897  -0.0033922854  -0.0010815809
        0.0004593490   0.0004092229  -0.0000870460  -0.0001343989  -0.0000219999
        0.0002763901  -0.0000514327   0.0000991629   0.0002485935  -0.0028972417
       -0.0048007359   0.0580477662   0.0131271714   0.0330712530  -0.0038893823
       -0.0006576215   0.0033938787  -0.0003341966   0.0000866069  -0.0003302851
       -0.0000671951  -0.0000409958  -0.0000733928   0.0000675868  -0.0000429915
       -0.0002398162   0.0000977974   0.0001919588  -0.0001455441  -0.0002714156
       -0.0004327941  -0.0002637818  -0.0000580216   0.0000322033  -0.0001771847
       -0.0002840471  -0.0002949226  -0.0013795634
       -0.0001675508   0.0002247578   0.0003352534   0.0022134669   0.0042046807
        0.0101084378   0.0000046880   0.0001867463   0.0003549069  -0.0120148724
       -0.0735657605  -0.0766917680   0.0005740289   0.0017811566   0.0032947148
        0.0000053974   0.0001334634  -0.0003087998  -0.0001240596   0.0007161053
        0.0014877129   0.0023274026  -0.0003127796   0.0016592700   0.0001200830
        0.0003525171   0.0000747204  -0.0000948303  -0.0002491569  -0.0001788624
       -0.0000210201  -0.0001144106   0.0001376380  -0.0055595082  -0.0160091604
       -0.0304465056   0.0131271714   0.0821897302   0.0883886032  -0.0006046766
        0.0003733231   0.0010243018   0.0004576031   0.0000806721   0.0001717503
       -0.0001505876  -0.0001521509  -0.0001109965  -0.0000603875  -0.0000121784
        0.0001653360   0.0000198630  -0.0001104386  -0.0000515257  -0.0003440689
        0.0000518767  -0.0000533073   0.0000841356  -0.0001145961   0.0000891470
        0.0002077223   0.0003456027   0.0005499730
        0.0012229472  -0.0002157323   0.0007696898  -0.0038251750  -0.0053644086
       -0.0146896816   0.0002450377   0.0000776683  -0.0000056022  -0.0309205189
       -0.0761155117  -0.2375766393   0.0018735855  -0.0058329290  -0.0223093449
       -0.0005629438   0.0001632308   0.0008034272  -0.0010540855  -0.0006334352
        0.0012367559  -0.0040829086   0.0018864933  -0.0023834627   0.0000901284
        0.0001084039   0.0004949644  -0.0001026308  -0.0000648851  -0.0001331210
        0.0002679785  -0.0000287964  -0.0000057786  -0.0007119642  -0.0028253277
       -0.0015435524   0.0330712530   0.0883886032   0.2784201769   0.0040566381
        0.0004144323  -0.0029091340   0.0003498007  -0.0000582079   0.0003176252
       -0.0000118695  -0.0000147746  -0.0001672725  -0.0001245942  -0.0000163330
        0.0001485599  -0.0003212697  -0.0001482733   0.0002153163   0.0005350596
        0.0005086748   0.0003513168  -0.0000453712   0.0001067863  -0.0002917449
        0.0000509028  -0.0003356780  -0.0007424982
        0.0000780063  -0.0000958222  -0.0002455682   0.0007082695   0.0001643708
        0.0009576049   0.0000144214  -0.0000555177  -0.0000510479   0.0010786300
        0.0046467580   0.0249344329  -0.0521362583  -0.0106824941  -0.0461018439
       -0.0077232984  -0.0009335054  -0.0230405640  -0.0016146097  -0.0043366755
       -0.0089034011  -0.0008624259   0.0002477109  -0.0003294388   0.0001284249
       -0.0000569896  -0.0001388295   0.0000668378   0.0000299005   0.0000177479
        0.0000407687   0.0000186857  -0.0000601565   0.0003687547   0.0001728553
       -0.0000279900  -0.0038893823  -0.0006046766   0.0040566381   0.0664215755
        0.0110897826   0.0518797710  -0.0034614913   0.0030371767  -0.0024235345
        0.0005767888  -0.0004522789   0.0002068960   0.0001956826  -0.0004145820
       -0.0003998594  -0.0001639473  -0.0000578874  -0.0003786445  -0.0001418332
       -0.0020705022  -0.0003513012   0.0002929611   0.0005399473   0.0003556307
        0.0000221252  -0.0001862564   0.0000434581
       -0.0000626714  -0.0000884614   0.0000253846   0.0002643634   0.0005117998
       -0.0006971883   0.0000682235  -0.0003288095  -0.0001188092   0.0006972449
        0.0019287103   0.0037558239  -0.0104638218  -0.0518758616  -0.0447430352
        0.0064799519   0.0019471196   0.0174732714  -0.0079569855  -0.0118017521
       -0.0276978018  -0.0001208707  -0.0004814416   0.0003048438   0.0000002950
       -0.0000313788  -0.0000055765  -0.0000589597  -0.0000382654   0.0000613344
        0.0000223806  -0.0000190271  -0.0000049098   0.0000005220  -0.0000108711
        0.0003673068  -0.0006576215   0.0003733231   0.0004144323   0.0110897826
        0.0659744437   0.0506736035   0.0032245400  -0.0017615774   0.0020296198
        0.0000049496   0.0003548546   0.0006074286  -0.0004953136   0.0003101217
       -0.0000495423   0.0001521744   0.0006217245  -0.0002111760  -0.0024140117
       -0.0062974418  -0.0016148221   0.0001245932   0.0005291135  -0.0005367637
        0.0001012348   0.0001836771  -0.0000334242
       -0.0001494312  -0.0001146570   0.0000961576  -0.0008882339  -0.0003007039
       -0.0002559762   0.0001121273  -0.0001042952  -0.0001751832   0.0015622317
       -0.0039520177  -0.0218570192  -0.0451875403  -0.0449928615  -0.2464475951
       -0.0054733461  -0.0001899292  -0.0123464753  -0.0017455360  -0.0031739128
       -0.0045401126  -0.0003712728  -0.0000319012   0.0008403141  -0.0000517591
        0.0000485864   0.0000174005  -0.0000703264   0.0000113965  -0.0000244230
       -0.0000175837  -0.0000235798   0.0000806116  -0.0002262337   0.0001106108
       -0.0000829192   0.0033938787   0.0010243018  -0.0029091340   0.0518797710
        0.0506736035   0.2866212538  -0.0024498243   0.0018752243  -0.0006909377
        0.0003483769   0.0000630696   0.0001083495   0.0001819427  -0.0003015360
        0.0004854006  -0.0001128263   0.0002424369   0.0003521657  -0.0004856482
       -0.0013805437   0.0004421152   0.0002938021   0.0000970039   0.0003097684
       -0.0005425686   0.0004197043  -0.0000237618
       -0.0000088285  -0.0000289890   0.0000674899   0.0000580485  -0.0000252103
       -0.0000053895   0.0000811635  -0.0000717844   0.0000105813   0.0008180518
       -0.0002516212  -0.0009894349  -0.0075109582  -0.0020865470  -0.0236123545
       -0.0530233380  -0.0099601544  -0.0456964939   0.0005735714  -0.0008238371
        0.0003465448   0.0000114272  -0.0000561828   0.0001439144  -0.0000243522
        0.0000322778   0.0000284388  -0.0000164224  -0.0000210082  -0.0000181444
        0.0000589478  -0.0000144075   0.0000104360  -0.0001777939  -0.0002375589
       -0.0001133219  -0.0003341966   0.0004576031   0.0003498007  -0.0034614913
        0.0032245400  -0.0024498243   0.0611531138   0.0090725829   0.0553802812
       -0.0019095574  -0.0041274224  -0.0107516719   0.0036648299   0.0047637598
        0.0269226486  -0.0001028102   0.0000669118   0.0001379720   0.0001770265
        0.0002133518   0.0001245576   0.0000116751  -0.0001846586   0.0000869962
       -0.0000381067   0.0000583547   0.0000269738
       -0.0000060043   0.0000341256  -0.0000200036  -0.0000511683  -0.0000825342
       -0.0000192819   0.0000160114  -0.0000137460   0.0000545354  -0.0005803258
        0.0004350031   0.0002903887   0.0047301101   0.0026066948   0.0175227854
       -0.0097244573  -0.0521946471  -0.0426052420   0.0004488623   0.0008600427
        0.0010601519  -0.0000248134   0.0000092280   0.0000050769   0.0000020579
        0.0000136566   0.0000067072  -0.0000162560  -0.0000228799  -0.0000027958
       -0.0000157945  -0.0000077919   0.0000063029  -0.0000945379  -0.0002165866
       -0.0002313739   0.0000866069   0.0000806721  -0.0000582079   0.0030371767
       -0.0017615774   0.0018752243   0.0090725829   0.0587047298   0.0490870950
       -0.0073049650  -0.0095724078  -0.0317673351   0.0004205528   0.0015166880
        0.0051988890  -0.0000730461  -0.0000621705   0.0000236092   0.0001604226
       -0.0003749901  -0.0002399092  -0.0001194792   0.0000645421  -0.0001736661
        0.0000364644  -0.0000160513  -0.0000129506
        0.0000412147  -0.0000098112   0.0000726200   0.0003125123  -0.0001920370
        0.0000231445   0.0000313892   0.0000420980  -0.0000255654   0.0009534160
       -0.0003243630   0.0010406307  -0.0067556146   0.0006793520  -0.0140887680
       -0.0451972720  -0.0430299690  -0.2625344439   0.0005442797  -0.0005384615
        0.0008502544  -0.0001295649  -0.0000055368   0.0000074195  -0.0000050697
        0.0000225424   0.0000411481  -0.0000119653  -0.0000253703  -0.0000196326
        0.0000094365  -0.0000019883  -0.0000221840  -0.0002127241  -0.0001316156
       -0.0001650531  -0.0003302851   0.0001717503   0.0003176252  -0.0024235345
        0.0020296198  -0.0006909377   0.0553802812   0.0490870950   0.3052289882
       -0.0017231160  -0.0039100353  -0.0067523683  -0.0006995793  -0.0042320851
       -0.0234919792   0.0000672851   0.0000158705  -0.0003496258  -0.0000839050
        0.0005171798   0.0003905520   0.0002070929  -0.0001960263   0.0001278487
        0.0000257231   0.0000317919   0.0000403265
       -0.0000061612  -0.0000198132   0.0000329685  -0.0000325677   0.0000172782
       -0.0000929905   0.0000986244  -0.0000495340   0.0000248618   0.0005872276
        0.0014492408  -0.0004370954   0.0044743618   0.0204560250   0.0020687925
       -0.0623468070  -0.0660971655  -0.0066699088  -0.0024906565   0.0028072208
       -0.0010402057   0.0000067135  -0.0000845253   0.0000940763   0.0000051389
       -0.0000052405  -0.0000180172  -0.0000287174  -0.0000068165   0.0000075928
        0.0000497513  -0.0000220842  -0.0000035574  -0.0008715427   0.0000439532
        0.0002596059  -0.0000671951  -0.0001505876  -0.0000118695   0.0005767888
        0.0000049496   0.0003483769  -0.0019095574  -0.0073049650  -0.0017231160
        0.0726659566   0.0751668206   0.0084190801  -0.0108382058  -0.0275036127
       -0.0011087200  -0.0000885475  -0.0000082270  -0.0001409518  -0.0001093446
        0.0000326094   0.0000507978   0.0002860797   0.0012637872  -0.0000481874
        0.0000386603   0.0000106867  -0.0000115329
       -0.0000482355   0.0001034219  -0.0000069534  -0.0002049489   0.0001139859
       -0.0000176470  -0.0001420847   0.0000303018  -0.0000594913  -0.0009553740
        0.0006393938   0.0000348817  -0.0028274568  -0.0224307499  -0.0008748745
       -0.0660137712  -0.2595953229  -0.0238934914   0.0041626415  -0.0030013315
        0.0020362204   0.0001323491   0.0000783892   0.0000386552  -0.0000169298
       -0.0000351746  -0.0000115613   0.0000379828   0.0000442293  -0.0000009558
       -0.0000322165  -0.0000075107   0.0000131304   0.0008342123   0.0004013428
       -0.0002015444  -0.0000409958  -0.0001521509  -0.0000147746  -0.0004522789
        0.0003548546   0.0000630696  -0.0041274224  -0.0095724078  -0.0039100353
        0.0751668206   0.3027691698   0.0264411719  -0.0054338365  -0.0086641362
        0.0002708120   0.0002180800   0.0002505964  -0.0001363490   0.0000424439
        0.0002928675   0.0002175946  -0.0001470742  -0.0016752491   0.0000383715
       -0.0001519052   0.0000554806  -0.0000262292
        0.0000174517  -0.0000302118  -0.0000007478   0.0000720621   0.0000912693
        0.0000631350  -0.0000247952   0.0000304564  -0.0000592443   0.0002905242
       -0.0005325529   0.0001699417   0.0019691434   0.0094634088   0.0008434451
       -0.0065024495  -0.0240546896  -0.0467970961  -0.0013862350   0.0014826408
        0.0000348779  -0.0000162062  -0.0000482656  -0.0001231020   0.0000057565
       -0.0000155677  -0.0000258910   0.0000209913   0.0000108724   0.0000141351
       -0.0000050450   0.0000215829  -0.0000195766   0.0004660085  -0.0000283104
        0.0002292503  -0.0000733928  -0.0001109965  -0.0001672725   0.0002068960
        0.0006074286   0.0001083495  -0.0107516719  -0.0317673351  -0.0067523683
        0.0084190801   0.0264411719   0.0509252126   0.0073876920   0.0177741036
        0.0013721068  -0.0000661355  -0.0000780216  -0.0000498783  -0.0000520680
        0.0001401423   0.0000039507   0.0000299980   0.0006033722   0.0002166968
       -0.0000076045  -0.0000004979   0.0000140753
       -0.0003898779   0.0002173213  -0.0002202127  -0.0009609587  -0.0003022319
        0.0012081094  -0.0000232717   0.0000452834  -0.0000168350  -0.0043615319
        0.0035567591  -0.0022109051  -0.0233725463  -0.0009513650   0.0120789074
       -0.2029343765  -0.0319155600   0.1083490382   0.0009414507  -0.0010147709
        0.0001458024   0.0001224611   0.0000153742  -0.0000872743   0.0000524935
       -0.0000110613  -0.0000293185   0.0000708607   0.0000119268  -0.0000161659
       -0.0001726371   0.0000086929   0.0000312796   0.0002389262   0.0003158978
       -0.0001734079   0.0000675868  -0.0000603875  -0.0001245942   0.0001956826
       -0.0004953136   0.0001819427   0.0036648299   0.0004205528  -0.0006995793
       -0.0108382058  -0.0054338365   0.0073876920   0.2373506614   0.0352565163
       -0.1256770746   0.0003576439   0.0005553825  -0.0002158766  -0.0001087215
        0.0000613667   0.0000507094   0.0001429770  -0.0002923454   0.0000022863
       -0.0000434466   0.0000117984   0.0000354766
        0.0002581914  -0.0000787391   0.0000838786   0.0008123749   0.0003057089
       -0.0004591380  -0.0000542808   0.0000462707  -0.0000430824   0.0025461689
       -0.0017312393   0.0010780655   0.0152156172   0.0014165486  -0.0090205537
       -0.0319420390  -0.0491430807   0.0203016279   0.0012039450   0.0005197274
       -0.0003780872  -0.0000940018  -0.0000205664  -0.0001200024  -0.0000161837
       -0.0000038403   0.0000163985   0.0000009768  -0.0000192388   0.0000134102
        0.0000619494   0.0000119122  -0.0000335349   0.0000735326  -0.0000069028
        0.0001039982  -0.0000429915  -0.0000121784  -0.0000163330  -0.0004145820
        0.0003101217  -0.0003015360   0.0047637598   0.0015166880  -0.0042320851
       -0.0275036127  -0.0086641362   0.0177741036   0.0352565163   0.0563141948
       -0.0250753419   0.0000686360  -0.0007791816   0.0003539991  -0.0000475607
       -0.0000661509  -0.0000445489  -0.0001565619   0.0000864749  -0.0000121942
        0.0000101456  -0.0000023927   0.0000109562
       -0.0001019093  -0.0000030398   0.0000109595  -0.0003086893   0.0000891025
        0.0002062292   0.0000430192  -0.0000604909   0.0000112557  -0.0008832378
        0.0007704610   0.0005899566  -0.0060770453  -0.0011118458   0.0045948061
        0.1082669388   0.0201577493  -0.1167992133  -0.0003843572  -0.0001081094
        0.0002627284   0.0001363310  -0.0000609279   0.0000859693  -0.0000167467
        0.0000149289  -0.0000157908  -0.0000189305   0.0000003613  -0.0000113291
        0.0000070506  -0.0000131370   0.0000199631  -0.0001297752  -0.0001149537
       -0.0001148007  -0.0002398162   0.0001653360   0.0001485599  -0.0003998594
       -0.0000495423   0.0004854006   0.0269226486   0.0051988890  -0.0234919792
       -0.0011087200   0.0002708120   0.0013721068  -0.1256770746  -0.0250753419
        0.1327027207  -0.0000296287  -0.0000707279   0.0003169170   0.0001635878
       -0.0000155301  -0.0003198734  -0.0001393125  -0.0000175901  -0.0000674464
       -0.0000244734   0.0000335969   0.0000128602
       -0.0000356123  -0.0000136454  -0.0000287687   0.0001011912  -0.0001709264
        0.0004580878   0.0002363363  -0.0000764433   0.0000125447  -0.0006056955
       -0.0028337505  -0.0005695382  -0.0110065812  -0.0045623795   0.0063583839
        0.0010307359   0.0012786220  -0.0003936651  -0.2110473418  -0.0225744610
        0.1068898134  -0.0000022343  -0.0001198250  -0.0002541913   0.0000506484
       -0.0000025180  -0.0000551407   0.0000108115  -0.0000124165   0.0000046330
       -0.0000184597   0.0000245119  -0.0000160869  -0.0006387263  -0.0002955544
        0.0003947589   0.0000977974   0.0000198630  -0.0003212697  -0.0001639473
        0.0001521744  -0.0001128263  -0.0001028102  -0.0000730461   0.0000672851
       -0.0000885475   0.0002180800  -0.0000661355   0.0003576439   0.0000686360
       -0.0000296287   0.2446427642   0.0274959898  -0.1250472592   0.0030919803
        0.0008467590  -0.0006017741  -0.0259084356   0.0006068443   0.0132335679
       -0.0000015176   0.0000234857   0.0000772099
       -0.0000358675   0.0001887574  -0.0000740494   0.0002428555  -0.0001910512
        0.0000376034  -0.0001371710  -0.0000053494  -0.0000043291  -0.0019558248
       -0.0057625463  -0.0002633125  -0.0248092344  -0.0070573631   0.0153926680
       -0.0011204003   0.0007621746   0.0002487263  -0.0225901566  -0.0447103802
        0.0144842393   0.0001478828   0.0000595555   0.0000648512   0.0000171281
       -0.0000204687   0.0000120634   0.0000670620   0.0000228487  -0.0000149099
       -0.0000197110   0.0000179961  -0.0000124620  -0.0014617694  -0.0006618813
        0.0009371348   0.0001919588  -0.0001104386  -0.0001482733  -0.0000578874
        0.0006217245   0.0002424369   0.0000669118  -0.0000621705   0.0000158705
       -0.0000082270   0.0002505964  -0.0000780216   0.0005553825  -0.0007791816
       -0.0000707279   0.0274959898   0.0544872803  -0.0172060321   0.0055011618
        0.0013441165  -0.0037423689   0.0179729572   0.0015732508  -0.0098325722
       -0.0000630409   0.0000325300   0.0000114650
       -0.0000331872  -0.0000649795   0.0000451059  -0.0001457611  -0.0000883565
        0.0000086384   0.0001086070   0.0001236946  -0.0001192034   0.0001265303
        0.0003963330   0.0007282026  -0.0000980545   0.0009278959   0.0006307064
       -0.0000048614  -0.0001176897   0.0001789870   0.1065968246   0.0146870112
       -0.1127137628   0.0000899553   0.0000586353   0.0000719511  -0.0000382696
       -0.0000042787   0.0000006022  -0.0000173122   0.0000116997  -0.0000003195
        0.0000235903  -0.0000101011   0.0000142960   0.0001398659   0.0001144781
        0.0000996046  -0.0001455441  -0.0000515257   0.0002153163  -0.0003786445
       -0.0002111760   0.0003521657   0.0001379720   0.0000236092  -0.0003496258
       -0.0001409518  -0.0001363490  -0.0000498783  -0.0002158766   0.0003539991
        0.0003169170  -0.1250472592  -0.0172060321   0.1273320065   0.0279513372
        0.0019902903  -0.0225958562  -0.0088800932  -0.0007930156   0.0058402035
       -0.0000288672  -0.0000041424  -0.0000060572
       -0.0000588350  -0.0000222936   0.0000443208  -0.0002450949  -0.0001487611
       -0.0001134720  -0.0000461446   0.0000833096  -0.0002307578   0.0004352466
       -0.0002282142  -0.0012529322  -0.0025842825  -0.0043473404  -0.0097661454
        0.0004286380   0.0007191479   0.0006065768  -0.0520287835  -0.0089389939
       -0.0412114229   0.0000716010   0.0001666161   0.0002924737  -0.0000592455
       -0.0000066273   0.0000701183   0.0000276569   0.0000290448  -0.0000076052
        0.0000486137   0.0000036212   0.0000064207   0.0000514061   0.0001727752
        0.0000950696  -0.0002714156  -0.0003440689   0.0005350596  -0.0001418332
       -0.0024140117  -0.0004856482   0.0001770265   0.0001604226  -0.0000839050
       -0.0001093446   0.0000424439  -0.0000520680  -0.0001087215  -0.0000475607
        0.0001635878   0.0030919803   0.0055011618   0.0279513372   0.0572837631
        0.0126382604   0.0485433862  -0.0059702577  -0.0030390992  -0.0251128772
        0.0000080263   0.0000201675   0.0000084831
        0.0000513492   0.0000615827   0.0000383807   0.0000286919  -0.0000798613
        0.0000442231  -0.0000368777   0.0000398943   0.0000524690   0.0007689297
        0.0008001857  -0.0007468207  -0.0071004040  -0.0110864085  -0.0289911284
       -0.0005618189   0.0008775277  -0.0007756977  -0.0091035052  -0.0548582585
       -0.0509252913   0.0000335976  -0.0000815637  -0.0000132463  -0.0000078524
        0.0000287083   0.0000155080   0.0000078019  -0.0000114306  -0.0000233347
        0.0000358629  -0.0000020978  -0.0000057144   0.0002549419   0.0001960247
       -0.0000358442  -0.0004327941   0.0000518767   0.0005086748  -0.0020705022
       -0.0062974418  -0.0013805437   0.0002133518  -0.0003749901   0.0005171798
        0.0000326094   0.0002928675   0.0001401423   0.0000613667  -0.0000661509
       -0.0000155301   0.0008467590   0.0013441165   0.0019902903   0.0126382604
        0.0652695020   0.0605786093   0.0044194760   0.0038358236   0.0189879862
       -0.0000792439   0.0000600935   0.0000396881
        0.0000470419   0.0000596583   0.0000640394   0.0000691888  -0.0000790085
       -0.0001119924  -0.0002114860   0.0000270227  -0.0002053442   0.0004239254
        0.0008764680   0.0011286245  -0.0025707888  -0.0055532879  -0.0058777671
        0.0003113523   0.0007727821   0.0009189450  -0.0408900331  -0.0503347154
       -0.2603662453  -0.0001799748   0.0000077347   0.0000513049  -0.0000216647
        0.0000047713   0.0000688628   0.0000134392  -0.0000095495  -0.0000223618
       -0.0000000449   0.0000020803  -0.0000259985   0.0001479298   0.0001503333
       -0.0000040551  -0.0002637818  -0.0000533073   0.0003513168  -0.0003513012
       -0.0016148221   0.0004421152   0.0001245576  -0.0002399092   0.0003905520
        0.0000507978   0.0002175946   0.0000039507   0.0000507094  -0.0000445489
       -0.0003198734  -0.0006017741  -0.0037423689  -0.0225958562   0.0485433862
        0.0605786093   0.3021348676  -0.0047884303  -0.0010674143  -0.0160584729
        0.0000969516   0.0000418775   0.0000333879
        0.0000227828   0.0001579512   0.0000389361  -0.0008530568  -0.0016854382
        0.0001130196  -0.0015736331  -0.0003337566   0.0004494022   0.0001801942
        0.0001327912  -0.0000437490   0.0055650048  -0.0033138577   0.0026494152
        0.0004450594  -0.0007792421   0.0002289173  -0.1613424146   0.1039736204
       -0.0612723401   0.0000946548   0.0002161167   0.0002223817   0.0000122248
        0.0000100433  -0.0000072818   0.0000509662   0.0000587034  -0.0000599618
       -0.0000147381   0.0000092230  -0.0000146427  -0.0000954152   0.0000429592
       -0.0001424206  -0.0000580216   0.0000841356  -0.0000453712   0.0002929611
        0.0001245932   0.0002938021   0.0000116751  -0.0001194792   0.0002070929
        0.0002860797  -0.0001470742   0.0000299980   0.0001429770  -0.0001565619
       -0.0001393125  -0.0259084356   0.0179729572  -0.0088800932  -0.0059702577
        0.0044194760  -0.0047884303   0.1888305587  -0.1205778262   0.0712441188
       -0.0001191660  -0.0000893342  -0.0000834805
        0.0001414436   0.0002731150  -0.0000510897  -0.0002188272  -0.0005974817
        0.0000818375  -0.0011455685   0.0006139799   0.0001521057   0.0004840882
        0.0007773868  -0.0000545010   0.0199614002  -0.0221431617   0.0105798349
       -0.0020777182  -0.0066048467  -0.0004940291   0.1041522659  -0.1316742928
        0.0533724670   0.0000546665   0.0004070781  -0.0002861841   0.0000126029
       -0.0000013774   0.0000349328   0.0000812856   0.0000272145  -0.0000278871
        0.0000197337   0.0000196373  -0.0000301117   0.0002411832   0.0001258523
       -0.0000479404   0.0000322033  -0.0001145961   0.0001067863   0.0005399473
        0.0005291135   0.0000970039  -0.0001846586   0.0000645421  -0.0001960263
        0.0012637872  -0.0016752491   0.0006033722  -0.0002923454   0.0000864749
       -0.0000175901   0.0006068443   0.0015732508  -0.0007930156  -0.0030390992
        0.0038358236  -0.0010674143  -0.1205778262   0.1546193991  -0.0619749708
       -0.0000554087  -0.0001418622   0.0000124200
        0.0000080934  -0.0001426881   0.0000062176   0.0000295047   0.0006198762
        0.0004616780   0.0007303911  -0.0001562397   0.0005140217  -0.0000609258
        0.0002853976   0.0001482519   0.0010372594  -0.0001944946   0.0006265555
        0.0001688126  -0.0000558766   0.0007812379  -0.0613662023   0.0535047172
       -0.0760480000   0.0000341556  -0.0002358956  -0.0005139211   0.0000346542
        0.0000215781  -0.0001199856  -0.0000561140  -0.0000566005   0.0000104158
       -0.0000081848  -0.0000120023   0.0000185582  -0.0000469145  -0.0001362462
       -0.0000965779  -0.0001771847   0.0000891470  -0.0002917449   0.0003556307
       -0.0005367637   0.0003097684   0.0000869962  -0.0001736661   0.0001278487
       -0.0000481874   0.0000383715   0.0002166968   0.0000022863  -0.0000121942
       -0.0000674464   0.0132335679  -0.0098325722   0.0058402035  -0.0251128772
        0.0189879862  -0.0160584729   0.0712441188  -0.0619749708   0.0840674882
       -0.0000888803  -0.0000268631   0.0000672065
        0.0017681509  -0.0003198162   0.0000245339  -0.0053578466  -0.0020111617
       -0.0054288840   0.0001779454   0.0004786582  -0.0005257452  -0.0003120593
       -0.0007456090  -0.0021821328   0.0003577694   0.0000591907   0.0001998065
        0.0001196630  -0.0000477491  -0.0000073612   0.0000453283   0.0000602337
       -0.0000278479  -0.3178282966   0.1384726322  -0.1346803083  -0.0001116776
        0.0000229790   0.0003951231  -0.0000465503  -0.0001816227   0.0002593808
        0.0003751264   0.0003195204  -0.0002017070   0.0001235863  -0.0008363422
        0.0002691918  -0.0002840471   0.0002077223   0.0000509028   0.0000221252
        0.0001012348  -0.0005425686  -0.0000381067   0.0000364644   0.0000257231
        0.0000386603  -0.0001519052  -0.0000076045  -0.0000434466   0.0000101456
       -0.0000244734  -0.0000015176  -0.0000630409  -0.0000288672   0.0000080263
       -0.0000792439   0.0000969516  -0.0001191660  -0.0000554087  -0.0000888803
        0.3211063328  -0.1352768817   0.1424247669
        0.0003458130  -0.0000761204  -0.0002762308  -0.0139478430   0.0037798556
       -0.0044808805  -0.0012083630   0.0013661389  -0.0011296523  -0.0001179475
       -0.0002403327  -0.0013809162  -0.0000584361  -0.0001350514  -0.0003149560
        0.0000044223  -0.0000358392   0.0001022390   0.0000106915  -0.0001346484
        0.0000587980   0.1503717162  -0.0761925748   0.0483726579  -0.0001711915
       -0.0000542094  -0.0000974160   0.0002570796  -0.0003059295   0.0004412197
        0.0001021814   0.0004424890  -0.0000594006   0.0001347790   0.0002564410
       -0.0000326336  -0.0002949226   0.0003456027  -0.0003356780  -0.0001862564
        0.0001836771   0.0004197043   0.0000583547  -0.0000160513   0.0000317919
        0.0000106867   0.0000554806  -0.0000004979   0.0000117984  -0.0000023927
        0.0000335969   0.0000234857   0.0000325300  -0.0000041424   0.0000201675
        0.0000600935   0.0000418775  -0.0000893342  -0.0001418622  -0.0000268631
       -0.1352768817   0.0708127034  -0.0413626177
       -0.0010470400   0.0005944721   0.0013946161  -0.0271988032   0.0099636865
       -0.0177282569  -0.0003957049   0.0002941754   0.0004281011  -0.0012390184
       -0.0025560077  -0.0053890716   0.0004609378   0.0000081422  -0.0000202928
        0.0000226951   0.0000202032   0.0000063073   0.0001100992  -0.0000114403
       -0.0000399610  -0.1126599014   0.0330618062  -0.0775423003   0.0000239104
        0.0001749225   0.0003795469  -0.0000314811   0.0001127702  -0.0004109721
        0.0006896418  -0.0005002328  -0.0004492653   0.0001228728  -0.0003517782
        0.0000944237  -0.0013795634   0.0005499730  -0.0007424982   0.0000434581
       -0.0000334242  -0.0000237618   0.0000269738  -0.0000129506   0.0000403265
       -0.0000115329  -0.0000262292   0.0000140753   0.0000354766   0.0000109562
        0.0000128602   0.0000772099   0.0000114650  -0.0000060572   0.0000084831
        0.0000396881   0.0000333879  -0.0000834805   0.0000124200   0.0000672065
        0.1424247669  -0.0413626177   0.0998815854
