           1           2   1.01585342519364     
           2           3  0.981923629067993     
           3           4   1.00171400805336     
           1           5  0.985967524586974     
           1           6  0.986075664557639     
           1           7  0.986071347571439     
           2           8  0.968398359685345     
           2           9  0.968412432365939     
           4          10  0.980201029130531     
           4          11  0.976456232320157     
           4          12  0.976451893297769     
