   202
         14          1         14
          2         15         16
          2         17         18
         13         19         31
          3         32         34
          1         35         35
          1         36         36
          2         37         38
         18         39         56
         18         57         74
          1         75         75
         15         76         90
         17         91        107
         17        108        124
          9        125        133
          4        134        137
          2        138        139
         16        140        155
          5        156        160
          1        161        161
          7        162        168
          5        169        173
          5        174        178
          6        179        184
          1        185        185
          1        186        186
          1        187        187
          5        188        192
          1        193        193
          1        194        194
          1        195        195
          1        196        196
          1        197        197
          2        198        199
          2        200        201
          1        202        202
          1        203        203
          7        204        210
          1        211        211
          2        212        213
          2        214        215
          3        216        218
          2        219        220
         17        221        237
         17        238        254
         14        255        268
          1        269        269
          2        270        271
         16        272        287
          3        288        290
          3        291        293
         13        294        306
          1        307        307
          3        308        310
          1        311        311
          4        312        315
          2        316        317
          1        318        318
          5        319        323
          3        324        326
          1        327        327
          1        328        328
          2        329        330
          1        331        331
         12        332        343
          1        344        344
          1        345        345
          1        346        346
          1        347        347
          6        348        353
          4        354        357
          9        358        366
          3        367        369
         16        370        385
          1        386        386
         11        387        397
          2        398        399
          1        400        400
          2        401        402
          5        403        407
          2        408        409
          2        410        411
          6        412        417
          2        418        419
          1        420        420
         10        421        430
          7        431        437
          2        438        439
          2        440        441
          2        442        443
          1        444        444
          3        445        447
          3        448        450
          6        451        456
          2        457        458
          4        459        462
          4        463        466
         13        467        479
          8        480        487
          4        488        491
          1        492        492
          3        493        495
          2        496        497
          2        498        499
          1        500        500
          1        501        501
          2        502        503
          3        504        506
          2        507        508
          1        509        509
          1        510        510
          2        511        512
          4        513        516
          3        517        519
          3        520        522
          1        523        523
          1        524        524
          1        525        525
          3        526        528
          3        529        531
          1        532        532
          5        533        537
          2        538        539
          3        540        542
          1        543        543
          1        544        544
          1        545        545
          2        546        547
          1        548        548
          4        549        552
          1        553        553
          1        554        554
          1        555        555
          1        556        556
          1        557        557
          2        558        559
          2        560        561
          2        562        563
          1        564        564
          1        565        565
          1        566        566
          1        567        567
          1        568        568
          2        569        570
          1        571        571
          1        572        572
          2        573        574
          8        575        582
          3        583        585
          2        586        587
          2        588        589
          2        590        591
          1        592        592
          2        593        594
          2        595        596
          3        597        599
          1        600        600
          2        601        602
          3        603        605
          2        606        607
          1        608        608
          1        609        609
          1        610        610
          1        611        611
          2        612        613
          1        614        614
          4        615        618
          4        619        622
          2        623        624
          1        625        625
          2        626        627
          1        628        628
          3        629        631
          8        632        639
          1        640        640
          2        641        642
          3        643        645
          1        646        646
          7        647        653
          6        654        659
          3        660        662
          2        663        664
          6        665        670
          2        671        672
          2        673        674
          1        675        675
          1        676        676
          3        677        679
          1        680        680
          2        681        682
          1        683        683
          3        684        686
          1        687        687
          1        688        688
          2        689        690
          1        691        691
          2        692        693
          1        694        694
          1        695        695
          1        696        696
          1        697        697
          1        698        698
