           1           2   1.01934244646092     
           2           3   1.00811047002545     
           3           4   1.00726609538198     
           4           5  0.970993178953579     
           5           6   1.75733072277267     
           5           7   1.12858792415761     
           6           7  0.171046275584334     
           7           8  0.936798836046365     
           8           9   1.01967980032078     
           1          10  0.987332416548616     
           1          11  0.987766575783400     
           1          12  0.987774286418777     
           2          13  0.978354805219725     
           2          14  0.978344844372796     
           3          15  0.975989617256608     
           3          16  0.975987000021185     
           4          17  0.954570863517285     
           4          18  0.954494709170728     
           8          19  0.969408048457829     
           8          20  0.969406184488124     
           9          21  0.983674941122842     
           9          22  0.985313948289659     
           9          23  0.985311889964024     
