$hessian                                                                        
        0.4841971192  -0.0292224389  -0.0124291659  -0.1467993906  -0.0633219247
       -0.0269305163  -0.0289723682  -0.0117273467  -0.0048791913  -0.0044001901
        0.0020875339   0.0009473406  -0.0010077537  -0.0007743076  -0.0003257206
       -0.0003249516   0.0000693489   0.0000286199  -0.0432734436   0.0076702257
       -0.0034076156  -0.0431219944   0.0021465384   0.0050700066  -0.2129070138
        0.1004016455   0.0451008946  -0.0022677184  -0.0036291576   0.0001507867
       -0.0025679302  -0.0025980133  -0.0028485465   0.0007374997  -0.0008853330
       -0.0000341697   0.0007409162  -0.0006240475  -0.0006226788  -0.0000327514
        0.0000645101   0.0002167821  -0.0000392380   0.0002016938  -0.0000964819
        0.0000392088   0.0001410729   0.0000596559
       -0.0292224389   0.5010421449  -0.0080828899  -0.0621353423  -0.1124872212
       -0.0188295238   0.0070197761   0.0058175871   0.0024523851   0.0025253212
       -0.0006866389  -0.0004171775   0.0004500884   0.0004876870   0.0001401679
        0.0001338439  -0.0000078364  -0.0000234474   0.0076302143  -0.2172406266
        0.1053199091   0.0019672675  -0.0541177125  -0.0466032604   0.1001320263
       -0.1006361366  -0.0252412985  -0.0227116314  -0.0192945624  -0.0048434516
       -0.0073941564  -0.0047405981  -0.0041775169   0.0010447747   0.0011508868
       -0.0001647603   0.0005113192   0.0004576657   0.0004128552   0.0000015619
        0.0000413000   0.0002081153   0.0000972073   0.0002891605  -0.0001239744
       -0.0000498318  -0.0000750994  -0.0000261322
       -0.0124291659  -0.0080828899   0.5167517493  -0.0264098619  -0.0188193355
       -0.0760771412   0.0032872320   0.0025933203   0.0011692260   0.0011426575
       -0.0004316187   0.0000451848   0.0001794044   0.0001658350   0.0002235475
        0.0000657026  -0.0000237282   0.0000254561  -0.0036293737   0.1051675164
       -0.1087513403   0.0051936945  -0.0464485097  -0.2720688168   0.0449874006
       -0.0252391188  -0.0559355852   0.0111135758   0.0093663534   0.0038091532
       -0.0241972276  -0.0185763678  -0.0104605966  -0.0002817125  -0.0002163945
        0.0002235857   0.0009516953   0.0004889497   0.0009003677   0.0001374597
        0.0001047140   0.0002086584  -0.0000905264  -0.0000217748  -0.0000321774
       -0.0000209546  -0.0000269510  -0.0000312712
       -0.1467993906  -0.0621353423  -0.0264098619   0.4536695473   0.0003627785
        0.0008174281  -0.1531942237   0.0566492587   0.0252791775  -0.0282831438
        0.0067958675   0.0031630876  -0.0043820793  -0.0024290157  -0.0010174788
       -0.0005224221  -0.0000338740  -0.0000122771  -0.0017155229  -0.0038775485
        0.0008143039  -0.0020395979  -0.0022790347  -0.0034849002  -0.0255827997
       -0.0145673833  -0.0061340555  -0.0415769638   0.0091404912  -0.0049494164
       -0.0413691485   0.0021360280   0.0074399522  -0.0052187390   0.0051605768
       -0.0001690611  -0.0048900793   0.0031760642   0.0038442047   0.0008690738
        0.0006416581   0.0006881817   0.0008724355   0.0009217005  -0.0000117204
        0.0001630539   0.0003377752   0.0001424356
       -0.0633219247  -0.1124872212  -0.0188193355   0.0003627785   0.5032526643
       -0.0145443421   0.0562125367  -0.0968088109  -0.0124267620  -0.0123407855
        0.0053617398   0.0023600069  -0.0024819992  -0.0018228470  -0.0008723953
       -0.0007996837   0.0004998178   0.0001701462  -0.0221635936  -0.0200694674
       -0.0046569928  -0.0065092732  -0.0050272310  -0.0047954787   0.0099445954
        0.0072200472   0.0029037865   0.0095438247  -0.2071778465   0.1003292275
        0.0024522976  -0.0543040430  -0.0425696469   0.0238115729  -0.0167131846
       -0.0036675543   0.0068955100  -0.0035597494  -0.0038146495  -0.0005221406
        0.0003986044   0.0004156803  -0.0012194583   0.0008883343  -0.0001705169
        0.0001357428   0.0003491932   0.0001588266
       -0.0269305163  -0.0188295238  -0.0760771412   0.0008174281  -0.0145443421
        0.5302674229   0.0251099757  -0.0124329002  -0.0748216079  -0.0051458644
        0.0022020943   0.0011295962  -0.0010703570  -0.0008692804  -0.0001314584
       -0.0003413201   0.0001678400   0.0001843610   0.0118002765   0.0091924528
        0.0038969571  -0.0242778060  -0.0188328916  -0.0108258513   0.0045403763
        0.0031084728   0.0016708319  -0.0048816522   0.0998513670  -0.1081101520
        0.0076854700  -0.0420860832  -0.2612020970  -0.0126769138   0.0084478107
        0.0032960704   0.0260876714  -0.0157577322  -0.0101768097  -0.0011987536
        0.0002921067   0.0006901306   0.0004238749  -0.0000700472   0.0001657789
        0.0000581104   0.0001606563   0.0000439686
       -0.0289723682   0.0070197761   0.0032872320  -0.1531942237   0.0562125367
        0.0251099757   0.4447328369  -0.0065661293  -0.0021893929  -0.1268273941
       -0.0620946773  -0.0265190981  -0.0367157090  -0.0051110151  -0.0020149622
        0.0010902931  -0.0026345478  -0.0011398135   0.0009322597   0.0009069422
        0.0000416816   0.0009246942   0.0006676144   0.0006268632  -0.0042473065
       -0.0024449546  -0.0010202826  -0.0055300998   0.0054014585  -0.0001984345
       -0.0052055709   0.0033370109   0.0040526159  -0.0415808225   0.0092300821
       -0.0052433047  -0.0413772989   0.0019949773   0.0077812951  -0.0025114258
       -0.0030864692  -0.0035408379  -0.0023008717  -0.0045302204   0.0002362205
        0.0007830071   0.0016976156   0.0007302424
       -0.0117273467   0.0058175871   0.0025933203   0.0566492587  -0.0968088109
       -0.0124329002  -0.0065661293   0.4986613069  -0.0155036257  -0.0547957340
       -0.1072866027  -0.0176157958   0.0055909239   0.0091239407   0.0036875228
        0.0025514090  -0.0006824691  -0.0003931113  -0.0012481913   0.0010068557
       -0.0001378370  -0.0005503523   0.0004631454   0.0004408039  -0.0040532056
       -0.0009919596  -0.0006545300   0.0239315625  -0.0168871673  -0.0037547830
        0.0069166721  -0.0036900466  -0.0038800445   0.0097656158  -0.2085497847
        0.1004734437   0.0021708811  -0.0546387264  -0.0432089121  -0.0068332891
       -0.0049384984  -0.0048214723  -0.0212857301  -0.0197344705  -0.0043497554
       -0.0005163447  -0.0008642994  -0.0004423235
       -0.0048791913   0.0024523851   0.0011692260   0.0252791775  -0.0124267620
       -0.0748216079  -0.0021893929  -0.0155036257   0.5277975925  -0.0234121586
       -0.0175592719  -0.0732890373   0.0026867892   0.0037036882   0.0021040022
        0.0010854594  -0.0003581615   0.0000438784   0.0003997889  -0.0000722350
        0.0001790360  -0.0011859826   0.0003543543   0.0007288764  -0.0017241452
       -0.0006678343   0.0003154944  -0.0127612021   0.0084409955   0.0033050961
        0.0262345722  -0.0159115198  -0.0102380436  -0.0054907944   0.1001332366
       -0.1080008913   0.0083413374  -0.0428567943  -0.2621618540  -0.0228297202
       -0.0183533183  -0.0108434957   0.0106759225   0.0090767197   0.0037445556
       -0.0002304598  -0.0004518565  -0.0000328278
       -0.0044001901   0.0025253212   0.0011426575  -0.0282831438  -0.0123407855
       -0.0051458644  -0.1268273941  -0.0547957340  -0.0234121586   0.4693811624
       -0.0368900759  -0.0157311888  -0.2112738445   0.0905639772   0.0398608153
       -0.0206120646   0.0099586945   0.0043761364  -0.0000289709   0.0001888414
       -0.0000701271  -0.0000269115   0.0000943138   0.0001892486  -0.0015273596
       -0.0008125919  -0.0003292802   0.0007936499  -0.0008884373  -0.0000504145
        0.0007968430  -0.0005870104  -0.0006157722  -0.0027515468  -0.0040314230
        0.0003435320  -0.0030221008  -0.0027412769  -0.0032509317  -0.0377580613
        0.0009840500   0.0048110862  -0.0378860535   0.0056860068  -0.0034861609
        0.0034259862   0.0030861299   0.0013684224
        0.0020875339  -0.0006866389  -0.0004316187   0.0067958675   0.0053617398
        0.0022020943  -0.0620946773  -0.1072866027  -0.0175592719  -0.0368900759
        0.4824062921  -0.0087123265   0.0946022156  -0.1018323787  -0.0217232113
        0.0094956166  -0.0097222830  -0.0025307517   0.0001049912   0.0002998701
       -0.0001126781   0.0000169073   0.0000483460   0.0002248536   0.0007291356
        0.0003947747   0.0000573067   0.0011079155   0.0010661478  -0.0001658317
        0.0005641110   0.0003871484   0.0004088121  -0.0221783849  -0.0191608725
       -0.0048573228  -0.0071068074  -0.0048009401  -0.0041147082   0.0012012050
       -0.0502837802  -0.0425652254   0.0077931112  -0.2041203455   0.1008218135
        0.0037713351   0.0079295225  -0.0009419338
        0.0009473406  -0.0004171775   0.0000451848   0.0031630876   0.0023600069
        0.0011295962  -0.0265190981  -0.0176157958  -0.0732890373  -0.0157311888
       -0.0087123265   0.4991105736   0.0415983986  -0.0217020702  -0.0621322810
        0.0041698572  -0.0025174001  -0.0050894577  -0.0000763214   0.0000110405
       -0.0000270800   0.0001283243   0.0000826236   0.0001944155   0.0003266784
        0.0000823447   0.0002457693  -0.0002884898  -0.0001710894   0.0001821766
        0.0010130919   0.0004303720   0.0008156586   0.0110306819   0.0092544486
        0.0036882414  -0.0237434828  -0.0183870115  -0.0103895787   0.0075755648
       -0.0439781630  -0.2590239680  -0.0052462956   0.1022105739  -0.1051099198
        0.0016518513  -0.0009303762   0.0096497064
       -0.0010077537   0.0004500884   0.0001794044  -0.0043820793  -0.0024819992
       -0.0010703570  -0.0367157090   0.0055909239   0.0026867892  -0.2112738445
        0.0946022156   0.0415983986   1.1048826680  -0.5818516390  -0.2558237083
       -0.8218844425   0.4621914316   0.2030145883  -0.0000825227   0.0000386764
        0.0000080794  -0.0000831575  -0.0000087382   0.0000226784  -0.0002379786
       -0.0001597721  -0.0000885803  -0.0000315205  -0.0001231027  -0.0000201973
       -0.0000312964  -0.0001815530  -0.0000870011   0.0006386250   0.0004267927
        0.0003052409   0.0006321804   0.0005414651   0.0001053728  -0.0087134820
        0.0065241222   0.0085366811  -0.0089481856   0.0107130719  -0.0010014085
       -0.0127615011   0.0037280163   0.0016340195
       -0.0007743076   0.0004876870   0.0001658350  -0.0024290157  -0.0018228470
       -0.0008692804  -0.0051110151   0.0091239407   0.0037036882   0.0905639772
       -0.1018323787  -0.0217020702  -0.5818516390   0.3981116645   0.1447513728
        0.4615274102  -0.2721098733  -0.1153474054   0.0000564240   0.0000088807
        0.0000307788   0.0000515629   0.0000406153  -0.0000218081  -0.0003413908
       -0.0001412228  -0.0000467960   0.0000926968   0.0000703144  -0.0000621741
        0.0001019864   0.0000335178   0.0000707760  -0.0011357409   0.0002408383
        0.0003180954  -0.0004552358   0.0004141991  -0.0000623881   0.0099035663
       -0.0052780541  -0.0060700500   0.0267594398  -0.0182663796  -0.0040847426
        0.0030412812  -0.0090809025  -0.0007738313
       -0.0003257206   0.0001401679   0.0002235475  -0.0010174788  -0.0008723953
       -0.0001314584  -0.0020149622   0.0036875228   0.0021040022   0.0398608153
       -0.0217232113  -0.0621322810  -0.2558237083   0.1447513728   0.1323905374
        0.2027554012  -0.1153663319  -0.0601381322   0.0000185543  -0.0000130641
        0.0000102082   0.0000291917   0.0000326675   0.0000005581  -0.0001456755
       -0.0000586683  -0.0000203034   0.0000529506  -0.0000088639  -0.0000090306
        0.0000343417   0.0000285127   0.0000727552   0.0004359979   0.0001265299
        0.0001936539  -0.0011247432   0.0001177331   0.0000040533   0.0274471719
       -0.0162591714  -0.0090834290  -0.0115226007   0.0061945785   0.0041837502
        0.0013404648  -0.0007773792  -0.0076684314
       -0.0003249516   0.0001338439   0.0000657026  -0.0005224221  -0.0007996837
       -0.0003413201   0.0010902931   0.0025514090   0.0010854594  -0.0206120646
        0.0094956166   0.0041698572  -0.8218844425   0.4615274102   0.2027554012
        1.1275869242  -0.6201498744  -0.2723839452   0.0000408028   0.0000090776
        0.0000042623   0.0000419287   0.0000177969   0.0000032140  -0.0001141488
       -0.0000440673  -0.0000142638   0.0001037036  -0.0000724097   0.0000639321
        0.0001015186   0.0000100829  -0.0000998459   0.0001078594   0.0000882757
        0.0000136056   0.0001037416   0.0000637466   0.0000553917  -0.0001088940
       -0.0000543543  -0.0012589362  -0.0001127585  -0.0009379221   0.0008281025
       -0.2854970899   0.1481610520   0.0650533826
        0.0000693489  -0.0000078364  -0.0000237282  -0.0000338740   0.0004998178
        0.0001678400  -0.0026345478  -0.0006824691  -0.0003581615   0.0099586945
       -0.0097222830  -0.0025174001   0.4621914316  -0.2721098733  -0.1153663319
       -0.6201498744   0.3821702731   0.1544551717   0.0000263810   0.0000286718
       -0.0000262818   0.0000111474  -0.0000161186   0.0000311250   0.0000256720
        0.0000289838   0.0000106264  -0.0001416562   0.0000304656  -0.0000583622
       -0.0000890888  -0.0000420931   0.0000464518   0.0002482698   0.0001797259
       -0.0002013967   0.0001215596  -0.0000828109   0.0002070453   0.0004377717
        0.0000812799   0.0005967891   0.0013602360  -0.0003354593  -0.0006518173
        0.1485985286  -0.1000202743  -0.0363115697
        0.0000286199  -0.0000234474   0.0000254561  -0.0000122771   0.0001701462
        0.0001843610  -0.0011398135  -0.0003931113   0.0000438784   0.0043761364
       -0.0025307517  -0.0050894577   0.2030145883  -0.1153474054  -0.0601381322
       -0.2723839452   0.1544551717   0.0983142758  -0.0000099281  -0.0000038730
       -0.0000139875   0.0000267744   0.0000080111   0.0000244149   0.0000127637
        0.0000123502   0.0000023414   0.0000080547  -0.0000160058  -0.0000252853
       -0.0001094720   0.0000037335   0.0000420836  -0.0000734324  -0.0000362949
       -0.0000921100   0.0002369905   0.0000469837   0.0001603194   0.0014589591
       -0.0010280017  -0.0002920195  -0.0006833446   0.0009972343   0.0001188949
        0.0652493257  -0.0363147395  -0.0332650333
       -0.0432734436   0.0076302143  -0.0036293737  -0.0017155229  -0.0221635936
        0.0118002765   0.0009322597  -0.0012481913   0.0003997889  -0.0000289709
        0.0001049912  -0.0000763214  -0.0000825227   0.0000564240   0.0000185543
        0.0000408028   0.0000263810  -0.0000099281   0.0502264535  -0.0058295977
        0.0052247437   0.0007381919  -0.0008326369   0.0010929851  -0.0032141225
        0.0255053818  -0.0141717596  -0.0038241685  -0.0039747543  -0.0008742380
        0.0006337884   0.0003396504   0.0004748569  -0.0005256805   0.0002366497
       -0.0002767555  -0.0000314730   0.0000464284   0.0000348018   0.0000536358
       -0.0000085145   0.0000405894   0.0000693337   0.0001165191  -0.0000474058
        0.0000014390  -0.0000053514  -0.0000008144
        0.0076702257  -0.2172406266   0.1051675164  -0.0038775485  -0.0200694674
        0.0091924528   0.0009069422   0.0010068557  -0.0000722350   0.0001888414
        0.0002998701   0.0000110405   0.0000386764   0.0000088807  -0.0000130641
        0.0000090776   0.0000286718  -0.0000038730  -0.0058295977   0.2533822163
       -0.1227023429   0.0002064341   0.0035856265  -0.0005074049   0.0044796725
       -0.0183569178   0.0100718314  -0.0040181308  -0.0029131869  -0.0011979172
        0.0005329115   0.0001502342   0.0001380165  -0.0004584581   0.0003271599
       -0.0001099731  -0.0000332084  -0.0001399382   0.0000689729   0.0000306946
       -0.0000554900  -0.0000231922   0.0001494941  -0.0000100915  -0.0000222433
        0.0000039735  -0.0000037966   0.0000024154
       -0.0034076156   0.1053199091  -0.1087513403   0.0008143039  -0.0046569928
        0.0038969571   0.0000416816  -0.0001378370   0.0001790360  -0.0000701271
       -0.0001126781  -0.0000270800   0.0000080794   0.0000307788   0.0000102082
        0.0000042623  -0.0000262818  -0.0000139875   0.0052247437  -0.1227023429
        0.1226971478  -0.0018540451   0.0288040555  -0.0227436792   0.0002225094
       -0.0048352217   0.0034160380  -0.0011235297  -0.0010266325   0.0008415566
       -0.0000367484  -0.0006840729   0.0006080379   0.0002650498  -0.0000502611
        0.0002443577  -0.0000077036   0.0001381469  -0.0003319886  -0.0000331601
       -0.0000380903   0.0000013454  -0.0000444783  -0.0000199860  -0.0000268008
       -0.0000032221  -0.0000024934   0.0000001915
       -0.0431219944   0.0019672675   0.0051936945  -0.0020395979  -0.0065092732
       -0.0242778060   0.0009246942  -0.0005503523  -0.0011859826  -0.0000269115
        0.0000169073   0.0001283243  -0.0000831575   0.0000515629   0.0000291917
        0.0000419287   0.0000111474   0.0000267744   0.0007381919   0.0002064341
       -0.0018540451   0.0500483217   0.0005649286  -0.0045210710  -0.0028415289
        0.0069608516   0.0283277649   0.0006347757   0.0005824340  -0.0000744164
       -0.0038427088  -0.0033825782  -0.0022517807  -0.0000319509   0.0000574297
        0.0000051467  -0.0005258115  -0.0000430155   0.0003727562   0.0000708041
        0.0000461056   0.0001178881   0.0000531744   0.0000241128  -0.0000338797
        0.0000017706  -0.0000039624  -0.0000025594
        0.0021465384  -0.0541177125  -0.0464485097  -0.0022790347  -0.0050272310
       -0.0188328916   0.0006676144   0.0004631454   0.0003543543   0.0000943138
        0.0000483460   0.0000826236  -0.0000087382   0.0000406153   0.0000326675
        0.0000177969  -0.0000161186   0.0000080111  -0.0008326369   0.0035856265
        0.0288040555   0.0005649286   0.0609790731   0.0563125347   0.0029743578
       -0.0040169170  -0.0179932416   0.0003300596   0.0001284487  -0.0006626520
       -0.0035974966  -0.0020392854  -0.0018334870  -0.0000268596  -0.0001426926
        0.0001419110  -0.0001211275   0.0002050339   0.0000643410   0.0000719223
       -0.0000368287   0.0000111619  -0.0000021559  -0.0000519807  -0.0000391018
        0.0000005177  -0.0000015222  -0.0000017769
        0.0050700066  -0.0466032604  -0.2720688168  -0.0034849002  -0.0047954787
       -0.0108258513   0.0006268632   0.0004408039   0.0007288764   0.0001892486
        0.0002248536   0.0001944155   0.0000226784  -0.0000218081   0.0000005581
        0.0000032140   0.0000311250   0.0000244149   0.0010929851  -0.0005074049
       -0.0227436792  -0.0045210710   0.0563125347   0.3153256183   0.0030387064
       -0.0032936296  -0.0113061392   0.0004134836   0.0001572478   0.0006340799
       -0.0021132295  -0.0020034270  -0.0000005920  -0.0000231898   0.0000702147
       -0.0003334422  -0.0005031682   0.0000057194   0.0003700585   0.0001399066
        0.0000051273  -0.0000015709   0.0000448652  -0.0000243123   0.0000054280
        0.0000036009   0.0000016943  -0.0000033580
       -0.2129070138   0.1001320263   0.0449874006  -0.0255827997   0.0099445954
        0.0045403763  -0.0042473065  -0.0040532056  -0.0017241452  -0.0015273596
        0.0007291356   0.0003266784  -0.0002379786  -0.0003413908  -0.0001456755
       -0.0001141488   0.0000256720   0.0000127637  -0.0032141225   0.0044796725
        0.0002225094  -0.0028415289   0.0029743578   0.0030387064   0.2492084583
       -0.1144196938  -0.0514770405   0.0004244680   0.0002802454   0.0003938023
        0.0004142222   0.0004845363  -0.0000662922   0.0002578696  -0.0002214896
        0.0000554368   0.0002540096  -0.0001039476  -0.0002024055   0.0000383753
        0.0000368297  -0.0000310597   0.0000381036  -0.0000009675   0.0000466285
        0.0000367518   0.0000536239   0.0000223161
        0.1004016455  -0.1006361366  -0.0252391188  -0.0145673833   0.0072200472
        0.0031084728  -0.0024449546  -0.0009919596  -0.0006678343  -0.0008125919
        0.0003947747   0.0000823447  -0.0001597721  -0.0001412228  -0.0000586683
       -0.0000440673   0.0000289838   0.0000123502   0.0255053818  -0.0183569178
       -0.0048352217   0.0069608516  -0.0040169170  -0.0032936296  -0.1144196938
        0.1154943909   0.0304612478  -0.0003325697   0.0005670130   0.0000409630
        0.0000654481   0.0003550217   0.0003625915  -0.0001911390   0.0000564064
       -0.0001422135  -0.0000858961  -0.0000869359   0.0001195682   0.0000504515
        0.0000243565   0.0000434513   0.0000645946   0.0000653464  -0.0000056722
        0.0000096947   0.0000237489   0.0000113688
        0.0451008946  -0.0252412985  -0.0559355852  -0.0061340555   0.0029037865
        0.0016708319  -0.0010202826  -0.0006545300   0.0003154944  -0.0003292802
        0.0000573067   0.0002457693  -0.0000885803  -0.0000467960  -0.0000203034
       -0.0000142638   0.0000106264   0.0000023414  -0.0141717596   0.0100718314
        0.0034160380   0.0283277649  -0.0179932416  -0.0113061392  -0.0514770405
        0.0304612478   0.0614028744   0.0003943763   0.0001613864  -0.0000284450
       -0.0005180426   0.0002412419   0.0001985069   0.0000552474  -0.0000146130
       -0.0000622412  -0.0001804077  -0.0000089662   0.0000783086   0.0000428172
        0.0000318731   0.0000307304   0.0000081274   0.0000098244  -0.0000127890
        0.0000044850   0.0000103206   0.0000046077
       -0.0022677184  -0.0227116314   0.0111135758  -0.0415769638   0.0095438247
       -0.0048816522  -0.0055300998   0.0239315625  -0.0127612021   0.0007936499
        0.0011079155  -0.0002884898  -0.0000315205   0.0000926968   0.0000529506
        0.0001037036  -0.0001416562   0.0000080547  -0.0038241685  -0.0040181308
       -0.0011235297   0.0006347757   0.0003300596   0.0004134836   0.0004244680
       -0.0003325697   0.0003943763   0.0545485329  -0.0099170193   0.0059963801
        0.0012561882  -0.0006656549   0.0004302991  -0.0047888282   0.0035237992
        0.0008954503   0.0008030492  -0.0002324290  -0.0004584599  -0.0000155712
       -0.0000279373  -0.0000416421  -0.0005567487  -0.0004710141   0.0002599134
        0.0000272515  -0.0000118156  -0.0000095083
       -0.0036291576  -0.0192945624   0.0093663534   0.0091404912  -0.2071778465
        0.0998513670   0.0054014585  -0.0168871673   0.0084409955  -0.0008884373
        0.0010661478  -0.0001710894  -0.0001231027   0.0000703144  -0.0000088639
       -0.0000724097   0.0000304656  -0.0000160058  -0.0039747543  -0.0029131869
       -0.0010266325   0.0005824340   0.0001284487   0.0001572478   0.0002802454
        0.0005670130   0.0001613864  -0.0099170193   0.2436557549  -0.1162248491
       -0.0001469331   0.0029781644   0.0001079165   0.0035103681  -0.0024003649
       -0.0008005422  -0.0004930700   0.0000465003   0.0001293899   0.0000556764
       -0.0001461550   0.0000576616   0.0003084757   0.0002731276  -0.0000355772
       -0.0000342652   0.0000033461   0.0000112418
        0.0001507867  -0.0048434516   0.0038091532  -0.0049494164   0.1003292275
       -0.1081101520  -0.0001984345  -0.0037547830   0.0033050961  -0.0000504145
       -0.0001658317   0.0001821766  -0.0000201973  -0.0000621741  -0.0000090306
        0.0000639321  -0.0000583622  -0.0000252853  -0.0008742380  -0.0011979172
        0.0008415566  -0.0000744164  -0.0006626520   0.0006340799   0.0003938023
        0.0000409630  -0.0000284450   0.0059963801  -0.1162248491   0.1211270548
       -0.0012579955   0.0280402500  -0.0232487137   0.0009184517  -0.0008151710
        0.0009716798   0.0001501343  -0.0006986599   0.0006132402   0.0000256379
        0.0001545996  -0.0003193437  -0.0002937540  -0.0000881368   0.0002566677
        0.0000197415   0.0000069485   0.0000002653
       -0.0025679302  -0.0073941564  -0.0241972276  -0.0413691485   0.0024522976
        0.0076854700  -0.0052055709   0.0069166721   0.0262345722   0.0007968430
        0.0005641110   0.0010130919  -0.0000312964   0.0001019864   0.0000343417
        0.0001015186  -0.0000890888  -0.0001094720   0.0006337884   0.0005329115
       -0.0000367484  -0.0038427088  -0.0035974966  -0.0021132295   0.0004142222
        0.0000654481  -0.0005180426   0.0012561882  -0.0001469331  -0.0012579955
        0.0543344871  -0.0017262529  -0.0084007483   0.0008027002  -0.0004874926
        0.0001435907  -0.0047718781   0.0030137254   0.0020368218  -0.0005634981
       -0.0001418759  -0.0005114818  -0.0000143794  -0.0000485221  -0.0000005916
        0.0000266627  -0.0000153337  -0.0000023511
       -0.0025980133  -0.0047405981  -0.0185763678   0.0021360280  -0.0543040430
       -0.0420860832   0.0033370109  -0.0036900466  -0.0159115198  -0.0005870104
        0.0003871484   0.0004303720  -0.0001815530   0.0000335178   0.0000285127
        0.0000100829  -0.0000420931   0.0000037335   0.0003396504   0.0001502342
       -0.0006840729  -0.0033825782  -0.0020392854  -0.0020034270   0.0004845363
        0.0003550217   0.0002412419  -0.0006656549   0.0029781644   0.0280402500
       -0.0017262529   0.0621307345   0.0528843764  -0.0002338322   0.0000598647
       -0.0007097567   0.0030212987  -0.0013591529  -0.0017760071  -0.0000080459
        0.0002045239  -0.0000243928   0.0000621460  -0.0001323923   0.0001416490
       -0.0000078125   0.0000084017   0.0000014917
       -0.0028485465  -0.0041775169  -0.0104605966   0.0074399522  -0.0425696469
       -0.2612020970   0.0040526159  -0.0038800445  -0.0102380436  -0.0006157722
        0.0004088121   0.0008156586  -0.0000870011   0.0000707760   0.0000727552
       -0.0000998459   0.0000464518   0.0000420836   0.0004748569   0.0001380165
        0.0006080379  -0.0022517807  -0.0018334870  -0.0000005920  -0.0000662922
        0.0003625915   0.0001985069   0.0004302991   0.0001079165  -0.0232487137
       -0.0084007483   0.0528843764   0.3028992696  -0.0004666141   0.0001163708
        0.0006005541   0.0020141716  -0.0017617804  -0.0000793430   0.0004421969
        0.0000359626   0.0003265974   0.0000183588   0.0000471788  -0.0003291138
       -0.0000358504   0.0000040227  -0.0000049636
        0.0007374997   0.0010447747  -0.0002817125  -0.0052187390   0.0238115729
       -0.0126769138  -0.0415808225   0.0097656158  -0.0054907944  -0.0027515468
       -0.0221783849   0.0110306819   0.0006386250  -0.0011357409   0.0004359979
        0.0001078594   0.0002482698  -0.0000734324  -0.0005256805  -0.0004584581
        0.0002650498  -0.0000319509  -0.0000268596  -0.0000231898   0.0002578696
       -0.0001911390   0.0000552474  -0.0047888282   0.0035103681   0.0009184517
        0.0008027002  -0.0002338322  -0.0004666141   0.0540034628  -0.0101126756
        0.0064156689   0.0013258352  -0.0007095218   0.0005740843   0.0006987733
        0.0003137358   0.0004008178  -0.0037045755  -0.0036703536  -0.0010051443
        0.0000295181   0.0000226284  -0.0000781983
       -0.0008853330   0.0011508868  -0.0002163945   0.0051605768  -0.0167131846
        0.0084478107   0.0092300821  -0.2085497847   0.1001332366  -0.0040314230
       -0.0191608725   0.0092544486   0.0004267927   0.0002408383   0.0001265299
        0.0000882757   0.0001797259  -0.0000362949   0.0002366497   0.0003271599
       -0.0000502611   0.0000574297  -0.0001426926   0.0000702147  -0.0002214896
        0.0000564064  -0.0000146130   0.0035237992  -0.0024003649  -0.0008151710
       -0.0004874926   0.0000598647   0.0001163708  -0.0101126756   0.2447892786
       -0.1164679672  -0.0000715020   0.0030532524   0.0002002422   0.0005679008
        0.0001288773   0.0002421148  -0.0035372807  -0.0029239877  -0.0009721787
        0.0000556896  -0.0000954033  -0.0000180880
       -0.0000341697  -0.0001647603   0.0002235857  -0.0001690611  -0.0036675543
        0.0032960704  -0.0052433047   0.1004734437  -0.1080008913   0.0003435320
       -0.0048573228   0.0036882414   0.0003052409   0.0003180954   0.0001936539
        0.0000136056  -0.0002013967  -0.0000921100  -0.0002767555  -0.0001099731
        0.0002443577   0.0000051467   0.0001419110  -0.0003334422   0.0000554368
       -0.0001422135  -0.0000622412   0.0008954503  -0.0008005422   0.0009716798
        0.0001435907  -0.0007097567   0.0006005541   0.0064156689  -0.1164679672
        0.1211023019  -0.0013754295   0.0280165623  -0.0232288791  -0.0000905544
       -0.0007011044   0.0005831523  -0.0009461331  -0.0010988850   0.0008369047
       -0.0000422640  -0.0000285361  -0.0000229380
        0.0007409162   0.0005113192   0.0009516953  -0.0048900793   0.0068955100
        0.0260876714  -0.0413772989   0.0021708811   0.0083413374  -0.0030221008
       -0.0071068074  -0.0237434828   0.0006321804  -0.0004552358  -0.0011247432
        0.0001037416   0.0001215596   0.0002369905  -0.0000314730  -0.0000332084
       -0.0000077036  -0.0005258115  -0.0001211275  -0.0005031682   0.0002540096
       -0.0000858961  -0.0001804077   0.0008030492  -0.0004930700   0.0001501343
       -0.0047718781   0.0030212987   0.0020141716   0.0013258352  -0.0000715020
       -0.0013754295   0.0537351980  -0.0015642168  -0.0089260863  -0.0037170994
       -0.0032628384  -0.0019435073   0.0007096703   0.0005141140  -0.0000462092
        0.0000311404  -0.0000407804   0.0000687374
       -0.0006240475   0.0004576657   0.0004889497   0.0031760642  -0.0035597494
       -0.0157577322   0.0019949773  -0.0546387264  -0.0428567943  -0.0027412769
       -0.0048009401  -0.0183870115   0.0005414651   0.0004141991   0.0001177331
        0.0000637466  -0.0000828109   0.0000469837   0.0000464284  -0.0001399382
        0.0001381469  -0.0000430155   0.0002050339   0.0000057194  -0.0001039476
       -0.0000869359  -0.0000089662  -0.0002324290   0.0000465003  -0.0006986599
        0.0030137254  -0.0013591529  -0.0017617804  -0.0007095218   0.0030532524
        0.0280165623  -0.0015642168   0.0623994834   0.0534155150  -0.0031422843
       -0.0019792150  -0.0019952703   0.0003170860   0.0001491480  -0.0007241129
        0.0000072463  -0.0000778142  -0.0000392825
       -0.0006226788   0.0004128552   0.0009003677   0.0038442047  -0.0038146495
       -0.0101768097   0.0077812951  -0.0432089121  -0.2621618540  -0.0032509317
       -0.0041147082  -0.0103895787   0.0001053728  -0.0000623881   0.0000040533
        0.0000553917   0.0002070453   0.0001603194   0.0000348018   0.0000689729
       -0.0003319886   0.0003727562   0.0000643410   0.0003700585  -0.0002024055
        0.0001195682   0.0000783086  -0.0004584599   0.0001293899   0.0006132402
        0.0020368218  -0.0017760071  -0.0000793430   0.0005740843   0.0002002422
       -0.0232288791  -0.0089260863   0.0534155150   0.3037938536  -0.0018890629
       -0.0018447223  -0.0000935430   0.0004768137   0.0002335591   0.0005819208
        0.0000680828  -0.0000301017  -0.0000401261
       -0.0000327514   0.0000015619   0.0001374597   0.0008690738  -0.0005221406
       -0.0011987536  -0.0025114258  -0.0068332891  -0.0228297202  -0.0377580613
        0.0012012050   0.0075755648  -0.0087134820   0.0099035663   0.0274471719
       -0.0001088940   0.0004377717   0.0014589591   0.0000536358   0.0000306946
       -0.0000331601   0.0000708041   0.0000719223   0.0001399066   0.0000383753
        0.0000504515   0.0000428172  -0.0000155712   0.0000556764   0.0000256379
       -0.0005634981  -0.0000080459   0.0004421969   0.0006987733   0.0005679008
       -0.0000905544  -0.0037170994  -0.0031422843  -0.0018890629   0.0507545938
       -0.0016747198  -0.0080306947   0.0015972489  -0.0001823232  -0.0012237010
       -0.0006617219   0.0000420524  -0.0019740672
        0.0000645101   0.0000413000   0.0001047140   0.0006416581   0.0003986044
        0.0002921067  -0.0030864692  -0.0049384984  -0.0183533183   0.0009840500
       -0.0502837802  -0.0439781630   0.0065241222  -0.0052780541  -0.0162591714
       -0.0000543543   0.0000812799  -0.0010280017  -0.0000085145  -0.0000554900
       -0.0000380903   0.0000461056  -0.0000368287   0.0000051273   0.0000368297
        0.0000243565   0.0000318731  -0.0000279373  -0.0001461550   0.0001545996
       -0.0001418759   0.0002045239   0.0000359626   0.0003137358   0.0001288773
       -0.0007011044  -0.0032628384  -0.0019792150  -0.0018447223  -0.0016747198
        0.0587520280   0.0536611769  -0.0007972520   0.0030100500   0.0268042480
        0.0004429499   0.0000770014   0.0011127630
        0.0002167821   0.0002081153   0.0002086584   0.0006881817   0.0004156803
        0.0006901306  -0.0035408379  -0.0048214723  -0.0108434957   0.0048110862
       -0.0425652254  -0.2590239680   0.0085366811  -0.0060700500  -0.0090834290
       -0.0012589362   0.0005967891  -0.0002920195   0.0000405894  -0.0000231922
        0.0000013454   0.0001178881   0.0000111619  -0.0000015709  -0.0000310597
        0.0000434513   0.0000307304  -0.0000416421   0.0000576616  -0.0003193437
       -0.0005114818  -0.0000243928   0.0003265974   0.0004008178   0.0002421148
        0.0005831523  -0.0019435073  -0.0019952703  -0.0000935430  -0.0080306947
        0.0536611769   0.2995980208   0.0005028305   0.0002428255  -0.0224455068
        0.0000433029   0.0000206264   0.0006642413
       -0.0000392380   0.0000972073  -0.0000905264   0.0008724355  -0.0012194583
        0.0004238749  -0.0023008717  -0.0212857301   0.0106759225  -0.0378860535
        0.0077931112  -0.0052462956  -0.0089481856   0.0267594398  -0.0115226007
       -0.0001127585   0.0013602360  -0.0006833446   0.0000693337   0.0001494941
       -0.0000444783   0.0000531744  -0.0000021559   0.0000448652   0.0000381036
        0.0000645946   0.0000081274  -0.0005567487   0.0003084757  -0.0002937540
       -0.0000143794   0.0000621460   0.0000183588  -0.0037045755  -0.0035372807
       -0.0009461331   0.0007096703   0.0003170860   0.0004768137   0.0015972489
       -0.0007972520   0.0005028305   0.0508699515  -0.0086611692   0.0052855023
       -0.0006471070  -0.0014087446   0.0013908374
        0.0002016938   0.0002891605  -0.0000217748   0.0009217005   0.0008883343
       -0.0000700472  -0.0045302204  -0.0197344705   0.0090767197   0.0056860068
       -0.2041203455   0.1022105739   0.0107130719  -0.0182663796   0.0061945785
       -0.0009379221  -0.0003354593   0.0009972343   0.0001165191  -0.0000100915
       -0.0000199860   0.0000241128  -0.0000519807  -0.0000243123  -0.0000009675
        0.0000653464   0.0000098244  -0.0004710141   0.0002731276  -0.0000881368
       -0.0000485221  -0.0001323923   0.0000471788  -0.0036703536  -0.0029239877
       -0.0010988850   0.0005141140   0.0001491480   0.0002335591  -0.0001823232
        0.0030100500   0.0002428255  -0.0086611692   0.2399542650  -0.1168889924
        0.0003252734   0.0009456751  -0.0008003598
       -0.0000964819  -0.0001239744  -0.0000321774  -0.0000117204  -0.0001705169
        0.0001657789   0.0002362205  -0.0043497554   0.0037445556  -0.0034861609
        0.1008218135  -0.1051099198  -0.0010014085  -0.0040847426   0.0041837502
        0.0008281025  -0.0006518173   0.0001188949  -0.0000474058  -0.0000222433
       -0.0000268008  -0.0000338797  -0.0000391018   0.0000054280   0.0000466285
       -0.0000056722  -0.0000127890   0.0002599134  -0.0000355772   0.0002566677
       -0.0000005916   0.0001416490  -0.0003291138  -0.0010051443  -0.0009721787
        0.0008369047  -0.0000462092  -0.0007241129   0.0005819208  -0.0012237010
        0.0268042480  -0.0224455068   0.0052855023  -0.1168889924   0.1182884869
        0.0002963362   0.0003009745  -0.0002260798
        0.0000392088  -0.0000498318  -0.0000209546   0.0001630539   0.0001357428
        0.0000581104   0.0007830071  -0.0005163447  -0.0002304598   0.0034259862
        0.0037713351   0.0016518513  -0.0127615011   0.0030412812   0.0013404648
       -0.2854970899   0.1485985286   0.0652493257   0.0000014390   0.0000039735
       -0.0000032221   0.0000017706   0.0000005177   0.0000036009   0.0000367518
        0.0000096947   0.0000044850   0.0000272515  -0.0000342652   0.0000197415
        0.0000266627  -0.0000078125  -0.0000358504   0.0000295181   0.0000556896
       -0.0000422640   0.0000311404   0.0000072463   0.0000680828  -0.0006617219
        0.0004429499   0.0000433029  -0.0006471070   0.0003252734   0.0002963362
        0.2950016298  -0.1557839786  -0.0684025507
        0.0001410729  -0.0000750994  -0.0000269510   0.0003377752   0.0003491932
        0.0001606563   0.0016976156  -0.0008642994  -0.0004518565   0.0030861299
        0.0079295225  -0.0009303762   0.0037280163  -0.0090809025  -0.0007773792
        0.1481610520  -0.1000202743  -0.0363147395  -0.0000053514  -0.0000037966
       -0.0000024934  -0.0000039624  -0.0000015222   0.0000016943   0.0000536239
        0.0000237489   0.0000103206  -0.0000118156   0.0000033461   0.0000069485
       -0.0000153337   0.0000084017   0.0000040227   0.0000226284  -0.0000954033
       -0.0000285361  -0.0000407804  -0.0000778142  -0.0000301017   0.0000420524
        0.0000770014   0.0000206264  -0.0014087446   0.0009456751   0.0003009745
       -0.1557839786   0.1008822228   0.0380571903
        0.0000596559  -0.0000261322  -0.0000312712   0.0001424356   0.0001588266
        0.0000439686   0.0007302424  -0.0004423235  -0.0000328278   0.0013684224
       -0.0009419338   0.0096497064   0.0016340195  -0.0007738313  -0.0076684314
        0.0650533826  -0.0363115697  -0.0332650333  -0.0000008144   0.0000024154
        0.0000001915  -0.0000025594  -0.0000017769  -0.0000033580   0.0000223161
        0.0000113688   0.0000046077  -0.0000095083   0.0000112418   0.0000002653
       -0.0000023511   0.0000014917  -0.0000049636  -0.0000781983  -0.0000180880
       -0.0000229380   0.0000687374  -0.0000392825  -0.0000401261  -0.0019740672
        0.0011127630   0.0006642413   0.0013908374  -0.0008003598  -0.0002260798
       -0.0684025507   0.0380571903   0.0309320484
