           1           2  0.989435272131832     
           2           3  0.976302871387857     
           3           4   1.69497536797181     
           3           5   1.16889944411760     
           4           5  0.170873779611219     
           5           6  0.920006088863353     
           6           7   1.01338459193865     
           1           8  0.987744476781575     
           1           9  0.981226806618788     
           1          10  0.986992750608513     
           2          11  0.969960478175679     
           2          12  0.966085791578066     
           6          13  0.969145393331883     
           6          14  0.970195833146047     
           7          15  0.980237288898038     
           7          16  0.985758253131197     
           7          17  0.984555949680404     
