           1           2   1.02056016015725     
           2           3   1.00839951877051     
           3           4   1.01494474353323     
           4           5  0.983554160655574     
           1           6  0.987290224885609     
           1           7  0.986778603176294     
           1           8  0.985148009344710     
           2           9  0.977357911916694     
           2          10  0.977648752995833     
           3          11  0.970628151312353     
           3          12  0.973981575545669     
           4          13  0.977660283287853     
           4          14  0.975705291845540     
           5          15  0.944005090478514     
