           1           2  0.976223369520451     
           2           3  0.967806144287374     
           3           4   1.00267184046762     
           2           5  0.995982205386817     
           1           6   1.00043816252734     
           1           7  0.971304038148769     
           1           8  0.970499478498535     
           2           9  0.962079272626654     
           3          10  0.970478956571511     
           3          11  0.968733149970382     
           4          12  0.858726814421942     
           5          13  0.851585802730129     
           6          14  0.861230679355430     
