           1           2   1.02096977043130     
           2           3  0.990969605395429     
           3           4  0.990277624956319     
           4           5   1.01927779733408     
           3           6  0.975611291989753     
           1           7  0.986384801132279     
           1           8  0.987460218950198     
           1           9  0.985294930897561     
           2          10  0.974697355433245     
           2          11  0.976398098733509     
           3          12  0.962082357009437     
           4          13  0.975479651038798     
           4          14  0.976685927303492     
           5          15  0.985086528098409     
           5          16  0.986874072223340     
           5          17  0.986093805318455     
           6          18  0.863833271667450     
