   26
          4          1          4
          9          5         13
          7         14         20
          8         21         28
          1         29         29
         12         30         41
         12         42         53
          9         54         62
         11         63         73
          1         74         74
          8         75         82
          8         83         90
          8         91         98
          7         99        105
          7        106        112
          5        113        117
          1        118        118
          2        119        120
          1        121        121
          1        122        122
          1        123        123
          1        124        124
          9        125        133
          8        134        141
          1        142        142
          1        143        143
