           1           2   1.00436159714642     
           2           3  0.960392787393372     
           2           4  0.985003763835596     
           4           5  0.995358740645790     
           5           6   1.00979590852711     
           5           7   1.00990573964261     
           2           8  0.977179884256305     
           1           9  0.985771264323115     
           1          10  0.981750955664520     
           1          11  0.983994093592598     
           4          12  0.973976706648443     
           4          13  0.976214459602144     
           5          14  0.968571599656662     
           6          15  0.984782385035846     
           6          16  0.985699825405404     
           6          17  0.985933688973388     
           7          18  0.986123564483288     
           7          19  0.983063912283458     
           7          20  0.986474211171337     
           8          21  0.866882229767601     
