           1           2  0.990658894999179     
           2           3  0.975710862592303     
           3           4   1.68750224982907     
           3           5   1.17575572811729     
           4           5  0.172461741395373     
           5           6  0.917878967270790     
           6           7   1.01709155207971     
           1           8  0.981453279417875     
           1           9  0.987891830476699     
           1          10  0.986666478174631     
           2          11  0.963167044824596     
           2          12  0.971705910408619     
           6          13  0.969224373960949     
           6          14  0.966486691016033     
           7          15  0.979830052667634     
           7          16  0.983145868555800     
           7          17  0.984954834481432     
