           1           2   1.00664961665874     
           2           3  0.963402317539957     
           2           4  0.985170491365390     
           4           5  0.997370617338171     
           5           6   1.00698807892271     
           5           7   1.01023105456455     
           2           8  0.979291091819852     
           1           9  0.982967513857122     
           1          10  0.985569906300558     
           1          11  0.985133451734494     
           4          12  0.974606783118961     
           4          13  0.973501888793148     
           5          14  0.966682330600044     
           6          15  0.986312244572128     
           6          16  0.986792731264799     
           6          17  0.986723600816104     
           7          18  0.986685645456446     
           7          19  0.982166189336233     
           7          20  0.986875558554038     
           8          21  0.867011903232577     
