$coord
         -5.249096466088          1.539103128506         -4.049666600942     c 
         -5.474192418435          1.088317307323         -1.203960945147     c 
         -7.440310615010          0.731250226625         -0.681840978579     h 
         -3.862822252037         -1.122012796241         -0.363852404013     c 
         -4.966821713579         -3.254875353676          0.695130818169     c 
         -3.490005057474         -5.291433317448          1.421369500269     c 
         -0.898847932543         -5.203536304640          1.120842758814     c 
          0.238860489772         -3.050568048786          0.119387865798     c 
         -1.256852418035         -1.026732483932         -0.640957521871     c 
          3.032292563365         -3.014237100249         -0.190424978201     c 
          4.214394490232         -4.934232897876         -0.622420841742     o 
          4.296559720839         -0.521273870310          0.047539698323     c 
          3.415535467454          1.340658042827          1.688283803427     c 
          4.676433197451          3.620824749726          1.874631185588     c 
          6.812003859538          4.068737754340          0.426879768983     c 
          7.715790207425          2.214280374406         -1.186280370589     c 
          6.476581100254         -0.076791476452         -1.361448232488     c 
         -4.571393557425          3.378507903382          0.259493752812     c 
         -2.767444845986          4.656951333094         -0.251182352394     o 
         -6.006205962630          3.798158160462          2.299985990328     o 
         -3.349486804856          2.158992444233         -4.520978762391     h 
         -5.659037394388         -0.196646296177         -5.069015476402     h 
         -6.574081371335          2.991731929108         -4.647679249860     h 
         -6.992545315723         -3.331160155862          0.938705923796     h 
         -4.371193455856         -6.949069531635          2.220958522670     h 
          0.281778892955         -6.774350866097          1.669029423146     h 
         -0.390245504881          0.628733675744         -1.459779534555     h 
          1.770492326900          0.986412407442          2.843691548273     h 
          3.987580945372          5.058134844645          3.148494162429     h 
          7.779504924116          5.860516851763          0.566221243143     h 
          9.390404712213          2.555905352773         -2.301783915469     h 
          7.157280079080         -1.549221748493         -2.599881262849     h 
         -5.371633844773          5.229193757116          3.256183243399     h 
$end
