           1           2   1.00713310661782     
           2           3   1.00957154298468     
           2           4  0.990905780161036     
           4           5  0.924463430402635     
           5           6   1.16724028986219     
           5           7  0.169774274575935     
           6           7   1.68408737735735     
           6           8  0.999246004349081     
           1           9  0.984233052841090     
           1          10  0.986027837047642     
           1          11  0.985839679764809     
           2          12  0.965931732315523     
           3          13  0.985267931830139     
           3          14  0.985674831392461     
           3          15  0.986008366871811     
           4          16  0.967655648342985     
           4          17  0.966018336064182     
           8          18  0.978236980402944     
           8          19  0.963200910818275     
           8          20  0.946392912728648     
