           1           2   1.00026494037058     
           2           3  0.939151958967742     
           3           4   1.09694096973939     
           3           5  0.156115065447112     
           4           5   1.74193989577308     
           4           6  0.999197597004308     
           2           7  0.922980956222328     
           7           8   1.11847197283941     
           7           9  0.159291377439858     
           8           9   1.71688765742733     
           8          10   1.00301453388818     
           1          11  0.976643659287066     
           1          12  0.980148075640104     
           1          13  0.977469321508418     
           2          14  0.946178556437983     
           6          15  0.940345460455680     
           6          16  0.971532051360875     
           6          17  0.970420088193244     
          10          18  0.943323955961724     
          10          19  0.956752689380170     
          10          20  0.977099509127648     
