           1           2   1.47600689963080     
           2           3   1.35333181480090     
           3           4   1.34061631240047     
           4           5   1.49311389408413     
           1           6   1.36578668424418     
           5           6   1.34923961086569     
           6           7   1.07346911195177     
           7           8   1.85660063911610     
           3           9   1.09870141933145     
           1          10  0.967109320156485     
           2          11  0.965499031939266     
           4          12  0.966094615562838     
           5          13  0.964672511229416     
           7          14  0.930380283873495     
           9          15  0.883776936202232     
