$hessian                                                                        
        0.5165837449  -0.0222459880  -0.0121661230  -0.0820678589  -0.0384930030
       -0.0191044552  -0.0019305827  -0.0038956352  -0.0040201912  -0.0157976914
       -0.0239957671  -0.0062785732   0.0007191421   0.0008441624   0.0003613711
       -0.0017991959  -0.0012036346  -0.0003171866  -0.0006424260  -0.0005797383
       -0.0006168008  -0.2284871779  -0.0414478501   0.0927792121  -0.0486363978
        0.0043978233  -0.0322259665  -0.1409643682   0.1150477149  -0.0241709802
        0.0057513987   0.0141855506   0.0051914751   0.0005134667   0.0004451051
        0.0005562166   0.0003631257  -0.0002716808  -0.0007194529   0.0002441807
       -0.0007610649   0.0001669330   0.0008420959  -0.0000237086  -0.0010715669
       -0.0047715051  -0.0020657053   0.0015563617   0.0000800490   0.0000634196
        0.0000797270
       -0.0222459880   0.4746242572  -0.0207702764  -0.0371054724  -0.1629001017
       -0.0421381097  -0.0018834074  -0.0017818710  -0.0047004327  -0.0101462298
       -0.0085342132  -0.0006357226   0.0008294864  -0.0013449968   0.0000476463
        0.0000111829   0.0012348207   0.0005863530   0.0000287880   0.0002040660
       -0.0003280704  -0.0417698449  -0.0520106395   0.0218886532   0.0040941053
       -0.0454861995   0.0252059487   0.1161442405  -0.1798647067   0.0292333215
       -0.0075875220  -0.0269156291  -0.0099082308   0.0001780091   0.0002354538
        0.0005045093   0.0001847743   0.0009219339   0.0003066388   0.0001496972
        0.0011696176   0.0008821565   0.0005857582   0.0002231084  -0.0005162075
       -0.0015031099   0.0003136272   0.0004099717   0.0000355325  -0.0000885272
       -0.0000681490
       -0.0121661230  -0.0207702764   0.5173755965  -0.0191911720  -0.0425494868
       -0.0822298741  -0.0116115799  -0.0245176148  -0.0187250271   0.0041464992
        0.0075834092   0.0024936489  -0.0010858671   0.0000067444  -0.0007835482
        0.0006786096   0.0000964773   0.0004866174   0.0005091622   0.0002121661
        0.0007579784   0.0924642528   0.0217032654  -0.0896555730  -0.0321463525
        0.0259615368  -0.2764315697  -0.0246386615   0.0299207272  -0.0513626276
        0.0011761655   0.0030679613   0.0023399680  -0.0007526024  -0.0005655573
        0.0005394276  -0.0009574334  -0.0008996606  -0.0065723193   0.0002220490
       -0.0010295044   0.0011897066   0.0007814472   0.0008831409   0.0009644839
        0.0025384264   0.0009293914  -0.0003049450   0.0000331799  -0.0000327197
       -0.0000819433
       -0.0820678589  -0.0371054724  -0.0191911720   0.4708026820  -0.0332116424
        0.0194848678  -0.0654275733   0.0032360385  -0.0124088641  -0.1419949289
       -0.0261818964   0.0439603205  -0.0329318180   0.0103902225   0.0038345773
        0.0014338052  -0.0043742949  -0.0026433933   0.0009686478   0.0024218909
        0.0014525205  -0.0132498153  -0.0240237283  -0.0084778603  -0.0023724815
       -0.0048668081  -0.0031858299   0.0072351981   0.0154562260   0.0068423226
       -0.1249146546   0.1044376590  -0.0321028927  -0.0005883293  -0.0018920099
        0.0276295022  -0.0015584721  -0.0005400067  -0.0131860364  -0.0020889810
        0.0029328901  -0.0182026340  -0.0014866862  -0.0012255199   0.0036963330
       -0.0114984730  -0.0055058916   0.0039731495  -0.0002602611   0.0000523435
       -0.0014749108
       -0.0384930030  -0.1629001017  -0.0425494868  -0.0332116424   0.5078073222
       -0.0093636695   0.0033669484  -0.0672517002   0.0102196668  -0.0112874112
       -0.0672595011   0.0068820661   0.0125581595   0.0091439143  -0.0119364117
       -0.0017207190  -0.0040840881   0.0016159871   0.0022734620  -0.0003434730
        0.0033532073  -0.0054497534  -0.0076731805  -0.0019388084  -0.0000929082
        0.0002247300  -0.0015865830  -0.0064228590  -0.0275061413  -0.0087647006
        0.1046014984  -0.1688015261   0.0392015284  -0.0005128952  -0.0001491073
        0.0028572811  -0.0029990438  -0.0001885762  -0.0252585751   0.0031011378
       -0.0037385349   0.0258721240  -0.0011472466   0.0009478801   0.0008800327
       -0.0242393173  -0.0079865438   0.0095958648  -0.0003244069  -0.0002413727
        0.0009204767
       -0.0191044552  -0.0421381097  -0.0822298741   0.0194848678  -0.0093636695
        0.4697978657  -0.0111566316   0.0105895783  -0.1938111120   0.0340128959
        0.0116029722  -0.0750673111  -0.0012190408  -0.0071771445   0.0071323339
       -0.0001608188   0.0018472415  -0.0000366023  -0.0015468221   0.0007052148
       -0.0032598351   0.0046302038   0.0095937328   0.0039152133  -0.0118049426
       -0.0258439422  -0.0156540134   0.0018875250   0.0024457982   0.0017669313
       -0.0326752429   0.0393662303  -0.0530973971   0.0021611603   0.0013607056
       -0.0163513685  -0.0023720502  -0.0021521865  -0.0153563620  -0.0035324500
        0.0046004559  -0.0132517807   0.0263186384   0.0059681671  -0.0165890671
       -0.0050547419  -0.0016513847   0.0028933263   0.0001319049   0.0002463404
       -0.0008009472
       -0.0019305827  -0.0018834074  -0.0116115799  -0.0654275733   0.0033669484
       -0.0111566316   0.5258198004   0.0039797753  -0.0052485662  -0.0028331143
       -0.0026165890   0.0258288768   0.0001459897  -0.0010318624  -0.0000851168
       -0.0001883557   0.0006092651   0.0006660438  -0.0001279710   0.0002550323
        0.0012997766   0.0006017113   0.0000407600  -0.0009689806  -0.0003851502
       -0.0022636767  -0.0014919174   0.0002505867   0.0001671436   0.0005073342
       -0.0018518957   0.0030812111  -0.0183839106  -0.2463275151  -0.0182583333
        0.0863001866  -0.0911884969  -0.0869670888  -0.0381371918  -0.1130369850
        0.1023408375  -0.0316813950  -0.0043566281  -0.0011989299   0.0035043625
        0.0003814018   0.0005475699   0.0005486985   0.0004547780  -0.0001686556
        0.0001100111
       -0.0038956352  -0.0017818710  -0.0245176148   0.0032360385  -0.0672517002
        0.0105895783   0.0039797753   0.5238140089   0.0058722130  -0.0011418497
       -0.0000997643   0.0049458180   0.0009209019  -0.0004164376  -0.0010043383
       -0.0001768189   0.0006837707   0.0001468414  -0.0003295172   0.0001891081
        0.0000726618   0.0006137469   0.0006464705  -0.0005740970  -0.0020779794
       -0.0039070085  -0.0036094104  -0.0003338877   0.0009394515  -0.0010031591
        0.0038456538  -0.0028516907   0.0233360434  -0.0181979056  -0.0459669633
        0.0078259989  -0.0873579109  -0.2066315513  -0.0707878143   0.1018900508
       -0.1977795727   0.0477065445  -0.0010731773   0.0003422047   0.0003182127
        0.0000295429   0.0003086249   0.0006345131   0.0000689719  -0.0002370797
        0.0000480090
       -0.0040201912  -0.0047004327  -0.0187250271  -0.0124088641   0.0102196668
       -0.1938111120  -0.0052485662   0.0058722130   0.4546667490   0.0063188356
        0.0015259113  -0.0186434250  -0.0009944263  -0.0007288366  -0.0002681992
        0.0003369981   0.0003842286   0.0000055406   0.0003740397   0.0002345656
        0.0002342085   0.0004965912   0.0007957991   0.0005442386  -0.0010099076
       -0.0023995354  -0.0009056961   0.0002956613   0.0007871517   0.0007128844
       -0.0027974878   0.0031755951  -0.0138492379   0.0868204171   0.0077467064
       -0.0787780445  -0.0383538390  -0.0710120094  -0.0728212785  -0.0315569642
        0.0477426436  -0.0576538824   0.0024061601   0.0006063355  -0.0010136922
       -0.0006651131  -0.0003048320   0.0006105918   0.0000066564   0.0000548294
       -0.0003046179
       -0.0157976914  -0.0101462298   0.0041464992  -0.1419949289  -0.0112874112
        0.0340128959  -0.0028331143  -0.0011418497   0.0063188356   0.4201751399
        0.0148358497   0.0412799098  -0.1119129184   0.0420528587  -0.0128027650
        0.0040498141   0.0182315731  -0.0036593408  -0.0337402703   0.0119027186
       -0.0296070163  -0.0011532355  -0.0028751458  -0.0011926105   0.0003179390
        0.0005351380   0.0003924682   0.0000924021   0.0006630414   0.0001944195
       -0.0270549029  -0.0020182197   0.0098616953   0.0008859718  -0.0004393670
        0.0005171436   0.0004461571   0.0003112462  -0.0006824103   0.0006431544
       -0.0001396458  -0.0005586744  -0.0358456826  -0.0002238528  -0.0231368191
       -0.0577537499  -0.0601203398  -0.0211229654   0.0014759158  -0.0001403639
       -0.0039612653
       -0.0239957671  -0.0085342132   0.0075834092  -0.0261818964  -0.0672595011
        0.0116029722  -0.0026165890  -0.0000997643   0.0015259113   0.0148358497
        0.5158704603   0.0392946490   0.0540618911  -0.1166573119   0.0258321566
        0.0332035958  -0.0437436093   0.0016242861  -0.0010328592   0.0071314500
       -0.0007615318  -0.0030818010  -0.0043433239  -0.0013401687  -0.0000008928
        0.0003191499   0.0007014002   0.0000738761   0.0011280166   0.0004684934
        0.0189862045   0.0024888850  -0.0072569303  -0.0001116345   0.0005213821
       -0.0001234170   0.0005777742   0.0004355609  -0.0006846909  -0.0004102246
        0.0002486460  -0.0002132533  -0.0007910480  -0.0458636682  -0.0122844571
       -0.0627309420  -0.2418415855  -0.0631940133  -0.0007855367   0.0001994265
       -0.0027748157
       -0.0062785732  -0.0006357226   0.0024936489   0.0439603205   0.0068820661
       -0.0750673111   0.0258288768   0.0049458180  -0.0186434250   0.0412799098
        0.0392946490   0.5098751848  -0.0234199600   0.0306597797  -0.0796539806
        0.0029148811  -0.0137256548   0.0116313271  -0.0312532937   0.0101615868
       -0.0100576909  -0.0011609870  -0.0019061942  -0.0001479682  -0.0009209915
       -0.0004805326   0.0007640502   0.0002484529  -0.0001530033   0.0002632665
       -0.0020130200  -0.0003235264   0.0020074201   0.0007291536   0.0008728930
       -0.0064227813   0.0008387715   0.0006665400   0.0008166498   0.0003078668
       -0.0002440016   0.0011035824  -0.0237808911  -0.0122280024  -0.2759491785
       -0.0214787784  -0.0616038201  -0.0645681751  -0.0058017382  -0.0021828746
        0.0015553810
        0.0007191421   0.0008294864  -0.0010858671  -0.0329318180   0.0125581595
       -0.0012190408   0.0001459897   0.0009209019  -0.0009944263  -0.1119129184
        0.0540618911  -0.0234199600   0.4016315059  -0.0968104812   0.1179067682
       -0.0806938090   0.0744303384   0.0180185729  -0.1501856078  -0.0332457958
       -0.0883272126   0.0008220847   0.0002539344  -0.0001026517  -0.0004895826
       -0.0001992602   0.0000404543  -0.0009172254  -0.0014434870   0.0000488238
       -0.0032030628  -0.0008949182   0.0014923047   0.0001541755   0.0001644567
       -0.0005012545   0.0003432268  -0.0004313384   0.0003609703   0.0005464249
       -0.0001234636   0.0010038193  -0.0036204104   0.0001182870  -0.0037092901
        0.0052862819  -0.0049094594   0.0038422165  -0.0256943971  -0.0052792514
       -0.0233542269
        0.0008441624  -0.0013449968   0.0000067444   0.0103902225   0.0091439143
       -0.0071771445  -0.0010318624  -0.0004164376  -0.0007288366   0.0420528587
       -0.1166573119   0.0306597797  -0.0968104812   0.8121795878   0.1727964475
        0.0579689687  -0.5840889455  -0.1634743993  -0.0372304982  -0.1132558632
       -0.0542055706  -0.0005010576  -0.0002596234  -0.0004127351  -0.0002342861
        0.0001558494  -0.0000689942  -0.0031262433  -0.0013738217   0.0004024387
       -0.0037642261   0.0004003326   0.0015909854  -0.0004483789  -0.0001929784
        0.0007839603   0.0004986230  -0.0007399428  -0.0006085654   0.0004110896
        0.0004007743   0.0008175422   0.0039262948   0.0018118470   0.0011264698
        0.0177839079  -0.0234232770   0.0053981078   0.0092709061   0.0176608929
        0.0130937699
        0.0003613711   0.0000476463  -0.0007835482   0.0038345773  -0.0119364117
        0.0071323339  -0.0000851168  -0.0010043383  -0.0002681992  -0.0128027650
        0.0258321566  -0.0796539806   0.1179067682   0.1727964475   0.3551283904
        0.0093875980  -0.1531315378  -0.1159457831  -0.0883822832  -0.0492450489
       -0.1422494130   0.0006471322   0.0000994139  -0.0001510569  -0.0005024193
        0.0001425661  -0.0003431750  -0.0009233637  -0.0008263024   0.0010369266
        0.0047815373   0.0002881203  -0.0010967200  -0.0002471910   0.0002408247
       -0.0004560437   0.0004475662  -0.0010577081  -0.0004741936   0.0008649362
        0.0017451811  -0.0003637671  -0.0218901469   0.0198764908  -0.0135583355
        0.0044064630  -0.0062885858   0.0028535149  -0.0178046637   0.0024210857
       -0.0108069500
       -0.0017991959   0.0000111829   0.0006786096   0.0014338052  -0.0017207190
       -0.0001608188  -0.0001883557  -0.0001768189   0.0003369981   0.0040498141
        0.0332035958   0.0029148811  -0.0806938090   0.0579689687   0.0093875980
        0.0727535654  -0.0573037987   0.0113097796   0.0099478676  -0.0396240747
       -0.0266825804  -0.0003150145   0.0001417745   0.0002276647   0.0001107781
        0.0002663567  -0.0000136763  -0.0011205669   0.0006965317  -0.0001867657
        0.0002815083   0.0000753592  -0.0001553687  -0.0000525719  -0.0000243382
        0.0000378182  -0.0000290791   0.0002295942  -0.0001062481  -0.0003272358
        0.0000147501  -0.0000885857  -0.0002598489   0.0005422782   0.0007256234
       -0.0040821889   0.0055396269  -0.0022321980   0.0002905281   0.0001597307
        0.0040072690
       -0.0012036346   0.0012348207   0.0000964773  -0.0043742949  -0.0040840881
        0.0018472415   0.0006092651   0.0006837707   0.0003842286   0.0182315731
       -0.0437436093  -0.0137256548   0.0744303384  -0.5840889455  -0.1531315378
       -0.0573037987   0.6970257970   0.2245077812  -0.0376383999  -0.0602310711
       -0.0629565120   0.0001971811  -0.0001344020   0.0001232058   0.0000262216
       -0.0002367496   0.0001046392   0.0008954208   0.0009392773  -0.0002838654
        0.0019183397   0.0002496298  -0.0007661701   0.0001106143   0.0002002831
       -0.0003791446  -0.0002713902   0.0000791804   0.0002453793  -0.0001958109
       -0.0001162773  -0.0007986104  -0.0026817651   0.0001678546  -0.0006796522
        0.0059922700  -0.0067356317   0.0028444518   0.0012578702  -0.0012098390
        0.0025677427
       -0.0003171866   0.0005863530   0.0004866174  -0.0026433933   0.0016159871
       -0.0000366023   0.0006660438   0.0001468414   0.0000055406  -0.0036593408
        0.0016242861   0.0116313271   0.0180185729  -0.1634743993  -0.1159457831
        0.0113097796   0.2245077812   0.1243170811  -0.0270078835  -0.0652268641
       -0.0216433368  -0.0001064423  -0.0000002613   0.0000921326   0.0003416672
       -0.0001974933   0.0002287943   0.0000486140   0.0001205510  -0.0007668434
       -0.0004743753  -0.0002614770   0.0000334137   0.0000668566   0.0000500892
       -0.0000753960  -0.0001576802  -0.0000084490   0.0000196018  -0.0000759246
       -0.0002534128  -0.0001486062   0.0006235813  -0.0014890980   0.0013707547
       -0.0010767003   0.0007004824   0.0011772654   0.0044438116   0.0015590834
       -0.0007459610
       -0.0006424260   0.0000287880   0.0005091622   0.0009686478   0.0022734620
       -0.0015468221  -0.0001279710  -0.0003295172   0.0003740397  -0.0337402703
       -0.0010328592  -0.0312532937  -0.1501856078  -0.0372304982  -0.0883822832
        0.0099478676  -0.0376383999  -0.0270078835   0.3723150714  -0.1033811321
        0.2155109110  -0.0002767318  -0.0001158779   0.0000734511   0.0001992109
        0.0000442390  -0.0001807355   0.0005142482   0.0002058935  -0.0002832894
       -0.0012801667   0.0002646143   0.0003951057  -0.0000830754  -0.0000604699
       -0.0000929440  -0.0000165519   0.0002602923   0.0000407218  -0.0005879436
       -0.0002200560   0.0002213776  -0.0038853931   0.0040021633  -0.0026082608
        0.0000095856  -0.0003535892  -0.0000303594  -0.1931284938   0.1732829472
       -0.0657388975
       -0.0005797383   0.0002040660   0.0002121661   0.0024218909  -0.0003434730
        0.0007052148   0.0002550323   0.0001891081   0.0002345656   0.0119027186
        0.0071314500   0.0101615868  -0.0332457958  -0.1132558632  -0.0492450489
       -0.0396240747  -0.0602310711  -0.0652268641  -0.1033811321   0.3636438403
        0.0506822211  -0.0001549101  -0.0000325296   0.0000131418   0.0000755082
       -0.0001239791  -0.0000873547   0.0006276423   0.0001459809  -0.0002675637
        0.0002025177   0.0000394410  -0.0002542921   0.0000466732  -0.0001866828
       -0.0000093269  -0.0001636770   0.0000700711   0.0000434590  -0.0001165438
       -0.0000706777   0.0000043810   0.0024100483  -0.0013760619   0.0015783541
        0.0004738154   0.0010175143   0.0005730364   0.1588500250  -0.1968211332
        0.0508823238
       -0.0006168008  -0.0003280704   0.0007579784   0.0014525205   0.0033532073
       -0.0032598351   0.0012997766   0.0000726618   0.0002342085  -0.0296070163
       -0.0007615318  -0.0100576909  -0.0883272126  -0.0542055706  -0.1422494130
       -0.0266825804  -0.0629565120  -0.0216433368   0.2155109110   0.0506822211
        0.2258497134  -0.0004411489  -0.0001098309   0.0000254423   0.0002011600
       -0.0000052128  -0.0000244550   0.0006446388   0.0003722501  -0.0004715782
       -0.0016529209   0.0000991554   0.0005651018   0.0003150794  -0.0001582557
        0.0000970202  -0.0003493170   0.0008888582   0.0001984922  -0.0005299710
       -0.0010120981  -0.0002033403  -0.0013666854   0.0020311058  -0.0011771497
        0.0013933919  -0.0001121288  -0.0003911504  -0.0712438249   0.0621497513
       -0.0482500074
       -0.2284871779  -0.0417698449   0.0924642528  -0.0132498153  -0.0054497534
        0.0046302038   0.0006017113   0.0006137469   0.0004965912  -0.0011532355
       -0.0030818010  -0.0011609870   0.0008220847  -0.0005010576   0.0006471322
       -0.0003150145   0.0001971811  -0.0001064423  -0.0002767318  -0.0001549101
       -0.0004411489   0.2643967764   0.0506626565  -0.1077984263   0.0017762275
        0.0004646110   0.0008156655  -0.0238107605  -0.0011554324   0.0106795494
        0.0004096609   0.0002683190   0.0001949961   0.0003255561  -0.0002866358
       -0.0004808510   0.0001246238   0.0002566267   0.0001320845  -0.0004528483
        0.0000763728  -0.0000743140   0.0001487787   0.0001119290  -0.0003296645
       -0.0008754271  -0.0002880040   0.0002668419   0.0000155915   0.0000359965
        0.0000645166
       -0.0414478501  -0.0520106395   0.0217032654  -0.0240237283  -0.0076731805
        0.0095937328   0.0000407600   0.0006464705   0.0007957991  -0.0028751458
       -0.0043433239  -0.0019061942   0.0002539344  -0.0002596234   0.0000994139
        0.0001417745  -0.0001344020  -0.0000002613  -0.0001158779  -0.0000325296
       -0.0001098309   0.0506626565   0.0607637771  -0.0236022028  -0.0040558251
       -0.0002633332   0.0034599951   0.0226139991   0.0036929163  -0.0103359262
       -0.0002794622   0.0002242353   0.0004121922   0.0000393334  -0.0001027825
       -0.0005016838   0.0001165081   0.0000210391   0.0002143100   0.0001190154
       -0.0000764740  -0.0000484470   0.0001966417  -0.0000803353  -0.0002029472
       -0.0013729127  -0.0004885091   0.0004414778  -0.0000138210   0.0001166946
       -0.0000126928
        0.0927792121   0.0218886532  -0.0896555730  -0.0084778603  -0.0019388084
        0.0039152133  -0.0009689806  -0.0005740970   0.0005442386  -0.0011926105
       -0.0013401687  -0.0001479682  -0.0001026517  -0.0004127351  -0.0001510569
        0.0002276647   0.0001232058   0.0000921326   0.0000734511   0.0000131418
        0.0000254423  -0.1077984263  -0.0236022028   0.1023971656   0.0295445018
        0.0068548773  -0.0193610104  -0.0036550041  -0.0007850206   0.0023899284
        0.0000231847   0.0003695018  -0.0000080377  -0.0000326283  -0.0004222845
       -0.0003699905   0.0000393504   0.0000488110  -0.0000568928  -0.0000493124
        0.0000535068  -0.0000586704   0.0000315959  -0.0000896649   0.0001008599
       -0.0004110590  -0.0001859643   0.0003329376  -0.0000304275  -0.0000007514
        0.0000112815
       -0.0486363978   0.0040941053  -0.0321463525  -0.0023724815  -0.0000929082
       -0.0118049426  -0.0003851502  -0.0020779794  -0.0010099076   0.0003179390
       -0.0000008928  -0.0009209915  -0.0004895826  -0.0002342861  -0.0005024193
        0.0001107781   0.0000262216   0.0003416672   0.0001992109   0.0000755082
        0.0002011600   0.0017762275  -0.0040558251   0.0295445018   0.0534335970
       -0.0026562022   0.0383605659  -0.0038273126   0.0052003079  -0.0223202687
        0.0002552593   0.0004420073   0.0004575182  -0.0000080677  -0.0000721720
       -0.0000226899   0.0001228506  -0.0001184745  -0.0007395504  -0.0000307644
       -0.0000365894   0.0001677730  -0.0005371271  -0.0005925200   0.0002924220
        0.0000473503   0.0000949836   0.0001549304   0.0000236712   0.0000047159
       -0.0000534159
        0.0043978233  -0.0454861995   0.0259615368  -0.0048668081   0.0002247300
       -0.0258439422  -0.0022636767  -0.0039070085  -0.0023995354   0.0005351380
        0.0003191499  -0.0004805326  -0.0001992602   0.0001558494   0.0001425661
        0.0002663567  -0.0002367496  -0.0001974933   0.0000442390  -0.0001239791
       -0.0000052128   0.0004646110  -0.0002633332   0.0068548773  -0.0026562022
        0.0533969461  -0.0276832165   0.0049339427  -0.0044941255   0.0255654088
       -0.0000045675   0.0006313627  -0.0006163350  -0.0000082302  -0.0001155474
        0.0000949619  -0.0002379806  -0.0000601593  -0.0015996698  -0.0000837692
       -0.0000930284   0.0000478397  -0.0004436762  -0.0000288371   0.0001838332
        0.0001599217   0.0000119344  -0.0000298282  -0.0000378615   0.0000689950
        0.0000047419
       -0.0322259665   0.0252059487  -0.2764315697  -0.0031858299  -0.0015865830
       -0.0156540134  -0.0014919174  -0.0036094104  -0.0009056961   0.0003924682
        0.0007014002   0.0007640502   0.0000404543  -0.0000689942  -0.0003431750
       -0.0000136763   0.0001046392   0.0002287943  -0.0001807355  -0.0000873547
       -0.0000244550   0.0008156655   0.0034599951  -0.0193610104   0.0383605659
       -0.0276832165   0.3210024242  -0.0027491944   0.0036801189  -0.0094117747
        0.0003475531   0.0001919271   0.0002475590  -0.0001440299   0.0000763738
        0.0001946847  -0.0002112001  -0.0002381455  -0.0011105088   0.0002021230
       -0.0001726188   0.0003089065  -0.0003195554  -0.0001047446   0.0003802472
        0.0002259294   0.0001462414   0.0000683813   0.0001373459  -0.0000155766
        0.0000471556
       -0.1409643682   0.1161442405  -0.0246386615   0.0072351981  -0.0064228590
        0.0018875250   0.0002505867  -0.0003338877   0.0002956613   0.0000924021
        0.0000738761   0.0002484529  -0.0009172254  -0.0031262433  -0.0009233637
       -0.0011205669   0.0008954208   0.0000486140   0.0005142482   0.0006276423
        0.0006446388  -0.0238107605   0.0226139991  -0.0036550041  -0.0038273126
        0.0049339427  -0.0027491944   0.1627071548  -0.1330477052   0.0297881801
        0.0001246064  -0.0024945184  -0.0007728723  -0.0002666152   0.0001139864
       -0.0000439535  -0.0000530030  -0.0001078620  -0.0000240192   0.0002663031
        0.0000531067   0.0001100098   0.0000279219   0.0000344249   0.0000060807
       -0.0000986004   0.0000914868  -0.0000786320  -0.0001599691  -0.0000490508
       -0.0001434619
        0.1150477149  -0.1798647067   0.0299207272   0.0154562260  -0.0275061413
        0.0024457982   0.0001671436   0.0009394515   0.0007871517   0.0006630414
        0.0011280166  -0.0001530033  -0.0014434870  -0.0013738217  -0.0008263024
        0.0006965317   0.0009392773   0.0001205510   0.0002058935   0.0001459809
        0.0003722501  -0.0011554324   0.0036929163  -0.0007850206   0.0052003079
       -0.0044941255   0.0036801189  -0.1330477052   0.2118135055  -0.0331032871
       -0.0018537593  -0.0058576649  -0.0024750507   0.0000076161  -0.0001196965
        0.0000124134   0.0000505023   0.0002495671   0.0002050173  -0.0002869188
        0.0002377365  -0.0005006774   0.0000144922  -0.0002190475   0.0001858440
        0.0003072608   0.0003036461   0.0000752452  -0.0000294276  -0.0000148937
        0.0000382245
       -0.0241709802   0.0292333215  -0.0513626276   0.0068423226  -0.0087647006
        0.0017669313   0.0005073342  -0.0010031591   0.0007128844   0.0001944195
        0.0004684934   0.0002632665   0.0000488238   0.0004024387   0.0010369266
       -0.0001867657  -0.0002838654  -0.0007668434  -0.0002832894  -0.0002675637
       -0.0004715782   0.0106795494  -0.0103359262   0.0023899284  -0.0223202687
        0.0255654088  -0.0094117747   0.0297881801  -0.0331032871   0.0567797655
       -0.0006287927  -0.0022110577  -0.0001903924   0.0000472879   0.0000050525
       -0.0000888326  -0.0000394344   0.0001746648  -0.0000171086  -0.0003034945
       -0.0000666272  -0.0003513543  -0.0001464511   0.0002327097  -0.0002359876
        0.0000372317  -0.0000007421  -0.0001207413  -0.0000656728  -0.0000451603
        0.0000675381
        0.0057513987  -0.0075875220   0.0011761655  -0.1249146546   0.1046014984
       -0.0326752429  -0.0018518957   0.0038456538  -0.0027974878  -0.0270549029
        0.0189862045  -0.0020130200  -0.0032030628  -0.0037642261   0.0047815373
        0.0002815083   0.0019183397  -0.0004743753  -0.0012801667   0.0002025177
       -0.0016529209   0.0004096609  -0.0002794622   0.0000231847   0.0002552593
       -0.0000045675   0.0003475531   0.0001246064  -0.0018537593  -0.0006287927
        0.1496152470  -0.1163828753   0.0358187094   0.0006121110  -0.0004600735
        0.0005897703  -0.0002587356  -0.0000227169  -0.0001021381   0.0006980475
       -0.0000929011  -0.0013071173   0.0005107553   0.0002251177  -0.0001977750
        0.0000714433   0.0005240932  -0.0005091505   0.0002333806   0.0001446789
       -0.0003788998
        0.0141855506  -0.0269156291   0.0030679613   0.1044376590  -0.1688015261
        0.0393662303   0.0030812111  -0.0028516907   0.0031755951  -0.0020182197
        0.0024888850  -0.0003235264  -0.0008949182   0.0004003326   0.0002881203
        0.0000753592   0.0002496298  -0.0002614770   0.0002646143   0.0000394410
        0.0000991554   0.0002683190   0.0002242353   0.0003695018   0.0004420073
        0.0006313627   0.0001919271  -0.0024945184  -0.0058576649  -0.0022110577
       -0.1163828753   0.1988932334  -0.0446983545  -0.0001681653  -0.0000412444
        0.0000330147  -0.0001479939   0.0003349835  -0.0002646201   0.0002123062
        0.0004407523   0.0013871698   0.0000954483  -0.0001090939  -0.0002182276
       -0.0007527562   0.0007548145   0.0000923544  -0.0002030279   0.0001191789
       -0.0000937671
        0.0051914751  -0.0099082308   0.0023399680  -0.0321028927   0.0392015284
       -0.0530973971  -0.0183839106   0.0233360434  -0.0138492379   0.0098616953
       -0.0072569303   0.0020074201   0.0014923047   0.0015909854  -0.0010967200
       -0.0001553687  -0.0007661701   0.0000334137   0.0003951057  -0.0002542921
        0.0005651018   0.0001949961   0.0004121922  -0.0000080377   0.0004575182
       -0.0006163350   0.0002475590  -0.0007728723  -0.0024750507  -0.0001903924
        0.0358187094  -0.0446983545   0.0683462877  -0.0003200072   0.0004607897
        0.0006702105  -0.0001848945   0.0002552771   0.0004519746  -0.0013306791
        0.0012341523  -0.0070597284   0.0002614831  -0.0003681805   0.0001477484
       -0.0004465594  -0.0001058758   0.0002899007   0.0000238971  -0.0000415487
        0.0002019288
        0.0005134667   0.0001780091  -0.0007526024  -0.0005883293  -0.0005128952
        0.0021611603  -0.2463275151  -0.0181979056   0.0868204171   0.0008859718
       -0.0001116345   0.0007291536   0.0001541755  -0.0004483789  -0.0002471910
       -0.0000525719   0.0001106143   0.0000668566  -0.0000830754   0.0000466732
        0.0003150794   0.0003255561   0.0000393334  -0.0000326283  -0.0000080677
       -0.0000082302  -0.0001440299  -0.0002666152   0.0000076161   0.0000472879
        0.0006121110  -0.0001681653  -0.0003200072   0.2844941802   0.0215172613
       -0.1009294700  -0.0177856004  -0.0041395879   0.0053515263  -0.0218481796
        0.0014513546   0.0068372524  -0.0001712933   0.0000030483   0.0001310507
        0.0000283247   0.0002055289  -0.0000977715   0.0001174620   0.0000273584
        0.0000639160
        0.0004451051   0.0002354538  -0.0005655573  -0.0018920099  -0.0001491073
        0.0013607056  -0.0182583333  -0.0459669633   0.0077467064  -0.0004393670
        0.0005213821   0.0008728930   0.0001644567  -0.0001929784   0.0002408247
       -0.0000243382   0.0002002831   0.0000500892  -0.0000604699  -0.0001866828
       -0.0001582557  -0.0002866358  -0.0001027825  -0.0004222845  -0.0000721720
       -0.0001155474   0.0000763738   0.0001139864  -0.0001196965   0.0000050525
       -0.0004600735  -0.0000412444   0.0004607897   0.0215172613   0.0497857453
       -0.0097238741  -0.0272472448  -0.0044047455   0.0092389481   0.0265880460
        0.0002300530  -0.0092915607  -0.0001553446   0.0001426673   0.0001531446
        0.0000741161   0.0000882438  -0.0000462893  -0.0000069827   0.0000759196
        0.0000022940
        0.0005562166   0.0005045093   0.0005394276   0.0276295022   0.0028572811
       -0.0163513685   0.0863001866   0.0078259989  -0.0787780445   0.0005171436
       -0.0001234170  -0.0064227813  -0.0005012545   0.0007839603  -0.0004560437
        0.0000378182  -0.0003791446  -0.0000753960  -0.0000929440  -0.0000093269
        0.0000970202  -0.0004808510  -0.0005016838  -0.0003699905  -0.0000226899
        0.0000949619   0.0001946847  -0.0000439535   0.0000124134  -0.0000888326
        0.0005897703   0.0000330147   0.0006702105  -0.1009294700  -0.0097238741
        0.0941008360  -0.0092342484  -0.0010238280   0.0045860501  -0.0056440085
       -0.0006507302   0.0033948021   0.0015522382   0.0003990071  -0.0009884952
       -0.0001977217  -0.0001020067  -0.0000403714  -0.0000357343   0.0000028646
       -0.0000117076
        0.0003631257   0.0001847743  -0.0009574334  -0.0015584721  -0.0029990438
       -0.0023720502  -0.0911884969  -0.0873579109  -0.0383538390   0.0004461571
        0.0005777742   0.0008387715   0.0003432268   0.0004986230   0.0004475662
       -0.0000290791  -0.0002713902  -0.0001576802  -0.0000165519  -0.0001636770
       -0.0003493170   0.0001246238   0.0001165081   0.0000393504   0.0001228506
       -0.0002379806  -0.0002112001  -0.0000530030   0.0000505023  -0.0000394344
       -0.0002587356  -0.0001479939  -0.0001848945  -0.0177856004  -0.0272472448
       -0.0092342484   0.1025005419   0.1022127022   0.0446631728   0.0071308334
        0.0148294739   0.0054809962  -0.0001622077  -0.0000184324   0.0000583477
        0.0001874822  -0.0001317954   0.0002872399  -0.0001666947   0.0001051110
        0.0000446523
       -0.0002716808   0.0009219339  -0.0008996606  -0.0005400067  -0.0001885762
       -0.0021521865  -0.0869670888  -0.2066315513  -0.0710120094   0.0003112462
        0.0004355609   0.0006665400  -0.0004313384  -0.0007399428  -0.0010577081
        0.0002295942   0.0000791804  -0.0000084490   0.0002602923   0.0000700711
        0.0008888582   0.0002566267   0.0000210391   0.0000488110  -0.0001184745
       -0.0000601593  -0.0002381455  -0.0001078620   0.0002495671   0.0001746648
       -0.0000227169   0.0003349835   0.0002552771  -0.0041395879  -0.0044047455
       -0.0010238280   0.1022127022   0.2379170505   0.0830026544  -0.0107448716
       -0.0282957119  -0.0087599990  -0.0000422284  -0.0000199384   0.0002034897
        0.0000818492   0.0002515181   0.0000237463   0.0000335451   0.0000597207
       -0.0001120555
       -0.0007194529   0.0003066388  -0.0065723193  -0.0131860364  -0.0252585751
       -0.0153563620  -0.0381371918  -0.0707878143  -0.0728212785  -0.0006824103
       -0.0006846909   0.0008166498   0.0003609703  -0.0006085654  -0.0004741936
       -0.0001062481   0.0002453793   0.0000196018   0.0000407218   0.0000434590
        0.0001984922   0.0001320845   0.0002143100  -0.0000568928  -0.0007395504
       -0.0015996698  -0.0011105088  -0.0000240192   0.0002050173  -0.0000171086
       -0.0001021381  -0.0002646201   0.0004519746   0.0053515263   0.0092389481
        0.0045860501   0.0446631728   0.0830026544   0.0874377656   0.0029402824
        0.0052356086   0.0031849813  -0.0001773957   0.0000913462   0.0002652980
        0.0004533668   0.0004582780  -0.0005759168  -0.0000676821   0.0001622959
        0.0000237671
        0.0002441807   0.0001496972   0.0002220490  -0.0020889810   0.0031011378
       -0.0035324500  -0.1130369850   0.1018900508  -0.0315569642   0.0006431544
       -0.0004102246   0.0003078668   0.0005464249   0.0004110896   0.0008649362
       -0.0003272358  -0.0001958109  -0.0000759246  -0.0005879436  -0.0001165438
       -0.0005299710  -0.0004528483   0.0001190154  -0.0000493124  -0.0000307644
       -0.0000837692   0.0002021230   0.0002663031  -0.0002869188  -0.0003034945
        0.0006980475   0.0002123062  -0.0013306791  -0.0218481796   0.0265880460
       -0.0056440085   0.0071308334  -0.0107448716   0.0029402824   0.1297743350
       -0.1204730513   0.0380153620  -0.0001239691   0.0000654042   0.0000473199
       -0.0001011591  -0.0000523664  -0.0000352062  -0.0007052129  -0.0001731908
        0.0004580710
       -0.0007610649   0.0011696176  -0.0010295044   0.0029328901  -0.0037385349
        0.0046004559   0.1023408375  -0.1977795727   0.0477426436  -0.0001396458
        0.0002486460  -0.0002440016  -0.0001234636   0.0004007743   0.0017451811
        0.0000147501  -0.0001162773  -0.0002534128  -0.0002200560  -0.0000706777
       -0.0010120981   0.0000763728  -0.0000764740   0.0000535068  -0.0000365894
       -0.0000930284  -0.0001726188   0.0000531067   0.0002377365  -0.0000666272
       -0.0000929011   0.0004407523   0.0012341523   0.0014513546   0.0002300530
       -0.0006507302   0.0148294739  -0.0282957119   0.0052356086  -0.1204730513
        0.2275698972  -0.0570099475   0.0000365451   0.0000280485  -0.0001985039
        0.0001753746  -0.0001997403  -0.0000177398  -0.0000639330   0.0000444916
        0.0000436361
        0.0001669330   0.0008821565   0.0011897066  -0.0182026340   0.0258721240
       -0.0132517807  -0.0316813950   0.0477065445  -0.0576538824  -0.0005586744
       -0.0002132533   0.0011035824   0.0010038193   0.0008175422  -0.0003637671
       -0.0000885857  -0.0007986104  -0.0001486062   0.0002213776   0.0000043810
       -0.0002033403  -0.0000743140  -0.0000484470  -0.0000586704   0.0001677730
        0.0000478397   0.0003089065   0.0001100098  -0.0005006774  -0.0003513543
       -0.0013071173   0.0013871698  -0.0070597284   0.0068372524  -0.0092915607
        0.0033948021   0.0054809962  -0.0087599990   0.0031849813   0.0380153620
       -0.0570099475   0.0695671875  -0.0000783481  -0.0000967172   0.0002142898
       -0.0000561115  -0.0000366644  -0.0000852427   0.0000436567   0.0000381193
        0.0002129164
        0.0008420959   0.0005857582   0.0007814472  -0.0014866862  -0.0011472466
        0.0263186384  -0.0043566281  -0.0010731773   0.0024061601  -0.0358456826
       -0.0007910480  -0.0237808911  -0.0036204104   0.0039262948  -0.0218901469
       -0.0002598489  -0.0026817651   0.0006235813  -0.0038853931   0.0024100483
       -0.0013666854   0.0001487787   0.0001966417   0.0000315959  -0.0005371271
       -0.0004436762  -0.0003195554   0.0000279219   0.0000144922  -0.0001464511
        0.0005107553   0.0000954483   0.0002614831  -0.0001712933  -0.0001553446
        0.0015522382  -0.0001622077  -0.0000422284  -0.0001773957  -0.0001239691
        0.0000365451  -0.0000783481   0.0504798384   0.0008093754   0.0247765382
       -0.0000198633  -0.0014885518  -0.0087276014  -0.0015402803  -0.0002515662
       -0.0002646073
       -0.0000237086   0.0002231084   0.0008831409  -0.0012255199   0.0009478801
        0.0059681671  -0.0011989299   0.0003422047   0.0006063355  -0.0002238528
       -0.0458636682  -0.0122280024   0.0001182870   0.0018118470   0.0198764908
        0.0005422782   0.0001678546  -0.0014890980   0.0040021633  -0.0013760619
        0.0020311058   0.0001119290  -0.0000803353  -0.0000896649  -0.0005925200
       -0.0000288371  -0.0001047446   0.0000344249  -0.0002190475   0.0002327097
        0.0002251177  -0.0001090939  -0.0003681805   0.0000030483   0.0001426673
        0.0003990071  -0.0000184324  -0.0000199384   0.0000913462   0.0000654042
        0.0000280485  -0.0000967172   0.0008093754   0.0468295133   0.0131163267
       -0.0034148490  -0.0034051243  -0.0286900848   0.0007857845   0.0006089824
       -0.0001381373
       -0.0010715669  -0.0005162075   0.0009644839   0.0036963330   0.0008800327
       -0.0165890671   0.0035043625   0.0003182127  -0.0010136922  -0.0231368191
       -0.0122844571  -0.2759491785  -0.0037092901   0.0011264698  -0.0135583355
        0.0007256234  -0.0006796522   0.0013707547  -0.0026082608   0.0015783541
       -0.0011771497  -0.0003296645  -0.0002029472   0.0001008599   0.0002924220
        0.0001838332   0.0003802472   0.0000060807   0.0001858440  -0.0002359876
       -0.0001977750  -0.0002182276   0.0001477484   0.0001310507   0.0001531446
       -0.0009884952   0.0000583477   0.0002034897   0.0002652980   0.0000473199
       -0.0001985039   0.0002142898   0.0247765382   0.0131163267   0.3178351826
       -0.0018608062  -0.0031739726  -0.0118689052  -0.0003238956  -0.0004717394
        0.0001019467
       -0.0047715051  -0.0015031099   0.0025384264  -0.0114984730  -0.0242393173
       -0.0050547419   0.0003814018   0.0000295429  -0.0006651131  -0.0577537499
       -0.0627309420  -0.0214787784   0.0052862819   0.0177839079   0.0044064630
       -0.0040821889   0.0059922700  -0.0010767003   0.0000095856   0.0004738154
        0.0013933919  -0.0008754271  -0.0013729127  -0.0004110590   0.0000473503
        0.0001599217   0.0002259294  -0.0000986004   0.0003072608   0.0000372317
        0.0000714433  -0.0007527562  -0.0004465594   0.0000283247   0.0000741161
       -0.0001977217   0.0001874822   0.0000818492   0.0004533668  -0.0001011591
        0.0001753746  -0.0000561115  -0.0000198633  -0.0034148490  -0.0018608062
        0.0730478864   0.0687721941   0.0222131371   0.0001412106   0.0001636344
       -0.0000203551
       -0.0020657053   0.0003136272   0.0009293914  -0.0055058916  -0.0079865438
       -0.0016513847   0.0005475699   0.0003086249  -0.0003048320  -0.0601203398
       -0.2418415855  -0.0616038201  -0.0049094594  -0.0234232770  -0.0062885858
        0.0055396269  -0.0067356317   0.0007004824  -0.0003535892   0.0010175143
       -0.0001121288  -0.0002880040  -0.0004885091  -0.0001859643   0.0000949836
        0.0000119344   0.0001462414   0.0000914868   0.0003036461  -0.0000007421
        0.0005240932   0.0007548145  -0.0001058758   0.0002055289   0.0000882438
       -0.0001020067  -0.0001317954   0.0002515181   0.0004582780  -0.0000523664
       -0.0001997403  -0.0000366644  -0.0014885518  -0.0034051243  -0.0031739726
        0.0687721941   0.2804015606   0.0718675327  -0.0008597805   0.0006289276
       -0.0005359485
        0.0015563617   0.0004099717  -0.0003049450   0.0039731495   0.0095958648
        0.0028933263   0.0005486985   0.0006345131   0.0006105918  -0.0211229654
       -0.0631940133  -0.0645681751   0.0038422165   0.0053981078   0.0028535149
       -0.0022321980   0.0028444518   0.0011772654  -0.0000303594   0.0005730364
       -0.0003911504   0.0002668419   0.0004414778   0.0003329376   0.0001549304
       -0.0000298282   0.0000683813  -0.0000786320   0.0000752452  -0.0001207413
       -0.0005091505   0.0000923544   0.0002899007  -0.0000977715  -0.0000462893
       -0.0000403714   0.0002872399   0.0000237463  -0.0005759168  -0.0000352062
       -0.0000177398  -0.0000852427  -0.0087276014  -0.0286900848  -0.0118689052
        0.0222131371   0.0718675327   0.0696493151  -0.0000086911   0.0000216533
        0.0000802152
        0.0000800490   0.0000355325   0.0000331799  -0.0002602611  -0.0003244069
        0.0001319049   0.0004547780   0.0000689719   0.0000066564   0.0014759158
       -0.0007855367  -0.0058017382  -0.0256943971   0.0092709061  -0.0178046637
        0.0002905281   0.0012578702   0.0044438116  -0.1931284938   0.1588500250
       -0.0712438249   0.0000155915  -0.0000138210  -0.0000304275   0.0000236712
       -0.0000378615   0.0001373459  -0.0001599691  -0.0000294276  -0.0000656728
        0.0002333806  -0.0002030279   0.0000238971   0.0001174620  -0.0000069827
       -0.0000357343  -0.0001666947   0.0000335451  -0.0000676821  -0.0007052129
       -0.0000639330   0.0000436567  -0.0015402803   0.0007857845  -0.0003238956
        0.0001412106  -0.0008597805  -0.0000086911   0.2188227224  -0.1679778574
        0.0905618775
        0.0000634196  -0.0000885272  -0.0000327197   0.0000523435  -0.0002413727
        0.0002463404  -0.0001686556  -0.0002370797   0.0000548294  -0.0001403639
        0.0001994265  -0.0021828746  -0.0052792514   0.0176608929   0.0024210857
        0.0001597307  -0.0012098390   0.0015590834   0.1732829472  -0.1968211332
        0.0621497513   0.0000359965   0.0001166946  -0.0000007514   0.0000047159
        0.0000689950  -0.0000155766  -0.0000490508  -0.0000148937  -0.0000451603
        0.0001446789   0.0001191789  -0.0000415487   0.0000273584   0.0000759196
        0.0000028646   0.0001051110   0.0000597207   0.0001622959  -0.0001731908
        0.0000444916   0.0000381193  -0.0002515662   0.0006089824  -0.0004717394
        0.0001636344   0.0006289276   0.0000216533  -0.1679778574   0.1790296157
       -0.0638656528
        0.0000797270  -0.0000681490  -0.0000819433  -0.0014749108   0.0009204767
       -0.0008009472   0.0001100111   0.0000480090  -0.0003046179  -0.0039612653
       -0.0027748157   0.0015553810  -0.0233542269   0.0130937699  -0.0108069500
        0.0040072690   0.0025677427  -0.0007459610  -0.0657388975   0.0508823238
       -0.0482500074   0.0000645166  -0.0000126928   0.0000112815  -0.0000534159
        0.0000047419   0.0000471556  -0.0001434619   0.0000382245   0.0000675381
       -0.0003788998  -0.0000937671   0.0002019288   0.0000639160   0.0000022940
       -0.0000117076   0.0000446523  -0.0001120555   0.0000237671   0.0004580710
        0.0000436361   0.0002129164  -0.0002646073  -0.0001381373   0.0001019467
       -0.0000203551  -0.0005359485   0.0000802152   0.0905618775  -0.0638656528
        0.0587000040
