           1           2  0.935674922927013     
           2           3   1.03601750977505     
           3           4   1.35056954273937     
           4           5   1.40103016044428     
           5           6   1.43907914789927     
           6           7   1.39758385764509     
           3           8   1.35026218783758     
           7           8   1.37064353521765     
           8           9  0.964001968133082     
           9          10   1.70899870927250     
           9          11   1.20304979787287     
          10          11  0.185185910969023     
           7          12  0.985444947675232     
           4          13  0.982939813829468     
           1          14  0.979800013873886     
           1          15  0.978309146788142     
           1          16  0.976931259685994     
           5          17  0.955285287361896     
           6          18  0.955165585045419     
          11          19  0.789029607927838     
