           1           2   1.00990614478576     
           2           3   1.00851594284219     
           2           4  0.983727868422958     
           4           5   1.01189060967755     
           4           6  0.977217769502346     
           6           7   1.00990330584964     
           6           8   1.01081803732106     
           1           9  0.983901662693023     
           1          10  0.985014378412743     
           1          11  0.986716129213201     
           2          12  0.967765538504812     
           3          13  0.986391985448559     
           3          14  0.983699324759700     
           3          15  0.986366487117183     
           4          16  0.967029186109974     
           5          17  0.982054391970453     
           5          18  0.984555653292548     
           5          19  0.983319761008390     
           6          20  0.966939348229887     
           7          21  0.986015233267443     
           7          22  0.986851045433695     
           7          23  0.986792648028755     
           8          24  0.985521207378613     
           8          25  0.984414256479858     
           8          26  0.985249988311690     
