$coord
          2.848512661145          1.048541694328          0.045245300790     c 
          1.547353416131         -1.076612966702         -0.054927484412     c 
         -1.282779409682         -1.260026281931          0.036194869371     c 
         -2.559956625876          1.065816320414          0.053650198423     o 
          4.880092836756          1.069046194653         -0.036018306229     h 
          1.936737527988          2.858593486614          0.250843699142     h 
          2.488274300751         -2.883225688496         -0.222970823425     h 
         -1.850484561827         -2.223681851900          1.777995666707     h 
         -1.925067255913         -2.433370261602         -1.563875883291     h 
         -1.991021173321          2.043948853358         -1.373565239935     h 
$end
