           1           2   1.01968833617165     
           2           3  0.995596690452353     
           3           4  0.951799206199694     
           3           5  0.999752380163103     
           3           6  0.998184184838272     
           6           7   1.41651036354730     
           7           8   1.43965664299040     
           6           9  0.110565229372966     
           8           9   1.44277049586010     
           7          10  0.109346467178768     
           9          10   1.43287552282372     
           6          11   1.40583390937943     
           8          11  0.111452742446292     
          10          11   1.45216226626503     
           1          12  0.987327993853965     
           1          13  0.986869887605727     
           1          14  0.984598113148855     
           2          15  0.977096930355965     
           2          16  0.973689077343166     
           5          17  0.984064879701687     
           5          18  0.987100205147650     
           5          19  0.984558932000625     
           7          20  0.963928017675635     
           8          21  0.971213566481512     
           9          22  0.971450454629073     
          10          23  0.971091423260993     
          11          24  0.966477530352491     
