           1           2   1.00180057134409     
           2           3   1.01164679935922     
           3           4   1.40147762664040     
           4           5   1.46215723570706     
           5           6   1.36291674976797     
           4           7  0.105079323700770     
           6           7   1.37748662506006     
           3           8   1.41410584386786     
           5           8  0.108284168886475     
           7           8   1.44547295496745     
           6           9   1.06531564994989     
           1          10  0.986584549285409     
           1          11  0.988492391107628     
           1          12  0.988442539635739     
           2          13  0.974682081647333     
           2          14  0.974643984539489     
           4          15  0.969058798404763     
           5          16  0.968406786338580     
           7          17  0.966577211409071     
           8          18  0.969459185843658     
           9          19  0.890972753370478     
