           1           2  0.980128413997488     
           2           3  0.984718530140013     
           3           4  0.995511676938270     
           2           5  0.993334603677950     
           1           6   1.00756562612574     
           1           7  0.968105179551949     
           1           8  0.972239362751511     
           2           9  0.959424052282803     
           3          10  0.968698544694946     
           3          11  0.970386838249620     
           4          12  0.848621164408883     
           5          13  0.850900819295452     
           6          14  0.854516225904189     
